1.481667756970273622e+05 5.731680809939755127e+05 4.745110021177835297e+05 4.000797970508363796e+05 2.283270313636696665e+05 3.959473490538747283e+05 3.414659435781483189e+05 4.305734941815387574e+05 4.279259548018742353e+05 3.409627745189307025e+05 4.828938243443378597e+05 3.479947686392613687e+05 3.231545182494293549e+05 2.728161711944598937e+05 2.866523290376769146e+05 2.771079958339654258e+05 2.221873959130810108e+05 2.566546967551043490e+05 2.807069304282258381e+05 1.773685068735812965e+05 1.494868831385081576e+05 1.281813173718580510e+05 1.227812908740559069e+05 1.751989689216062252e+05 1.536111622105755669e+05 1.344770068236290826e+05 1.311303084372556186e+05 1.193107369005776563e+05 2.471436817506807565e+05 1.830002371242271038e+05 2.435667940750675916e+05 1.244901289976962289e+05 1.702999820554088510e+05 1.584614659558300336e+05 1.693576369081677694e+05 1.596906046168309695e+05 1.742805614778755407e+05 1.746157260412901815e+05 5.577239299460095353e+05 5.547619695650214562e+05 5.446537602579904487e+05 5.593435432169564301e+05 5.683899391448094975e+05 5.996504137874972075e+05 5.418155636784341186e+05 5.432846851599805523e+05 2.819949220627346658e+05 3.557932832716931589e+05 2.541285898207782011e+05 3.026249452763308072e+05 2.865001667490284308e+05 3.046426880823492538e+05 3.526273384110981133e+05 2.696699051821494359e+05 3.365380075106964214e+05 1.930699331628801592e+05 1.847240822053979209e+05 1.993254939184290415e+05 1.951882363522037922e+05 1.977123240017245989e+05 1.877278784961254278e+05 2.973191643075335305e+05 3.290556394502400653e+05 3.135580324263367802e+05 2.836995472239857190e+05 3.513137385738308076e+05 3.315698326042147819e+05 3.534502153264023946e+05 3.276608643637987552e+05 1.310060306360551913e+05 1.364854425624084543e+05 1.309812943971899658e+05 1.796274257138938701e+05 2.813926244767102180e+05 3.167247482865847996e+05 2.828438110377584235e+05 1.335231058601611585e+05 4.288421961037228466e+05 4.247653702245805762e+05 4.454109786454468849e+05 4.547196245981077664e+05 4.580756759445568314e+05 4.455972301330361515e+05 2.181511943727949110e+05 3.042829066014442360e+05 2.183852294817320071e+05 3.129692089771042229e+05 1.584613998701455072e+06 3.065715272855297080e+05 2.387676700210607960e+05 1.459231299926968932e+05 2.887634362302396912e+05 3.041397576658813632e+05 1.474541884463629976e+05 1.388525950682864059e+05 1.256650498616741970e+05 1.406415896201308060e+05 1.863067058501381543e+05 1.435368677097067412e+05 1.465105307639984530e+05
3.041041081105000922e+05 9.644259898730417481e+05 5.597474368922904832e+05 3.137168583548428142e+05 1.776768700204889174e+05 2.650162797769335448e+05 3.123872510962097440e+05 1.291418452609143424e+05 1.312692076961600396e+05 1.203035641679518594e+05 1.410783792806570709e+05 2.983142678595973994e+05 1.954931483578077459e+05 4.259456238361580181e+05 5.336760101995175937e+05 5.180370899535108474e+05 2.073594755162962538e+05 3.517915747873089276e+05 5.136481560720037669e+05 4.405943235279029468e+05 2.683136617212206475e+05 2.656187792914385791e+05 2.308887694962424866e+05 2.935124820210744510e+05 2.529119707255702815e+05 2.770942096258854726e+05 2.369816493250206113e+05 3.001540933171321522e+05 1.032247653558066668e+05 8.673253390105245635e+05 3.881450528517165803e+05 3.124145665124853840e+05 8.795701352129346924e+05 8.864112518477584235e+05 8.629871809633041266e+05 8.921610001167081064e+05 1.319614735988290049e+05 1.348307488072527340e+05 1.304950873303370463e+05 1.313806722174139286e+05 1.285301763576797093e+05 1.272033410263702826e+05 3.640360405612963368e+05 3.516315005736505263e+05 3.344849088634502259e+05 3.539992772221046616e+05 2.003078025476809707e+05 1.618527630006993131e+05 1.717865611719540320e+05 1.694792896391212416e+05 1.641666614591204561e+05 1.782941837426111742e+05 1.680098377291521174e+05 1.692067045475370542e+05 1.418233301596103993e+05 1.350296024677406822e+05 1.386901344271307753e+05 1.471725808231259289e+05 1.523923769734855741e+05 1.318172599494596361e+05 1.595268589762537449e+05 1.486865487844851450e+05 1.996842473997967900e+05 2.060976978699874599e+05 1.635895131474895752e+05 2.536831172355890740e+05 1.523332119286895613e+05 2.303921722912094556e+05 1.959074688855911081e+05 2.254589493689945375e+05 1.697931048550032428e+05 1.588993386872973351e+05 1.490892125318014296e+05 1.706204792682830011e+05 1.628500326946452260e+05 1.453180604793487582e+05 1.246412357511055598e+05 1.238402221831025818e+05 1.175225041698189016e+05 1.194947396391791990e+05 1.291655076074058306e+05 1.363178602807011339e+05 1.387396619762649934e+05 1.260677503232596500e+05 3.414487613001684658e+05 3.695383713701900560e+05 1.668189002652410127e+05 2.929750218344355235e+05 3.933005439595939824e+05 1.943595402252332715e+05 2.909514965310199768e+05 4.001390905955745839e+05 3.546339200792834745e+05 1.933833445218011038e+05 1.949712550213043869e+05 4.085401598139151465e+05 1.317485124804056541e+05 1.950500438429812202e+05 1.332691991530262167e+05 3.045900765346032567e+05
2.486740242760977126e+05 3.820272440341600450e+05 1.206138052497284254e+06 8.153483606931690592e+05 5.311450019102549413e+05 5.224824903810285614e+05 3.415274032647685381e+05 4.141781498474574764e+05 5.784861796000852482e+05 5.329486270983705763e+05 5.567718922317029210e+05 4.129270009820784908e+05 1.636284853442323511e+05 1.974771507504426991e+05 1.753622923480877944e+05 1.669441509945749131e+05 1.735608700161233428e+05 1.735979697851375386e+05 1.625531794711279508e+05 1.728498431218994665e+05 5.327274236265146174e+05 5.110500340986659285e+05 8.174879948728906456e+05 8.746859625543545699e+05 3.528096981861534878e+05 7.433550565288244979e+05 9.559927956691618310e+05 8.353649068257730687e+05 4.927064470701385289e+05 4.953518937364593730e+05 1.690080619940969336e+05 2.549801222231834836e+05 3.575145583540208172e+05 2.528247559791148815e+05 4.177209299669952597e+05 3.208375174352618633e+05 3.115427861906230683e+05 2.862966962691900553e+05 1.852746126718677115e+05 3.134325797685223515e+05 2.828269408310666913e+05 2.955409086794265313e+05 3.187029865389572806e+05 2.886539359223873471e+05 2.704847783867708058e+05 3.001480721769853844e+05 3.145518876932482235e+05 2.957811484998563537e+05 2.838888092816483695e+05 2.873061183862371254e+05 3.176054868901288719e+05 2.787248555347232614e+05 3.887955195589153445e+05 3.316967171185275074e+05 3.654964240467760828e+05 3.580925878081122064e+05 3.737131142052559298e+05 3.263803073688003933e+05 3.623533888901541359e+05 3.828823560778110987e+05 2.926505961947582546e+05 3.099675971853933297e+05 3.330117488122931099e+05 2.152332360434282746e+05 2.061312730691596225e+05 2.362642708622272476e+05 2.602662610579653119e+05 2.809221678313388256e+05 2.388453941289311915e+05 1.780771106260388042e+05 2.342615074780373834e+05 1.797476282312144467e+05 1.633669328905390576e+05 3.178714817703939043e+05 2.116546962257016567e+05 1.821478786507651093e+05 1.619561503827318957e+05 3.225734415109953843e+05 1.735686350840565574e+05 1.687600387485993269e+05 2.135523283000725205e+05 2.110717837738083035e+05 2.241772725887859706e+05 2.211732192981741391e+05 1.652505217569456145e+05 1.971119355576978996e+05 1.949744124484545318e+05 2.021965681260429847e+05 2.008163686044692004e+05 1.675248789474515943e+05 1.896137620043562201e+05 1.940056880988020566e+05 1.993648149007290776e+05 1.882120479210384365e+05 2.598906924413095985e+05 2.100519348043119535e+05 1.451399136666826671e+05 1.893120257830369810e+05 1.452387117650668079e+05 2.316711689297673001e+05
2.659702082761033671e+05 3.854609827742102789e+05 1.003626475941610755e+06 7.760741523720710538e+05 3.994808037490388379e+05 4.266792483630669885e+05 3.680258169081945089e+05 4.137399650447020540e+05 2.853395185571971815e+05 3.073949365577371791e+05 3.827836314079653239e+05 4.119040312997011933e+05 1.766338359900005162e+05 2.014321770415547362e+05 2.161005555815842818e+05 1.777916388259697123e+05 2.198785456666731334e+05 2.004899787513904157e+05 2.127420627362342202e+05 2.211324664593757770e+05 2.379270050423350767e+05 1.731381419206959836e+05 1.749515881758194009e+05 1.837184416580772086e+05 1.768420426105640654e+05 1.827506902365582064e+05 1.709801689635150542e+05 1.812468003420910100e+05 1.718729682044873189e+05 1.742696756970613787e+05 1.830631837387494452e+05 1.739860212533170998e+05 1.729317893707264448e+05 1.721124553823987953e+05 1.657730575931597559e+05 1.817907405972416163e+05 1.629127957378216088e+05 1.637979767679374199e+05 1.685045625064565975e+05 1.522608848183897790e+05 1.701530148358504230e+05 1.660104520577275252e+05 1.636813906061318412e+05 1.626902705522748583e+05 3.932327694186734152e+05 3.972754877417403040e+05 3.794969333160118549e+05 1.921501122197857476e+05 3.969153207610088284e+05 3.805743502595945611e+05 4.057408069311594008e+05 3.117726175157381804e+05 1.567544910813510069e+05 1.470995102488750708e+05 1.511269554359598842e+05 1.470584545173559163e+05 1.548726644998654665e+05 1.619481466720489843e+05 1.666098492164861818e+05 1.529424026187540148e+05 2.294404650053255027e+05 2.097261690938093525e+05 4.726743340873988927e+05 1.668075004846582306e+05 1.829869649159157416e+05 4.331114047534087440e+05 4.280323527539802017e+05 4.535917622486611945e+05 1.785229319967852207e+05 4.687345625751343905e+05 2.518169492899120960e+05 2.707365464877255727e+05 2.759958655488657532e+05 2.131492790529297781e+05 2.112230098485925118e+05 2.712265167671702220e+05 2.269590393366008066e+05 2.221279555112660746e+05 4.195588829968014616e+05 4.108317176395356073e+05 4.694126384127622587e+05 4.666272736665670527e+05 3.242600583232098725e+05 2.045372680009711767e+05 4.178704671853968175e+05 1.813366218016587663e+05 1.866134902834707173e+05 3.876786714902250678e+05 3.208954892663092469e+05 2.923725039627958904e+05 1.935867966445048223e+05 2.741031715437006787e+05 2.718206454283004277e+05 1.916941393536089163e+05 1.908365123825184710e+05 1.911406717456041079e+05 1.597405727371954417e+05 1.831790172580366780e+05 1.772161426564522844e+05 1.663404399091867090e+05
2.845366876328694052e+05 1.161332178666211665e+06 5.866115613710952457e+05 1.026341961430742056e+06 3.257684273585179471e+05 3.352193778185504489e+05 3.269541146819352289e+05 3.259218562894533970e+05 3.019205085934261442e+05 3.113596187016455806e+05 2.938052048893081374e+05 3.073452437943915720e+05 2.975806800469576265e+05 2.310151032965174236e+05 2.527566877240408503e+05 2.768678477992085973e+05 2.714203681084813434e+05 2.073457627367546374e+05 3.227966642676566844e+05 2.226216706461678841e+05 2.301539333984503755e+05 2.379652429536941054e+05 1.990363139771720162e+05 2.475949184761323850e+05 2.266641870407542447e+05 2.292958842132642749e+05 2.600674900045830291e+05 2.304729069691532350e+05 2.315448351294923923e+05 3.236605877359128208e+05 3.324140772241863306e+05 3.457528117913135211e+05 3.801972212864983594e+05 5.707345490894061513e+05 3.509152786103365361e+05 2.443411347265056975e+05 1.936907347405752516e+05 2.284054346855200420e+05 2.344582041752105579e+05 2.325727428810754500e+05 2.572742316905124753e+05 2.407218237128461478e+05 2.388982626765615132e+05 2.211532467357360292e+05 2.177952678901546169e+05 2.117920075924637204e+05 2.427050183915589587e+05 2.139165338504146494e+05 2.305454543650681735e+05 2.883228649999871268e+05 2.043909249239889323e+05 2.273032356102356280e+05 2.404552414042741293e+05 2.464051007974315144e+05 2.010346165776555717e+05 2.700925414919038303e+05 2.439316054108513345e+05 2.462450632980422524e+05 2.035417605919462803e+05 2.338559800177244761e+05 1.886754003553219954e+05 2.106522498198002868e+05 2.287592500976820302e+05 2.389201076667282032e+05 2.505264060136947082e+05 2.336691043875589967e+05 2.315866343249625934e+05 2.298990629417492601e+05 2.516156816662250203e+05 2.105542043639344920e+05 2.627651627188234124e+05 2.630870000025228946e+05 2.239900298159286322e+05 2.199348102842033259e+05 2.083483927140019659e+05 2.448243495804198319e+05 1.997574740096917085e+05 2.491276474290465412e+05 2.433534841710869805e+05 2.173033333973084227e+05 2.506901332971373049e+05 2.186493519342684303e+05 2.476500265941831458e+05 2.362244358801585622e+05 2.577910033864641446e+05 2.213447300066845492e+05 2.322949443632665789e+05 2.411984116411718715e+05 2.173142926066609507e+05 2.414621853081510053e+05 1.922961799397490686e+05 2.307971673946191440e+05 1.963128862030964810e+05 2.114495736037498864e+05 2.204149227823710826e+05 2.329357919319381763e+05 2.161500097021801339e+05 1.895042984107730445e+05 2.220675605384522933e+05 2.217814278815378493e+05
1.641213193366736523e+05 7.624353153686034493e+05 6.185860184066764778e+05 1.269303704349596082e+05 3.230591345780796837e+05 2.458703391095778206e+05 3.498394036660597776e+05 1.400838447997656185e+05 1.774380987708266184e+05 1.260460705473043054e+05 3.606183826711502625e+05 2.970409802898982307e+05 5.742693254982610233e+05 5.174610063556864043e+05 3.475479926975160488e+05 5.809444202078179223e+05 2.342751101147714362e+05 2.227330617388834071e+05 5.682941149022295140e+05 5.251343253301880322e+05 1.325342161981573445e+05 1.626257085099082615e+05 1.618741857767703477e+05 1.215154287652999628e+05 1.201036274365228601e+05 1.207155258039399196e+05 2.401526791118981782e+05 2.222804665854718478e+05 1.769773714067899855e+05 1.837588824255874788e+05 2.412961083114803769e+05 2.348894683382240473e+05 2.225728223110136460e+05 2.564280595714086085e+05 2.028109630637647933e+05 1.694586929341069481e+05 1.945333088612987194e+05 1.337020053153455956e+05 1.285269822162603814e+05 2.649264216030966491e+05 2.754533755073481007e+05 1.211722237769331987e+05 1.237401941567006579e+05 3.603631817860264564e+05 1.333042796372351004e+05 1.360247243769391207e+05 1.276074182730502653e+05 1.257589374265544757e+05 1.338109181948909536e+05 1.326319128684658790e+05 1.307884710554160847e+05 1.260965893817065953e+05 1.284548570344411128e+05 1.285819434772343957e+05 1.417177949928303133e+05 1.244738921121479507e+05 1.070880518667858996e+05 1.342482034980512399e+05 2.443130299534425139e+05 4.020005407576609286e+05 2.405833558466046816e+05 3.511568952158609172e+05 2.119123569668610580e+05 3.626175113426905591e+05 3.599043268497184035e+05 4.010530556127335294e+05 1.538982677956234838e+05 1.338398857532800757e+05 1.404025889062860806e+05 1.442217448657016794e+05 1.338077607677408378e+05 1.457135557656061137e+05 1.423146680455822789e+05 1.492093049063144426e+05 1.278209668197806168e+05 1.231698746991386870e+05 1.294387260201335157e+05 1.287295715536381904e+05 1.324438807388209680e+05 1.278041149702234543e+05 1.301348285639325914e+05 1.271439740530937415e+05 3.777025968380006379e+05 3.807062279145168141e+05 3.811412920043912600e+05 4.245062041983844829e+05 4.131435417417476419e+05 3.613467570575653808e+05 3.619631529229579028e+05 4.151870212504666997e+05 1.391092828813123342e+05 1.736639086125986651e+05 1.367282890959506040e+05 1.896741019057662343e+05 1.495906193060980295e+05 1.405090694654977415e+05 1.310068567071119178e+05 1.377139203665640089e+05 1.672136153732781531e+05 1.659650732210115239e+05
4.052148015965070226e+05 7.831727828909774544e+05 7.624991981969900662e+05 4.656065435546102235e+05 4.406316986539360369e+05 4.344461887239973294e+05 4.301841393568030326e+05 4.716418554093019920e+05 4.121220773444070364e+05 4.507795226574205444e+05 4.323460958121908479e+05 4.381909340383367380e+05 3.843063557225258555e+05 3.441097748166248784e+05 2.760348561027431278e+05 3.325135728936850210e+05 2.588793061108610127e+05 3.939450629551843158e+05 1.327261951117399149e+05 3.180872882446792792e+05 1.347760261890284310e+05 1.416884143989128352e+05 1.454720217671874270e+05 1.376099088419552136e+05 1.368739896732220659e+05 1.337681827855564770e+05 1.714654948879074655e+05 1.659592540093452553e+05 1.954644194421683787e+05 2.046567729471771745e+05 2.138753771546552307e+05 2.167086540221403993e+05 1.516789820088990673e+05 1.555979548876687768e+05 1.255962289640818199e+05 1.283575091496898967e+05 1.308278379305526178e+05 1.464245092312916240e+05 2.411996048549204716e+05 1.353167355884905264e+05 1.344772546449461079e+05 1.285830907981465134e+05 1.320841910435889440e+05 1.326991917667523667e+05 1.421578614018815570e+05 1.430905048034898064e+05 1.419240190428577189e+05 1.356569391853511916e+05 1.486071817130685959e+05 1.418439911145957885e+05 1.573703729469749087e+05 1.586483599431301118e+05 1.371362764122991066e+05 1.413536445138919516e+05 1.359818696462297521e+05 1.328385315968870418e+05 1.329457189057805517e+05 1.392996647241852188e+05 1.307200356576501799e+05 1.318327441924895684e+05 1.359489002324992034e+05 1.964590824230019643e+05 1.735138941086976556e+05 1.785219957829209452e+05 1.964058100184105861e+05 1.788165176503447874e+05 1.944799079567651788e+05 2.005948347041905217e+05 1.469580409911275201e+05 1.724716310778621992e+05 1.328004130069028761e+05 2.016697550774684350e+05 1.302587392224411306e+05 1.619551223831946554e+05 1.697069548223542806e+05 1.816343745247711195e+05 1.607874066945447703e+05 1.324738028682089644e+05 1.391299254791631247e+05 3.054328892980764504e+05 2.591721574790368031e+05 2.051643293615627626e+05 1.589630195872034237e+05 2.898035514763277024e+05 2.208232955985460430e+05 1.337349655505088740e+05 3.749329825132869883e+05 4.146856511904392391e+05 3.961881212312077405e+05 4.142566816692500142e+05 4.468505818545664079e+05 3.931307404646007926e+05 3.938710469885018538e+05 4.596950322156194015e+05 4.756190387618687819e+05 5.030924365378437215e+05 1.311527867485657916e+05 1.751303499524944054e+05 3.239136224791545537e+05 2.082133392747949401e+05
1.611552836718056933e+05 7.229581505674357759e+05 6.009593141983085079e+05 4.206539595038634143e+05 5.505056109095511492e+05 4.816651078974325792e+05 4.737644908823897131e+05 4.793856290663749096e+05 4.761421069549861713e+05 4.442520193099982571e+05 5.565653744675220223e+05 4.811870146840701345e+05 1.583812269205202756e+05 1.535725020851208828e+05 1.640969961333367683e+05 1.559656299364491424e+05 1.606175114138786157e+05 1.601449253408943478e+05 1.719759333724242751e+05 1.496499587436727015e+05 4.938629832638207590e+05 4.746868267529235454e+05 3.406678487945457455e+05 1.549221002633267199e+05 5.320472917898121523e+05 4.579215861567760003e+05 5.244833813374899328e+05 6.267232956009033369e+05 1.328044423979462299e+05 1.390034540003787261e+05 1.371762949657136924e+05 1.484094111235216842e+05 1.437242114468043437e+05 1.419242760427420144e+05 1.413592617970776628e+05 1.569923077600144316e+05 1.351330357426097908e+05 1.327740705187607091e+05 1.158206142216223670e+05 1.362001818693872192e+05 1.483610033595976711e+05 1.308211283978585561e+05 1.370246558554011572e+05 1.288814584852677799e+05 2.844940623663424631e+05 3.903201530154736247e+05 2.667691658450318500e+05 3.557411857237158110e+05 3.649411207253118628e+05 3.913873633922220906e+05 2.400330640228845878e+05 2.681219398075224017e+05 1.549174559082744818e+05 1.541565526793590689e+05 1.481631318058104953e+05 2.441194906834194844e+05 2.471011115555576107e+05 2.766041842750370270e+05 2.667721029865668388e+05 2.541457720987580542e+05 2.610400326382310304e+05 2.386707443504052353e+05 2.365761952932460699e+05 1.794662133578906069e+05 1.774612287604148732e+05 1.497126208226088202e+05 2.433348700366088015e+05 2.681927065613816958e+05 3.234213208436165005e+05 3.021374532100563520e+05 1.375528273319356085e+05 1.044446520209722803e+05 3.230876982795077492e+05 2.552306053247166565e+05 1.823441714909772272e+05 3.537002394995706854e+05 2.874152515513976105e+05 3.191920940330760204e+05 2.718169372871124651e+05 2.616041290271656762e+05 1.449701285288240761e+05 1.890127310606187093e+05 2.876157114611625439e+05 1.490877714967358042e+05 1.138241106203289964e+05 1.577682271250275953e+05 1.594302453768862761e+05 2.000098111818188627e+05 1.713443377995880146e+05 2.033466976797519310e+05 1.326727758500718046e+05 1.459419735913574987e+05 1.406327781955257524e+05 2.144757472415473312e+05 3.447274556814390235e+05 1.919059990439566318e+05 1.361962075497476326e+05 1.373728448058101349e+05 1.366397618143717409e+05 1.367215612061219581e+05
5.236570165666128160e+05 7.978738371305840556e+05 1.842108167221536569e+05 4.142307246809342760e+05 2.760312397472281009e+05 2.916319220818759059e+05 3.106981744279597187e+05 3.028250747576730791e+05 3.102102417904549511e+05 3.093448864657005179e+05 3.146225259471653844e+05 3.390986075009244378e+05 1.363934916752278223e+05 1.623017601557304733e+05 1.260344137668371986e+05 1.401604215867239109e+05 1.369507408529589884e+05 1.301030982567871106e+05 1.581261912496078294e+05 1.369547794225696125e+05 1.542252083627400862e+05 3.560213155976180569e+05 3.665701695634400239e+05 4.097803678270761739e+05 3.419020723818292026e+05 3.561658596754100872e+05 2.481959494198698667e+05 3.300717435642792261e+05 1.320708362281719164e+05 1.376515611803486827e+05 1.231018798726030363e+05 1.288343265421980468e+05 1.340413002340438834e+05 1.222355332625805167e+05 1.270373833510745026e+05 1.299635564981719072e+05 1.320213178576049686e+05 3.058159843399156816e+05 1.512202922868023452e+05 2.218055491563941760e+05 3.869329312544841669e+05 2.158064192139868974e+05 2.749450848075787653e+05 3.173208778753857478e+05 1.392021332680880441e+05 1.389236647148665215e+05 1.389457667049175361e+05 1.504612798427501111e+05 1.392353229674337490e+05 1.491854222742078127e+05 1.712048235766746802e+05 2.197452361552525545e+05 2.008457767340885475e+05 1.390006820730550680e+05 1.464406635097342369e+05 1.690157719906263519e+05 1.793685166875821014e+05 1.359041455383593566e+05 3.717292586696977378e+05 4.762171142069366761e+05 1.314407551189396181e+05 3.271750611539068632e+05 4.758673373643853120e+05 4.654872588940192945e+05 4.883885552995096659e+05 4.221636869671315071e+05 7.231606664762751898e+05 1.729536710751623032e+05 1.936606657541104942e+05 1.540551111535934033e+05 8.728909285052287159e+05 1.924104163883266447e+05 4.800638517610795680e+05 8.090403352469508536e+05 1.853926674044407846e+05 1.515907392629063979e+05 1.574644349046338466e+05 1.625751713183713728e+05 1.586222377406030428e+05 1.614317421187891741e+05 1.625648362515950284e+05 1.779783125276546634e+05 1.424909148948179209e+05 1.412275952492032375e+05 1.646085911173330096e+05 1.627221385379298008e+05 1.632001032513500832e+05 1.620249345660551044e+05 1.720444421987285314e+05 1.610839294896393549e+05 1.710148455907628522e+05 1.688099150832908344e+05 1.715926914735083119e+05 1.615978374725944013e+05 5.057381034897796926e+05 5.263060245170447743e+05 5.743564484590434004e+05 5.410919988612825982e+05 4.544368512968239957e+05 5.095921838977601146e+05
1.834399455691537878e+05 6.672214842281814199e+05 3.565493035028065788e+05 7.838282794530548854e+05 2.521812282687925908e+05 2.337955666877760668e+05 2.191620667034748767e+05 2.662073824550560093e+05 2.548338342176050355e+05 2.558572261140779883e+05 3.676072375251853955e+05 2.756398472805524943e+05 1.853330801455491455e+05 2.489504092945428274e+05 1.807152327956566878e+05 2.487675538768534316e+05 3.601786558690890088e+05 2.179799406641688256e+05 3.222526689411023399e+05 2.092663412293678266e+05 1.906867365213671874e+05 1.836707865366715414e+05 1.946805881521452393e+05 1.866197867806364084e+05 1.797842140004599933e+05 1.785442813443178893e+05 1.756520046462480386e+05 1.886321325890842709e+05 1.981623491562930285e+05 1.649513555344695051e+05 2.079784230233973649e+05 1.904338119209330180e+05 1.980167403646945604e+05 1.923708016918730864e+05 2.980707421120752697e+05 2.775146981508923345e+05 1.459871321424583730e+05 3.864593538962318562e+05 1.558561296285967983e+05 1.412198944312411186e+05 3.652737520041525713e+05 2.021484540762724646e+05 2.781978772719373810e+05 2.250959186752664100e+05 2.555785464538086380e+05 2.157409393148905947e+05 2.712061770620401949e+05 2.264205878646937781e+05 2.173126404645474977e+05 2.070432555157824536e+05 1.579188107001010212e+05 1.965052689736401080e+05 1.931144492142702802e+05 2.115307672100585187e+05 1.873740263696942420e+05 2.073908111450479773e+05 2.057427076012114412e+05 1.979219991930556425e+05 1.751306987380516657e+05 2.407500569858514937e+05 1.787387935424743919e+05 2.288014347929787182e+05 1.772574829235576617e+05 2.017709396033498051e+05 1.825999598044080485e+05 1.793320777754132869e+05 1.583104418095263827e+05 1.526724517759840528e+05 1.642880939044588304e+05 1.600663568048326415e+05 1.343520498084487044e+05 1.482910167839585920e+05 1.452291293408088095e+05 1.581552873079390847e+05 1.824631807945492037e+05 1.782770748931696871e+05 1.532332989520955889e+05 1.529910949182642507e+05 1.499340996514837025e+05 1.429008021745968726e+05 1.405672065107564849e+05 1.663152172062547470e+05 1.463636920443821873e+05 1.036550290549847996e+05 1.274742372615718341e+05 1.308732626601051161e+05 1.292783030209177959e+05 1.376412444707069371e+05 1.249721231021598505e+05 1.400297830383867258e+05 2.311123043241919077e+05 1.091494295817339589e+05 1.067809461835979600e+05 3.609310046732836636e+05 1.280616839257098763e+05 3.620163518990109442e+05 3.604185836182307103e+05 3.756927843141267658e+05 3.660936183493834687e+05 3.850034862658621860e+05
1.056581081818896811e+06 1.035285851119023049e+06 4.304136035392262274e+05 5.298372396417884156e+05 3.732610514087476186e+05 3.861121103382544243e+05 3.604483221762728062e+05 2.065726152990651317e+05 3.065092598849873175e+05 1.931745688300651673e+05 3.251838627645111410e+05 3.521026180758672999e+05 1.956729748482891882e+05 1.412297522125180112e+05 1.404806342640118673e+05 1.479322724811581429e+05 1.612694834061140718e+05 1.394248695606826223e+05 1.433396294770630484e+05 1.510574645029548265e+05 2.430550338768600486e+05 1.801443993383260677e+05 2.794622065599547350e+05 2.391004114427090681e+05 2.281873335694104026e+05 2.505122343057882390e+05 2.370663675011712476e+05 2.543932446302178432e+05 4.214301725830301293e+05 4.715559073051335290e+05 4.721528813221257878e+05 6.511400468956551049e+05 6.396733729144094978e+05 4.625671894941743813e+05 5.272938219295402523e+05 6.376514446817035787e+05 1.542251900056055165e+05 1.847313699878316838e+05 2.475610495628067292e+05 2.260696912369321799e+05 2.761880280337942531e+05 3.124151172265231726e+05 2.322702723743724346e+05 2.254032538226367615e+05 3.200055353811990353e+05 2.368383718895155471e+05 2.081328248824662878e+05 2.342293274210943491e+05 1.617047861387382145e+05 2.514997012898610265e+05 2.247029107807464898e+05 2.278431740100447496e+05 2.289796642127505038e+05 2.368753982299913478e+05 4.534848502967865788e+05 4.319385674242071691e+05 4.502356741879429319e+05 8.811240299420355586e+05 5.893197894377270713e+05 6.082924387545167701e+05 5.173402531243279809e+05 5.508641991767076543e+05 2.784465797314149677e+05 1.402621751837776683e+05 2.900047456714763539e+05 1.458811196901788644e+05 3.048201465024680947e+05 3.034479323344426230e+05 1.313458303759547998e+05 3.219586610734470887e+05 3.166766525939488783e+05 2.822197418901056517e+05 3.089830673428555601e+05 3.157063311735867755e+05 2.884430675173077034e+05 2.848039858696905430e+05 3.293667561673367163e+05 3.324286895033229957e+05 3.015620855404810281e+05 1.447407928463430144e+05 2.978254540796321235e+05 2.893525533936257707e+05 3.526027398507423350e+05 1.458909866500230564e+05 3.506667964364740765e+05 3.347535104568275274e+05 3.403769249255023315e+05 3.663135368218178628e+05 3.370443339970642119e+05 3.656235655609731330e+05 2.798090462609710521e+05 3.071016446183311054e+05 3.050612123939546291e+05 1.346584854562239780e+05 2.430004764728471055e+05 2.522492598095974245e+05 2.446194105298139912e+05 2.362620129346722097e+05 1.459069665356870100e+05 2.907235376336334739e+05
8.538078793809915660e+05 7.258005692879486596e+05 1.826601344916067028e+05 3.485502188178023207e+05 4.325786807074950193e+05 4.572286777543962817e+05 4.229983124485758017e+05 4.076545749268382788e+05 2.938335299479864188e+05 4.387968663370108115e+05 4.100543664180241176e+05 4.996555403706433135e+05 1.695437048244111065e+05 1.777512164155940409e+05 1.624274330991600291e+05 1.811435965314043569e+05 1.832074891737917496e+05 1.737804580601350754e+05 1.522070984140297514e+05 1.689647575135900115e+05 1.764585804260329751e+05 1.714655866735804302e+05 1.661158954388346465e+05 1.664031845952285221e+05 1.734107637265493686e+05 1.737998982656699663e+05 1.788198219345716934e+05 1.792320864632805460e+05 3.009483147453354322e+05 2.720320829045524588e+05 3.252423853095963714e+05 2.828541828188039362e+05 3.433986194224588689e+05 2.651440270765722380e+05 2.887794252944709733e+05 2.623617646861233516e+05 1.953571219904672762e+05 2.418620036996052368e+05 1.784461991741828970e+05 1.959095799560694140e+05 2.078922913478829723e+05 2.168465528172094491e+05 2.012199318513805629e+05 2.219287989580573339e+05 1.261414725757885753e+05 1.347605144102966296e+05 1.169389492182147660e+05 1.291419737608565047e+05 1.313850595725818712e+05 1.367400009478214779e+05 1.277405625702595280e+05 1.467146988149513199e+05 3.273019089539504494e+05 4.185173358942151535e+05 1.950039123637468438e+05 1.185993153279600083e+05 4.360684821365948883e+05 1.434937468005457777e+05 1.422402390433714900e+05 1.166598106295805628e+05 3.108080235213693231e+05 3.254321613670276711e+05 2.456431512118442624e+05 5.400545637568453094e+05 4.120445735221517389e+05 2.647329557616119855e+05 1.946562282345391868e+05 3.192115525957454811e+05 1.929519885731146205e+05 2.504534364036841143e+05 1.906590723195342580e+05 3.531086624801490689e+05 2.974678387406091788e+05 1.862782155772484839e+05 2.844188164716422325e+05 2.904988830204738188e+05 2.913624577031726949e+05 2.793264555496331304e+05 1.749549475314500742e+05 1.477739238381515024e+05 1.238266562606377265e+05 1.327054699067834590e+05 3.097553519952191855e+05 3.243705315591957187e+05 3.141018074672760558e+05 3.462494089963465813e+05 1.879214544804176548e+05 2.925414263153285719e+05 3.339823639468087349e+05 1.310929608469243976e+05 3.175932610384894069e+05 3.242757720304221730e+05 3.186418205664905254e+05 2.830559460851250333e+05 2.917390359622310498e+05 3.184397085146121681e+05 2.855147557640300947e+05 2.803164007468760828e+05 2.833135701120152371e+05 2.690545740305633517e+05
4.142231982557508163e+05 4.103925782657813397e+05 7.942339844833139796e+05 5.595138239974490134e+05 6.281166755451156059e+05 6.008649952407652745e+05 5.802295933867330896e+05 5.678643009528489783e+05 4.870811968880043132e+05 7.478690024969157530e+05 5.579018840087624267e+05 5.385162358778800117e+05 4.959675920307373162e+05 4.774055918148122146e+05 4.630245391454457422e+05 4.559498463300497388e+05 4.714258653636706294e+05 4.678932183824286913e+05 4.546694361921281670e+05 4.477055837554099271e+05 4.228123913894092548e+05 4.505107007784281159e+05 4.318814033070818987e+05 4.320176499600375537e+05 4.153410743239783333e+05 4.123225739684411674e+05 4.250420489571791841e+05 4.994276181875260081e+05 4.064363220466515049e+05 4.302360166191652534e+05 4.161225742579080397e+05 3.972222520514181233e+05 4.009794067887429846e+05 3.935340834258969990e+05 4.241972169089006493e+05 4.134656360253314488e+05 3.966700327285657404e+05 4.003529144993238151e+05 4.138940181182137458e+05 4.135654621232528589e+05 4.120970014985518064e+05 4.272204901194322738e+05 4.043266834248561645e+05 4.143395824890758377e+05 2.037675900617199077e+05 1.527425576729979948e+05 1.474696543322583311e+05 2.779133416857325938e+05 1.123807258414831595e+05 1.472492402171898866e+05 1.471708827881759789e+05 1.137051288524589036e+05 1.377117542246819357e+05 1.278304207440964528e+05 1.327317297878199606e+05 1.228642100510163582e+05 1.433988863075319969e+05 1.328589906233918737e+05 1.542634829883682833e+05 1.503285394025019195e+05 1.459940068893637799e+05 2.532900175553961890e+05 2.459190038733861584e+05 2.130489022409705503e+05 2.409000164183487068e+05 2.707240819933363236e+05 2.620434152579966758e+05 2.262353643766417517e+05 1.354838038704292267e+05 1.361871024109890859e+05 3.031529698957885266e+05 9.489964878184816916e+04 1.386336036311489879e+05 8.594495591985872306e+04 1.235103628315855603e+05 1.297605082324292453e+05 2.809508967469782219e+05 1.010739241454154399e+05 2.469939426037986705e+05 1.863990238800106745e+05 1.371677038267237658e+05 1.303712868146360706e+05 1.272944383067922899e+05 2.544912533718144696e+05 2.203921782926092856e+05 2.521891401938025374e+05 2.187677738095334207e+05 1.329410470150264155e+05 1.856090245927640062e+05 1.790392264072374674e+05 2.606059231193554879e+05 1.388393503956769418e+05 2.663981681548899505e+05 2.685323319085026742e+05 2.930932417812199565e+05 2.631683588230428868e+05 2.645900454687987803e+05 2.573777475724872202e+05 3.162838466279095155e+05 2.823545383294283529e+05
5.946274244771183003e+05 1.077610941781081725e+06 2.488240204228641232e+05 9.917522001438430743e+05 1.606509764702432149e+05 3.814693707138526952e+05 2.067396101524654659e+05 1.538275744703025557e+05 3.093620320294111734e+05 1.547927008215746027e+05 5.005856229519757326e+05 3.974122851087337476e+05 1.714672755299630517e+05 2.307418757052224537e+05 2.020205966338262660e+05 1.962425049490636156e+05 2.314736645186719834e+05 1.532405316631255846e+05 2.180365907815254759e+05 2.406900475128641701e+05 1.390347162005920836e+05 1.311195786920854880e+05 1.321032090350281796e+05 2.307927800394512306e+05 2.511691076529602578e+05 2.798659350210774573e+05 2.123114594300661120e+05 2.295055410474607197e+05 2.287457576037555700e+05 2.422687610879359418e+05 2.227717769357418583e+05 2.941012503989032703e+05 2.060707312392690801e+05 2.370168950234408258e+05 3.039683020287747495e+05 2.170114733144006750e+05 2.291311472874190076e+05 1.354513668136018678e+05 1.334792782013183460e+05 2.325178917629089847e+05 3.532177038596365601e+05 1.395783994558583654e+05 3.489492294953343808e+05 3.585124889048121404e+05 9.612001273251323437e+04 1.348218455969747156e+05 1.414012812781630200e+05 2.866439398271674872e+05 1.220175055750092724e+05 1.350104376192247146e+05 3.217530978802650934e+05 3.299809124623088283e+05 1.558817929027590144e+05 1.294807455012188584e+05 1.312308137491569796e+05 1.399881306999932567e+05 1.415477528550873976e+05 1.369048113022051402e+05 1.392539738161810965e+05 1.719550613103910582e+05 1.452098084566487814e+05 1.315149913712371781e+05 1.498032041032622219e+05 1.504846943679245887e+05 1.605439176612918382e+05 2.175703195628414978e+05 2.170216431669656595e+05 1.985387071297363145e+05 1.766816012542137469e+05 1.424200288195837347e+05 1.968501077469857119e+05 1.466018483300356020e+05 3.155348388222109643e+05 1.331253893606179336e+05 2.912232555515474523e+05 3.043659909926160472e+05 4.265342269997755066e+05 2.476944141456311045e+05 3.866955000756472000e+05 4.350032543303825078e+05 1.340951600669422478e+05 3.325511315910640405e+05 4.257287159337970079e+05 3.877728068764223717e+05 2.176738170876816439e+05 1.972580399919304182e+05 2.071269824066650472e+05 2.154440310199695523e+05 2.059213592350788531e+05 1.960890760181281657e+05 4.953174924662304693e+05 4.790715017792048166e+05 4.594373714744600002e+05 4.934528481627247529e+05 5.114562040586895891e+05 4.983267775402015541e+05 4.561067264022888849e+05 5.016220667711449205e+05 3.287115533194127493e+05 2.148904532691571803e+05
1.468403534012462769e+05 5.995658241112887627e+05 8.592384337936233496e+05 5.135652552521778853e+05 2.411821472199217242e+05 2.190382111163701338e+05 1.869199993597843568e+05 1.554187892540327157e+05 2.012372793435717467e+05 2.110411273590365599e+05 2.000103435387220816e+05 2.161318361389322090e+05 1.294889694975168968e+05 4.051015747903321171e+05 1.255987806057903654e+05 1.422870497365858464e+05 1.850073878635849105e+05 1.264324331591012306e+05 1.448905503503596992e+05 2.494620777070774348e+05 1.263750487563608185e+05 1.321105886031349073e+05 1.209540767679870914e+05 1.256731545365973871e+05 3.374686040917974315e+05 1.249720129593522870e+05 3.196704442463227315e+05 1.313915763553626894e+05 1.375330108051415591e+05 1.318461907935795607e+05 1.363145376393396582e+05 1.378452840217176708e+05 1.236830116824407887e+05 1.343928210043816653e+05 1.374713950828772504e+05 1.282822448978550674e+05 1.493030088998487918e+05 1.503873373046060733e+05 1.562355899577864329e+05 1.661099293700916460e+05 1.729244648740234843e+05 1.792750605153647484e+05 1.732573164384793199e+05 1.338470175000697782e+05 2.847778085957596777e+05 2.501447061140846345e+05 2.637719964798926958e+05 2.808618095727941836e+05 2.746878646376496181e+05 3.837744393905341858e+05 2.619739702178281150e+05 2.920883538764175610e+05 1.759284447360969498e+05 1.749087976950811280e+05 1.672475944294113724e+05 2.082398102628792985e+05 1.743689327238103724e+05 1.431957095418472018e+05 1.295912829871757713e+05 1.441502438264586090e+05 1.291910148459240008e+05 1.343317835318570724e+05 3.214869194286541315e+05 3.081652569966992014e+05 2.552574067412237055e+05 3.250201171239339164e+05 2.743102950933231623e+05 1.893172942806654028e+05 1.273350993599176873e+05 1.693127904283549578e+05 2.526336214937236218e+05 1.390606548317731940e+05 1.325247255595723400e+05 1.264649987158707227e+05 1.306899115997816698e+05 1.355465485564710107e+05 1.354391409619623737e+05 1.335542028461631562e+05 4.975583478861026815e+05 1.306999162381353090e+05 4.921773577368743718e+05 1.304022736578305048e+05 4.964636385217325296e+05 5.868762345376694575e+05 1.321626035440065898e+05 1.258110992245029192e+05 3.760972654177678050e+05 3.891265721241809661e+05 1.542348972583787283e+06 1.294577256544381526e+05 4.307005622671974124e+05 4.329255204085113364e+05 5.011779709710503230e+05 4.427621542663607979e+05 4.446226865717174369e+05 4.285862976474844618e+05 5.010459097447821405e+05 4.144178573109840509e+05 1.467093293530826340e+05 1.497527678759655973e+05
5.345989334983583540e+05 3.031832591678684112e+05 9.391850032350257970e+05 5.317537244933871552e+05 2.630337459550661151e+05 2.750862511726055527e+05 2.527046452474672697e+05 2.697406902931433870e+05 2.419591680130105233e+05 2.798757560880851233e+05 2.505374386515856022e+05 2.311125062526724359e+05 2.192993229988331441e+05 2.060476196068153949e+05 2.136624160362318798e+05 1.990673191775010200e+05 2.366121202056462644e+05 2.005592402202130179e+05 2.372577406293122331e+05 2.303109236134970561e+05 2.381157347430945374e+05 2.383674110583763395e+05 2.225035241279218171e+05 2.027461807357830694e+05 1.532923832254993962e+06 1.919882573640717019e+05 2.203586398077062913e+05 2.197820605672478268e+05 2.403487149522259715e+05 2.284348428151393891e+05 2.464534351328171324e+05 2.508504461535454902e+05 3.627810366976526566e+05 2.625213249000131618e+05 6.911980314353724243e+05 6.897345272370117018e+05 6.932057879601718159e+05 7.043154523878360633e+05 7.183315652214766014e+05 7.302177364424611442e+05 6.707815934827757301e+05 6.928225644183903933e+05 1.960302046874856460e+05 2.784326466662582243e+05 2.728747855252180598e+05 3.197763281986601069e+05 3.005154535116122570e+05 3.862235381452391157e+05 3.043271105815462652e+05 3.550985758701232262e+05 3.198064706136632594e+05 2.343012139601638773e+05 4.686972241633704398e+05 3.664654971819858183e+05 4.787513900661570951e+05 4.953562627344926586e+05 2.357995967142529262e+05 1.487497799345936801e+05 4.620613035790368449e+05 3.799280689790832112e+05 4.212578358034630073e+05 4.116321254220969859e+05 1.191895706336909061e+05 3.759776870430234121e+05 3.527978394772058236e+05 1.526771879167092848e+05 3.796845799458302790e+05 2.954822759915337665e+05 3.062128105184311280e+05 2.953868372487802990e+05 3.138374280148553080e+05 3.183740266870353371e+05 3.097176097264941782e+05 3.628647085171314538e+05 2.502043300872454711e+05 3.226561954737445340e+05 2.826978167463334976e+05 3.462529335661886143e+05 3.524709356243584189e+05 3.546877799121818971e+05 3.279466115208867122e+05 3.466311639673604514e+05 2.569751572537093307e+05 3.476051935289105168e+05 3.355597558081897441e+05 2.454652155062259990e+05 2.664223077868808759e+05 2.541690489454230701e+05 2.488480866263166827e+05 2.480029057924808585e+05 2.879802107256581658e+05 3.067345202835885575e+05 3.172803086079332861e+05 2.059843425638703629e+05 2.186197051618993573e+05 4.517671732128392905e+05 4.557145812930949032e+05 4.390485059380233870e+05 4.438534492036964511e+05 4.682653542149153654e+05
7.870138297333961818e+05 5.441659010490240762e+05 8.654686984177018749e+05 4.560733531315972214e+05 2.360225808281645295e+05 2.015173541460702545e+05 2.492728523636839527e+05 2.938291058785493369e+05 1.959837427798286080e+05 3.022747645768183866e+05 3.136073396898558713e+05 3.289088925162967644e+05 1.914740556669631624e+05 1.827043935431124992e+05 1.956195372294864501e+05 1.851345110206473910e+05 1.750601155555383011e+05 1.820339175592064566e+05 1.822234733310226293e+05 1.896299346399334027e+05 1.899582152778753662e+05 1.867483968656009820e+05 1.797078666776841565e+05 1.915189205039105436e+05 1.904038714344104519e+05 1.968209199029814918e+05 1.918285686502397293e+05 1.966705749706577917e+05 1.794844787068114965e+05 1.832718676448124170e+05 1.726397090022035700e+05 1.727829680805740354e+05 1.900377567420705454e+05 1.791880844116590742e+05 1.832667092899915588e+05 1.794020001010812994e+05 2.066139922804397065e+05 2.007053446544455364e+05 2.018883518362120958e+05 1.924068918184846116e+05 1.934227389326395059e+05 2.033533429624749115e+05 1.966463435529939015e+05 1.938605565927030111e+05 1.808632830861561524e+05 1.711471087455115921e+05 1.742931728293415217e+05 1.765897605098406784e+05 1.646326573207855399e+05 1.781314661015712190e+05 1.698400991195635288e+05 1.703278481857223087e+05 3.488367369745432516e+05 3.597102185085229576e+05 3.257416259420108981e+05 2.090935822357050201e+05 2.631040904948297539e+05 4.153724283098646556e+05 1.382722893295053800e+05 1.844363157635045936e+05 1.825124329866645276e+05 2.756527339890373987e+05 1.232852309329264826e+05 3.495959146328068455e+05 3.591838093169094645e+05 3.422802293544626446e+05 3.490465590229510562e+05 1.608228726785801118e+05 1.626325740782463690e+05 1.472396577929318883e+05 1.413114231043260952e+05 1.447342393492929987e+05 1.430961220866755175e+05 1.352425727647313324e+05 1.528542516584343102e+05 1.371628575431909994e+05 1.373675212367779168e+05 1.376787480966821895e+05 1.427382222120663791e+05 2.317294344749682059e+05 1.417643119718911476e+05 1.445579098929516913e+05 1.433081102769653953e+05 1.604734262644514383e+05 1.326334548677717394e+05 1.416957480741830950e+05 1.547468446993591497e+05 1.524297429209513648e+05 1.467668881486016617e+05 1.692020418353502173e+05 1.659339211636057298e+05 1.731885689694253088e+05 1.566116542170761968e+05 2.255721211037656758e+05 2.008223346732122009e+05 1.818654724921731977e+05 1.763383044801740034e+05 1.405028280397358467e+05 1.533313076936921861e+05 1.351740547598597477e+05
7.873857452802677872e+05 1.991417022868753411e+05 6.871149641304682009e+05 4.834729919407740817e+05 2.226117945077563927e+05 2.059140530955104914e+05 2.286193687320768367e+05 2.096674996916473901e+05 2.077347504187984741e+05 2.062224529566873098e+05 2.417617921018573688e+05 2.291207204349696985e+05 3.579411047334437026e+05 3.586501674142660340e+05 3.281385537202000851e+05 3.686689407615557429e+05 3.970480428441224503e+05 3.004801160275191069e+05 3.572108946335692308e+05 3.762207355050460901e+05 2.000807247927549470e+05 1.963830471715141903e+05 1.927076918259395752e+05 1.907486551363522594e+05 1.964573568523501162e+05 1.853167973671643704e+05 1.962924179980243207e+05 1.912603786202906340e+05 1.984737228732740332e+05 2.091188783671753481e+05 2.232104573811312730e+05 2.341411213893708482e+05 2.275289365800671221e+05 1.921777947787532758e+05 1.925884622367524717e+05 2.053624395580996643e+05 1.535096656134061341e+05 1.408414621015887242e+05 1.443085649337633222e+05 1.829985115535752848e+05 1.547151602850501658e+05 1.380668729934001167e+05 1.504273558580206591e+05 1.585308375674602285e+05 1.286137013200817601e+05 1.439623218396212906e+05 2.855066602676742477e+05 1.311739433461852022e+05 3.232429629239025526e+05 2.885763770287283114e+05 1.328045800764556916e+05 2.893891758771405439e+05 1.898719000310150441e+05 3.825618405078023789e+05 2.795917712159181829e+05 3.342885242375651142e+05 2.380207732858405216e+05 1.538547063152322662e+05 1.516481053085121966e+05 1.389826094740474073e+05 1.482516315516874602e+05 1.463121635675772268e+05 1.955455946913424123e+05 1.338733140953754773e+05 1.743837836456967925e+05 1.784772043745119299e+05 1.914785531649386394e+05 1.548649912176052167e+05 1.380939864811952284e+05 1.745604343518934911e+05 2.098956605175144505e+05 1.414740856739622541e+05 1.583845128476125828e+05 1.373451071754388104e+05 1.462400567428925424e+05 2.331154532082082587e+05 1.529344539794748998e+05 2.120968278123947384e+05 1.976165915448176384e+05 1.551342353106933297e+05 1.360003461021984695e+05 2.010211057265944837e+05 1.309519596961089846e+05 1.483159733084389300e+05 1.389669967310753418e+05 1.577458681350922852e+05 1.316781495835073874e+05 1.055180854663481150e+05 1.328264434237569803e+05 1.279765894283000525e+05 3.593641498071595561e+05 1.062019621585076820e+05 1.256593407928155066e+05 1.464869234889107465e+05 1.040612173721430881e+05 1.740827449954921321e+05 1.404911253664322430e+05 2.913123243685968337e+05 2.837195565006930265e+05 2.239368491970102186e+05
7.730745965794346994e+05 9.993590295768458163e+05 4.027746611234839074e+05 3.659934251087701996e+05 3.731345340371267521e+05 2.470520429347882455e+05 2.409741241707041045e+05 2.163758575290883600e+05 4.201978948520136182e+05 2.336738038140150311e+05 2.711661401514909812e+05 4.044237192383193178e+05 2.237039889446871530e+05 2.139227018476381782e+05 2.163919567361271766e+05 1.868753548084520735e+05 2.473224435273557610e+05 2.491068855098208878e+05 2.360859680139170960e+05 2.170813956400686875e+05 2.946307435891284840e+05 2.678374225784522132e+05 1.684109411200279137e+05 3.957134424448797945e+05 3.222550553685995401e+05 3.175535361992282560e+05 4.348875676681720652e+05 4.654672129030428478e+05 4.496001134740344132e+05 4.519619791251493152e+05 5.190822717687467230e+05 4.340953838819087250e+05 2.768368058846103959e+05 2.895942617848230875e+05 2.828079779110312229e+05 2.216491280125199119e+05 2.081060418230938376e+05 2.095963107236924116e+05 2.978813331973358290e+05 3.027694526398536400e+05 2.764006587237949134e+05 2.865294647358402144e+05 2.541251753937437607e+05 2.598460295328427455e+05 3.183763764002633397e+05 2.566760828169062152e+05 2.543487285788277513e+05 1.944697197470655956e+05 2.306318063261976931e+05 3.467859513262558612e+05 1.958940498202030140e+05 1.986784599953993456e+05 3.746887591946502798e+05 2.084598939495250524e+05 3.589114995823442005e+05 3.705809097580444068e+05 3.342020621336280601e+05 3.512528296012484352e+05 4.559675058935290435e+05 3.203742935009204666e+05 3.217069113296269206e+05 2.785035052057905123e+05 3.304096249836137868e+05 2.433470224597099295e+05 2.369667800459995924e+05 1.950105209322006558e+05 3.283175357824902167e+05 2.270986086309179082e+05 1.520207477979136864e+06 3.045352070593022509e+05 3.135915158398359781e+05 3.031189541253861389e+05 3.173151871636616415e+05 2.956576784125780687e+05 3.106793032935971860e+05 3.128542566002774402e+05 2.802705262675260310e+05 3.240024710105888662e+05 3.243722204155783402e+05 2.401032617055715236e+05 2.432961364826157806e+05 2.363235644069653936e+05 2.650119474931693985e+05 2.741130660392467398e+05 3.400705443491308251e+05 3.141781364329172648e+05 3.088330528389545507e+05 3.275527408410409116e+05 3.192086888827488292e+05 3.361717459612797829e+05 3.419201725165387616e+05 3.567338661340132239e+05 2.828814982350796345e+05 3.023744254605284659e+05 2.918747869725526543e+05 2.929895056136300554e+05 2.753543020519450074e+05 2.888937351715869154e+05 2.971340142480198992e+05 2.894172255787999602e+05
2.522976859306560364e+05 1.041725019934779615e+06 5.671786619757683948e+05 1.014327730838830816e+06 2.582501153226565220e+05 4.290251800213544047e+05 1.336569752641868836e+05 3.127926500565804890e+05 4.855291378723628586e+05 2.148326466523211275e+05 1.358551870603975549e+05 2.836265225425713579e+05 2.872351680610318435e+05 1.744412965483793523e+05 2.110613385642243957e+05 1.569761901958410162e+05 3.021329006406770786e+05 2.775016462281960994e+05 2.472925030408331659e+05 3.011596604359145276e+05 1.221215721710218495e+05 1.299636299267102731e+05 1.315769650576260465e+05 1.321472294437842502e+05 1.291834884207405121e+05 1.269536105673554412e+05 1.318446855085428688e+05 3.105618176321965293e+05 1.461945585848016781e+05 1.491217046600325557e+05 2.275073118755155301e+05 1.388549264243798389e+05 1.304808605510268098e+05 1.256292718063507637e+05 1.326591181419339555e+05 2.144800428110423090e+05 2.361833709700721083e+05 2.975169257185131428e+05 2.920846457352295984e+05 2.697375145088586141e+05 2.811624627231723862e+05 2.169302062795536767e+05 2.538507362315655628e+05 3.374326975365318358e+05 3.121104989350727410e+05 3.335904024089606828e+05 1.369166883682873740e+05 3.612327959660066990e+05 3.888970712274885736e+05 3.043517825704404386e+05 3.583916989591845195e+05 3.007194930626229616e+05 2.952918023629878880e+05 3.130025822477958282e+05 3.522916231336456258e+05 3.037801597563222749e+05 3.528882667222152231e+05 1.413280363111335319e+05 1.340549762993163022e+05 1.337212527709672577e+05 1.383285723041701422e+05 1.385105832936682564e+05 1.385677290536589280e+05 3.609139325381114031e+05 1.366923641835504386e+05 1.523022067283605284e+05 1.566337929213963798e+05 1.614485021826733719e+05 1.470368848842081206e+05 2.906141658257232630e+05 3.563557091613797820e+05 1.932749639991589647e+05 1.612941553950082161e+05 1.358431631372385600e+05 2.175729079188192263e+05 2.128147202749567223e+05 1.660892775936735561e+05 2.069090281476321688e+05 2.081842432164636848e+05 2.264498858515055617e+05 1.271123997815923067e+05 1.352340183400106034e+05 1.221836192859490839e+05 1.375853928887051297e+05 1.353695123504478543e+05 1.446896498693645117e+05 1.288756209164669272e+05 2.840397599994136835e+05 1.605194108866090537e+05 1.090398925596124027e+05 1.232452582723483647e+05 2.382170477689180407e+05 1.773912880776122911e+05 1.806807030254856218e+05 2.313440080770355708e+05 2.545419007061589218e+05 2.595635315885778691e+05 2.657301703841540730e+05 2.570105681663408759e+05 2.621761189839756698e+05
7.373359723811136791e+05 9.163709032188561978e+05 4.488813215118772932e+05 8.057446421590464888e+05 4.148044952797999140e+05 4.284635985598590923e+05 3.472645952536560944e+05 4.047189386768577388e+05 3.813803386110725114e+05 3.689418012101588538e+05 4.116116021456210292e+05 4.071366100171379512e+05 1.556352198708943033e+05 1.591627084973154124e+05 1.221866482131570665e+05 1.427428941028205154e+05 1.503081996973719506e+05 1.536093081399815856e+05 1.451261825300064520e+05 1.421284257365603116e+05 1.358945080426975910e+05 1.453824481289366959e+05 1.390291539888101397e+05 2.703861271454633679e+05 2.428498745406390808e+05 2.660582674507501069e+05 1.426362483293974947e+05 2.483643761297685269e+05 2.264258012909184326e+05 2.620550903955983813e+05 2.651820814165853080e+05 1.361813749849958112e+05 1.301861000408532418e+05 1.332290704568040674e+05 1.305460650931041891e+05 1.419281493981413369e+05 1.338391698250309273e+05 1.364643043219236424e+05 1.473127191886154469e+05 1.111029224166739150e+05 2.487903717951535946e+05 2.781840359924535733e+05 1.843098718204220932e+05 2.479097066201478592e+05 1.245567653962719342e+05 2.672066347195380367e+05 1.690653913254335348e+05 1.321033650706722110e+05 1.344870298191173351e+05 1.281726436257624446e+05 1.303907453773055604e+05 1.376964810886998603e+05 1.373615735251695151e+05 1.308227988971065934e+05 1.373381957142642350e+05 1.277953402598875982e+05 1.426625265675685951e+05 1.491226408738968312e+05 1.393259337837890198e+05 1.489102855409150943e+05 1.349283995847247425e+05 2.545785231896736659e+05 3.308134085161403054e+05 3.135147463029644568e+05 2.769105648514084751e+05 2.790152103325942880e+05 2.673016696053304477e+05 3.258397631835496868e+05 2.887013340439086896e+05 5.634825263538334984e+05 4.598164095895540086e+05 3.395557735808498692e+05 4.905022324909156305e+05 5.167937245131996460e+05 5.496712791422603186e+05 4.953673137295182096e+05 1.307326653662507597e+05 1.451175730338819267e+05 1.431046948685308453e+05 1.497048557546756056e+05 1.630081059806329140e+05 1.589670581568140769e+05 1.511032471966319135e+05 1.502183415235349967e+05 1.508278534634548705e+05 3.324123149392653140e+05 3.813324632040517172e+05 3.500434982884742785e+05 3.347166860448322259e+05 3.686181649272691575e+05 3.474971434346910683e+05 4.062534115575582837e+05 3.385646718841274851e+05 5.836962648262446746e+05 5.629049007567031076e+05 2.259602827147527714e+05 2.184353811734424380e+05 1.378435400939312531e+05 1.340416398410338734e+05 2.129699114908131887e+05
1.190504749534463277e+06 2.886009388748148922e+05 6.182828319717244012e+05 5.418922230724979891e+05 2.622328976012744824e+05 4.240798413903075270e+05 2.515917806769838207e+05 4.487285167235180270e+05 3.666115465448145405e+05 2.052520764649213816e+05 2.352628157415939204e+05 5.315819017135887407e+05 3.182135853306850186e+05 3.410818756081756437e+05 3.022998771369427559e+05 3.441667186481350218e+05 3.889715277654012316e+05 3.831360516778982128e+05 3.397760224817069829e+05 3.324869183342547040e+05 1.438292234352485102e+05 3.450109999823757680e+05 2.771608276673265500e+05 1.121663805951114278e+06 1.114614445981457829e+06 1.089715709760809783e+06 1.092903976897071116e+06 1.170298831201388966e+06 1.082550479557597078e+06 1.006495696078630630e+06 1.040538341326094349e+06 5.282508527844564524e+05 2.898116102584144101e+05 2.266865460306895839e+05 2.097477570840917178e+05 2.557615854428439925e+05 2.566344855499165133e+05 3.024925352645053063e+05 2.677220847017989727e+05 3.142289122672039084e+05 2.778009960220181383e+05 2.838875242822268046e+05 2.856038796524833306e+05 3.307030087086928543e+05 2.979501540949282353e+05 2.168440011755009182e+05 2.271059514847554383e+05 3.333141642475923290e+05 2.142474212014689401e+05 1.938330208908122440e+05 1.962417523065452697e+05 2.063866942398985557e+05 2.209506573983582202e+05 2.169146394294180791e+05 2.129544364263505558e+05 2.160522028890640358e+05 1.773541332371942990e+05 1.751937554953815707e+05 1.663298661996606679e+05 1.808194829630152090e+05 1.732923051370152098e+05 1.710100360214992543e+05 1.751075871055980097e+05 1.800027373306652880e+05 1.705801853578494920e+05 1.746303016061577073e+05 1.722002024857574143e+05 1.700159421118380851e+05 1.725815168855410302e+05 1.805222442396714468e+05 3.688796439524240559e+05 3.275302717082980089e+05 3.931504193128853804e+05 3.696550493176685995e+05 2.879895361500318395e+05 2.845894093234229367e+05 2.737126235052163247e+05 3.149191038136637653e+05 1.734915167616277467e+05 1.810592271408109809e+05 1.941131140504453215e+05 1.848729952812232950e+05 1.799789464842316520e+05 1.832366219463922025e+05 2.204156754248894285e+05 1.801018107860683231e+05 2.508029929606203514e+05 1.861813266208621208e+05 4.218447868249670137e+05 1.877001041514849348e+05 1.978881119225953880e+05 2.011056403313991905e+05 1.677582899138125067e+05 1.625653502513636777e+05 1.669123013660545694e+05 1.630607358855135099e+05 1.627548876660452515e+05 1.681731244413644890e+05 1.625713346772412769e+05 1.697498187316309195e+05
5.910857457856561523e+05 3.845056407756767585e+05 4.116248559967977926e+05 8.916503046323070303e+05 3.306386118805375881e+05 2.958889783084606752e+05 2.501437699002203299e+05 2.266434985500669864e+05 2.155594056108919322e+05 3.242850974547959049e+05 2.954816885632267804e+05 3.606315630937886890e+05 2.289023806761103624e+05 2.164228701507832156e+05 2.746805401409466867e+05 2.308900544956640806e+05 2.015465603472090734e+05 2.132178062363686331e+05 2.459601422120109783e+05 2.307531102715939051e+05 3.314200751001980971e+05 9.518877732312834123e+05 9.425024311702894047e+05 8.715535011072586058e+05 1.019219540065402049e+06 6.580972540496503934e+05 9.833347196471756324e+05 9.455703489321531961e+05 3.094042534389770590e+05 2.791663996931092697e+05 1.928428737650887342e+05 3.227592891416235943e+05 3.186643998420409625e+05 3.038700362872938276e+05 2.158041980007010279e+05 1.312170917910480639e+05 1.433263756258862850e+05 2.127351788107615430e+05 2.116014054639757087e+05 3.033247008899140637e+05 3.163042964758470771e+05 2.905999941178167937e+05 3.663987506406025495e+05 3.270137019408268970e+05 3.769633183136368170e+05 1.662573922322840954e+05 3.507091647031167522e+05 1.902612181414815714e+05 3.007367671262758086e+05 3.446776344181512832e+05 1.294827464288895862e+05 1.313754771483238728e+05 1.266053757241099520e+05 1.259878692520744808e+05 2.619084536044626439e+05 2.791067206485446659e+05 2.956868846137169166e+05 2.313435858629399154e+05 1.961639914844056766e+05 1.351100250743963697e+05 1.310112807765490288e+05 4.571735696363454917e+05 1.396804467670656159e+05 1.313913377126129635e+05 4.982070155941112316e+05 1.283748933561502781e+05 4.970937655238013249e+05 2.503201452493981051e+05 3.087873435738158878e+05 1.370924487534562650e+05 1.339460083483671769e+05 1.307334914373074862e+05 1.306520408311145293e+05 1.312476747772814415e+05 1.324357118139267259e+05 1.355333130624288460e+05 2.676097757523537730e+05 1.810686994222614157e+05 2.038416060284023406e+05 2.740579946354652056e+05 1.893183039230680733e+05 2.678196528721653158e+05 2.150570259084618301e+05 1.310559161493139982e+05 1.422276276919055090e+05 1.204032709444983921e+05 2.283619099193979928e+05 2.272607939150546154e+05 2.102118805180282216e+05 1.387451324023739726e+05 1.319459067486934073e+05 1.341961793786122580e+05 1.318093296673150908e+05 2.559008426658730023e+05 1.456132432036179816e+05 1.365131251213760115e+05 1.252373469827719091e+05 1.345892607016705442e+05 1.838167257566927001e+05 4.882242222306254553e+05
3.428664093763137353e+05 9.778736189625796396e+05 6.388071364471944980e+05 1.052114130115365842e+06 3.254758513473610510e+05 3.188425007618705858e+05 3.219195236624929821e+05 3.052300062465451774e+05 3.513649182650785078e+05 3.134989224529445637e+05 3.241600119396733353e+05 2.953220365636639763e+05 3.114231711016095360e+05 2.293638790397999401e+05 3.326603198276283219e+05 3.133784996500088600e+05 2.799582530509499484e+05 2.291445847099417006e+05 2.335621373642805847e+05 2.283749618420942279e+05 2.367674032071756956e+05 2.571809407325064822e+05 2.136965235923072614e+05 2.237298725044644962e+05 1.980176398642896675e+05 2.178899907046589069e+05 2.336148774119687441e+05 1.577946246845735703e+06 3.905391169169091154e+05 5.419537929019258590e+05 8.565529318596186349e+05 3.818116945597589365e+05 3.893764494402725832e+05 5.322471642712701578e+05 5.323856137803769670e+05 5.592886186702515697e+05 2.109472306155889819e+05 2.268147339015584730e+05 2.589710550695611164e+05 2.251211046639291744e+05 2.339546129018972570e+05 3.145995795289230882e+05 2.175893008400115359e+05 1.750442917055183789e+05 1.287430640475646796e+05 1.302954902058980369e+05 1.326525187520474719e+05 4.243440739856515429e+05 4.249400200031065033e+05 4.262168688569169026e+05 4.400540730568057043e+05 4.346199940743320039e+05 4.020686457270041574e+05 4.407586565967871575e+05 4.418967989416063647e+05 1.318075673823941033e+05 2.570347445126009989e+05 2.356969252604694921e+05 2.169229552113890823e+05 2.527805519990128523e+05 2.591423638495909981e+05 2.899328591324068257e+05 2.234966634665841120e+05 2.119674650849118188e+05 1.756095445939324563e+05 2.734764589686663821e+05 1.756997515533266705e+05 2.169413490602521342e+05 1.400449460315612378e+05 2.003108314748889534e+05 2.428039817041544302e+05 1.403746860617034254e+05 1.683388159382086596e+05 1.354154786154708709e+05 2.101788193186247081e+05 1.669312826432246075e+05 1.584310114695388183e+05 1.350521909218584478e+05 2.106694504549147387e+05 1.402678200026652776e+05 1.331988362561279791e+05 2.227670040807474579e+05 2.881546402185690240e+05 3.047073051961196470e+05 3.328277368951243116e+05 2.078378991580813599e+05 2.804488107587015838e+05 1.328465261290026538e+05 1.396838061226962891e+05 2.415464445559368178e+05 1.317053548569754930e+05 2.439184984167513321e+05 1.375710008951835334e+05 2.066781871801144152e+05 1.401114998230312776e+05 2.905503931401441805e+05 2.737388374934163876e+05 2.415880418229264906e+05 2.621175964388904686e+05 2.670222923739465186e+05
1.092396659125435166e+06 3.335021045915642753e+05 9.562550824082389008e+05 5.192062191415244597e+05 2.078207719515053032e+05 3.139703336693148012e+05 2.932054773021267611e+05 3.675074848558023805e+05 1.333919624906226527e+05 1.813015780317190802e+05 3.583466505508911796e+05 3.639453563164026709e+05 2.507657279773948248e+05 2.569446476960143482e+05 3.226445570504119969e+05 3.041160769622552907e+05 2.694469394253724604e+05 3.015359633379540173e+05 3.057060618179676821e+05 2.665911016394714243e+05 1.903601814540770429e+05 1.638213454002754006e+05 1.525454571188637346e+05 1.759177058123595489e+05 1.521492826186263992e+05 2.392123716065970075e+05 1.913296768033824628e+05 1.825599596081280324e+05 1.460609828949294752e+05 1.450024095500073745e+05 1.380591629968706984e+05 1.458649286974670540e+05 4.210820478825921891e+05 3.807734884556687321e+05 2.571818035178323917e+05 4.150708940170259448e+05 1.172644487502657576e+05 3.058384351155239856e+05 3.997162156430704636e+05 4.249559172816647915e+05 2.902707956231451244e+05 2.177063459301819676e+05 1.261256303686340834e+05 2.985592071064832271e+05 1.058999414016022492e+05 2.481690745748244808e+05 2.226801931912531145e+05 2.420925325958348985e+05 2.333336644671254326e+05 2.451693719251113653e+05 2.270523670088759682e+05 2.259408057949487120e+05 2.068142869759932801e+05 1.332180102832112461e+05 2.078233970217522292e+05 2.056989258352050674e+05 2.259151241636518971e+05 2.291757184102128958e+05 2.432827724886314245e+05 1.843125886763419840e+05 1.877707974768058630e+05 1.939772161830469850e+05 1.893521911935283279e+05 1.853526672081607685e+05 1.974131761363831174e+05 1.852412394011760771e+05 1.871434424020607839e+05 4.659016895646102494e+05 4.442925885774507187e+05 4.444192895204175147e+05 3.931199464694595663e+05 4.717978543390805717e+05 2.006565881049642630e+05 2.067050620251598302e+05 2.000556856611689145e+05 2.036018618506065686e+05 1.899237956505118636e+05 1.981231016025313584e+05 2.023525486986869946e+05 1.983559251405852556e+05 3.892378163598197279e+05 4.050923227944967803e+05 4.183468715423765825e+05 4.318954281579116359e+05 3.894166515650331276e+05 3.679790062149802106e+05 3.416305703611860517e+05 4.008947803982652840e+05 4.186482589781385614e+05 4.533948636230074335e+05 3.331700240267613553e+05 1.113258331020471232e+05 2.438657767261977715e+05 1.149725880319245189e+05 5.283117617570388829e+05 2.331031539280303696e+05 2.505776407763461466e+05 2.577946197419791424e+05 2.363374240435837710e+05 2.308215273122251965e+05
1.240983271669191308e+06 3.118650273312836653e+05 1.126635872570129810e+06 6.450292505035133800e+05 2.780108180704259430e+05 2.934542164758735453e+05 3.007486441923580132e+05 2.541961991474873794e+05 2.902152836481333361e+05 3.058788024544958607e+05 3.172806757506252034e+05 3.176835781406911556e+05 2.522387595286097494e+05 2.410169330085770052e+05 2.619985687781838933e+05 4.509557144352524192e+05 3.364939136734019849e+05 5.081590424000176718e+05 2.934541063330660108e+05 1.337876229910913680e+05 1.371746244664656697e+05 5.156039986201717402e+05 5.068654885537268710e+05 2.875570237018659827e+05 1.982195683448220952e+05 3.906926192763829604e+05 2.626890723959318711e+05 3.144699414444212453e+05 2.885157617702994030e+05 4.762725527534101275e+05 5.792002721357862465e+05 2.382706322447975108e+05 2.843242221570800757e+05 3.022977477093298803e+05 1.598072568643210921e+06 3.122436248751473613e+05 2.512044084227842395e+05 1.691322296524897683e+05 2.878597879227224621e+05 2.207184580028805067e+05 1.336936161048362264e+05 2.450722259688406775e+05 2.833613353762284387e+05 2.326441888489147241e+05 2.203029809756177419e+05 2.543246990896443895e+05 2.184748857270884037e+05 2.285515758340217290e+05 4.188616055963883409e+05 2.994763479079269455e+05 4.140545696173715987e+05 4.192038560137562454e+05 4.079857009206422954e+05 4.181701657647761167e+05 4.063418562320314813e+05 4.258829525786546292e+05 2.086549568617193727e+05 1.620125251430696517e+05 4.168579243554688292e+05 3.899659337463505217e+05 3.519137598751656478e+05 3.476194386653553811e+05 5.056206545426481753e+05 3.417559128761928878e+05 4.076994030495164916e+05 3.228668986646127887e+05 2.402777279127515212e+05 2.264154662241420883e+05 2.341598823809257883e+05 2.176529450256484270e+05 2.370927834178518096e+05 2.833359107448159484e+05 2.835811804201244959e+05 2.903377808072781190e+05 2.847162754806011217e+05 2.746012923909049714e+05 1.371631787930463906e+05 1.337204542356124439e+05 2.790360640374929062e+05 1.292611207429379429e+05 1.419036976948622905e+05 1.439939970753629750e+05 1.355702843315008795e+05 1.333875751354547101e+05 1.369077759794420563e+05 1.372086769511372549e+05 6.505881580012253253e+05 6.819184998981773388e+05 6.762559847328176256e+05 6.723418764947153395e+05 6.711376484653581865e+05 1.284740402400916937e+05 6.907490893517449731e+05 6.396105180855600629e+05 3.053328612716745120e+05 2.405651455690875591e+05 1.080681943541557412e+05 2.522770341542379465e+05 1.444482168351860892e+05 1.314991124498134886e+05
4.536958472018083557e+05 8.024062870903458679e+05 5.707305105197954690e+05 4.670723607519297511e+05 5.731224451573751867e+05 5.049604585541146807e+05 4.697799279617161956e+05 5.300263915566435317e+05 4.920865633491731132e+05 5.605448708190476755e+05 5.541702089742538519e+05 5.551426965364980279e+05 4.332926263861193438e+05 3.979990892731610220e+05 4.483719110268977820e+05 4.147780977202539216e+05 4.085866033644375857e+05 4.214737524205559166e+05 3.596856933767055743e+05 4.071208228813872556e+05 3.467910178954037256e+05 3.841563779328940436e+05 3.726091895593197551e+05 3.750922122987540788e+05 3.775034586419265252e+05 4.005308318478075089e+05 3.943061110783762997e+05 3.634740185285707703e+05 3.842784528779431712e+05 3.763981021394919371e+05 4.267001020679656067e+05 3.857322277949691052e+05 3.764313285531068104e+05 4.887752666968639242e+05 4.895174456484935363e+05 3.794468917671090458e+05 3.214593837267633644e+05 3.433615747248484404e+05 3.341501114427274442e+05 3.228773622313312953e+05 3.310454426974066300e+05 3.379114516067396617e+05 3.139835875204915646e+05 3.316176345826971810e+05 2.861879302467214875e+05 3.176785115715432330e+05 3.376327535893357126e+05 2.725089645470316755e+05 3.118213006366810878e+05 3.120632109563589329e+05 3.131245103357682237e+05 3.216306925067932461e+05 2.774325866878540255e+05 3.070380187898288132e+05 3.155904242257611477e+05 3.269515079688229016e+05 3.007729123242911301e+05 2.976381195211018203e+05 3.237273342772960896e+05 3.044112046151207178e+05 3.224287505761266220e+05 3.028430096781712491e+05 1.630859439027377870e+06 1.548859146796153160e+06 2.980618756160664489e+05 2.857537472993075498e+05 1.532660223802226130e+06 1.581400765862146160e+06 1.628397233278573025e+06 2.890056586212056573e+05 2.404346079849906382e+05 2.074316374123847054e+05 5.843727986645667115e+05 9.919022146477440838e+05 6.290259411358184880e+05 2.283991749026235193e+05 1.344293994307733839e+06 7.532389049368493725e+05 7.096861625416917959e+05 9.650535835905364947e+05 2.408215029536907969e+05 2.264760447683017992e+05 2.231599201895943843e+05 2.928987479401979945e+05 2.382381034022971871e+05 4.009682456509098993e+05 3.087935849995777826e+05 3.500712175617109751e+05 2.347915330251658161e+05 3.209765910869449144e+05 2.383416192842719611e+05 2.401303935505012341e+05 2.372044131533170585e+05 2.420332574082313222e+05 2.093184938487489708e+05 2.298710132400898437e+05 2.512100257059699506e+05 3.158190439799930318e+05 2.116979639919393812e+05 2.597197508039715758e+05
5.626394565904759802e+05 5.959638238755511120e+05 8.817298888121711789e+05 1.066195080348392017e+06 3.796588065288605285e+05 2.180430708500370965e+05 4.290599117200059700e+05 2.118690524863541359e+05 2.148078094492156233e+05 3.585100657630457426e+05 5.658755257052195957e+05 3.002391786359747057e+05 2.610991058973540494e+05 2.372499388471098500e+05 2.375317208631255489e+05 2.889853005589410895e+05 2.412172827755343460e+05 2.981476952202927205e+05 2.974786143786158063e+05 2.376014779745822016e+05 1.985037918597387907e+05 2.094064061663189495e+05 2.024102268155808852e+05 2.067727814946765720e+05 2.128500394019153027e+05 2.104866501086290809e+05 2.067687796393351164e+05 2.110182176550634322e+05 2.566051508488355321e+05 2.927547729335784097e+05 2.271248960476563079e+05 3.184770836406452581e+05 4.037585668234454934e+05 2.440862642698045820e+05 1.605692321498967649e+05 1.549248721906503779e+05 2.561772093271835183e+05 2.384083658256552299e+05 2.084405822439323238e+05 2.397443980813961825e+05 2.359756232778734411e+05 2.474199199120491394e+05 2.323881986070033745e+05 2.359402307223764656e+05 2.137581484931388404e+05 2.627225374522964703e+05 2.204515269087512279e+05 1.553080700324433390e+06 5.517159702218625462e+05 9.848759846676759189e+05 3.223722106015775353e+05 2.413567235699092853e+05 4.496432160260607488e+05 1.705052148201681848e+05 1.315298239359890285e+05 1.637880272009875625e+05 1.584632465978856490e+05 1.969994981083105376e+05 6.993936108890693868e+05 4.918526200259089819e+05 5.552456066330311587e+05 2.920097853403558838e+05 6.791517860007295385e+05 5.825148730723224580e+05 6.473313086101214867e+05 1.691174888734109118e+05 1.263890919643251254e+05 1.399094336639893882e+05 1.746408386014145799e+05 1.411318168994597800e+05 1.825917174509754113e+05 1.877372406347682991e+05 1.458863881878072862e+05 3.803949643403433729e+05 2.980264096320311073e+05 2.930740218613001634e+05 3.077474302562084049e+05 1.220920630771622236e+05 3.697486707040972542e+05 3.257480876533879782e+05 3.178370437858958030e+05 3.379502218750019092e+05 1.171090831416306319e+05 4.020436433096873225e+05 3.612981840794300078e+05 5.991211408828871790e+05 6.014485685495039215e+05 6.123447762161109131e+05 6.362640124490997987e+05 5.921417215960331960e+05 6.032791787254726514e+05 5.989435539628261467e+05 6.162225006134482101e+05 2.943263455832931213e+05 2.756982780399647309e+05 2.543652499999622232e+05 3.039849152355821570e+05 2.927792429939919966e+05 3.108003869533782708e+05 3.004629521066737943e+05
7.678351032236558385e+05 6.752828363137280103e+05 2.328867416683033807e+05 3.458488930337777711e+05 3.622702310704439878e+05 3.473049442354933708e+05 4.474708327182236826e+05 2.596561249754692835e+05 3.151474665680113249e+05 3.314865279274278437e+05 4.294418869766349671e+05 3.988517414607765386e+05 1.618103763769220968e+05 1.531024951895470731e+05 1.645596693536403764e+05 1.419841294800852775e+05 1.578767545047464955e+05 1.549303793310285546e+05 1.497200554621193442e+05 1.420406052046632976e+05 1.419252673280100862e+05 1.240972587816857849e+05 1.345791183848074288e+05 1.350715301631530747e+05 1.278808477928257780e+05 1.262226111106934259e+05 2.423289174179999973e+05 1.348360081263138563e+05 1.314342934075625963e+05 1.472762894550139317e+05 1.302272750937472592e+05 1.377528191347683896e+05 1.348292435222160420e+05 1.358432824586134229e+05 1.358687805185643083e+05 1.291996977705868921e+05 5.181835431733006262e+05 4.851799117438493413e+05 5.240207815457246616e+05 5.636739545533782803e+05 5.732329183933610329e+05 5.659108081179090077e+05 5.260832423316137865e+05 5.914524111920339055e+05 1.253876276651245134e+05 1.231707741987337795e+05 1.355386733457302616e+05 2.381427380880821147e+05 2.438947075703176961e+05 1.899056771586677351e+05 2.319315281697119935e+05 2.129573919250201725e+05 2.271306969021879486e+05 2.574634386767713586e+05 2.577645691126489837e+05 1.284767203817424015e+05 1.256290331636010378e+05 2.678824893438800937e+05 2.134116025062759873e+05 9.956234261155341519e+05 1.008041073097279994e+06 1.256114378500928287e+05 1.327562090268008760e+05 9.954182667793132132e+05 2.299906650433726027e+05 2.670900485577324871e+05 1.296016639467885980e+05 2.449374478866525751e+05 2.211600755898049392e+05 2.197024273173796828e+05 2.377190003502520849e+05 2.188164936447454966e+05 1.336450981981046498e+05 2.149426793170766905e+05 1.204936614752385503e+05 2.656201927908022772e+05 3.122991735644284054e+05 2.203974100759685389e+05 3.170871915520059410e+05 2.542039091440167977e+05 2.855752792367860675e+05 3.315717784604817280e+05 2.453847011138973176e+05 2.113262687306829612e+05 2.805921983370142407e+05 2.444395473250633804e+05 2.389101948140475142e+05 2.078056089583307912e+05 2.240790068473050487e+05 2.558439171914974577e+05 2.406157378320282442e+05 2.711522070863342378e+05 2.598978700809357979e+05 1.608037261871987022e+06 2.751803314873990603e+05 2.647689724596851156e+05 2.323093730710573727e+05 2.789640489984811866e+05 1.322878175590712926e+05 1.301720751900235337e+05
2.648767839111548383e+05 1.043526735980897560e+06 6.641213313379706815e+05 5.008983550969166681e+05 1.326927575910772139e+05 2.106077154112755961e+05 1.454407503884067992e+05 1.576928527303852316e+05 1.412602525916456943e+05 2.480317815651970159e+05 1.389245275001924310e+05 2.050530484116548032e+05 3.435761329139814479e+05 3.576164404510167660e+05 3.525634555827114964e+05 3.803434542206730112e+05 3.634232059800149873e+05 3.439366303231356433e+05 3.654794253401421593e+05 3.779309595923482557e+05 2.482836781660939159e+05 2.196979665336733742e+05 1.526869171980440151e+05 2.507760630441711692e+05 2.965490457970520365e+05 2.425773812347278581e+05 2.297749503547601926e+05 1.935521383743916231e+05 3.264050160719637643e+05 4.073380979264401831e+05 1.787375636144566233e+05 4.081008001545457519e+05 4.211296662897286587e+05 4.261495716014957870e+05 2.472568718425864936e+05 1.221466663740116492e+05 1.201305206387028593e+05 1.254892068693996262e+05 1.383569432556849497e+05 1.345087371307745634e+05 1.314697410344633390e+05 2.449363648157115385e+05 2.386772060617822863e+05 2.269781491137130070e+05 2.389071291725703340e+05 1.283259165210538631e+05 2.309392332592410094e+05 2.249452249573854206e+05 2.344954691584360844e+05 1.373846117290848051e+05 1.423333280728969548e+05 1.279485121909387381e+05 1.397825858639458311e+05 1.406687581793297140e+05 1.385680227678124211e+05 1.332593046574801265e+05 1.301807214004172420e+05 1.746187549684981641e+05 1.549886632333640591e+05 2.098933842328248138e+05 2.131845431084845623e+05 1.674308904183310515e+05 2.023075920760666195e+05 1.876778920186263567e+05 2.294172248729296844e+05 1.199707217820633232e+05 1.663140607067753444e+05 1.231350512148141424e+05 1.867132980242574995e+05 1.621895062776890409e+05 1.321549945117174357e+05 1.272883896309436241e+05 1.264741405688984669e+05 1.631878957568451588e+05 1.687476293256138742e+05 1.601508363382335810e+05 1.595194977652816160e+05 1.973964711439026869e+05 1.582439155537582410e+05 1.612368811350753822e+05 2.022814698735395796e+05 2.114941080122746062e+05 1.269165658697450272e+05 2.274567196125748742e+05 1.266717184085321642e+05 1.284733793832463125e+05 1.279760846070987172e+05 3.156138846437720931e+05 1.334614350664931117e+05 1.376376372937592387e+05 2.250917699628481932e+05 1.256852243525928352e+05 1.217067009292006696e+05 1.347814599008682126e+05 2.610043096543113643e+05 2.418204982182885287e+05 1.214553183280723752e+05 3.310466909825590556e+05 2.106854762334151601e+05 1.443931546099718253e+05
