0.000000000000000000e+00 0.000000000000000000e+00 0.000000000000000000e+00 0.000000000000000000e+00 0.000000000000000000e+00 0.000000000000000000e+00 0.000000000000000000e+00 0.000000000000000000e+00 0.000000000000000000e+00 0.000000000000000000e+00 0.000000000000000000e+00 0.000000000000000000e+00 0.000000000000000000e+00 0.000000000000000000e+00 0.000000000000000000e+00 0.000000000000000000e+00 0.000000000000000000e+00 0.000000000000000000e+00 0.000000000000000000e+00 0.000000000000000000e+00 0.000000000000000000e+00 0.000000000000000000e+00 0.000000000000000000e+00 0.000000000000000000e+00 0.000000000000000000e+00 0.000000000000000000e+00 0.000000000000000000e+00 0.000000000000000000e+00 0.000000000000000000e+00 0.000000000000000000e+00 0.000000000000000000e+00 0.000000000000000000e+00 0.000000000000000000e+00 0.000000000000000000e+00 0.000000000000000000e+00 0.000000000000000000e+00 0.000000000000000000e+00 0.000000000000000000e+00 0.000000000000000000e+00 0.000000000000000000e+00 0.000000000000000000e+00 0.000000000000000000e+00 0.000000000000000000e+00 0.000000000000000000e+00 1.910572616409563977e+02 1.666932782572580152e+02 1.787170593653194217e+01 2.372236445734436359e+02 3.239140396768067944e+02 2.441234145857366116e+02 3.320987443163648436e+02 9.163911003820705048e+01 1.835116009979421392e+02 4.187528472972582563e+02 5.519857684998953573e+02 0.000000000000000000e+00 3.315469204856472061e+02 2.377782467484651363e+02 4.019517527719228838e+02 4.249869557823101900e+02 6.149750013858833881e+02 0.000000000000000000e+00 2.911884430606637579e+02 7.168403657841390952e+01 2.845349534255955177e+02 4.392372821702048213e+02 2.498109582489319678e+02 4.350059630219394080e+02 1.616318543282642040e+01 3.032479953516379396e+02 4.279696572324259023e+02 2.507091324651060518e+02 2.422726651796521651e+02 1.076605192899362038e+02 6.549015454981918083e+02 1.193249265236165684e+02 3.340244842120091562e+02 4.195157012618448107e+02 5.663367602555154008e+02 5.480832366320224764e+02 2.916346401945418734e+02 5.158942821795078544e+02 4.176511345541775313e+02 3.611283243890100039e+02 3.949566756273476926e+02 2.249041434435353040e+02 5.033114088935766972e+02 4.097880976877332273e+02 0.000000000000000000e+00 4.688119634726180038e+02 1.484782421443678402e+02 3.125057610586426904e+02 7.385937598046032235e+02 1.610340761866270896e+02 4.267007973114906463e+02 1.460842520069331840e+02 6.890563769988839340e+02 0.000000000000000000e+00 2.937026958158245975e+02 3.409800939834815381e+02
0.000000000000000000e+00 0.000000000000000000e+00 0.000000000000000000e+00 0.000000000000000000e+00 0.000000000000000000e+00 0.000000000000000000e+00 0.000000000000000000e+00 0.000000000000000000e+00 0.000000000000000000e+00 0.000000000000000000e+00 0.000000000000000000e+00 0.000000000000000000e+00 0.000000000000000000e+00 0.000000000000000000e+00 0.000000000000000000e+00 0.000000000000000000e+00 0.000000000000000000e+00 0.000000000000000000e+00 0.000000000000000000e+00 0.000000000000000000e+00 0.000000000000000000e+00 0.000000000000000000e+00 0.000000000000000000e+00 0.000000000000000000e+00 0.000000000000000000e+00 0.000000000000000000e+00 0.000000000000000000e+00 0.000000000000000000e+00 0.000000000000000000e+00 0.000000000000000000e+00 0.000000000000000000e+00 0.000000000000000000e+00 0.000000000000000000e+00 0.000000000000000000e+00 0.000000000000000000e+00 0.000000000000000000e+00 0.000000000000000000e+00 0.000000000000000000e+00 0.000000000000000000e+00 0.000000000000000000e+00 0.000000000000000000e+00 0.000000000000000000e+00 0.000000000000000000e+00 0.000000000000000000e+00 0.000000000000000000e+00 0.000000000000000000e+00 0.000000000000000000e+00 0.000000000000000000e+00 0.000000000000000000e+00 0.000000000000000000e+00 0.000000000000000000e+00 2.377434926380207685e+02 3.458850872055072614e+02 4.928101108507642039e+02 3.778505585880764670e+02 1.568311358408944045e+02 5.485580358282434190e+02 1.646869663768004557e+02 4.037702783454111568e+02 2.461105013158770021e+02 4.708937867821924215e+02 5.874634391822844464e+02 5.954898278098110040e+02 4.875053089220774041e+02 3.768398366209486881e+02 4.843753552238546831e+02 9.076491640630604252e+02 7.915968294496974522e+02 1.239008000561991594e+03 4.226823191822207946e+02 9.993577451121878994e+02 9.959632037323094664e+02 1.098674425131230919e+03 0.000000000000000000e+00 7.046455180482229252e+02 6.286468864123630738e+02 7.868817807128057211e+02 5.111087825691956255e+02 7.687722844734954606e+02 7.422813668952526314e+02 9.424403852492202986e+02 8.540412091723731010e+02 1.034408146131269177e+03 0.000000000000000000e+00 6.737155008584153393e+02 5.705233778284626851e+02 6.755414188122837231e+02 1.008378632160639199e+03 0.000000000000000000e+00 4.309317691667180839e+02 9.854541164027878040e+02 5.648885482871047543e+02 4.904273829304186165e+02 7.292249843586700990e+02 1.085941173959850801e+02 8.797458553126108427e+02 7.206305731608683800e+02 4.833843297333099258e+02 6.968355425966541361e+02 9.801617674101773900e+02
0.000000000000000000e+00 0.000000000000000000e+00 0.000000000000000000e+00 0.000000000000000000e+00 0.000000000000000000e+00 0.000000000000000000e+00 0.000000000000000000e+00 0.000000000000000000e+00 0.000000000000000000e+00 0.000000000000000000e+00 0.000000000000000000e+00 0.000000000000000000e+00 0.000000000000000000e+00 0.000000000000000000e+00 0.000000000000000000e+00 0.000000000000000000e+00 0.000000000000000000e+00 0.000000000000000000e+00 0.000000000000000000e+00 0.000000000000000000e+00 0.000000000000000000e+00 0.000000000000000000e+00 0.000000000000000000e+00 0.000000000000000000e+00 0.000000000000000000e+00 0.000000000000000000e+00 0.000000000000000000e+00 0.000000000000000000e+00 0.000000000000000000e+00 0.000000000000000000e+00 0.000000000000000000e+00 0.000000000000000000e+00 0.000000000000000000e+00 0.000000000000000000e+00 0.000000000000000000e+00 0.000000000000000000e+00 0.000000000000000000e+00 0.000000000000000000e+00 0.000000000000000000e+00 0.000000000000000000e+00 0.000000000000000000e+00 0.000000000000000000e+00 0.000000000000000000e+00 0.000000000000000000e+00 0.000000000000000000e+00 0.000000000000000000e+00 0.000000000000000000e+00 0.000000000000000000e+00 0.000000000000000000e+00 0.000000000000000000e+00 0.000000000000000000e+00 0.000000000000000000e+00 0.000000000000000000e+00 0.000000000000000000e+00 0.000000000000000000e+00 0.000000000000000000e+00 0.000000000000000000e+00 0.000000000000000000e+00 0.000000000000000000e+00 0.000000000000000000e+00 0.000000000000000000e+00 0.000000000000000000e+00 0.000000000000000000e+00 0.000000000000000000e+00 0.000000000000000000e+00 0.000000000000000000e+00 0.000000000000000000e+00 0.000000000000000000e+00 0.000000000000000000e+00 0.000000000000000000e+00 0.000000000000000000e+00 0.000000000000000000e+00 0.000000000000000000e+00 0.000000000000000000e+00 0.000000000000000000e+00 0.000000000000000000e+00 0.000000000000000000e+00 0.000000000000000000e+00 0.000000000000000000e+00 0.000000000000000000e+00 0.000000000000000000e+00 0.000000000000000000e+00 0.000000000000000000e+00 0.000000000000000000e+00 0.000000000000000000e+00 0.000000000000000000e+00 0.000000000000000000e+00 0.000000000000000000e+00 0.000000000000000000e+00 0.000000000000000000e+00 0.000000000000000000e+00 0.000000000000000000e+00 0.000000000000000000e+00 0.000000000000000000e+00 0.000000000000000000e+00 0.000000000000000000e+00 0.000000000000000000e+00 0.000000000000000000e+00 0.000000000000000000e+00 0.000000000000000000e+00
0.000000000000000000e+00 0.000000000000000000e+00 0.000000000000000000e+00 0.000000000000000000e+00 0.000000000000000000e+00 0.000000000000000000e+00 0.000000000000000000e+00 0.000000000000000000e+00 0.000000000000000000e+00 0.000000000000000000e+00 0.000000000000000000e+00 0.000000000000000000e+00 0.000000000000000000e+00 0.000000000000000000e+00 0.000000000000000000e+00 0.000000000000000000e+00 0.000000000000000000e+00 0.000000000000000000e+00 0.000000000000000000e+00 0.000000000000000000e+00 0.000000000000000000e+00 0.000000000000000000e+00 0.000000000000000000e+00 0.000000000000000000e+00 0.000000000000000000e+00 0.000000000000000000e+00 0.000000000000000000e+00 0.000000000000000000e+00 0.000000000000000000e+00 0.000000000000000000e+00 0.000000000000000000e+00 0.000000000000000000e+00 0.000000000000000000e+00 0.000000000000000000e+00 0.000000000000000000e+00 0.000000000000000000e+00 0.000000000000000000e+00 0.000000000000000000e+00 0.000000000000000000e+00 0.000000000000000000e+00 0.000000000000000000e+00 0.000000000000000000e+00 0.000000000000000000e+00 0.000000000000000000e+00 0.000000000000000000e+00 0.000000000000000000e+00 0.000000000000000000e+00 0.000000000000000000e+00 0.000000000000000000e+00 0.000000000000000000e+00 0.000000000000000000e+00 0.000000000000000000e+00 0.000000000000000000e+00 0.000000000000000000e+00 0.000000000000000000e+00 0.000000000000000000e+00 0.000000000000000000e+00 0.000000000000000000e+00 0.000000000000000000e+00 0.000000000000000000e+00 0.000000000000000000e+00 0.000000000000000000e+00 0.000000000000000000e+00 0.000000000000000000e+00 0.000000000000000000e+00 0.000000000000000000e+00 0.000000000000000000e+00 0.000000000000000000e+00 0.000000000000000000e+00 0.000000000000000000e+00 0.000000000000000000e+00 0.000000000000000000e+00 0.000000000000000000e+00 0.000000000000000000e+00 0.000000000000000000e+00 0.000000000000000000e+00 0.000000000000000000e+00 0.000000000000000000e+00 0.000000000000000000e+00 0.000000000000000000e+00 2.512048436635429880e+02 0.000000000000000000e+00 6.273199417308243397e+01 0.000000000000000000e+00 1.330816502779477446e+02 1.112875485521022227e+02 0.000000000000000000e+00 0.000000000000000000e+00 0.000000000000000000e+00 0.000000000000000000e+00 1.292284464247919118e+02 1.348526587218455575e+02 1.758793899685321378e+02 0.000000000000000000e+00 1.922368796544515419e+02 5.664727750931788819e+00 1.297180055751273642e+02 0.000000000000000000e+00 2.561332295523417883e+02 1.535135198689302740e+02
0.000000000000000000e+00 0.000000000000000000e+00 0.000000000000000000e+00 0.000000000000000000e+00 0.000000000000000000e+00 0.000000000000000000e+00 0.000000000000000000e+00 0.000000000000000000e+00 0.000000000000000000e+00 0.000000000000000000e+00 0.000000000000000000e+00 0.000000000000000000e+00 0.000000000000000000e+00 0.000000000000000000e+00 0.000000000000000000e+00 0.000000000000000000e+00 0.000000000000000000e+00 0.000000000000000000e+00 0.000000000000000000e+00 0.000000000000000000e+00 0.000000000000000000e+00 0.000000000000000000e+00 0.000000000000000000e+00 0.000000000000000000e+00 0.000000000000000000e+00 0.000000000000000000e+00 0.000000000000000000e+00 0.000000000000000000e+00 0.000000000000000000e+00 0.000000000000000000e+00 0.000000000000000000e+00 0.000000000000000000e+00 0.000000000000000000e+00 0.000000000000000000e+00 0.000000000000000000e+00 0.000000000000000000e+00 0.000000000000000000e+00 0.000000000000000000e+00 0.000000000000000000e+00 0.000000000000000000e+00 0.000000000000000000e+00 0.000000000000000000e+00 0.000000000000000000e+00 0.000000000000000000e+00 0.000000000000000000e+00 0.000000000000000000e+00 0.000000000000000000e+00 0.000000000000000000e+00 0.000000000000000000e+00 0.000000000000000000e+00 0.000000000000000000e+00 0.000000000000000000e+00 0.000000000000000000e+00 0.000000000000000000e+00 0.000000000000000000e+00 0.000000000000000000e+00 0.000000000000000000e+00 0.000000000000000000e+00 0.000000000000000000e+00 0.000000000000000000e+00 0.000000000000000000e+00 0.000000000000000000e+00 0.000000000000000000e+00 0.000000000000000000e+00 0.000000000000000000e+00 0.000000000000000000e+00 0.000000000000000000e+00 0.000000000000000000e+00 3.340209368616925758e+02 4.312018143103994134e+02 6.096220745647896138e+02 2.557156840940977531e+02 5.929354875154081128e+02 5.153018002567000622e+02 9.501189350925561712e+02 6.680315045455366771e+02 1.955118778093254264e+02 4.464961531837775510e+02 5.206405872898185407e+02 6.012343027245907479e+02 1.178469589838440470e+02 5.206579519417180109e+02 7.735242951122875184e+02 8.673595994994720968e+02 7.258653707357549365e+02 1.174492861293665783e+03 6.711308964564163944e+02 9.035679747337882191e+02 5.795799368332443464e+02 8.738730308136488247e+02 7.117267734795102569e+02 4.692714817751675014e+02 3.916931629493730043e+02 7.512274867139541357e+02 7.235164790799676666e+02 0.000000000000000000e+00 8.450629895543032717e+02 5.963665442775665042e+02 4.113365285042489745e+02 6.779109992104769162e+02
0.000000000000000000e+00 0.000000000000000000e+00 0.000000000000000000e+00 0.000000000000000000e+00 0.000000000000000000e+00 0.000000000000000000e+00 0.000000000000000000e+00 0.000000000000000000e+00 0.000000000000000000e+00 0.000000000000000000e+00 0.000000000000000000e+00 0.000000000000000000e+00 0.000000000000000000e+00 0.000000000000000000e+00 0.000000000000000000e+00 0.000000000000000000e+00 0.000000000000000000e+00 0.000000000000000000e+00 0.000000000000000000e+00 0.000000000000000000e+00 0.000000000000000000e+00 0.000000000000000000e+00 0.000000000000000000e+00 0.000000000000000000e+00 0.000000000000000000e+00 0.000000000000000000e+00 0.000000000000000000e+00 0.000000000000000000e+00 0.000000000000000000e+00 0.000000000000000000e+00 0.000000000000000000e+00 0.000000000000000000e+00 0.000000000000000000e+00 0.000000000000000000e+00 0.000000000000000000e+00 0.000000000000000000e+00 0.000000000000000000e+00 0.000000000000000000e+00 0.000000000000000000e+00 0.000000000000000000e+00 0.000000000000000000e+00 0.000000000000000000e+00 0.000000000000000000e+00 0.000000000000000000e+00 0.000000000000000000e+00 0.000000000000000000e+00 0.000000000000000000e+00 0.000000000000000000e+00 0.000000000000000000e+00 0.000000000000000000e+00 0.000000000000000000e+00 0.000000000000000000e+00 0.000000000000000000e+00 0.000000000000000000e+00 0.000000000000000000e+00 0.000000000000000000e+00 0.000000000000000000e+00 0.000000000000000000e+00 0.000000000000000000e+00 0.000000000000000000e+00 0.000000000000000000e+00 0.000000000000000000e+00 0.000000000000000000e+00 0.000000000000000000e+00 0.000000000000000000e+00 0.000000000000000000e+00 0.000000000000000000e+00 0.000000000000000000e+00 0.000000000000000000e+00 0.000000000000000000e+00 0.000000000000000000e+00 0.000000000000000000e+00 0.000000000000000000e+00 0.000000000000000000e+00 0.000000000000000000e+00 0.000000000000000000e+00 0.000000000000000000e+00 2.045122621652125758e+02 3.576757354584963196e+02 1.010306951947422789e+02 1.698369004171901224e+02 2.523786693252974089e+02 4.035200040982495580e+02 8.134259085457975402e+01 1.702599157407824748e+02 6.392238447241658861e+01 1.723610510239336122e+02 3.411178204796893851e+02 1.497495083099234705e+02 2.434475823338116811e+02 3.293186635472696366e+02 2.852321441993567532e+02 3.070281312302656147e+02 2.682784888037623432e+02 1.575320476114912367e+02 2.541234199348587595e+02 2.351455422607047865e+02 3.052452528064623039e+02 2.274335034458486291e+02 3.517081743801002744e+02
0.000000000000000000e+00 0.000000000000000000e+00 0.000000000000000000e+00 0.000000000000000000e+00 0.000000000000000000e+00 0.000000000000000000e+00 0.000000000000000000e+00 0.000000000000000000e+00 0.000000000000000000e+00 0.000000000000000000e+00 0.000000000000000000e+00 0.000000000000000000e+00 0.000000000000000000e+00 0.000000000000000000e+00 0.000000000000000000e+00 0.000000000000000000e+00 1.717153092330857760e+02 2.766968968512408082e+02 2.885976866105633007e+02 3.818430145461427401e+02 0.000000000000000000e+00 1.488354578405842119e+02 1.064168877275461824e+02 2.720357777618194746e+02 2.767727307667501009e+02 3.209105006444117976e+02 1.046001482325389844e+02 2.958466845791989499e+02 4.441431436248255409e+02 2.407954790492151176e+02 3.878030840175765093e+02 3.762723846035215729e+02 2.623107788854928231e+02 3.337511645911124560e+02 4.134069407568609904e+02 4.087937977199731563e+02 3.511050752129882540e+02 5.859349529088074178e+02 4.033853040128012708e+02 3.681628441000424345e+02 3.902288018546959165e+02 5.089968439918985155e+02 5.799704926611076417e+02 5.620561751091468068e+02 5.162767014276239479e+02 1.740592271564362079e+02 6.540239359911956853e+02 6.221990438690750125e+02 7.032987652601959780e+02 5.293375987737002788e+02 5.539042152417420084e+02 5.210574381619866244e+02 5.908458253058333867e+02 7.395125483432464080e+02 8.367371847147397830e+02 1.075408173023999097e+03 8.209751413457738636e+02 7.772805173845850959e+02 1.042043036278400905e+03 7.207416077064423234e+02 7.041575217165584490e+02 1.010744987694908218e+03 6.469335517143383640e+02 1.017105610072370155e+03 1.152548307262434719e+03 7.353905272753650024e+02 1.889761949340718559e+02 8.092652139174715558e+02 8.212333785261636194e+02 5.422473740349605578e+02 9.870276515446209942e+02 7.540141164374799700e+02 3.246826735898113157e+02 1.190898389048732724e+03 6.886338205982345926e+02 8.840153766950550107e+02 8.545686976837860129e+02 6.900154019166426451e+02 9.659751444881080715e+02 8.875987462610167995e+02 6.966982626200664299e+02 9.404887968288915090e+02 4.785667303236293719e+02 5.304672934129846453e+02 6.702288772101788936e+02 5.844849548619156394e+02 1.004852516332654318e+03 8.248526185016205545e+02 3.493694534489968646e+02 0.000000000000000000e+00 1.186145634210573689e+03 9.946623432385880506e+02 7.390939610058884455e+02 6.029144568290863617e+02 5.461896461490375714e+02 1.093823435976612245e+03 8.655635983601619046e+02 9.275827921777578240e+02 7.305066941220110266e+02 7.111815730231600128e+02
0.000000000000000000e+00 0.000000000000000000e+00 0.000000000000000000e+00 0.000000000000000000e+00 0.000000000000000000e+00 0.000000000000000000e+00 0.000000000000000000e+00 0.000000000000000000e+00 0.000000000000000000e+00 0.000000000000000000e+00 0.000000000000000000e+00 0.000000000000000000e+00 0.000000000000000000e+00 0.000000000000000000e+00 0.000000000000000000e+00 0.000000000000000000e+00 0.000000000000000000e+00 0.000000000000000000e+00 0.000000000000000000e+00 0.000000000000000000e+00 0.000000000000000000e+00 0.000000000000000000e+00 0.000000000000000000e+00 0.000000000000000000e+00 0.000000000000000000e+00 0.000000000000000000e+00 0.000000000000000000e+00 0.000000000000000000e+00 0.000000000000000000e+00 0.000000000000000000e+00 0.000000000000000000e+00 0.000000000000000000e+00 0.000000000000000000e+00 0.000000000000000000e+00 0.000000000000000000e+00 0.000000000000000000e+00 0.000000000000000000e+00 0.000000000000000000e+00 0.000000000000000000e+00 0.000000000000000000e+00 0.000000000000000000e+00 0.000000000000000000e+00 0.000000000000000000e+00 0.000000000000000000e+00 0.000000000000000000e+00 0.000000000000000000e+00 0.000000000000000000e+00 0.000000000000000000e+00 0.000000000000000000e+00 0.000000000000000000e+00 0.000000000000000000e+00 0.000000000000000000e+00 0.000000000000000000e+00 0.000000000000000000e+00 0.000000000000000000e+00 0.000000000000000000e+00 0.000000000000000000e+00 0.000000000000000000e+00 0.000000000000000000e+00 0.000000000000000000e+00 0.000000000000000000e+00 0.000000000000000000e+00 0.000000000000000000e+00 0.000000000000000000e+00 1.962332550625179692e+02 1.853048237929484117e+02 3.010891722142124536e+02 4.264243024399609112e+02 2.792333267475417529e+02 5.087371680260656603e+01 1.026726024130971155e+03 7.968134189467352826e+02 4.512035118605425055e+02 1.050453878298980271e+03 5.581492772716534319e+02 5.349290166853096480e+02 8.369434767793047740e+02 7.148129682549464405e+02 3.368670281146510774e+02 1.131438050335033495e+03 7.949186873580541715e+02 6.822452659378601538e+02 3.240707184502305722e+02 7.983241932752748653e+02 4.595961954165642851e+02 3.756049121911539146e+02 8.759320816225895214e+02 9.445543083581630981e+02 6.333779106290023719e+02 6.091895955059120524e+02 2.607462485560017740e+02 2.537260174728180289e+02 8.349859347640389160e+02 7.159311029973948735e+02 8.290915780967217188e+02 6.153152493365295186e+02 8.427193569073770050e+02 8.847791236988821595e+01 7.888389754350334897e+02 9.363627570844275851e+02
0.000000000000000000e+00 0.000000000000000000e+00 0.000000000000000000e+00 0.000000000000000000e+00 0.000000000000000000e+00 0.000000000000000000e+00 0.000000000000000000e+00 0.000000000000000000e+00 0.000000000000000000e+00 0.000000000000000000e+00 0.000000000000000000e+00 0.000000000000000000e+00 0.000000000000000000e+00 0.000000000000000000e+00 0.000000000000000000e+00 0.000000000000000000e+00 0.000000000000000000e+00 0.000000000000000000e+00 0.000000000000000000e+00 0.000000000000000000e+00 0.000000000000000000e+00 0.000000000000000000e+00 0.000000000000000000e+00 0.000000000000000000e+00 0.000000000000000000e+00 0.000000000000000000e+00 0.000000000000000000e+00 0.000000000000000000e+00 0.000000000000000000e+00 0.000000000000000000e+00 0.000000000000000000e+00 0.000000000000000000e+00 0.000000000000000000e+00 0.000000000000000000e+00 0.000000000000000000e+00 0.000000000000000000e+00 0.000000000000000000e+00 0.000000000000000000e+00 0.000000000000000000e+00 0.000000000000000000e+00 0.000000000000000000e+00 0.000000000000000000e+00 0.000000000000000000e+00 0.000000000000000000e+00 0.000000000000000000e+00 0.000000000000000000e+00 0.000000000000000000e+00 0.000000000000000000e+00 0.000000000000000000e+00 0.000000000000000000e+00 0.000000000000000000e+00 0.000000000000000000e+00 0.000000000000000000e+00 0.000000000000000000e+00 0.000000000000000000e+00 0.000000000000000000e+00 0.000000000000000000e+00 0.000000000000000000e+00 0.000000000000000000e+00 0.000000000000000000e+00 0.000000000000000000e+00 0.000000000000000000e+00 0.000000000000000000e+00 0.000000000000000000e+00 0.000000000000000000e+00 0.000000000000000000e+00 0.000000000000000000e+00 0.000000000000000000e+00 0.000000000000000000e+00 0.000000000000000000e+00 0.000000000000000000e+00 0.000000000000000000e+00 0.000000000000000000e+00 0.000000000000000000e+00 0.000000000000000000e+00 0.000000000000000000e+00 0.000000000000000000e+00 0.000000000000000000e+00 0.000000000000000000e+00 0.000000000000000000e+00 0.000000000000000000e+00 0.000000000000000000e+00 0.000000000000000000e+00 0.000000000000000000e+00 0.000000000000000000e+00 0.000000000000000000e+00 0.000000000000000000e+00 0.000000000000000000e+00 0.000000000000000000e+00 0.000000000000000000e+00 0.000000000000000000e+00 0.000000000000000000e+00 0.000000000000000000e+00 0.000000000000000000e+00 0.000000000000000000e+00 0.000000000000000000e+00 0.000000000000000000e+00 0.000000000000000000e+00 0.000000000000000000e+00 0.000000000000000000e+00
0.000000000000000000e+00 0.000000000000000000e+00 0.000000000000000000e+00 0.000000000000000000e+00 0.000000000000000000e+00 0.000000000000000000e+00 0.000000000000000000e+00 0.000000000000000000e+00 0.000000000000000000e+00 0.000000000000000000e+00 0.000000000000000000e+00 0.000000000000000000e+00 0.000000000000000000e+00 0.000000000000000000e+00 0.000000000000000000e+00 0.000000000000000000e+00 0.000000000000000000e+00 0.000000000000000000e+00 0.000000000000000000e+00 0.000000000000000000e+00 0.000000000000000000e+00 0.000000000000000000e+00 2.378540558573288592e+02 2.176077151685687170e+02 0.000000000000000000e+00 1.229267026205917404e+02 0.000000000000000000e+00 0.000000000000000000e+00 5.304683352920985726e+02 6.971208686340069107e+02 2.676900503641825253e+02 7.247962539249540441e+02 2.240327604045774592e+02 0.000000000000000000e+00 6.687058483987273121e+02 6.731565079071278888e+02 4.545030437878857015e+02 5.929308734793319218e+02 2.261707211530781194e+02 8.336457805437338493e+02 1.199307444990831073e+03 5.968619329896110912e+02 8.982258139968721480e+02 8.661705673639829683e+02 7.490696062290602413e+02 1.146526444436884731e+03 2.638811883899841177e+02 7.479715648695239452e+02 9.563727896674823796e+02 5.664142066029867237e+02 6.028746669695910896e+02 8.780757727062169806e+02 1.031464887247610704e+03 0.000000000000000000e+00 7.218478848723079864e+02 6.701759398285312272e+02 3.509643719193119296e+02 8.038626241919454287e+02 9.109489440568594318e+02 5.727431260874095642e+02 7.271280289952976545e+02 6.077295259609187497e+02 1.180891983585053367e+03 4.885622208632576644e+02 1.111916807896301634e+03 6.089614239799539064e+02 1.010341333958183668e+03 1.055912729496660404e+03 5.349240057429043418e+02 7.597684643971967944e+02 1.014077413234277969e+03 1.063216401312133712e+03 9.746517152960395833e+02 8.012320282690585600e+02 4.169160640326300040e+02 4.746811662013267323e+02 9.036914126021474658e+02 5.636966385807294273e+02 2.239771935184993481e+02 8.596244905042353821e+02 7.408288385705127439e+02 9.160006685874351433e+02 5.387024051563420244e+02 0.000000000000000000e+00 8.053601517717503384e+02 6.191463876784501963e+02 0.000000000000000000e+00 7.437653996598671711e+02 7.965463009872312341e+02 5.609964352103714873e+02 4.326938844281788192e+02 0.000000000000000000e+00 1.022421971897892831e+03 9.271819167853371937e+02 4.918851206507283109e+02 2.726528678770333158e+02 5.860111093107091165e+02 8.151950937012458098e+02 8.618150165347000211e+02 1.148896967487609572e+03
0.000000000000000000e+00 0.000000000000000000e+00 0.000000000000000000e+00 0.000000000000000000e+00 0.000000000000000000e+00 0.000000000000000000e+00 0.000000000000000000e+00 0.000000000000000000e+00 0.000000000000000000e+00 0.000000000000000000e+00 0.000000000000000000e+00 0.000000000000000000e+00 0.000000000000000000e+00 0.000000000000000000e+00 0.000000000000000000e+00 0.000000000000000000e+00 0.000000000000000000e+00 0.000000000000000000e+00 0.000000000000000000e+00 0.000000000000000000e+00 0.000000000000000000e+00 0.000000000000000000e+00 0.000000000000000000e+00 0.000000000000000000e+00 0.000000000000000000e+00 0.000000000000000000e+00 0.000000000000000000e+00 0.000000000000000000e+00 0.000000000000000000e+00 0.000000000000000000e+00 0.000000000000000000e+00 0.000000000000000000e+00 0.000000000000000000e+00 0.000000000000000000e+00 0.000000000000000000e+00 0.000000000000000000e+00 0.000000000000000000e+00 0.000000000000000000e+00 0.000000000000000000e+00 0.000000000000000000e+00 0.000000000000000000e+00 0.000000000000000000e+00 0.000000000000000000e+00 0.000000000000000000e+00 0.000000000000000000e+00 0.000000000000000000e+00 0.000000000000000000e+00 0.000000000000000000e+00 0.000000000000000000e+00 0.000000000000000000e+00 0.000000000000000000e+00 0.000000000000000000e+00 0.000000000000000000e+00 0.000000000000000000e+00 0.000000000000000000e+00 0.000000000000000000e+00 0.000000000000000000e+00 0.000000000000000000e+00 0.000000000000000000e+00 0.000000000000000000e+00 0.000000000000000000e+00 0.000000000000000000e+00 0.000000000000000000e+00 0.000000000000000000e+00 0.000000000000000000e+00 0.000000000000000000e+00 0.000000000000000000e+00 0.000000000000000000e+00 0.000000000000000000e+00 0.000000000000000000e+00 0.000000000000000000e+00 0.000000000000000000e+00 0.000000000000000000e+00 0.000000000000000000e+00 0.000000000000000000e+00 0.000000000000000000e+00 0.000000000000000000e+00 0.000000000000000000e+00 0.000000000000000000e+00 0.000000000000000000e+00 0.000000000000000000e+00 0.000000000000000000e+00 0.000000000000000000e+00 0.000000000000000000e+00 0.000000000000000000e+00 0.000000000000000000e+00 0.000000000000000000e+00 0.000000000000000000e+00 0.000000000000000000e+00 0.000000000000000000e+00 0.000000000000000000e+00 0.000000000000000000e+00 0.000000000000000000e+00 0.000000000000000000e+00 0.000000000000000000e+00 0.000000000000000000e+00 0.000000000000000000e+00 0.000000000000000000e+00 0.000000000000000000e+00 0.000000000000000000e+00
0.000000000000000000e+00 0.000000000000000000e+00 0.000000000000000000e+00 0.000000000000000000e+00 0.000000000000000000e+00 0.000000000000000000e+00 0.000000000000000000e+00 0.000000000000000000e+00 0.000000000000000000e+00 0.000000000000000000e+00 0.000000000000000000e+00 0.000000000000000000e+00 0.000000000000000000e+00 0.000000000000000000e+00 0.000000000000000000e+00 0.000000000000000000e+00 0.000000000000000000e+00 0.000000000000000000e+00 0.000000000000000000e+00 0.000000000000000000e+00 0.000000000000000000e+00 0.000000000000000000e+00 0.000000000000000000e+00 0.000000000000000000e+00 0.000000000000000000e+00 0.000000000000000000e+00 0.000000000000000000e+00 0.000000000000000000e+00 0.000000000000000000e+00 0.000000000000000000e+00 0.000000000000000000e+00 0.000000000000000000e+00 0.000000000000000000e+00 0.000000000000000000e+00 0.000000000000000000e+00 0.000000000000000000e+00 0.000000000000000000e+00 0.000000000000000000e+00 0.000000000000000000e+00 0.000000000000000000e+00 0.000000000000000000e+00 0.000000000000000000e+00 0.000000000000000000e+00 0.000000000000000000e+00 0.000000000000000000e+00 0.000000000000000000e+00 0.000000000000000000e+00 0.000000000000000000e+00 0.000000000000000000e+00 0.000000000000000000e+00 0.000000000000000000e+00 0.000000000000000000e+00 0.000000000000000000e+00 0.000000000000000000e+00 0.000000000000000000e+00 0.000000000000000000e+00 0.000000000000000000e+00 8.211857993799592350e+02 1.344258231748353182e+03 1.197266949552777305e+03 1.213455369545810299e+03 8.345708699703519642e+02 1.537341849039388308e+03 1.095005423024759466e+03 9.364933392667111320e+02 2.433959597043792940e+02 0.000000000000000000e+00 0.000000000000000000e+00 7.657489497379351633e+02 6.896055961318165828e+02 1.945013666986849557e+03 1.070088040588349713e+03 9.302805644968498200e+02 1.323054900286771044e+03 2.879902958937675521e+02 3.051910998991817223e+02 4.542014942043297054e+01 1.391093575491942374e+03 1.496751429478319778e+03 0.000000000000000000e+00 6.234953399400113767e+02 8.297157132992775814e+02 9.928778523828226525e+02 8.727398632439847006e+02 1.051092302129384962e+03 1.119956542499145144e+03 1.100188622776859120e+03 9.686679554780859007e+02 8.322563107120342920e+02 1.024337441842270891e+03 1.182372444192705643e+03 1.305701957124072578e+03 6.358291545044139639e+02 6.856876345303987819e+02 0.000000000000000000e+00 6.135475773864609437e+02 1.083838860361035131e+03 2.079827466098408877e+03 1.160158390763995840e+03 5.858972964208312533e+02
0.000000000000000000e+00 0.000000000000000000e+00 0.000000000000000000e+00 0.000000000000000000e+00 0.000000000000000000e+00 0.000000000000000000e+00 0.000000000000000000e+00 0.000000000000000000e+00 0.000000000000000000e+00 0.000000000000000000e+00 0.000000000000000000e+00 0.000000000000000000e+00 0.000000000000000000e+00 0.000000000000000000e+00 0.000000000000000000e+00 0.000000000000000000e+00 0.000000000000000000e+00 0.000000000000000000e+00 0.000000000000000000e+00 0.000000000000000000e+00 0.000000000000000000e+00 0.000000000000000000e+00 0.000000000000000000e+00 0.000000000000000000e+00 0.000000000000000000e+00 0.000000000000000000e+00 0.000000000000000000e+00 0.000000000000000000e+00 0.000000000000000000e+00 0.000000000000000000e+00 0.000000000000000000e+00 0.000000000000000000e+00 0.000000000000000000e+00 0.000000000000000000e+00 0.000000000000000000e+00 0.000000000000000000e+00 0.000000000000000000e+00 0.000000000000000000e+00 0.000000000000000000e+00 0.000000000000000000e+00 0.000000000000000000e+00 0.000000000000000000e+00 4.052736602935707424e+02 6.203129449930524970e+02 1.337042276231617507e+03 8.214359992071841816e+02 6.976731637909904293e+02 5.153977523617670613e+02 6.050057562772688016e+02 5.418860900488706420e+02 0.000000000000000000e+00 2.790962452241187179e+02 5.043842963145043541e+02 7.276110639978480776e+02 4.527932209352877067e+02 4.850223621536266592e+02 5.587429499134486832e+02 5.461854662292589779e+01 7.053357381545787348e+02 4.897925312569762468e+02 4.522181036643793277e+02 7.395338820584371433e+02 6.909003541907276258e+02 9.826866870229335973e+02 4.177620698731691391e+02 8.193647931419139923e+02 7.575987263357202437e+02 8.393836568907918263e+02 5.266604159704318135e+02 6.595880665926773645e+02 8.853926416571337086e+02 5.198236548378881707e+02 5.258864486286296369e+02 0.000000000000000000e+00 8.320470914632920767e+02 7.835547630221702775e+02 4.015081603358297571e+02 1.408799417994528085e+02 1.143611762808923459e+03 5.710449127449385287e+02 6.030616594639021741e+02 8.620039439473656557e+02 0.000000000000000000e+00 9.719120693592244606e+02 8.244159719262871704e+02 5.823524267687949987e+02 8.377167495350309991e+02 8.459120714188932197e+02 1.144132503912741186e+03 6.157741722795852866e+02 6.342397431094155991e+02 2.703155113114362962e+02 8.638019296183214237e+02 5.390508393000264959e+02 9.349471906615879107e+02 7.580133446097869410e+02 6.698689823962408809e+02 1.242124310605150413e+03 8.023444574830258489e+02 7.504928627120268629e+02
0.000000000000000000e+00 0.000000000000000000e+00 0.000000000000000000e+00 0.000000000000000000e+00 0.000000000000000000e+00 0.000000000000000000e+00 0.000000000000000000e+00 0.000000000000000000e+00 0.000000000000000000e+00 0.000000000000000000e+00 0.000000000000000000e+00 0.000000000000000000e+00 0.000000000000000000e+00 0.000000000000000000e+00 0.000000000000000000e+00 0.000000000000000000e+00 0.000000000000000000e+00 0.000000000000000000e+00 0.000000000000000000e+00 0.000000000000000000e+00 0.000000000000000000e+00 0.000000000000000000e+00 0.000000000000000000e+00 0.000000000000000000e+00 0.000000000000000000e+00 0.000000000000000000e+00 0.000000000000000000e+00 0.000000000000000000e+00 0.000000000000000000e+00 0.000000000000000000e+00 0.000000000000000000e+00 0.000000000000000000e+00 0.000000000000000000e+00 0.000000000000000000e+00 0.000000000000000000e+00 0.000000000000000000e+00 1.901645448868078461e+02 2.701998627297862186e+02 2.578043788444952042e+02 1.655527803238277045e+02 3.233841697274191347e+02 0.000000000000000000e+00 1.230304812223362774e+02 3.206940626618084593e+02 0.000000000000000000e+00 0.000000000000000000e+00 3.541274921026624725e+02 0.000000000000000000e+00 2.790819565962700608e+02 2.706394364892969406e+02 3.793828402783258298e+02 3.160985075366301658e+02 2.747911511119264105e+02 2.311970436785895799e+02 6.284642102743813297e+01 2.106953929936169914e+02 3.551038816723205969e+02 3.667116057208721713e+02 2.525691099433427667e+02 1.477557237854790344e+02 3.698949433203628132e+02 3.152267275913432059e+02 3.354633688816852555e+02 8.422888747834679180e+01 3.722259493846937062e+02 3.701551898390437714e+02 2.482631972118466024e+02 4.170430740579514008e+02 2.761516963948905641e+02 3.266657416433692447e+02 1.537479178629266983e+02 2.912402393366151614e+02 3.615955327516863917e+02 2.901406599650535441e+02 3.565841438268084289e+02 3.456632909874606980e+02 3.612051257636965715e+02 4.256500870317030376e+02 3.896986590322070469e+02 3.131280605694263386e+02 3.731966086192250600e+02 3.380442026735574927e+02 3.508323013382941440e+02 3.507501913414554906e+02 2.747348648331267214e+02 3.033670920570223188e+02 3.734707964727166996e+02 3.384931037318027620e+02 1.810283069364533901e+02 4.005699233870591343e+02 3.584702675094765141e+02 2.077481774499900098e+02 3.331262603825439328e+02 2.433149908132369035e+02 3.245975867955041849e+02 3.145575931337223210e+02 2.247050701128313790e+02 3.917410149686786554e+02 3.955987460346511284e+02 3.651921490663828536e+02
0.000000000000000000e+00 0.000000000000000000e+00 0.000000000000000000e+00 0.000000000000000000e+00 0.000000000000000000e+00 0.000000000000000000e+00 0.000000000000000000e+00 0.000000000000000000e+00 0.000000000000000000e+00 0.000000000000000000e+00 0.000000000000000000e+00 0.000000000000000000e+00 0.000000000000000000e+00 1.216131783343066104e+02 1.157556471323388649e+02 0.000000000000000000e+00 0.000000000000000000e+00 1.697092330157611002e+02 2.116304546917545437e+00 3.025012160933811742e+02 0.000000000000000000e+00 1.097812146131197437e+02 0.000000000000000000e+00 0.000000000000000000e+00 0.000000000000000000e+00 0.000000000000000000e+00 0.000000000000000000e+00 0.000000000000000000e+00 7.530594326826960128e+01 0.000000000000000000e+00 0.000000000000000000e+00 7.435484407377067839e+01 0.000000000000000000e+00 0.000000000000000000e+00 0.000000000000000000e+00 0.000000000000000000e+00 2.269610608809568930e+02 4.267750187950377949e+02 0.000000000000000000e+00 0.000000000000000000e+00 0.000000000000000000e+00 0.000000000000000000e+00 1.332300436317509593e+02 0.000000000000000000e+00 0.000000000000000000e+00 0.000000000000000000e+00 0.000000000000000000e+00 0.000000000000000000e+00 1.670516722691390328e+02 0.000000000000000000e+00 8.555194371819241894e+01 0.000000000000000000e+00 0.000000000000000000e+00 0.000000000000000000e+00 2.691731652829109862e+02 0.000000000000000000e+00 0.000000000000000000e+00 0.000000000000000000e+00 0.000000000000000000e+00 2.546976689731721706e+02 1.813922328302966207e+02 3.164490998584792010e+02 2.161387648444610932e+02 0.000000000000000000e+00 1.683965025421342432e+02 1.666810113710233736e+02 2.151418849855616600e+02 0.000000000000000000e+00 0.000000000000000000e+00 0.000000000000000000e+00 3.634564280758091854e+02 3.279901188370914866e+01 0.000000000000000000e+00 0.000000000000000000e+00 1.445042919438972149e+02 4.191677508477490477e+01 1.026212228887913369e+02 0.000000000000000000e+00 3.473600655444885206e+02 2.493058453318237468e+02 0.000000000000000000e+00 0.000000000000000000e+00 0.000000000000000000e+00 3.981044901103812350e+01 0.000000000000000000e+00 1.125016850129088226e+02 0.000000000000000000e+00 0.000000000000000000e+00 1.597165084171139426e+02 0.000000000000000000e+00 0.000000000000000000e+00 0.000000000000000000e+00 0.000000000000000000e+00 0.000000000000000000e+00 3.911704869272008409e+02 3.967668165546331238e+02 0.000000000000000000e+00 0.000000000000000000e+00 0.000000000000000000e+00 2.202937787509513896e+02
0.000000000000000000e+00 0.000000000000000000e+00 0.000000000000000000e+00 0.000000000000000000e+00 0.000000000000000000e+00 0.000000000000000000e+00 0.000000000000000000e+00 0.000000000000000000e+00 0.000000000000000000e+00 0.000000000000000000e+00 0.000000000000000000e+00 0.000000000000000000e+00 0.000000000000000000e+00 0.000000000000000000e+00 0.000000000000000000e+00 0.000000000000000000e+00 0.000000000000000000e+00 0.000000000000000000e+00 0.000000000000000000e+00 0.000000000000000000e+00 0.000000000000000000e+00 0.000000000000000000e+00 0.000000000000000000e+00 0.000000000000000000e+00 0.000000000000000000e+00 0.000000000000000000e+00 0.000000000000000000e+00 0.000000000000000000e+00 0.000000000000000000e+00 0.000000000000000000e+00 0.000000000000000000e+00 0.000000000000000000e+00 0.000000000000000000e+00 0.000000000000000000e+00 0.000000000000000000e+00 0.000000000000000000e+00 0.000000000000000000e+00 0.000000000000000000e+00 0.000000000000000000e+00 0.000000000000000000e+00 0.000000000000000000e+00 0.000000000000000000e+00 0.000000000000000000e+00 0.000000000000000000e+00 0.000000000000000000e+00 0.000000000000000000e+00 0.000000000000000000e+00 0.000000000000000000e+00 0.000000000000000000e+00 0.000000000000000000e+00 0.000000000000000000e+00 0.000000000000000000e+00 0.000000000000000000e+00 0.000000000000000000e+00 0.000000000000000000e+00 0.000000000000000000e+00 0.000000000000000000e+00 0.000000000000000000e+00 0.000000000000000000e+00 0.000000000000000000e+00 0.000000000000000000e+00 0.000000000000000000e+00 0.000000000000000000e+00 0.000000000000000000e+00 0.000000000000000000e+00 0.000000000000000000e+00 0.000000000000000000e+00 0.000000000000000000e+00 0.000000000000000000e+00 0.000000000000000000e+00 0.000000000000000000e+00 0.000000000000000000e+00 0.000000000000000000e+00 0.000000000000000000e+00 0.000000000000000000e+00 0.000000000000000000e+00 0.000000000000000000e+00 0.000000000000000000e+00 0.000000000000000000e+00 0.000000000000000000e+00 0.000000000000000000e+00 0.000000000000000000e+00 0.000000000000000000e+00 0.000000000000000000e+00 0.000000000000000000e+00 0.000000000000000000e+00 0.000000000000000000e+00 0.000000000000000000e+00 0.000000000000000000e+00 0.000000000000000000e+00 0.000000000000000000e+00 0.000000000000000000e+00 0.000000000000000000e+00 0.000000000000000000e+00 0.000000000000000000e+00 0.000000000000000000e+00 0.000000000000000000e+00 0.000000000000000000e+00 0.000000000000000000e+00 0.000000000000000000e+00
0.000000000000000000e+00 0.000000000000000000e+00 0.000000000000000000e+00 0.000000000000000000e+00 0.000000000000000000e+00 0.000000000000000000e+00 0.000000000000000000e+00 0.000000000000000000e+00 0.000000000000000000e+00 0.000000000000000000e+00 0.000000000000000000e+00 0.000000000000000000e+00 0.000000000000000000e+00 0.000000000000000000e+00 0.000000000000000000e+00 0.000000000000000000e+00 0.000000000000000000e+00 0.000000000000000000e+00 0.000000000000000000e+00 0.000000000000000000e+00 0.000000000000000000e+00 0.000000000000000000e+00 0.000000000000000000e+00 0.000000000000000000e+00 0.000000000000000000e+00 0.000000000000000000e+00 0.000000000000000000e+00 0.000000000000000000e+00 0.000000000000000000e+00 0.000000000000000000e+00 0.000000000000000000e+00 0.000000000000000000e+00 0.000000000000000000e+00 0.000000000000000000e+00 0.000000000000000000e+00 0.000000000000000000e+00 0.000000000000000000e+00 0.000000000000000000e+00 0.000000000000000000e+00 0.000000000000000000e+00 0.000000000000000000e+00 0.000000000000000000e+00 0.000000000000000000e+00 0.000000000000000000e+00 0.000000000000000000e+00 0.000000000000000000e+00 0.000000000000000000e+00 0.000000000000000000e+00 0.000000000000000000e+00 0.000000000000000000e+00 0.000000000000000000e+00 0.000000000000000000e+00 0.000000000000000000e+00 0.000000000000000000e+00 0.000000000000000000e+00 0.000000000000000000e+00 0.000000000000000000e+00 0.000000000000000000e+00 0.000000000000000000e+00 0.000000000000000000e+00 0.000000000000000000e+00 0.000000000000000000e+00 0.000000000000000000e+00 0.000000000000000000e+00 0.000000000000000000e+00 0.000000000000000000e+00 0.000000000000000000e+00 0.000000000000000000e+00 0.000000000000000000e+00 0.000000000000000000e+00 0.000000000000000000e+00 0.000000000000000000e+00 0.000000000000000000e+00 0.000000000000000000e+00 0.000000000000000000e+00 0.000000000000000000e+00 0.000000000000000000e+00 0.000000000000000000e+00 0.000000000000000000e+00 0.000000000000000000e+00 0.000000000000000000e+00 0.000000000000000000e+00 0.000000000000000000e+00 0.000000000000000000e+00 0.000000000000000000e+00 0.000000000000000000e+00 0.000000000000000000e+00 0.000000000000000000e+00 0.000000000000000000e+00 0.000000000000000000e+00 0.000000000000000000e+00 0.000000000000000000e+00 0.000000000000000000e+00 0.000000000000000000e+00 0.000000000000000000e+00 0.000000000000000000e+00 0.000000000000000000e+00 0.000000000000000000e+00 0.000000000000000000e+00 0.000000000000000000e+00
0.000000000000000000e+00 0.000000000000000000e+00 0.000000000000000000e+00 0.000000000000000000e+00 0.000000000000000000e+00 0.000000000000000000e+00 0.000000000000000000e+00 0.000000000000000000e+00 0.000000000000000000e+00 0.000000000000000000e+00 0.000000000000000000e+00 0.000000000000000000e+00 0.000000000000000000e+00 0.000000000000000000e+00 0.000000000000000000e+00 0.000000000000000000e+00 0.000000000000000000e+00 0.000000000000000000e+00 0.000000000000000000e+00 0.000000000000000000e+00 0.000000000000000000e+00 0.000000000000000000e+00 0.000000000000000000e+00 0.000000000000000000e+00 0.000000000000000000e+00 0.000000000000000000e+00 0.000000000000000000e+00 0.000000000000000000e+00 0.000000000000000000e+00 0.000000000000000000e+00 0.000000000000000000e+00 0.000000000000000000e+00 0.000000000000000000e+00 0.000000000000000000e+00 0.000000000000000000e+00 0.000000000000000000e+00 0.000000000000000000e+00 0.000000000000000000e+00 0.000000000000000000e+00 0.000000000000000000e+00 0.000000000000000000e+00 0.000000000000000000e+00 0.000000000000000000e+00 0.000000000000000000e+00 0.000000000000000000e+00 0.000000000000000000e+00 0.000000000000000000e+00 0.000000000000000000e+00 0.000000000000000000e+00 0.000000000000000000e+00 0.000000000000000000e+00 0.000000000000000000e+00 0.000000000000000000e+00 0.000000000000000000e+00 0.000000000000000000e+00 0.000000000000000000e+00 0.000000000000000000e+00 0.000000000000000000e+00 0.000000000000000000e+00 0.000000000000000000e+00 0.000000000000000000e+00 0.000000000000000000e+00 0.000000000000000000e+00 0.000000000000000000e+00 0.000000000000000000e+00 0.000000000000000000e+00 0.000000000000000000e+00 0.000000000000000000e+00 0.000000000000000000e+00 0.000000000000000000e+00 0.000000000000000000e+00 0.000000000000000000e+00 0.000000000000000000e+00 0.000000000000000000e+00 0.000000000000000000e+00 0.000000000000000000e+00 0.000000000000000000e+00 0.000000000000000000e+00 0.000000000000000000e+00 0.000000000000000000e+00 0.000000000000000000e+00 0.000000000000000000e+00 0.000000000000000000e+00 0.000000000000000000e+00 0.000000000000000000e+00 0.000000000000000000e+00 0.000000000000000000e+00 0.000000000000000000e+00 0.000000000000000000e+00 0.000000000000000000e+00 0.000000000000000000e+00 0.000000000000000000e+00 0.000000000000000000e+00 0.000000000000000000e+00 0.000000000000000000e+00 0.000000000000000000e+00 0.000000000000000000e+00 0.000000000000000000e+00 0.000000000000000000e+00 0.000000000000000000e+00
0.000000000000000000e+00 0.000000000000000000e+00 0.000000000000000000e+00 0.000000000000000000e+00 0.000000000000000000e+00 0.000000000000000000e+00 0.000000000000000000e+00 0.000000000000000000e+00 0.000000000000000000e+00 0.000000000000000000e+00 0.000000000000000000e+00 0.000000000000000000e+00 0.000000000000000000e+00 0.000000000000000000e+00 0.000000000000000000e+00 0.000000000000000000e+00 0.000000000000000000e+00 0.000000000000000000e+00 0.000000000000000000e+00 0.000000000000000000e+00 0.000000000000000000e+00 0.000000000000000000e+00 0.000000000000000000e+00 0.000000000000000000e+00 0.000000000000000000e+00 0.000000000000000000e+00 0.000000000000000000e+00 0.000000000000000000e+00 0.000000000000000000e+00 0.000000000000000000e+00 0.000000000000000000e+00 0.000000000000000000e+00 0.000000000000000000e+00 0.000000000000000000e+00 0.000000000000000000e+00 0.000000000000000000e+00 0.000000000000000000e+00 0.000000000000000000e+00 0.000000000000000000e+00 0.000000000000000000e+00 0.000000000000000000e+00 0.000000000000000000e+00 0.000000000000000000e+00 0.000000000000000000e+00 0.000000000000000000e+00 0.000000000000000000e+00 0.000000000000000000e+00 0.000000000000000000e+00 0.000000000000000000e+00 0.000000000000000000e+00 0.000000000000000000e+00 0.000000000000000000e+00 0.000000000000000000e+00 0.000000000000000000e+00 0.000000000000000000e+00 0.000000000000000000e+00 0.000000000000000000e+00 0.000000000000000000e+00 0.000000000000000000e+00 0.000000000000000000e+00 0.000000000000000000e+00 0.000000000000000000e+00 0.000000000000000000e+00 0.000000000000000000e+00 0.000000000000000000e+00 0.000000000000000000e+00 0.000000000000000000e+00 1.666860595233969775e+02 8.011027112256991245e+01 2.563421015080460847e+02 1.359842758761616039e+02 3.872348629941367335e+02 0.000000000000000000e+00 2.930298403613681444e+02 2.963071703409256656e+02 1.573250361542047244e+02 1.497146797795423652e+02 2.143820574317346939e+02 4.587970245228623867e+02 3.908082106752880236e+02 1.545518640359009339e+02 4.385221065784049301e+02 3.169763899167274985e+02 6.249573444033592295e+02 3.416164340556581465e+02 1.286910426971444849e+03 7.333974621436420875e+02 8.644237826094847605e+02 5.979857732605406682e+02 7.289617858491662901e+02 1.029717308680454380e+03 2.547671523874153650e+02 7.248541030224246242e+02 3.201405023659008862e+02 7.588369748560214703e+02 6.199003608639225149e+02 3.614194799880719415e+02 7.942258873605588860e+02 7.918906393598354043e+02 5.123215298578502370e+02
0.000000000000000000e+00 0.000000000000000000e+00 0.000000000000000000e+00 0.000000000000000000e+00 0.000000000000000000e+00 0.000000000000000000e+00 0.000000000000000000e+00 0.000000000000000000e+00 0.000000000000000000e+00 0.000000000000000000e+00 0.000000000000000000e+00 0.000000000000000000e+00 0.000000000000000000e+00 0.000000000000000000e+00 0.000000000000000000e+00 0.000000000000000000e+00 0.000000000000000000e+00 0.000000000000000000e+00 0.000000000000000000e+00 0.000000000000000000e+00 0.000000000000000000e+00 0.000000000000000000e+00 0.000000000000000000e+00 0.000000000000000000e+00 0.000000000000000000e+00 0.000000000000000000e+00 0.000000000000000000e+00 0.000000000000000000e+00 0.000000000000000000e+00 3.485661894587758525e+02 0.000000000000000000e+00 3.388617552916272189e+02 3.033787263737949615e+02 2.813223935976228063e+02 3.082608478686045714e+02 1.935484938290277341e+02 0.000000000000000000e+00 4.659119673788346176e+02 0.000000000000000000e+00 3.265827138006445125e+02 3.107861395810443241e+02 1.342100053583712622e+02 3.555932175628459504e+02 0.000000000000000000e+00 4.148268235360299627e+02 3.489370364067332986e+01 2.228334335111765085e+02 9.670725656815051252e+01 3.767044667560700191e+02 3.394237002337376339e+02 4.482625351882765017e+02 2.292584043272485417e+02 4.172330929630220453e+02 3.155334617638234249e+02 4.127205904872141105e+02 3.969581005986278797e+02 3.738318571989965449e+02 3.797693774296066067e+02 1.766273475424535491e+02 2.483321844931783744e+02 8.582907736084557371e+01 0.000000000000000000e+00 3.863209365580253234e+02 3.012121883695969586e+02 3.233821355824823627e+02 3.822240198154613608e+02 2.907565593612799262e+02 3.737525751597529506e+02 2.009973093277344276e+02 3.773852603371090595e+02 3.400876004891430853e+02 0.000000000000000000e+00 4.265437216317376965e+02 4.206527386682180349e+02 5.079859235716061221e+02 2.657714051691713735e+02 4.123921753065051234e+02 3.927414173712490992e+02 5.886221079835951286e+02 3.543739213197606546e+02 7.041769205133946343e+02 5.293594286218024081e+02 8.972013987613893278e+02 7.066802583445044093e+02 6.386319581608518092e+02 2.071704182713283444e+02 6.565098099438238251e+02 7.173913709955528475e+02 1.045234956977258889e+03 4.342732739383666853e+02 8.840112091785991879e+02 8.326966782842033581e+02 5.108521330141223871e+02 2.418511754647624059e+02 7.917166951610945489e+02 9.216913130813267117e+02 9.128545905695915508e+02 5.157686613263384743e+02 6.332279792631737791e+02 8.541536328900990611e+02
0.000000000000000000e+00 0.000000000000000000e+00 0.000000000000000000e+00 0.000000000000000000e+00 0.000000000000000000e+00 0.000000000000000000e+00 0.000000000000000000e+00 0.000000000000000000e+00 0.000000000000000000e+00 0.000000000000000000e+00 0.000000000000000000e+00 0.000000000000000000e+00 0.000000000000000000e+00 0.000000000000000000e+00 0.000000000000000000e+00 0.000000000000000000e+00 0.000000000000000000e+00 0.000000000000000000e+00 0.000000000000000000e+00 0.000000000000000000e+00 0.000000000000000000e+00 0.000000000000000000e+00 0.000000000000000000e+00 0.000000000000000000e+00 0.000000000000000000e+00 0.000000000000000000e+00 0.000000000000000000e+00 0.000000000000000000e+00 0.000000000000000000e+00 0.000000000000000000e+00 0.000000000000000000e+00 0.000000000000000000e+00 0.000000000000000000e+00 0.000000000000000000e+00 0.000000000000000000e+00 0.000000000000000000e+00 0.000000000000000000e+00 0.000000000000000000e+00 0.000000000000000000e+00 0.000000000000000000e+00 0.000000000000000000e+00 0.000000000000000000e+00 0.000000000000000000e+00 0.000000000000000000e+00 0.000000000000000000e+00 0.000000000000000000e+00 2.325063384318049202e+02 2.853892198791097030e+02 1.940535571328447872e+02 3.171324981373032159e+01 2.818515689609344577e+02 3.294031301754374681e+02 1.705403300623123357e+02 2.055733664294942287e+02 2.822975428350023890e+02 2.689478465211933553e+02 3.727155085350291870e+02 2.886063193232218396e+02 0.000000000000000000e+00 2.539832871940305381e+02 2.453960699234442302e+02 3.848687307196778988e+02 2.456355780864282110e+02 2.011496469381833663e+02 2.267911601654439551e+02 1.771779682508609994e+02 3.204196267418611228e+02 6.160130602764299965e+02 6.327659306827761156e+02 8.282689401163099774e+02 9.932475706284066064e+02 5.809037186674729583e+02 7.508296377322931221e+02 3.463253059378028524e+02 5.823022181181601127e+02 6.413630706115906150e+02 1.059528943061357722e+03 6.230921327229070812e+02 6.862802156797888529e+02 6.930082740914423312e+02 7.217719765368619846e+02 4.209929370055729692e+02 7.390623077261403751e+02 6.167417306834202009e+02 2.596875505363404386e+02 7.369605398735271820e+02 5.630438268958939716e+02 6.757184390350753347e+02 7.903153677528123353e+02 6.004073980011410185e+02 7.410638567306484674e+02 9.262203119764391204e+02 4.691876353131389124e+02 6.029366835835176062e+02 6.574570765115820450e+02 4.966794018135725537e+02 8.449983930492375066e+02 1.077655655112693921e+03 1.146468297659667314e+03 1.131456308026173474e+03
0.000000000000000000e+00 0.000000000000000000e+00 0.000000000000000000e+00 0.000000000000000000e+00 0.000000000000000000e+00 0.000000000000000000e+00 0.000000000000000000e+00 0.000000000000000000e+00 0.000000000000000000e+00 0.000000000000000000e+00 0.000000000000000000e+00 0.000000000000000000e+00 0.000000000000000000e+00 0.000000000000000000e+00 0.000000000000000000e+00 0.000000000000000000e+00 0.000000000000000000e+00 0.000000000000000000e+00 0.000000000000000000e+00 0.000000000000000000e+00 2.755231208027775551e+02 1.564373154584740632e+03 0.000000000000000000e+00 0.000000000000000000e+00 1.077925948322830891e+03 6.066769799893588697e+02 0.000000000000000000e+00 0.000000000000000000e+00 0.000000000000000000e+00 1.102358311225044645e+03 0.000000000000000000e+00 1.251951314408063354e+03 0.000000000000000000e+00 0.000000000000000000e+00 0.000000000000000000e+00 1.192575715195633165e+03 0.000000000000000000e+00 2.154137261303823379e+03 1.442785465078757852e+03 5.459494185933320978e+02 0.000000000000000000e+00 0.000000000000000000e+00 0.000000000000000000e+00 0.000000000000000000e+00 8.845384992368474286e+01 1.636965139197683584e+03 0.000000000000000000e+00 1.076586191008854939e+03 0.000000000000000000e+00 1.762161302594945482e+03 0.000000000000000000e+00 0.000000000000000000e+00 3.082130454625900597e+02 1.789883026699818402e+03 4.056465537897877311e+02 0.000000000000000000e+00 8.539749258154085965e+02 0.000000000000000000e+00 0.000000000000000000e+00 1.207563493543050072e+03 0.000000000000000000e+00 3.005203310246334354e+02 0.000000000000000000e+00 1.022514550299162295e+02 7.432600386763032247e+02 0.000000000000000000e+00 0.000000000000000000e+00 0.000000000000000000e+00 0.000000000000000000e+00 0.000000000000000000e+00 0.000000000000000000e+00 0.000000000000000000e+00 0.000000000000000000e+00 0.000000000000000000e+00 7.415093840850960305e+02 0.000000000000000000e+00 8.941798501043100487e+02 3.974795610951671279e+02 4.737254653740744743e+02 0.000000000000000000e+00 1.223765209898109106e+03 1.757811804587181996e+03 1.149800425519290172e+02 0.000000000000000000e+00 9.606321899385336565e+02 1.133481919476884968e+03 6.645914181643904612e+02 8.590872777877588078e+02 6.123138932889446551e+02 5.542346893740332234e+02 1.508005708440781746e+03 7.405040699667026729e+02 1.913033534876748035e+03 9.408642702162477462e+02 8.406548486364107475e+02 4.320627041382809352e+02 0.000000000000000000e+00 0.000000000000000000e+00 0.000000000000000000e+00 0.000000000000000000e+00
0.000000000000000000e+00 0.000000000000000000e+00 0.000000000000000000e+00 0.000000000000000000e+00 0.000000000000000000e+00 0.000000000000000000e+00 0.000000000000000000e+00 0.000000000000000000e+00 0.000000000000000000e+00 0.000000000000000000e+00 0.000000000000000000e+00 0.000000000000000000e+00 0.000000000000000000e+00 0.000000000000000000e+00 0.000000000000000000e+00 0.000000000000000000e+00 0.000000000000000000e+00 0.000000000000000000e+00 0.000000000000000000e+00 0.000000000000000000e+00 0.000000000000000000e+00 0.000000000000000000e+00 0.000000000000000000e+00 0.000000000000000000e+00 0.000000000000000000e+00 0.000000000000000000e+00 0.000000000000000000e+00 0.000000000000000000e+00 0.000000000000000000e+00 0.000000000000000000e+00 0.000000000000000000e+00 0.000000000000000000e+00 0.000000000000000000e+00 0.000000000000000000e+00 0.000000000000000000e+00 0.000000000000000000e+00 0.000000000000000000e+00 0.000000000000000000e+00 0.000000000000000000e+00 0.000000000000000000e+00 0.000000000000000000e+00 0.000000000000000000e+00 0.000000000000000000e+00 0.000000000000000000e+00 0.000000000000000000e+00 0.000000000000000000e+00 0.000000000000000000e+00 0.000000000000000000e+00 0.000000000000000000e+00 0.000000000000000000e+00 0.000000000000000000e+00 0.000000000000000000e+00 0.000000000000000000e+00 0.000000000000000000e+00 0.000000000000000000e+00 0.000000000000000000e+00 0.000000000000000000e+00 0.000000000000000000e+00 0.000000000000000000e+00 0.000000000000000000e+00 0.000000000000000000e+00 0.000000000000000000e+00 0.000000000000000000e+00 0.000000000000000000e+00 0.000000000000000000e+00 0.000000000000000000e+00 0.000000000000000000e+00 0.000000000000000000e+00 0.000000000000000000e+00 0.000000000000000000e+00 0.000000000000000000e+00 0.000000000000000000e+00 0.000000000000000000e+00 0.000000000000000000e+00 0.000000000000000000e+00 0.000000000000000000e+00 0.000000000000000000e+00 0.000000000000000000e+00 0.000000000000000000e+00 0.000000000000000000e+00 0.000000000000000000e+00 0.000000000000000000e+00 0.000000000000000000e+00 0.000000000000000000e+00 0.000000000000000000e+00 0.000000000000000000e+00 0.000000000000000000e+00 0.000000000000000000e+00 0.000000000000000000e+00 0.000000000000000000e+00 0.000000000000000000e+00 0.000000000000000000e+00 0.000000000000000000e+00 0.000000000000000000e+00 0.000000000000000000e+00 0.000000000000000000e+00 0.000000000000000000e+00 0.000000000000000000e+00 0.000000000000000000e+00 0.000000000000000000e+00
0.000000000000000000e+00 0.000000000000000000e+00 0.000000000000000000e+00 0.000000000000000000e+00 0.000000000000000000e+00 0.000000000000000000e+00 0.000000000000000000e+00 0.000000000000000000e+00 0.000000000000000000e+00 0.000000000000000000e+00 0.000000000000000000e+00 0.000000000000000000e+00 0.000000000000000000e+00 0.000000000000000000e+00 0.000000000000000000e+00 0.000000000000000000e+00 0.000000000000000000e+00 0.000000000000000000e+00 0.000000000000000000e+00 0.000000000000000000e+00 0.000000000000000000e+00 0.000000000000000000e+00 0.000000000000000000e+00 0.000000000000000000e+00 0.000000000000000000e+00 2.641785952637298465e+02 2.518948157034431858e+02 4.066908763583408870e+01 3.204289292339501003e+02 1.012570359902573955e+03 3.759190387440141876e+02 0.000000000000000000e+00 1.530327794810951616e+02 3.930169447836015593e+02 3.731745555113128034e+02 0.000000000000000000e+00 3.815323113103711989e+02 4.811575860003121647e+02 4.759047788007412692e+02 9.284349128564301168e+01 0.000000000000000000e+00 3.541629407991828202e+02 4.825523148408726115e+02 6.801432004055001244e+02 2.800698316428273529e+02 6.019587560018341037e+02 2.876435237953363639e+02 6.707308644899451338e+02 1.021235618880125344e+03 1.206411076016423067e+03 4.504996977124139335e+02 1.560929396820050215e+03 3.241852755394755263e+02 6.746470400128819165e+02 0.000000000000000000e+00 7.371584969051804137e+02 1.996721432826830096e+03 1.044124214615190567e+03 3.970432618128717195e+02 5.074208281855082419e+02 1.028483029223444447e+02 0.000000000000000000e+00 1.067296399922418686e+03 3.882331072185425569e+02 1.076458387170875312e+03 1.112138480081120179e+03 9.566315725940746688e+02 1.633280062384882285e+03 3.747905100170717105e+02 7.817953764917223225e+02 6.420216622448440091e+01 7.267232341528768984e+02 7.070010082717319619e+02 8.622410954790203732e+02 6.348506811765278144e+02 7.658989803303460349e+02 4.853437570536390808e+02 1.493857982338967076e+03 4.418480327766352502e+02 0.000000000000000000e+00 1.213042586963515760e+03 7.659713165088298865e+02 1.237817281574603612e+03 5.265867402330871982e+02 8.279570213549054642e+02 1.272081212702515131e+03 4.636065865793780745e+02 6.420949162692139680e+02 1.182880087387662115e+03 7.964326865505179285e+02 5.910318255343215696e+02 7.330719989537560650e+02 6.496817311372298036e+02 0.000000000000000000e+00 0.000000000000000000e+00 0.000000000000000000e+00 5.548201758227901337e+02 8.374178790691966014e+02 1.153798165292863132e+03 1.057433873003048575e+03
0.000000000000000000e+00 0.000000000000000000e+00 0.000000000000000000e+00 0.000000000000000000e+00 0.000000000000000000e+00 0.000000000000000000e+00 0.000000000000000000e+00 0.000000000000000000e+00 0.000000000000000000e+00 0.000000000000000000e+00 0.000000000000000000e+00 0.000000000000000000e+00 0.000000000000000000e+00 0.000000000000000000e+00 0.000000000000000000e+00 0.000000000000000000e+00 0.000000000000000000e+00 0.000000000000000000e+00 0.000000000000000000e+00 0.000000000000000000e+00 0.000000000000000000e+00 0.000000000000000000e+00 0.000000000000000000e+00 0.000000000000000000e+00 0.000000000000000000e+00 0.000000000000000000e+00 0.000000000000000000e+00 0.000000000000000000e+00 0.000000000000000000e+00 0.000000000000000000e+00 0.000000000000000000e+00 0.000000000000000000e+00 0.000000000000000000e+00 0.000000000000000000e+00 0.000000000000000000e+00 0.000000000000000000e+00 0.000000000000000000e+00 0.000000000000000000e+00 0.000000000000000000e+00 0.000000000000000000e+00 0.000000000000000000e+00 0.000000000000000000e+00 0.000000000000000000e+00 0.000000000000000000e+00 0.000000000000000000e+00 0.000000000000000000e+00 0.000000000000000000e+00 0.000000000000000000e+00 0.000000000000000000e+00 0.000000000000000000e+00 0.000000000000000000e+00 0.000000000000000000e+00 0.000000000000000000e+00 0.000000000000000000e+00 0.000000000000000000e+00 0.000000000000000000e+00 0.000000000000000000e+00 0.000000000000000000e+00 0.000000000000000000e+00 0.000000000000000000e+00 0.000000000000000000e+00 0.000000000000000000e+00 0.000000000000000000e+00 0.000000000000000000e+00 0.000000000000000000e+00 0.000000000000000000e+00 0.000000000000000000e+00 0.000000000000000000e+00 0.000000000000000000e+00 0.000000000000000000e+00 0.000000000000000000e+00 0.000000000000000000e+00 0.000000000000000000e+00 0.000000000000000000e+00 0.000000000000000000e+00 0.000000000000000000e+00 0.000000000000000000e+00 0.000000000000000000e+00 0.000000000000000000e+00 0.000000000000000000e+00 0.000000000000000000e+00 0.000000000000000000e+00 0.000000000000000000e+00 0.000000000000000000e+00 0.000000000000000000e+00 0.000000000000000000e+00 0.000000000000000000e+00 0.000000000000000000e+00 0.000000000000000000e+00 0.000000000000000000e+00 0.000000000000000000e+00 0.000000000000000000e+00 0.000000000000000000e+00 0.000000000000000000e+00 0.000000000000000000e+00 0.000000000000000000e+00 0.000000000000000000e+00 0.000000000000000000e+00 0.000000000000000000e+00 0.000000000000000000e+00
0.000000000000000000e+00 0.000000000000000000e+00 0.000000000000000000e+00 0.000000000000000000e+00 0.000000000000000000e+00 0.000000000000000000e+00 0.000000000000000000e+00 0.000000000000000000e+00 0.000000000000000000e+00 0.000000000000000000e+00 0.000000000000000000e+00 0.000000000000000000e+00 0.000000000000000000e+00 0.000000000000000000e+00 0.000000000000000000e+00 0.000000000000000000e+00 0.000000000000000000e+00 0.000000000000000000e+00 0.000000000000000000e+00 0.000000000000000000e+00 0.000000000000000000e+00 0.000000000000000000e+00 0.000000000000000000e+00 0.000000000000000000e+00 0.000000000000000000e+00 0.000000000000000000e+00 0.000000000000000000e+00 0.000000000000000000e+00 0.000000000000000000e+00 0.000000000000000000e+00 0.000000000000000000e+00 0.000000000000000000e+00 0.000000000000000000e+00 0.000000000000000000e+00 0.000000000000000000e+00 0.000000000000000000e+00 0.000000000000000000e+00 0.000000000000000000e+00 0.000000000000000000e+00 0.000000000000000000e+00 0.000000000000000000e+00 0.000000000000000000e+00 0.000000000000000000e+00 0.000000000000000000e+00 0.000000000000000000e+00 0.000000000000000000e+00 0.000000000000000000e+00 0.000000000000000000e+00 0.000000000000000000e+00 0.000000000000000000e+00 0.000000000000000000e+00 0.000000000000000000e+00 0.000000000000000000e+00 0.000000000000000000e+00 0.000000000000000000e+00 0.000000000000000000e+00 0.000000000000000000e+00 0.000000000000000000e+00 0.000000000000000000e+00 0.000000000000000000e+00 0.000000000000000000e+00 0.000000000000000000e+00 0.000000000000000000e+00 0.000000000000000000e+00 0.000000000000000000e+00 0.000000000000000000e+00 0.000000000000000000e+00 0.000000000000000000e+00 0.000000000000000000e+00 0.000000000000000000e+00 0.000000000000000000e+00 0.000000000000000000e+00 0.000000000000000000e+00 0.000000000000000000e+00 0.000000000000000000e+00 0.000000000000000000e+00 0.000000000000000000e+00 0.000000000000000000e+00 0.000000000000000000e+00 0.000000000000000000e+00 0.000000000000000000e+00 0.000000000000000000e+00 0.000000000000000000e+00 0.000000000000000000e+00 0.000000000000000000e+00 0.000000000000000000e+00 0.000000000000000000e+00 0.000000000000000000e+00 0.000000000000000000e+00 0.000000000000000000e+00 0.000000000000000000e+00 0.000000000000000000e+00 0.000000000000000000e+00 0.000000000000000000e+00 0.000000000000000000e+00 0.000000000000000000e+00 0.000000000000000000e+00 0.000000000000000000e+00 0.000000000000000000e+00 0.000000000000000000e+00
0.000000000000000000e+00 0.000000000000000000e+00 0.000000000000000000e+00 0.000000000000000000e+00 0.000000000000000000e+00 0.000000000000000000e+00 0.000000000000000000e+00 0.000000000000000000e+00 0.000000000000000000e+00 0.000000000000000000e+00 0.000000000000000000e+00 0.000000000000000000e+00 0.000000000000000000e+00 0.000000000000000000e+00 0.000000000000000000e+00 2.348614813622760380e+02 1.633978270231112049e+02 1.183602953039588925e+02 2.912757128397810789e+02 0.000000000000000000e+00 4.087615490807313563e+02 0.000000000000000000e+00 2.523705575521958053e+02 2.845827310249644597e+02 2.755232448360054036e+02 1.902483417355452673e+02 3.257452166395360678e+02 0.000000000000000000e+00 3.265152149180469223e+02 1.799693360436907881e+02 2.878660394061045054e+02 3.294905487944282072e+02 2.548132183282399410e+02 3.792195877438257980e+02 3.934563697032388632e+02 2.893041798764134569e+02 3.501414610657989783e+02 6.669977620113193097e+02 4.485759919617063929e+02 5.250233262026467855e+02 7.091497102977647273e+02 5.528866962537277914e+02 0.000000000000000000e+00 0.000000000000000000e+00 2.320742562792565309e+02 8.014410986779274708e+02 8.988947003880373359e+02 7.093166590224547008e+02 8.724553806325811820e+02 2.746244008404009378e+02 0.000000000000000000e+00 6.595954589730574753e+02 1.178171041858998507e+02 5.681297845973571157e+02 3.690231633750757965e+02 5.960060044908436794e+02 1.897123073347333388e+02 0.000000000000000000e+00 0.000000000000000000e+00 7.035631544886872462e+02 0.000000000000000000e+00 6.095898259255478706e+02 6.560689462387434787e+02 0.000000000000000000e+00 0.000000000000000000e+00 4.120367704954153965e+02 3.686596715975300640e+02 2.592907186271478395e+02 2.996780461809298686e+02 4.459513000204652826e+02 0.000000000000000000e+00 1.489117258723909742e+02 5.417232096140542126e+02 0.000000000000000000e+00 1.511488139765916969e+02 3.827265528414301912e+02 5.283240488489774407e+02 7.540953830083691400e+02 5.363621958265044896e+02 0.000000000000000000e+00 0.000000000000000000e+00 8.496795062949887551e+02 3.450013380537324537e+01 7.081778851508915977e+02 0.000000000000000000e+00 0.000000000000000000e+00 5.006651351706892115e+02 0.000000000000000000e+00 0.000000000000000000e+00 2.918303646280937755e+02 2.651514126764258350e+01 3.157903097720612777e+02 0.000000000000000000e+00 3.029464953813730972e+02 5.532722411391857804e+02 2.160693062368634401e+02 1.468911625740530837e+02 1.127389605777914454e+02 5.260535461931931422e+02 4.709629973233343776e+02
0.000000000000000000e+00 0.000000000000000000e+00 0.000000000000000000e+00 0.000000000000000000e+00 0.000000000000000000e+00 0.000000000000000000e+00 0.000000000000000000e+00 0.000000000000000000e+00 0.000000000000000000e+00 0.000000000000000000e+00 0.000000000000000000e+00 0.000000000000000000e+00 0.000000000000000000e+00 0.000000000000000000e+00 0.000000000000000000e+00 0.000000000000000000e+00 0.000000000000000000e+00 0.000000000000000000e+00 0.000000000000000000e+00 0.000000000000000000e+00 0.000000000000000000e+00 0.000000000000000000e+00 0.000000000000000000e+00 0.000000000000000000e+00 0.000000000000000000e+00 0.000000000000000000e+00 0.000000000000000000e+00 0.000000000000000000e+00 0.000000000000000000e+00 0.000000000000000000e+00 0.000000000000000000e+00 0.000000000000000000e+00 0.000000000000000000e+00 0.000000000000000000e+00 0.000000000000000000e+00 0.000000000000000000e+00 0.000000000000000000e+00 0.000000000000000000e+00 0.000000000000000000e+00 0.000000000000000000e+00 0.000000000000000000e+00 0.000000000000000000e+00 0.000000000000000000e+00 0.000000000000000000e+00 0.000000000000000000e+00 0.000000000000000000e+00 0.000000000000000000e+00 0.000000000000000000e+00 0.000000000000000000e+00 0.000000000000000000e+00 0.000000000000000000e+00 0.000000000000000000e+00 0.000000000000000000e+00 0.000000000000000000e+00 0.000000000000000000e+00 0.000000000000000000e+00 0.000000000000000000e+00 0.000000000000000000e+00 0.000000000000000000e+00 0.000000000000000000e+00 0.000000000000000000e+00 0.000000000000000000e+00 0.000000000000000000e+00 0.000000000000000000e+00 0.000000000000000000e+00 0.000000000000000000e+00 0.000000000000000000e+00 0.000000000000000000e+00 0.000000000000000000e+00 0.000000000000000000e+00 0.000000000000000000e+00 0.000000000000000000e+00 0.000000000000000000e+00 0.000000000000000000e+00 0.000000000000000000e+00 0.000000000000000000e+00 0.000000000000000000e+00 0.000000000000000000e+00 0.000000000000000000e+00 0.000000000000000000e+00 0.000000000000000000e+00 0.000000000000000000e+00 0.000000000000000000e+00 0.000000000000000000e+00 0.000000000000000000e+00 0.000000000000000000e+00 0.000000000000000000e+00 0.000000000000000000e+00 0.000000000000000000e+00 0.000000000000000000e+00 0.000000000000000000e+00 2.307819292716114319e+02 3.547068513099634401e+02 3.255429928648446776e+02 4.492316316041368509e+02 3.675267769009670928e+02 3.134210766669060604e+02 3.171056325401502818e+02 4.271829888880915860e+02 3.425596819468339618e+02
0.000000000000000000e+00 0.000000000000000000e+00 0.000000000000000000e+00 0.000000000000000000e+00 0.000000000000000000e+00 0.000000000000000000e+00 0.000000000000000000e+00 0.000000000000000000e+00 3.408654128610087355e+02 3.436094991873810045e+02 1.695811563046801780e+02 3.902696832065962553e+02 2.561353629238608391e+02 0.000000000000000000e+00 3.939947731387027829e+02 4.214114747296398491e+02 2.204163483867156259e+01 0.000000000000000000e+00 3.453107637472571128e+02 2.916575367284034996e+02 3.284558884143247610e+02 3.225709086590331935e+02 2.303750506709627359e+02 3.665512555639039647e+02 3.497119588043898943e+02 2.979280117558619736e+02 0.000000000000000000e+00 1.153242843725119968e+02 5.323432959842599388e+01 3.512496483433736216e+02 1.750944084760966177e+02 1.986822415331825766e+02 2.434282083436210371e+02 0.000000000000000000e+00 3.015308793452422265e+02 0.000000000000000000e+00 4.062784782790527629e+02 1.362831215353504035e+02 0.000000000000000000e+00 3.741392115376160632e+02 2.544703408731633658e+02 3.102989618686836479e+02 3.329877400736777986e+02 0.000000000000000000e+00 0.000000000000000000e+00 3.212208069738542235e+02 2.699603297601566965e+02 0.000000000000000000e+00 2.759675070515289690e+02 3.389987127818224053e+02 0.000000000000000000e+00 2.922748749100730379e+02 0.000000000000000000e+00 3.081601328875880199e+02 3.720775312242449218e+02 3.300214110096386548e+02 3.398962916385027597e+02 3.873302197397100599e+02 2.424966443825089470e+02 4.189326458643538444e+02 3.548431638273737576e+02 2.594301815885456222e+02 3.728868976492763068e+02 3.092726861347831004e+02 0.000000000000000000e+00 3.273211332193440626e+02 3.475042417685447731e+02 2.976861469615487863e+02 2.184496031059431402e+02 0.000000000000000000e+00 2.855007753642406101e+02 2.034690931056784109e+02 0.000000000000000000e+00 3.372541110121344445e+02 3.818441804584845727e+02 3.150934166780468786e+02 3.650644196483399355e+02 1.666753058425421443e+02 3.326535201379053319e+02 3.156417179650934486e+02 0.000000000000000000e+00 1.699121265698829006e+02 4.051308236283753104e+02 3.192361016816885808e+02 2.728249019640653046e+02 3.916550599417765852e+02 0.000000000000000000e+00 0.000000000000000000e+00 0.000000000000000000e+00 2.671313302859962846e+02 2.421330781850265055e+02 0.000000000000000000e+00 2.698460703506585787e+02 4.115086122045721027e+02 3.168364060157727522e+02 3.540457790121529769e+01 1.653023820434382571e+02 0.000000000000000000e+00 0.000000000000000000e+00 3.713149501327596340e+02
0.000000000000000000e+00 0.000000000000000000e+00 0.000000000000000000e+00 0.000000000000000000e+00 0.000000000000000000e+00 0.000000000000000000e+00 0.000000000000000000e+00 0.000000000000000000e+00 0.000000000000000000e+00 0.000000000000000000e+00 0.000000000000000000e+00 0.000000000000000000e+00 0.000000000000000000e+00 0.000000000000000000e+00 0.000000000000000000e+00 0.000000000000000000e+00 0.000000000000000000e+00 0.000000000000000000e+00 0.000000000000000000e+00 0.000000000000000000e+00 0.000000000000000000e+00 0.000000000000000000e+00 0.000000000000000000e+00 0.000000000000000000e+00 0.000000000000000000e+00 0.000000000000000000e+00 0.000000000000000000e+00 0.000000000000000000e+00 0.000000000000000000e+00 0.000000000000000000e+00 0.000000000000000000e+00 0.000000000000000000e+00 0.000000000000000000e+00 0.000000000000000000e+00 0.000000000000000000e+00 0.000000000000000000e+00 0.000000000000000000e+00 0.000000000000000000e+00 0.000000000000000000e+00 0.000000000000000000e+00 0.000000000000000000e+00 0.000000000000000000e+00 0.000000000000000000e+00 0.000000000000000000e+00 0.000000000000000000e+00 0.000000000000000000e+00 0.000000000000000000e+00 0.000000000000000000e+00 0.000000000000000000e+00 0.000000000000000000e+00 0.000000000000000000e+00 0.000000000000000000e+00 0.000000000000000000e+00 0.000000000000000000e+00 0.000000000000000000e+00 0.000000000000000000e+00 0.000000000000000000e+00 0.000000000000000000e+00 0.000000000000000000e+00 0.000000000000000000e+00 0.000000000000000000e+00 7.741476240988622237e+01 0.000000000000000000e+00 0.000000000000000000e+00 0.000000000000000000e+00 1.373022653586494357e+02 0.000000000000000000e+00 0.000000000000000000e+00 0.000000000000000000e+00 0.000000000000000000e+00 0.000000000000000000e+00 0.000000000000000000e+00 0.000000000000000000e+00 0.000000000000000000e+00 0.000000000000000000e+00 0.000000000000000000e+00 0.000000000000000000e+00 0.000000000000000000e+00 0.000000000000000000e+00 0.000000000000000000e+00 0.000000000000000000e+00 0.000000000000000000e+00 7.875714302663133992e+01 9.663932356925546685e+01 0.000000000000000000e+00 4.811496974870206889e-01 0.000000000000000000e+00 0.000000000000000000e+00 0.000000000000000000e+00 0.000000000000000000e+00 0.000000000000000000e+00 0.000000000000000000e+00 0.000000000000000000e+00 0.000000000000000000e+00 0.000000000000000000e+00 0.000000000000000000e+00 0.000000000000000000e+00 1.272863837563621416e+02 0.000000000000000000e+00 0.000000000000000000e+00
