3.762729529882299140e+00 1.046770230161732584e+01 7.690916264468225627e+00 1.028363257523240648e+01 3.005836373362047453e+00 2.877243069893327121e+00 4.576497073214628841e+00 2.346849737855894791e+00 2.497273899666193842e+00 2.401101873249842811e+00 2.456751448892313672e+00 2.463636015252820055e+00 2.313129466258246225e+00 2.374973790142042684e+00 2.476411614387199478e+00 2.455280698013716290e+00 2.470428594227494834e+00 2.493952404476444951e+00 2.514269572856097312e+00 2.562031099251631971e+00 2.411670298771611431e+00 2.367167953530262103e+00 2.543198296581876239e+00 2.406741555292030821e+00 2.623907714722485185e+00 2.471736316228734687e+00 2.601365743269180353e+00 2.482327084037764031e+00 2.519751637043623926e+00 2.379139230323248810e+00 2.430709418500291541e+00 2.509957336865622057e+00 2.384769486712998265e+00 2.336130676444234222e+00 2.453893207064989923e+00 2.507834295928478063e+00 2.409930218602048591e+00 2.640336103274904200e+00 2.437267403458726722e+00 2.512301356987706402e+00 2.495846786067403400e+00 2.558937216113353230e+00 2.502556279661326322e+00 2.469420747613084277e+00 2.483387469937061276e+00 2.605299731318292622e+00 2.380952097475528273e+00 2.521754762735859856e+00 2.434143323322822017e+00 2.674223942027009304e+00 2.476876089593459618e+00 2.605537641767797563e+00 2.444403669649156896e+00 2.505542291443923375e+00 2.484529719373275380e+00 2.501545814810127943e+00 2.469151767420357579e+00 2.471919941902160467e+00 2.455240726265413898e+00 2.551767436492031749e+00 2.552668459045475569e+00 2.731150519025736578e+00 2.519987976551055553e+00 2.347044709222069869e+00 2.507695354829574175e+00 2.447160149339971724e+00 2.522699422569110173e+00 2.347643238151895240e+00 2.493244084150626705e+00 2.535733179850824914e+00 2.416100006319325200e+00 2.390339872754853268e+00 2.372704127944748720e+00 2.476870678570763484e+00 2.400347995603906437e+00 2.378167340827399112e+00 2.625106692622447557e+00 2.418938000448818570e+00 2.453378287163273885e+00 2.571283075316198818e+00 2.365323492987402521e+00 2.378340493553670942e+00 2.483442802007855832e+00 2.395410524668364349e+00 2.475089579358182856e+00 2.426314097129065317e+00 2.462146413069346451e+00 2.533545206641328651e+00 2.438342626033157767e+00 2.366735769911058718e+00 2.409962510189105345e+00 2.690649188695282579e+00 2.558599987215008920e+00 2.581282121611052194e+00 2.600752203115101135e+00 2.476075258234451404e+00 2.414291851993264792e+00 2.580728975452225349e+00 2.509366662646161927e+00 2.490326670171885581e+00
1.075244078882809262e+01 5.656346246600150174e+00 8.391129132796978141e+00 4.689723595874062845e+00 3.604949693638702435e+00 2.406591268500377190e+00 3.181694960080343915e+00 4.961512982125939608e+00 2.534382693315374357e+00 2.844231991367093038e+00 2.627948701381682906e+00 2.507278531532862953e+00 2.415574788019574815e+00 2.555283903047956162e+00 2.530854008321103965e+00 2.467253894847014628e+00 2.576398062705993475e+00 2.491482708988518091e+00 2.462522217323039886e+00 2.504835018412820080e+00 2.503347859917015583e+00 2.449496140202571226e+00 2.408136900951121984e+00 2.375483124471943874e+00 2.502579843792422043e+00 2.347502726110918481e+00 2.388852365160810454e+00 2.358321105971418419e+00 2.439457994905011251e+00 2.296125938357977958e+00 2.385840520108568175e+00 2.548209601794850787e+00 2.341238507320140716e+00 2.406901442285241721e+00 2.435464136508004085e+00 2.354455715726161635e+00 2.404461420147583350e+00 2.417574422729426242e+00 2.348176660260249626e+00 2.533513264152510214e+00 2.389290832548305765e+00 2.370346143893126367e+00 2.373116063866121728e+00 2.619750652899001775e+00 2.288104533583953160e+00 2.319657603317293315e+00 2.439484177272895238e+00 2.355909709889313142e+00 2.420301927266449660e+00 2.471508355079025776e+00 2.366791101981853274e+00 2.401491466883955095e+00 2.399158268807263017e+00 2.306309483071853350e+00 2.470199062135712609e+00 2.447890288305693218e+00 2.373193738224177451e+00 2.371554547445527295e+00 2.381312366857610829e+00 2.446798134466697139e+00 2.424584315357536823e+00 2.356186195694166763e+00 2.352497274608447597e+00 2.502631859429951255e+00 2.496542364307518636e+00 2.426331202942749510e+00 2.518672399839450460e+00 2.352162663946891552e+00 2.479235993685393158e+00 2.672410202129133605e+00 2.399168567205297364e+00 2.404119129324781223e+00 2.333065070263270258e+00 2.410116986159620556e+00 2.422554483650059431e+00 2.407455810287902676e+00 2.304634858822000254e+00 2.333635671334019612e+00 2.315521661937236519e+00 2.330163191156140456e+00 2.369326951585966956e+00 2.352009060721972578e+00 2.553609104248983908e+00 2.321760396556607375e+00 2.408988002456467381e+00 2.400030665305153743e+00 2.459666593732504847e+00 2.457566767828217813e+00 2.316358450414805148e+00 2.317935850805249665e+00 2.384580450016876352e+00 2.461658722830229351e+00 2.378831151127815069e+00 2.357778956407102999e+00 2.454922174122826650e+00 2.339511343785400932e+00 2.286978168117588694e+00 2.290195457483160002e+00 2.320345152297924152e+00 2.449336427758479484e+00
5.904221705321607061e+00 9.485473912337729629e+00 3.814419109656892459e+00 1.031902415464664280e+01 2.590309278410056315e+00 3.324850722016959192e+00 4.221441124225484565e+00 2.624833523250859280e+00 5.847321834338122137e+00 2.490225257133614978e+00 2.471410782121378436e+00 2.621111088734248362e+00 2.355695363570903478e+00 2.335003961879631440e+00 2.411624217804135828e+00 2.476254694729015604e+00 2.371681968302562282e+00 2.470681166803014417e+00 2.417443859988245070e+00 2.336299814540764075e+00 2.344822698934324823e+00 2.398712644905879543e+00 2.324682174263329237e+00 2.361704740647611711e+00 2.417972394721261242e+00 2.426221236997637032e+00 2.345360310221540345e+00 2.464574391317778446e+00 2.353840604630009548e+00 2.389944693548925692e+00 2.455082759312514185e+00 2.346668730419257276e+00 2.369363955999242766e+00 2.400908996473098522e+00 2.394131952370035066e+00 2.371430966669115126e+00 2.372538655379722528e+00 2.370154314411097474e+00 2.327973647004571323e+00 2.301542022978437352e+00 2.388276003969126648e+00 2.411105457821796527e+00 2.489258080463984779e+00 2.387433804468861887e+00 2.413083622989983024e+00 2.353617530855638851e+00 2.395626616477966042e+00 2.342510621301058915e+00 2.365205323233686485e+00 2.377082343502291195e+00 2.426418302953242900e+00 2.373483315212972844e+00 2.383852405640585648e+00 2.395645118684603947e+00 2.429846273105719767e+00 2.315879487631649525e+00 2.353957203441652712e+00 2.323721455911110123e+00 2.345459628670379715e+00 2.374153932929038646e+00 2.377592026930430702e+00 2.392568515909129001e+00 2.386253677873775736e+00 2.378584862320587412e+00 2.367851313332031360e+00 2.504797315803067193e+00 2.324885000339869556e+00 2.392773087476861793e+00 2.353722085778055195e+00 2.431123972658453258e+00 2.351260245000493576e+00 2.381239579874893320e+00 2.433434653898765010e+00 2.368786198414604804e+00 2.494845921417762291e+00 2.403848403640862053e+00 2.443623609635336535e+00 2.423486052299367532e+00 2.389396609314556663e+00 2.490930435575287483e+00 2.362017532669264508e+00 2.579844535065108246e+00 2.385980857600425775e+00 2.487641406521714948e+00 2.442191434112088277e+00 2.408488268328123905e+00 2.378891719672186600e+00 2.416832239874477928e+00 2.356807241460372460e+00 2.370930359795175413e+00 2.385396292600138413e+00 2.350617206045265473e+00 2.344579028363885431e+00 2.366952909015375806e+00 2.394056372601410132e+00 2.499590864674797963e+00 2.398416958697910939e+00 2.352021628258556873e+00 2.406000070633559140e+00 2.379914752059969274e+00
5.178895058816876507e+00 9.143606196600813973e+00 7.706689919274428036e+00 1.004397663453529610e+01 5.114602683535936833e+00 2.568529912058649334e+00 2.980459375114276277e+00 2.499294131172113964e+00 2.348335499958745132e+00 2.579971781373023632e+00 2.446063806322114065e+00 2.449631066671733137e+00 2.385467857739020925e+00 2.459500073872763259e+00 2.441699554694109597e+00 2.385818701468664926e+00 2.373075044823103497e+00 2.380822058381705020e+00 2.388316150266548643e+00 2.395081499578623596e+00 2.425662854365233656e+00 2.443160007174672632e+00 2.347721436157308439e+00 2.346998279156355949e+00 2.472824280888869630e+00 2.364790245428167292e+00 2.472508172433951490e+00 2.310839381814002724e+00 2.377864672654661504e+00 2.398091250041435085e+00 2.429816948853689595e+00 2.326418414352268815e+00 2.338801452517509372e+00 2.348089385700636633e+00 2.312387981599774545e+00 2.337330352540673672e+00 2.498436571349357482e+00 2.398421496975010392e+00 2.414030377412664130e+00 2.416215557836252970e+00 2.324707483885616988e+00 2.353214322390227320e+00 2.368417899773038293e+00 2.370020609785770116e+00 2.385421602222426163e+00 2.293950881783304308e+00 2.396754029239045902e+00 2.336581362270075513e+00 2.315818744538158835e+00 2.345678513265888832e+00 2.353277334622267958e+00 2.456508651067470517e+00 2.410681128912958382e+00 2.410555628096235026e+00 2.412253816477183399e+00 2.364996562487092113e+00 2.319232227113739775e+00 2.395586993827901967e+00 2.313188987507901917e+00 2.305738532902865234e+00 2.332429711469288236e+00 2.391816907401742576e+00 2.359859232810036733e+00 2.368212280910590550e+00 2.352618411697190215e+00 2.418370715811334559e+00 2.580494905083343671e+00 2.472633673250674846e+00 2.362466822102151642e+00 2.327620883234615690e+00 2.252666698653122079e+00 2.382072179173600812e+00 2.366511474292853467e+00 2.330404592588029900e+00 2.390563819274819757e+00 2.318425984732035872e+00 2.366703303774882805e+00 2.309263377816512364e+00 2.327356266769869286e+00 2.327493462377580702e+00 2.490401377194914279e+00 2.332733077838502922e+00 2.390503948926925304e+00 2.454673092529691125e+00 2.399021771396028235e+00 2.363934954743960759e+00 2.346682519799676125e+00 2.293903404422874992e+00 2.379364573236169456e+00 2.340093115999780427e+00 2.355206276938832666e+00 2.390540080594605321e+00 2.317585007075605663e+00 2.346048731947766974e+00 2.352288513861853225e+00 2.377526571010720957e+00 2.352271931695526952e+00 2.380439446712362184e+00 2.373171570486035442e+00 2.393655956921906025e+00
1.071145525924090514e+01 4.269879901203615269e+00 9.155659860578076348e+00 4.678672891135873257e+00 2.602426129168477154e+00 2.409914160083079793e+00 2.994114352711315430e+00 4.852529748554887057e+00 2.423190889738756848e+00 2.496810646303768699e+00 2.425515360359487449e+00 2.333175210757501894e+00 2.443605281977817789e+00 2.506841285989202195e+00 2.385764416692585765e+00 2.503403366536929298e+00 2.427799510133677341e+00 2.431026225151686759e+00 2.399037655365877875e+00 2.388182271092102127e+00 2.425796908088798887e+00 2.600427018105983645e+00 2.595225978000410549e+00 2.431396094735326141e+00 2.500704138957220657e+00 2.416562910583512469e+00 2.473688997225514719e+00 2.441373322390276712e+00 2.403336451074172597e+00 2.379642979081334708e+00 2.435580909868766408e+00 2.399757495933565465e+00 2.396124779664236648e+00 2.347503947954753034e+00 2.410575352146707484e+00 2.394951809583039104e+00 2.352996485089433598e+00 2.444864479323912931e+00 2.401081101904654957e+00 2.546733090795319399e+00 2.372663108901730489e+00 2.383874747927846371e+00 2.422905327379703433e+00 2.493456161330485976e+00 2.474711855064178234e+00 2.416417860265435813e+00 2.323574485552721836e+00 2.431981183382971423e+00 2.366045777242758774e+00 2.429218070825625908e+00 2.369408640573764657e+00 2.436617382538729615e+00 2.517908747442837214e+00 2.473119617998599917e+00 2.359462482662036287e+00 2.414683365667688264e+00 2.432216824693926416e+00 2.386584448454708518e+00 2.452578503098981066e+00 2.522483156210389321e+00 2.386369403939822220e+00 2.428920290028226514e+00 2.383099924387602542e+00 2.362266788811519191e+00 2.460902750594862187e+00 2.382061531677328148e+00 2.366153997696678779e+00 2.400931164211240088e+00 2.400721705268169082e+00 2.426541883729655069e+00 2.390139490365981612e+00 2.544347004335501872e+00 2.441818946291660186e+00 2.425631610072891853e+00 2.498435698603761246e+00 2.336713495953329556e+00 2.415932962812226137e+00 2.428699136294167449e+00 2.464691513776779086e+00 2.473085231822112373e+00 2.427647826949069998e+00 2.333885102025393454e+00 2.537617961240225650e+00 2.406555835029174251e+00 2.411101617741173264e+00 2.460476501645712855e+00 2.449725497745234293e+00 2.363469257693866066e+00 2.357458135125965804e+00 2.357537729524332715e+00 2.492868454446052429e+00 2.337095758524434075e+00 2.477803294514787424e+00 2.402567562203982376e+00 2.401661826824319501e+00 2.473212129031789441e+00 2.442446624924396570e+00 2.391068266229382733e+00 2.355297217029949319e+00 2.482845844020103332e+00
6.990812314789869752e+00 6.919992151548122195e+00 1.055531059914621750e+01 3.633213036121992978e+00 2.767315351038143412e+00 2.674081859043959675e+00 2.979693104480874766e+00 4.066380065062950244e+00 2.723601967815695080e+00 2.448716080188750865e+00 2.388185063878009995e+00 2.358006393909453990e+00 2.418356577332677393e+00 2.391096019539339590e+00 2.288447522603231921e+00 2.467677351010256537e+00 2.430755150369528828e+00 2.356544195937698927e+00 2.427821503322699748e+00 2.355557295217595826e+00 2.299548846585997008e+00 2.396209086888822615e+00 2.443485192183790122e+00 2.335899398861259968e+00 2.350189560703162428e+00 2.338550625433181818e+00 2.356733058084701238e+00 2.407165535102630205e+00 2.348581265118615313e+00 2.371463258256171880e+00 2.460254998813415028e+00 2.403273613391251118e+00 2.356765349671758436e+00 2.410492266765956071e+00 2.347586684237266130e+00 2.429491240197214186e+00 2.519639751058200261e+00 2.325161660693842780e+00 2.281279488473102912e+00 2.400527432098470637e+00 2.356168391684005936e+00 2.343473085144470058e+00 2.367089580975729746e+00 2.319029401037199456e+00 2.397964701929996334e+00 2.291088625326238581e+00 2.447004451525621960e+00 2.369955153866060815e+00 2.441261960052210522e+00 2.373072426586315231e+00 2.398006768267729960e+00 2.442243449749617490e+00 2.388035126184594681e+00 2.398820865359799548e+00 2.455337775575703319e+00 2.437405297262915216e+00 2.441958236488802392e+00 2.289350639746106530e+00 2.431719010605894127e+00 2.419998909995473291e+00 2.410122397182316245e+00 2.423023671682538627e+00 2.376776707994526561e+00 2.311812318604567817e+00 2.360926949772341299e+00 2.322979273056161809e+00 2.459348041589917599e+00 2.318361401557921919e+00 2.335021765889792267e+00 2.380429148314327836e+00 2.329495366225982522e+00 2.299584280057199948e+00 2.403902339318702897e+00 2.406254214151152038e+00 2.367009986577362834e+00 2.343555472328744838e+00 2.379965196755425616e+00 2.390424878175916312e+00 2.525134033684072410e+00 2.390693160172166376e+00 2.321392097915040864e+00 2.303519489950146770e+00 2.336961181153510925e+00 2.348993026490869163e+00 2.386881181957392517e+00 2.333911633491515758e+00 2.323900368758316404e+00 2.357103974963056459e+00 2.356771458890931203e+00 2.444708083313086533e+00 2.383432964107085716e+00 2.327508822700072866e+00 2.440382057942192873e+00 2.290232461896435812e+00 2.326604309164244544e+00 2.404634572873855181e+00 2.326227283066716556e+00 2.364425263219866125e+00 2.354983377713581572e+00 2.283410558669731305e+00
1.033833906198369945e+01 4.027965993100198538e+00 8.630428993290866657e+00 5.228421625906022996e+00 2.849631493821226158e+00 3.539540902191194771e+00 2.705047047343747124e+00 5.641467330579099659e+00 2.929237237880969680e+00 2.491254398740570863e+00 2.810511545220325313e+00 2.868258852177652418e+00 2.563702057969980963e+00 2.691120820415430881e+00 2.535813821543907221e+00 2.423776676582878764e+00 2.525055137482182577e+00 2.453174937439375647e+00 2.574983865742025646e+00 2.443422878148226562e+00 2.311445067257716701e+00 2.490658837145772075e+00 2.414784778705958423e+00 2.555452692046247254e+00 2.445300328474619977e+00 2.450403271975188257e+00 2.567676715963873146e+00 2.615596907508784152e+00 2.375055479129840386e+00 2.648765778438797902e+00 2.631838703052750805e+00 2.463591679776536925e+00 2.422405244153121195e+00 2.539208278265492336e+00 2.524392549025601173e+00 2.417246095836162123e+00 2.502076793230812779e+00 2.397267727296927831e+00 2.386904746088488238e+00 2.539891463518142434e+00 2.399552226169355595e+00 2.432162190819608494e+00 2.555943698718629697e+00 2.393431835852819933e+00 2.481380853262440844e+00 2.456785485970562455e+00 2.565689648790606014e+00 2.528790139535377346e+00 2.614688379343213409e+00 2.674005755627977265e+00 2.558620584011077614e+00 2.428713972969301693e+00 2.462471423529345227e+00 2.511150729193769582e+00 2.532488835371773384e+00 2.682790638249495707e+00 2.666644495622864763e+00 2.531833054330841826e+00 2.524462892320649132e+00 2.494202707913415029e+00 2.405016835444959700e+00 2.463063319592639910e+00 2.698086901214615807e+00 2.490105516437826072e+00 2.529486066873730898e+00 2.737991622655556068e+00 2.371808167315762272e+00 2.527353600284148794e+00 2.387593342363834026e+00 2.372439162381764000e+00 2.568764156976650170e+00 2.482363215705444048e+00 2.449203421329629649e+00 2.397597625132264376e+00 2.476363787928531845e+00 2.480545286628706325e+00 2.680489208112502464e+00 2.436042068641761205e+00 2.403161378307589136e+00 2.592553281886824212e+00 2.571494454299581012e+00 2.465593059977580381e+00 2.771574873194611932e+00 2.400017050473854052e+00 2.441027889683328400e+00 2.593827839555411074e+00 2.411567838438625877e+00 2.362690768622118576e+00 2.426697232445766073e+00 2.444138180438814256e+00 2.446572093357299860e+00 2.430508861562301171e+00 2.449496489300809987e+00 2.403012487908889216e+00 2.525815647994649638e+00 2.625326275414433752e+00 2.399716302341428076e+00 2.353481207993523672e+00 2.535669818520545515e+00 2.494880482143368994e+00
7.475831254186300789e+00 6.995078295263749801e+00 1.043917399357104969e+01 3.099791625964230413e+00 3.114385328724466273e+00 2.512700725372495114e+00 2.344584788484819882e+00 2.846872046795384303e+00 4.497815915839424861e+00 2.688986433785537145e+00 2.381494945236320770e+00 2.375412606627776313e+00 2.401486579508616881e+00 2.412996697528608792e+00 2.483619445716512164e+00 2.478008738828116009e+00 2.393864892217619555e+00 2.364903353257425511e+00 2.381624460682786548e+00 2.347883766838188446e+00 2.298430510379116942e+00 2.359716975277867501e+00 2.565343866985419385e+00 2.338872144910795647e+00 2.398971675798810654e+00 2.333425514194471972e+00 2.455757217109203250e+00 2.378074131597732510e+00 2.438845502045647429e+00 2.303132689101942354e+00 2.324671003119698653e+00 2.420224602006632253e+00 2.323625279346416495e+00 2.352492212683989781e+00 2.335644208048951675e+00 2.366017849383682758e+00 2.360201698181958019e+00 2.325022370496700130e+00 2.326591217980302329e+00 2.411460141632063348e+00 2.424089468604531561e+00 2.384679244818358246e+00 2.408481984559831535e+00 2.366941388773506905e+00 2.334995758071027883e+00 2.360272739673482612e+00 2.346928459508665465e+00 2.410718133326234192e+00 2.375542645721599566e+00 2.378783673767385753e+00 2.312790491868709442e+00 2.430438343718134053e+00 2.409070738738980477e+00 2.518108257086112189e+00 2.408604692590647467e+00 2.464411187891302202e+00 2.304691761834867680e+00 2.401555351861591969e+00 2.383781189599941452e+00 2.470587608475109498e+00 2.372028448304225545e+00 2.364251586846236375e+00 2.400260197396935968e+00 2.407336244141232928e+00 2.366016802088967363e+00 2.505671108693912075e+00 2.409417742388001660e+00 2.388998811871840822e+00 2.552742816970265949e+00 2.397794341989631928e+00 2.430825319115457628e+00 2.394126890445577249e+00 2.437014656334087537e+00 2.367289963364600958e+00 2.312812485057731848e+00 2.374597636790110933e+00 2.282133557313474892e+00 2.379640011746307682e+00 2.393551925646847600e+00 2.481371951257360209e+00 2.355057211991014032e+00 2.319394034147262307e+00 2.362897260230162999e+00 2.575868655227381510e+00 2.370332179963588359e+00 2.364814158657501331e+00 2.392049057730312622e+00 2.440394800027896327e+00 2.361539268082585519e+00 2.498931592651481903e+00 2.312053370938218499e+00 2.357492695851572506e+00 2.353574417223190274e+00 2.403466141069757089e+00 2.353987225890159518e+00 2.360709636118905053e+00 2.383221236025464762e+00 2.395183087166013358e+00 2.303476201768579035e+00 2.417017087391737817e+00
4.058364071311621579e+00 1.067851574585355401e+01 7.120377333205320625e+00 8.124726681462648870e+00 3.119685687278878738e+00 2.730876302359432906e+00 2.756740118100724946e+00 4.749280802648642386e+00 2.401725711801956376e+00 2.453789873986408576e+00 2.379989982730355447e+00 2.428525459920537699e+00 2.423367707996532783e+00 2.406762850284576150e+00 2.414827543240168684e+00 2.422415018903797623e+00 2.466103616151316125e+00 2.412373557172972305e+00 2.386290333188813229e+00 2.304692285482225600e+00 2.404337141174694548e+00 2.282345285395095846e+00 2.346444609350171184e+00 2.336108857804330974e+00 2.456498178120317011e+00 2.424584489906655982e+00 2.385263809818645608e+00 2.462569869232588360e+00 2.413843784404211767e+00 2.373062651835638803e+00 2.340715732708059438e+00 2.368820759140211951e+00 2.361307641401372948e+00 2.406271494513955389e+00 2.414369700900439231e+00 2.482618057419513580e+00 2.377674065016466720e+00 2.318616417821111053e+00 2.387190133898422495e+00 2.356107823139634405e+00 2.494121018925617328e+00 2.374813728599712626e+00 2.353542823832610154e+00 2.362006710623872685e+00 2.358516251886712656e+00 2.388259072704561614e+00 2.439286587669931450e+00 2.460817221526441667e+00 2.411294145419679680e+00 2.367102323061433200e+00 2.390689494640662716e+00 2.402691142980394545e+00 2.315195429633403634e+00 2.430537662166973423e+00 2.315661126683497884e+00 2.575284962972689939e+00 2.455668720705755703e+00 2.458464823046634606e+00 2.415655080614418804e+00 2.376419231398351872e+00 2.313798862130477474e+00 2.400867977430080291e+00 2.371537441631843102e+00 2.389725285306058655e+00 2.336116537965577056e+00 2.363164494931697668e+00 2.430101114819789743e+00 2.417743909924194412e+00 2.352898388484428338e+00 2.440062807603128991e+00 2.306187996884871971e+00 2.489118964815961732e+00 2.425172545889327846e+00 2.389593675270162532e+00 2.320332061113981936e+00 2.474185589469712010e+00 2.353796618251964734e+00 2.412999490314516216e+00 2.339542238979503974e+00 2.327092348501599961e+00 2.280920091836616592e+00 2.438986188635743790e+00 2.365933367609977633e+00 2.498230428839551820e+00 2.443946525505904077e+00 2.350492403425019194e+00 2.437430781434322125e+00 2.341488810757110794e+00 2.354580169248169597e+00 2.415633261974515555e+00 2.432888140606468852e+00 2.415431308643571029e+00 2.287019885357083560e+00 2.323435195355579630e+00 2.476085905730724068e+00 2.379779301943449887e+00 2.355544727681011974e+00 2.407966017363400102e+00 2.461962263748563196e+00 2.350630471778326847e+00
1.052136428643917121e+01 3.603068752329924518e+00 6.344868164021392865e+00 9.550699427210050274e+00 3.097506079797086809e+00 2.487228423305626546e+00 2.617695337020117474e+00 2.609718965918853328e+00 2.699374550067144884e+00 2.372414725505072486e+00 2.377600579837272576e+00 2.330537249918641418e+00 2.326428538201184004e+00 2.343630179351773535e+00 2.337825722941036855e+00 2.500346487811926810e+00 2.371159717337838480e+00 2.397021613038819332e+00 2.338712956114061825e+00 2.365071269510120811e+00 2.344713605734808581e+00 2.424793948849726988e+00 2.423831310457196686e+00 2.481592406794942640e+00 2.366154346794917540e+00 2.357076570751337918e+00 2.328585441667458067e+00 2.351919517023809636e+00 2.432360129520810599e+00 2.347404978604151982e+00 2.329771677481716985e+00 2.295165743653116319e+00 2.392736955809181776e+00 2.271995569919717628e+00 2.395593277596193893e+00 2.413897370983814294e+00 2.405276215436129572e+00 2.374381894078747557e+00 2.362629676430389569e+00 2.389841535019463059e+00 2.343601029648862966e+00 2.423989801057453430e+00 2.347118194401264013e+00 2.331944464917840243e+00 2.372443177011505977e+00 2.357409785019940252e+00 2.315372946087656203e+00 2.520639393864006372e+00 2.424389867638719220e+00 2.310243820219203936e+00 2.460022673935725379e+00 2.380063642458668749e+00 2.384371514721163265e+00 2.334413636758409627e+00 2.335125273517493216e+00 2.316488489508628401e+00 2.324411099481171306e+00 2.278513059482492054e+00 2.359162781824325261e+00 2.432537122327705692e+00 2.315068008776368647e+00 2.435793161597744838e+00 2.368263598351642685e+00 2.413550890982150587e+00 2.419931534035452358e+00 2.423031875491142184e+00 2.299630535573794710e+00 2.401443465876167860e+00 2.485591501665526337e+00 2.372742005103620766e+00 2.370012929624524478e+00 2.355213782550959589e+00 2.339409930747130772e+00 2.427427371411487567e+00 2.246031213885751221e+00 2.307171057524351809e+00 2.455875561412038444e+00 2.355498472164416768e+00 2.325808888827932019e+00 2.380545223478613082e+00 2.388620214832239963e+00 2.520132154123536417e+00 2.422874955832957866e+00 2.460470217877420485e+00 2.421865887374713200e+00 2.377305940924019367e+00 2.342357890821736177e+00 2.345669436711689482e+00 2.360412029870624817e+00 2.286876580530199377e+00 2.352282579191799616e+00 2.325967553977308366e+00 2.494646237225367713e+00 2.421970267748010386e+00 2.308826132272851606e+00 2.467229981617680590e+00 2.382101503425630984e+00 2.279289104866570437e+00 2.353039598721882175e+00 2.373322380925046549e+00
1.085521112104941999e+01 3.085161267888956615e+00 9.114772078497654917e+00 7.615534085446389767e+00 2.615909699530436949e+00 2.453535381370576918e+00 2.399395830158529197e+00 2.399670046824833314e+00 4.486990379465036760e+00 2.506879337697193399e+00 2.325439193793411796e+00 2.399142559386532536e+00 2.386346014357846101e+00 2.478187477126203575e+00 2.381276758837288732e+00 2.388186111172725390e+00 2.376670233031799029e+00 2.466721520033375636e+00 2.337452013276774210e+00 2.399616809343469104e+00 2.388875056546309494e+00 2.388664899406761855e+00 2.344023438517389479e+00 2.390540080594605321e+00 2.338949819268851371e+00 2.305008044838904979e+00 2.399227215709357264e+00 2.463259861900888303e+00 2.412488934140780472e+00 2.383186151652500140e+00 2.442099272177137070e+00 2.439565342613335019e+00 2.334459019529408152e+00 2.313872172760552015e+00 2.337501934324872632e+00 2.418942015078560992e+00 2.351325002723726687e+00 2.413020959856181147e+00 2.361179696896980484e+00 2.414743061466463558e+00 2.351852839260265338e+00 2.669515828634130283e+00 2.373998933311166404e+00 2.405568759759951991e+00 2.407780995297020610e+00 2.386515152454375954e+00 2.333147806545783354e+00 2.352101048107804626e+00 2.445669150763544408e+00 2.450272011037530451e+00 2.314059638514600614e+00 2.339452346183102271e+00 2.418875162765897535e+00 2.331156724742774244e+00 2.314700233782159611e+00 2.371955661321508035e+00 2.364129926110135838e+00 2.292182524656427134e+00 2.432097083998137066e+00 2.478532909833151443e+00 2.433421737263942397e+00 2.416373699338271397e+00 2.389272155792548702e+00 2.408964787423610421e+00 2.340925191651130444e+00 2.315387957311909606e+00 2.414591727380094532e+00 2.400123525436582028e+00 2.303412491340061319e+00 2.382380083819915395e+00 2.403576281563988726e+00 2.472065864965833359e+00 2.325102837640663278e+00 2.410705740338769054e+00 2.378855413455387424e+00 2.381844567122130218e+00 2.418874115471182140e+00 2.341908775937968201e+00 2.379519398304922539e+00 2.302262736291720735e+00 2.402112861748399109e+00 2.394858600353372058e+00 2.369145071403733205e+00 2.365378301410839157e+00 2.326601341829217517e+00 2.357104324061294776e+00 2.337664614103991401e+00 2.377911975465971661e+00 2.342551640344076702e+00 2.440499354950312672e+00 2.423062945234364385e+00 2.449561072474923495e+00 2.435322751721431089e+00 2.570145364157084611e+00 2.500156578370209104e+00 2.404864628612994881e+00 2.341444475280827220e+00 2.626208970310358826e+00 2.421432481911675261e+00 2.429950653479016953e+00
1.050383257290412509e+01 8.832686737899122065e+00 9.270895792698036431e+00 2.927793018468494601e+00 2.393925809860229403e+00 9.838542095957130584e+00 2.703799021141282122e+00 3.137841588464276299e+00 2.771982619937123804e+00 2.459375794899874457e+00 2.502110306661704087e+00 2.617868140648150987e+00 2.370903130132576475e+00 2.481730300599130690e+00 2.360655700441064209e+00 2.549391124782890650e+00 2.429059580225368720e+00 2.364900909569756404e+00 2.467249880217272207e+00 2.385816257780995819e+00 2.399320424939023866e+00 2.384432257814653955e+00 2.288356233413876950e+00 2.486703903202352794e+00 2.504094930147302112e+00 2.340601053936727904e+00 2.385314603612340711e+00 2.443786813061812779e+00 2.480543541137514296e+00 2.333623627444793236e+00 2.300965661786753547e+00 2.454908908389765276e+00 2.529597254662677930e+00 2.420984065224384363e+00 2.287542310870926521e+00 2.476419294548445560e+00 2.343118401334203238e+00 2.400949491868758834e+00 2.371791410600316841e+00 2.424487266047247402e+00 2.355816675208765698e+00 2.396505122195029980e+00 2.455469909258957362e+00 2.390494174176248876e+00 2.350539008039852273e+00 2.433128843841881217e+00 2.378615932063809613e+00 2.364782390717802052e+00 2.376669011187964031e+00 2.341013513505458388e+00 2.344986426008158542e+00 2.526281868692101806e+00 2.456255903942831331e+00 2.391504115380089779e+00 2.408209513384720335e+00 2.479021647366983938e+00 2.386319657440842956e+00 2.409295907102781964e+00 2.448382691371029374e+00 2.475026916224380980e+00 2.409122405278271373e+00 2.385776635130931300e+00 2.370301808416843237e+00 2.421888578760212685e+00 2.444772666487200485e+00 2.512746806339970718e+00 2.356827489158202837e+00 2.467168191229474505e+00 2.484167704500000795e+00 2.458744974382992332e+00 2.352728726740541010e+00 2.508057893350206236e+00 2.360885232532846434e+00 2.426001130558293362e+00 2.365560879789549542e+00 2.439886687541829691e+00 2.371046260410341500e+00 2.479558560457722827e+00 2.348642706408582637e+00 2.524423793317942533e+00 2.353617879953877612e+00 2.452154872386619555e+00 2.367824781865909056e+00 2.511622884561275360e+00 2.404819420391115514e+00 2.501622267324348670e+00 2.386067957610919166e+00 2.359582048808706034e+00 2.416356244426348887e+00 2.415749162589681198e+00 2.437183445332379073e+00 2.402306436721620475e+00 2.283064427766306359e+00 2.355692745334115212e+00 2.508222144071397874e+00 2.385855356783702419e+00 2.401398955850765571e+00 2.322415130302823538e+00 2.434251194678503705e+00 2.380548190813639664e+00
1.069769659946704543e+01 3.847546088798292185e+00 6.797287611714724065e+00 7.202861566790218717e+00 3.103999656130527196e+00 2.604131474063314133e+00 2.713959874469658029e+00 4.856345392301164132e+00 2.648110521045224264e+00 2.559469590926992222e+00 2.664060295912725973e+00 2.510172555929627514e+00 2.448679599422832975e+00 2.574494255462596914e+00 2.536665795794848410e+00 2.440297227070248987e+00 2.565294993232036358e+00 2.567783540024839439e+00 2.657024570014969722e+00 2.497780441210187607e+00 2.667746598761656873e+00 2.609211027981905850e+00 2.582216832144506924e+00 2.620210938926400779e+00 2.753454056382178994e+00 2.624150163449090023e+00 2.621763378792795418e+00 2.608710595657085296e+00 2.584578656276752096e+00 2.505035575350810451e+00 2.648869984262975930e+00 2.540550211894101018e+00 2.492573291885441300e+00 2.601410951491059720e+00 2.562795973492079327e+00 2.580003549312722910e+00 2.576770550526421566e+00 2.520755469028291618e+00 2.504444028385754084e+00 2.729878928692176299e+00 2.619294730599583954e+00 2.559347930190891685e+00 2.606122381317204084e+00 2.539201819948081251e+00 2.680007627092558575e+00 2.620144435711975639e+00 2.535085777167616072e+00 2.625332210084487361e+00 2.638409604646008155e+00 2.693273534702843364e+00 2.668400110664038483e+00 2.511946498628319979e+00 2.542071232919035140e+00 2.859752026303060912e+00 2.578395602826414112e+00 2.684801793201216036e+00 2.558502763355600340e+00 2.561166208365867725e+00 2.567153068606195632e+00 2.692918676343457385e+00 2.489086498679785819e+00 2.645730718353698663e+00 2.769516415431581446e+00 2.578050344668585403e+00 2.633211008228104610e+00 3.011549715132548766e+00 2.548573187610198687e+00 2.572489733377407273e+00 2.674740781969037418e+00 2.489264015134038388e+00 2.651426605212277021e+00 2.495550052564719401e+00 2.536154715973755192e+00 2.609901893395802031e+00 2.566562219837615899e+00 2.615000473168389128e+00 2.714716370352383112e+00 2.585448434537854556e+00 2.512802487509003591e+00 2.663304323677358809e+00 2.565799963833956809e+00 2.769839156753029830e+00 2.552022976402578358e+00 2.556301349863923544e+00 2.669332028411585345e+00 2.663561085431739972e+00 2.582250694673636549e+00 2.618388471572563159e+00 2.539145266033451698e+00 2.648434135112268883e+00 2.626756879995608696e+00 2.437000168757191609e+00 2.496380557273996104e+00 2.517561569244696873e+00 2.574007437969076051e+00 2.591741279384185415e+00 2.581375156291599637e+00 2.681268919028084508e+00 2.571306464898174937e+00 2.581016108753352079e+00
1.044391474764922556e+01 3.528043351707787156e+00 1.010748318968147963e+01 7.071501485232648321e+00 2.938258634559039351e+00 3.074392634527436385e+00 4.445742328002534549e+00 2.295922937732318037e+00 2.433122909171827608e+00 2.973824763092501211e+00 2.410463989808641294e+00 2.555635270424957639e+00 2.354441228149265708e+00 2.404125936740431069e+00 2.365727225100171971e+00 2.535524070005992225e+00 2.337774754598222593e+00 2.439588033998834504e+00 2.425324054524816031e+00 2.400889796069983539e+00 2.323098839202831112e+00 2.370180147680742699e+00 2.493687613462579389e+00 2.437479829736824311e+00 2.398569863726352391e+00 2.374920029013320999e+00 2.533998859802196524e+00 2.380886641555818972e+00 2.383982444734408901e+00 2.426222284292352427e+00 2.385805610284722711e+00 2.364015247338804304e+00 2.441373846037634188e+00 2.358312902162814861e+00 2.407075293207990629e+00 2.404547123765123029e+00 2.378759585988932557e+00 2.400725370799672742e+00 2.394525386084770169e+00 2.421330894324285943e+00 2.459080806888382931e+00 2.346160443384071481e+00 2.327893005311489016e+00 2.396324114758392465e+00 2.425864284048820263e+00 2.417983914963130143e+00 2.459500073872763259e+00 2.297411492621076246e+00 2.327789323134668908e+00 2.360649591221891441e+00 2.404413942787153591e+00 2.390328527062103525e+00 2.438210492349903724e+00 2.371761213602690432e+00 2.359268034943218684e+00 2.447880688104135949e+00 2.387804023150739585e+00 2.330245054693057316e+00 2.374953018796854831e+00 2.350718269985297315e+00 2.365634015870504925e+00 2.351953903200297180e+00 2.382601063004855302e+00 2.393065806349803371e+00 2.308731875748469609e+00 2.335828531918854534e+00 2.355746855561075215e+00 2.366696845457471277e+00 2.387038799812053469e+00 2.463168572711533333e+00 2.406258228780894015e+00 2.423710173368453624e+00 2.307429215671687128e+00 2.419294080652039547e+00 2.347777640973699231e+00 2.284613900297674416e+00 2.352539864593538699e+00 2.290676340306627257e+00 2.328556117415427895e+00 2.425600540329669652e+00 2.379481346596931335e+00 2.368483355692748038e+00 2.327593828121135910e+00 2.484932927838686911e+00 2.375546485802222829e+00 2.347540603269790527e+00 2.402947904734775708e+00 2.457936811960976353e+00 2.444287070837513731e+00 2.324175283621097154e+00 2.347897730767726454e+00 2.326753199562944019e+00 2.440360937498766702e+00 2.456668887158919734e+00 2.397204365966648876e+00 2.466148998922315094e+00 2.396130016137813623e+00 2.409344955405284594e+00 2.399573695711020527e+00 2.367105988592936860e+00
2.826036118433393085e+00 9.025791126695171585e+00 7.711985041355263526e+00 1.009327489137649358e+01 2.567726113364614093e+00 2.818112635715253944e+00 2.595211315874395464e+00 3.071176741554818790e+00 2.849581049125769816e+00 2.936350114489423735e+00 2.602380746397478628e+00 2.666289462714359626e+00 2.564576199959064162e+00 2.666216501182522958e+00 2.569309622974230933e+00 2.688140917852007039e+00 2.478488574356868313e+00 2.611800987812979091e+00 2.645873848631464131e+00 2.467209908468969815e+00 2.554227357229281736e+00 2.605117676586940156e+00 2.537734734600987530e+00 2.602267813117339568e+00 2.586528369938504657e+00 2.565413337534871552e+00 2.545961932786579673e+00 2.614787872341172381e+00 2.501484024421921859e+00 2.630078549734477189e+00 2.535450410277678923e+00 2.696325875150745954e+00 2.541795445310658152e+00 2.517124323701036115e+00 2.650502542175095400e+00 2.574319706343370928e+00 2.590178541119755984e+00 2.654865921057503630e+00 2.742406493528135591e+00 2.664989769972603728e+00 2.607371454814384482e+00 2.533903730532218290e+00 2.685658480278376725e+00 2.751124000189633101e+00 2.588426940708324686e+00 2.542551941193383236e+00 2.468139557077966728e+00 2.513634737709472766e+00 2.536414619612282539e+00 2.638352527084021570e+00 2.564650906982092859e+00 2.481228297332237265e+00 2.651216971720086857e+00 2.559499089728141552e+00 2.580136730290692348e+00 2.541212625801562819e+00 2.526277330415001909e+00 2.556716776767681054e+00 2.548766588034300895e+00 2.677522745831259154e+00 2.659454817401951665e+00 2.734799293814034193e+00 2.760454174259613147e+00 2.638385342318435800e+00 2.552205729330407902e+00 2.701336831265482186e+00 2.719946211062628461e+00 2.574483258868085489e+00 2.708333109062293076e+00 2.557191724921094700e+00 2.520600643959538534e+00 2.386026764018782220e+00 2.420984239773503521e+00 2.777513557878033446e+00 2.609207013352163873e+00 2.617970600981136542e+00 2.640693754420198047e+00 2.559482682110933993e+00 2.695082736323619610e+00 2.451904743498769079e+00 2.651381920637755130e+00 2.653813040770333309e+00 2.647469925777665267e+00 2.940668459699071313e+00 2.518546724473607501e+00 2.624754103401611527e+00 2.579944551710424694e+00 2.570765188079455754e+00 2.810558848031635470e+00 2.886418942541911559e+00 2.648852529351053420e+00 2.823974867884454731e+00 2.538865638344451892e+00 2.568104535855095794e+00 2.529351140404569431e+00 2.654814079969093576e+00 2.628451751943292169e+00 2.693158332284154355e+00 2.751590395436204428e+00 2.443337698178044359e+00
1.064938978162305006e+01 4.907847506321709297e+00 7.253212703918587856e+00 5.683776640686494908e+00 3.395829375858964383e+00 2.392085887594469273e+00 2.423435607603911635e+00 2.926315634723366976e+00 2.337136952116571464e+00 2.722338755839857516e+00 2.370617742322642219e+00 2.384607156032118258e+00 2.316671591534696706e+00 2.565535172820090803e+00 2.352343147736171147e+00 2.359749092315805097e+00 2.522573049006790580e+00 2.549008164015309497e+00 2.419570741006012327e+00 2.477400958794971686e+00 2.463678605237911157e+00 2.425480275986523271e+00 2.450248796004673491e+00 2.361983146492776964e+00 2.381080565627278656e+00 2.580368880619262395e+00 2.516122586305798770e+00 2.380598984607334767e+00 2.358714714235272680e+00 2.440214665336855493e+00 2.341260151410924806e+00 2.333418532229702969e+00 2.376026670429213006e+00 2.404406786273265428e+00 2.344839979297128174e+00 2.427201679400328604e+00 2.427994830598091180e+00 2.319802828184489130e+00 2.423152663481646485e+00 2.270011819179715395e+00 2.316290725356545899e+00 2.393245766491725490e+00 2.355724338724695333e+00 2.337591827121273891e+00 2.437105770974323349e+00 2.360469281981731005e+00 2.633503028904569110e+00 2.445161038277477772e+00 2.354452748391134609e+00 2.403366648071798561e+00 2.394000167785019340e+00 2.318802312633086782e+00 2.362911573257939324e+00 2.565794552811260676e+00 2.398271559281595522e+00 2.365184028241140712e+00 2.431782371936173082e+00 2.351940113819878331e+00 2.441642651681242171e+00 2.370802589839902108e+00 2.329391684049161970e+00 2.350091638647276771e+00 2.475820765618620189e+00 2.335925581229143955e+00 2.378337526218644360e+00 2.335687496230519855e+00 2.395878490857008991e+00 2.402065733486208110e+00 2.379609465650442957e+00 2.422525857594506338e+00 2.378147267678687893e+00 2.410776258182936616e+00 2.480691384241498376e+00 2.318161019169050707e+00 2.427640321336943074e+00 2.427551650384376369e+00 2.436702737058030976e+00 2.374340525937491009e+00 2.329269674214823116e+00 2.490696539755524963e+00 2.417947259648092651e+00 2.397223217271525098e+00 2.416353451640441463e+00 2.383076709354745581e+00 2.341882419020965056e+00 2.507425676440370399e+00 2.398595173348640142e+00 2.378995401849006708e+00 2.386755332042430844e+00 2.386438176292797309e+00 2.414380173847592737e+00 2.348278073298519786e+00 2.339489699694616842e+00 2.432360653168168518e+00 2.434624729793647191e+00 2.309926664469570845e+00 2.362409569991045899e+00 2.318632476340079851e+00 2.434743248645601543e+00 2.372309646935298222e+00
8.463509765164603849e+00 6.148589774041339773e+00 9.843310777894380692e+00 4.380038897641773232e+00 3.544745607828271527e+00 3.915833544320073134e+00 3.807568405825515701e+00 1.032582877751054262e+01 2.339354947774574534e+00 2.505812144382246309e+00 2.505999086488937433e+00 2.556275691143397477e+00 2.392448600664220937e+00 2.436140688894123496e+00 2.392851809129632468e+00 2.363362608182018931e+00 2.463399675745388429e+00 2.381582743443291683e+00 2.318922402427114005e+00 2.684512216212420199e+00 2.296971454291508064e+00 2.321886071922449890e+00 2.394669389108131430e+00 2.354092653558171655e+00 2.306709724202237854e+00 2.418702010039625261e+00 2.463053021194605563e+00 2.396340173277361263e+00 2.383591978354700380e+00 2.374812681304997231e+00 2.391475314775417527e+00 2.364859890526738617e+00 2.342565778822734313e+00 2.406407119179593934e+00 2.394905204968205581e+00 2.342538549160134931e+00 2.372858603915263487e+00 2.346822857291533726e+00 2.449398043597566410e+00 2.356832900180898527e+00 2.350125850274644712e+00 2.397694499893435083e+00 2.391895803603632409e+00 2.381413954445000147e+00 2.415780755980261318e+00 2.428963752758913852e+00 2.364369058403475332e+00 2.408823926284395345e+00 2.441729577142616403e+00 2.441177129180266636e+00 2.344146670195562887e+00 2.356461983302543750e+00 2.391075771841509212e+00 2.412260274794594928e+00 2.351065099085199339e+00 2.362154553727856765e+00 2.328124981090939905e+00 2.369669766056126115e+00 2.425753270808992390e+00 2.441989655330262909e+00 2.368134082905177351e+00 2.441295997130459305e+00 2.495185070356418233e+00 2.455733652978107528e+00 2.380493207841083869e+00 2.434945376525664784e+00 2.521017118158011439e+00 2.436494849057032841e+00 2.428317222821301247e+00 2.342183341702510191e+00 2.395149050087764131e+00 2.377536869408755305e+00 2.589060554011114679e+00 2.427514820520219718e+00 2.357869372850861733e+00 2.312920705511651853e+00 2.428627745704404095e+00 2.327082748300042248e+00 2.381588329015106975e+00 2.336513637211815819e+00 2.394693476886584627e+00 2.304523321934814906e+00 2.406634382132825767e+00 2.394680909350000331e+00 2.330925098061561229e+00 2.428545009421890999e+00 2.476213675685997373e+00 2.339316197870106251e+00 2.366823742667148789e+00 2.379864656462751249e+00 2.473807341528349468e+00 2.369815863668918166e+00 2.397804640387666275e+00 2.429444810131500265e+00 2.338429139246200439e+00 2.405945785857479979e+00 2.390811155376762809e+00 2.404481493296294126e+00 2.409327325944242482e+00 2.414790015179535398e+00
7.543441808223724010e+00 7.523276497577797706e+00 3.475585406710361092e+00 1.061931287379100297e+01 3.204648518356783438e+00 2.510913516940741275e+00 2.506591680748709194e+00 4.596379265189170837e+00 2.310462355716474736e+00 2.314039914464128156e+00 2.371145753408300028e+00 2.401397035810453939e+00 2.276718345438611735e+00 2.429751842032218612e+00 2.391083102904516977e+00 2.413756858942837535e+00 2.370357664134995268e+00 2.380829913092070260e+00 2.426443088928173175e+00 2.333611409006447257e+00 2.334642819751953091e+00 2.316735127414094819e+00 2.460417504043414638e+00 2.314965024796025173e+00 2.536375346060456781e+00 2.324483188267411737e+00 2.402630923534261331e+00 2.339966567888341675e+00 2.452626853205006618e+00 2.298817485776440517e+00 2.412864563845354748e+00 2.321457728383869767e+00 2.326206860819767019e+00 2.273322666873191622e+00 2.337899906316707632e+00 2.337609980229673479e+00 2.295237832439356751e+00 2.555419702262713866e+00 2.415038922223551321e+00 2.341960617026378255e+00 2.353294964083309626e+00 2.326263414734396129e+00 2.572574389700231556e+00 2.395335468547097335e+00 2.346649879114381054e+00 2.410735413689037543e+00 2.330127757684937517e+00 2.305664698625432774e+00 2.315626915056129942e+00 2.445303994006123638e+00 2.438394641670687424e+00 2.491846469352985149e+00 2.407210743324509572e+00 2.323854985987317878e+00 2.305939264389975207e+00 2.837767913834801980e+00 2.473303069122906095e+00 2.319005487807865418e+00 2.421392859261611186e+00 2.340355812424215642e+00 2.425399808842560123e+00 2.421790307606088266e+00 2.338038149219134443e+00 2.325930549564032557e+00 2.326017125927168472e+00 2.342389484212316297e+00 2.470636307679373367e+00 2.437024081986525648e+00 2.290638114049516449e+00 2.339700031383284085e+00 2.339894304552982529e+00 2.282996528158927507e+00 2.328476523017060984e+00 2.413125689327716650e+00 2.380961872226205145e+00 2.383814703030832760e+00 2.381511178304408727e+00 2.373203512974853879e+00 2.389150320507329006e+00 2.335777563576040272e+00 2.356368948621996307e+00 2.512444836363709744e+00 2.435168799398274242e+00 2.357618545766534179e+00 2.381226488690951548e+00 2.414185900677894292e+00 2.313208013361897741e+00 2.410728955371626459e+00 2.518101973317820264e+00 2.457579335364802109e+00 2.442338928117834040e+00 2.294983514372644695e+00 2.342185261742821822e+00 2.421674232441803465e+00 2.417259710667461814e+00 2.337995733783162500e+00 2.465605452965045519e+00 2.332076947699333047e+00 2.393919351542817875e+00 2.373027043815316706e+00
3.714838837138537464e+00 1.075200930340536587e+01 6.529182957369704887e+00 6.841260025830103508e+00 2.650186782818416020e+00 3.012141785744962608e+00 2.483533567549853327e+00 2.729978596239253985e+00 2.318509593760144760e+00 2.463378206203723497e+00 2.569745297575818821e+00 2.420320254923968406e+00 2.379451847795782005e+00 2.288035586681858913e+00 2.402243948136937757e+00 2.273774749091986624e+00 2.467717497307678531e+00 2.320209353083166448e+00 2.569259003729655433e+00 2.440676696855446082e+00 2.429388256216871156e+00 2.329819853038623378e+00 2.386103041983883788e+00 2.354084973396926017e+00 2.310757343727966706e+00 2.414516322160589201e+00 2.448340275935057875e+00 2.559852551694573819e+00 2.524040483452122619e+00 2.368826693810265560e+00 2.427917330789154615e+00 2.409502049612587626e+00 2.360343082968530570e+00 2.372732928549420972e+00 2.355415386783665355e+00 2.386461216776535110e+00 2.344656179074583235e+00 2.443333159900944462e+00 2.323727565130282890e+00 2.395671650150726251e+00 2.469685014979592363e+00 2.300648331488000853e+00 2.457603946790612781e+00 2.345775911674417014e+00 2.520379315676359866e+00 2.348719508021042124e+00 2.341727244853973211e+00 2.427097997223508496e+00 2.385051383540548020e+00 2.430035833449199156e+00 2.322707674626645957e+00 2.399212204485103861e+00 2.340958181434663832e+00 2.382637543770773636e+00 2.876491985033298171e+00 2.336256177260957578e+00 2.461151657638878554e+00 2.375024060288379868e+00 2.412419289042209591e+00 2.403436642268608203e+00 2.342776983256997347e+00 2.347493300458480370e+00 2.381726048270175866e+00 2.510693235952278446e+00 2.501655606206120819e+00 2.417376484028224137e+00 2.370735737527238651e+00 2.370661205053329113e+00 2.404286172831880286e+00 2.451974912244697880e+00 2.415328848310585474e+00 2.456391877706708193e+00 2.330930334535138204e+00 2.433162531821892127e+00 2.430038451685987422e+00 2.301958671726029415e+00 2.557377096085712509e+00 2.376217801714765265e+00 2.314486760209346627e+00 2.552692372274809607e+00 2.383480790565753793e+00 2.394221321519078849e+00 2.418475968930227982e+00 2.400916502085225002e+00 2.511489179935948446e+00 2.473967228521560369e+00 2.361666165292262587e+00 2.323080162447074049e+00 2.545389586224637846e+00 2.390796667799867325e+00 2.403495116223548944e+00 2.499773792151746665e+00 2.372043634077598107e+00 2.440669365792438761e+00 2.420467748929714169e+00 2.368366407782867000e+00 2.328796471552601943e+00 2.455555612876497040e+00 2.355323748496071623e+00 2.456077689292101685e+00
7.552247462190430305e+00 1.055064245750163998e+01 5.779389062626608009e+00 7.052062997119179499e+00 5.623516350059673208e+00 3.845705293786936263e+00 2.633358851332088690e+00 2.654032449013199901e+00 2.946951878892964061e+00 2.707506444433639636e+00 2.785838503570392088e+00 2.476924614248604328e+00 2.546143812968812981e+00 2.673075583371622432e+00 2.757088867240938601e+00 2.456566426825934180e+00 2.492177763581275851e+00 2.702419384902920996e+00 2.606093755261650990e+00 2.653073301603054102e+00 2.541190108965182937e+00 2.633741986648789446e+00 2.712143167236755303e+00 2.611410172335032698e+00 2.619163644211045305e+00 2.879254050295928291e+00 2.774736655940269525e+00 2.590804125163061578e+00 2.625672231768739540e+00 2.584532749858395650e+00 2.761500247131133623e+00 2.597557430585910154e+00 2.699945500236133000e+00 2.740647212955458212e+00 2.557733176288933485e+00 2.595276946343224367e+00 2.531390572313604537e+00 2.580628086061313109e+00 2.527865901949076566e+00 2.757930368544726285e+00 2.864650223686777242e+00 2.786012878140498472e+00 2.566425024229904484e+00 2.759634666144847426e+00 2.586705537294518908e+00 2.697684914593038830e+00 2.601436435662466629e+00 2.761043801184357882e+00 2.692358024572503616e+00 2.707272548613876673e+00 2.551336125618424600e+00 2.707361219566443822e+00 2.637925405389276001e+00 2.846031418237192412e+00 2.777121171458013738e+00 2.638101525450574858e+00 2.639594793165552122e+00 2.649091137997034995e+00 2.623084890174454564e+00 2.667074933750875676e+00 2.858227165197503528e+00 2.486521324823642409e+00 2.662303982675075176e+00 2.623092395786581044e+00 2.676394460324583058e+00 2.647272859822059399e+00 2.917646478167895463e+00 2.674219927397267327e+00 2.881869319749289282e+00 2.629665217420150025e+00 2.744087401546280613e+00 2.509430547623798358e+00 2.567470922552305801e+00 2.497915018581110758e+00 2.611196349663980953e+00 2.561551612821118429e+00 2.708087867549780814e+00 2.731104787156499292e+00 2.516456847869116498e+00 2.484625023192372772e+00 2.727437335612444613e+00 2.631832768382697196e+00 2.554137988080238397e+00 2.590398298460861337e+00 2.570971330589261417e+00 2.374995957880184250e+00 2.761331632681961246e+00 2.844905576418185866e+00 2.699037844816158493e+00 2.739077492726259777e+00 2.615448889855680470e+00 2.868490653407984592e+00 2.720336677442336537e+00 2.528272077749515123e+00 2.745186362800926538e+00 2.626345118623355290e+00 2.670464852195361338e+00 2.497602750206815436e+00 2.524273681075408504e+00 2.518836999658880416e+00
1.049889073824060226e+01 4.633468160238758848e+00 7.462573201286381241e+00 5.129008571443885778e+00 3.265967623940829068e+00 2.468729184002711463e+00 4.598111141550129233e+00 3.158261042627794613e+00 2.572088444952306929e+00 3.195086717605590376e+00 2.731657584217087820e+00 2.517380561808059802e+00 2.503136480933632946e+00 2.588813043360052024e+00 2.528555545519137748e+00 2.475483536720275435e+00 2.541170908562067954e+00 2.537852729805584406e+00 2.541172304955021666e+00 2.741371766349364858e+00 2.587570253631163997e+00 2.485959625757973690e+00 2.454682867280367997e+00 2.691506573968919902e+00 2.424191405290159640e+00 2.432351925712207041e+00 2.450820968017495716e+00 2.493834234722729359e+00 2.471615004590872910e+00 2.608700820906408868e+00 2.430680966993858050e+00 2.458045556062254278e+00 2.588391507237121747e+00 2.466652049483923914e+00 2.477368667207914932e+00 3.105108741234088310e+00 2.466387782117415828e+00 2.464030845360508870e+00 2.436962291598319563e+00 2.343132888911099165e+00 2.454876791351827681e+00 2.390594365370684482e+00 2.540963544208427738e+00 2.544570950855468805e+00 2.567170348968998983e+00 2.343605393376843260e+00 2.450557049749226390e+00 2.419114818706594505e+00 2.423604920249560646e+00 2.364722520369907599e+00 2.409317551193566054e+00 2.370455411641761767e+00 2.434682854650349171e+00 2.398849491415352642e+00 2.468363678147052820e+00 2.346054317519582266e+00 2.374356409907340648e+00 2.366775916208480712e+00 2.519643765687942238e+00 2.598283904020128432e+00 2.342299940514153356e+00 2.323099886497546507e+00 2.382168530287413599e+00 2.404180046967391071e+00 2.238813084158403743e+00 2.302889891277099199e+00 2.453032679907206415e+00 2.448058902754865596e+00 2.406008099893043539e+00 2.383412192761897863e+00 2.334623095701480633e+00 2.418831700035210197e+00 2.354782122579114123e+00 2.487433867618955130e+00 2.308413323605882361e+00 2.454839088742075237e+00 2.291284993085367816e+00 2.505478755564524818e+00 2.346949929050330397e+00 2.305554383582081979e+00 2.371324317157268435e+00 2.378260724606184873e+00 2.395127405996980041e+00 2.369724923577801512e+00 2.303772237074785956e+00 2.407726186873583529e+00 2.399568808335682313e+00 2.474437638397874117e+00 2.418270524616898953e+00 2.550046033078226415e+00 2.291977080343098105e+00 2.424450436183090751e+00 2.555794459221691461e+00 2.300435905209902820e+00 2.309139622490981480e+00 2.337498268793368972e+00 2.387579552983415176e+00 2.327359757752253788e+00 2.405892199277877452e+00 2.372139112445814657e+00
1.032522274296859166e+01 6.696156644821166459e+00 9.688390754420181494e+00 4.124956654885719054e+00 2.756227467337558856e+00 3.383934551580198402e+00 2.583335342900506149e+00 4.960051307801542464e+00 2.869517176778151768e+00 2.795675742831723376e+00 2.467338027522481436e+00 2.374648605132924750e+00 2.610204561568539638e+00 2.383815052129071077e+00 2.483701658351667785e+00 2.536152272286086085e+00 2.640815240607178982e+00 2.561318066099594226e+00 2.505312584803021991e+00 2.604088185881745954e+00 2.502486634562754997e+00 2.459668339223696876e+00 2.389846946042159193e+00 2.516226617580857639e+00 2.488236793567394134e+00 2.901284767379020746e+00 2.573385868555512879e+00 2.525553300668453183e+00 2.595067661949272519e+00 2.433157295348315152e+00 2.443942336327042941e+00 2.523118165906133026e+00 3.296853392391368764e+00 2.593124581154050201e+00 2.406476589729045656e+00 2.345441650111099730e+00 2.482520135363627922e+00 2.387326805858776435e+00 2.821255218057796554e+00 2.613932232558727087e+00 2.722094212523821888e+00 2.440597626104436646e+00 2.657315892494957588e+00 2.712311956235046839e+00 2.472797400324509010e+00 2.461100689296064292e+00 2.594886305414396688e+00 2.925914171749147474e+00 2.510106052715202818e+00 2.498703631501772993e+00 2.383790789801498722e+00 2.563840649970646535e+00 2.504087773633413949e+00 2.625416517309073328e+00 2.485875667631626040e+00 2.519748669708596900e+00 2.597607875281366496e+00 2.523452776567689071e+00 2.459380333176974354e+00 2.438064569286231276e+00 2.842610604598604152e+00 2.767056669243450617e+00 2.368727375361425747e+00 2.504347502722822139e+00 2.586789320871747400e+00 2.521984120278522479e+00 2.534937061318035756e+00 2.487987537425139450e+00 2.581363112402373261e+00 2.630495198482069252e+00 2.547057926706198572e+00 2.618878430950230207e+00 2.394559074064780635e+00 2.448358952690814938e+00 2.690827228796893067e+00 2.350229183353226503e+00 2.626281233645718416e+00 2.534218442594182719e+00 2.686585161552346612e+00 2.417628532956386245e+00 2.414119048365230835e+00 2.734237769297484633e+00 2.548848626120336913e+00 2.449294535969865461e+00 2.420207845291186821e+00 2.826984967445504981e+00 2.381800929842323722e+00 2.373829795214636551e+00 2.677366000722194439e+00 2.467783825972984513e+00 2.559663340449332747e+00 2.472708031175465226e+00 2.791565460172192648e+00 2.666879962384700598e+00 2.587897184131473960e+00 2.509125784861629960e+00 2.470869330753540094e+00 2.546760669556157097e+00 2.394912012383855426e+00 2.740822285722041673e+00
1.045246206891947693e+01 5.172154670028850099e+00 9.647139910171770083e+00 5.363168309474812823e+00 3.025858204631969528e+00 2.443576306824026378e+00 2.563063557291852756e+00 2.937704266556377952e+00 2.571850010855444513e+00 2.609280673080477175e+00 2.589431645438588614e+00 2.354901863274903029e+00 2.517403427742678446e+00 2.439831006372796818e+00 2.383314968902488840e+00 2.427613964419940373e+00 2.573128583153773796e+00 2.437281891035622206e+00 2.370548446322309211e+00 2.646194669912600883e+00 2.656082702967626830e+00 2.473722859754644343e+00 2.689009823367513263e+00 2.519303220356332584e+00 2.369124649156784113e+00 2.494424385294832014e+00 2.541483002387243673e+00 2.529233145199972554e+00 2.396664485540882961e+00 2.356463205146378304e+00 2.440269648309411288e+00 2.427764774858951480e+00 2.432165507252873837e+00 2.480817408705579652e+00 2.445728148365842625e+00 2.625452648976753345e+00 2.452145621283300603e+00 2.367610784645738153e+00 2.407631581250963215e+00 2.352579312694483615e+00 2.476111040803892660e+00 2.590740589283663464e+00 2.532441008913105751e+00 2.380718550754004070e+00 2.459475287897833429e+00 2.364655842606363301e+00 2.565626811107684535e+00 2.452454224126092264e+00 2.452830202928904413e+00 2.407753940183540831e+00 2.540968780682004269e+00 2.471029566844989311e+00 2.479322395499409915e+00 2.486686971937787760e+00 2.523731706060211799e+00 2.548418362541445159e+00 2.651175603578830309e+00 2.332949693295462090e+00 2.513394383572298718e+00 2.375499182990912672e+00 2.549533033216821565e+00 2.372107693604354139e+00 2.532255986846726259e+00 2.490394220681025672e+00 2.442877586699764958e+00 2.455646378418494535e+00 2.333683672341806847e+00 2.596637033080232193e+00 2.351978165527869535e+00 2.396566214386758986e+00 2.513305363521493252e+00 2.535179160946401833e+00 2.494591603351050235e+00 2.395541261958664681e+00 2.530458305467818914e+00 2.391224836789328290e+00 2.443520102007635586e+00 2.566747940100472469e+00 2.542967193548021587e+00 2.607934026625649437e+00 2.409442877461170252e+00 2.363070587505553988e+00 2.406190678271753924e+00 2.457653867838711204e+00 2.551350089547962607e+00 2.533317943688096374e+00 2.518179124028518068e+00 2.475868766626406980e+00 2.464274341381829103e+00 2.706362449506233059e+00 2.534975811222503594e+00 2.376182019145324009e+00 2.505213790001540097e+00 2.435517199440248692e+00 2.389872081115327784e+00 2.351931560913036456e+00 2.398802363153161643e+00 2.459081155986621248e+00 2.362793927151581208e+00 2.537340602689775793e+00
4.978061984119743322e+00 1.029916465405760029e+01 4.247627332189987115e+00 9.167448209894113020e+00 3.577058838975840427e+00 3.530042288221161506e+00 2.411543227012814761e+00 3.011103218485569055e+00 3.997927486074381420e+00 2.907786198422826374e+00 2.434776587527373692e+00 2.412503770815914717e+00 2.463273127633949677e+00 2.361458975487741530e+00 2.488102041647351825e+00 2.481429552466704713e+00 2.440514191625446916e+00 2.595630233760537475e+00 2.305802243331382950e+00 2.438366888360730123e+00 2.547912519193928471e+00 2.571141865078744981e+00 2.405234498196634707e+00 2.478809046539766747e+00 2.506771989988869187e+00 2.440304732682375910e+00 2.465138359521997113e+00 2.380020877924458489e+00 2.362850481066210317e+00 2.503859114287227960e+00 2.351568324195927318e+00 2.446257904942693351e+00 2.501571997178011486e+00 2.354004331703843711e+00 2.448685708642005743e+00 2.514171825349330813e+00 2.609674979540808071e+00 2.542695071471148260e+00 2.351472496729472450e+00 2.539012434153721021e+00 2.518557895617238085e+00 2.425550270183332913e+00 2.498941541951277934e+00 2.326163747187318442e+00 2.603019945272083469e+00 2.443129635627927065e+00 2.509646988531638812e+00 2.475185406824637724e+00 2.362778217730850727e+00 2.353417323015886797e+00 2.562124133932178971e+00 2.536544484156986634e+00 2.431954477367729961e+00 2.459672702951677614e+00 2.549650155675822205e+00 2.455192725257626662e+00 2.436460288331426138e+00 2.441425163478686766e+00 2.326336550815351956e+00 2.301713953860874629e+00 2.368420343460707400e+00 2.414778320388546895e+00 2.353371765695769113e+00 2.379836030407198155e+00 2.424708419781306468e+00 2.365993761605229562e+00 2.391320140608425682e+00 2.392619309702823660e+00 2.380666011469117382e+00 2.348536929642331739e+00 2.365182108200829525e+00 2.363291566690493894e+00 2.492919073690627929e+00 2.434632060856654512e+00 2.426772986763510165e+00 2.347201105232896268e+00 2.383814004834355682e+00 2.412361338734626326e+00 2.367100752119359885e+00 2.397423599660396309e+00 2.380383590994209708e+00 2.350414729066963471e+00 2.322700518112757795e+00 2.366984676955075084e+00 3.383552987205570961e+00 2.482412613106184551e+00 2.369040865579555621e+00 2.369465019939274608e+00 2.469707008168614770e+00 2.376545779509790624e+00 2.285902770994038047e+00 2.361723591952487933e+00 2.308436538638739322e+00 2.487605973050512009e+00 2.471566305386608597e+00 2.516470462700416189e+00 2.337958903919005849e+00 2.381826064915492314e+00 2.462119183406747513e+00 2.340066759082777725e+00
6.667622053006598826e+00 1.002676190220076435e+01 4.170119493994219440e+00 9.824434337944818907e+00 3.096670687712471892e+00 2.494427352629858596e+00 7.499547592113756878e+00 2.506001006529248620e+00 3.315729832340930550e+00 2.721326196399227904e+00 2.467300848560086468e+00 2.565005067145002204e+00 2.637965551686697552e+00 2.500009258913582499e+00 2.847312259674072088e+00 2.600744173855616737e+00 3.007731278600363822e+00 2.710763705547513336e+00 2.720776366673666402e+00 2.463922974004827626e+00 2.459163368621776424e+00 2.454547591712967769e+00 2.819999511694085914e+00 2.579228551223359922e+00 2.700088455964778866e+00 2.621835991226393325e+00 2.662070610502670132e+00 2.467899552039030997e+00 2.487210444746346116e+00 2.741120241068560226e+00 2.559254022764748449e+00 2.550951593908770132e+00 2.533371181169460140e+00 2.632082024524951436e+00 2.349509866432896832e+00 2.599545021406535206e+00 2.527103645945417032e+00 2.711969316314006395e+00 2.605590181052684695e+00 3.215034540048960832e+00 2.596424083154776685e+00 2.591377693568837959e+00 2.552001332311794268e+00 2.398641603414354506e+00 2.394986195759526204e+00 2.513151062100097644e+00 2.519897734656415977e+00 2.543333572149276467e+00 2.589550338839662125e+00 2.568812856180914483e+00 2.510697425131140026e+00 2.450791992863704305e+00 2.591846183404840076e+00 2.533042679727077306e+00 2.488098899763205640e+00 2.466445732424998649e+00 2.561179648648047813e+00 2.417872378075944795e+00 2.555515355180049575e+00 2.502895952247339739e+00 2.567775859863593357e+00 2.527237525119863548e+00 2.640343085239673204e+00 2.580318785022044814e+00 2.466348683114709228e+00 2.458743228891799859e+00 2.444151620720994789e+00 2.389188023117081450e+00 2.385686567785410883e+00 2.499768206579931817e+00 2.427414803874903271e+00 2.524057414716687653e+00 2.618599501457707479e+00 2.522828938015575950e+00 2.586437604396507606e+00 2.542919890736710986e+00 2.644458429823661305e+00 2.487255129320868008e+00 2.475926193286632326e+00 2.589584201368792193e+00 2.453189948663629050e+00 2.401142368645503566e+00 2.426913847902725241e+00 2.412800678867717874e+00 2.494473084499095883e+00 2.447781020557057818e+00 2.505600241751506196e+00 2.513465774162062072e+00 2.517096570391079258e+00 2.438736059747892870e+00 2.626248592960423345e+00 2.398751918457705301e+00 2.556549384162343674e+00 2.426108827364855447e+00 2.466545399972076780e+00 2.564609713389955470e+00 2.566584213026638306e+00 2.554121755012150441e+00 2.539231842396588057e+00 2.497787074076717850e+00
1.055738005350375808e+01 5.675069432423032190e+00 8.568371894030734737e+00 7.155852696196785878e+00 2.893849847645594942e+00 2.458721584801015769e+00 2.658301571371226135e+00 2.479488042613555265e+00 2.404692697730557605e+00 2.426407655456970236e+00 2.539907871135349549e+00 2.483717542321517424e+00 2.334880555652338874e+00 2.352652274226319840e+00 2.555778575251842266e+00 2.628164094994807964e+00 2.397414872204434833e+00 2.566848131294908075e+00 2.422991380095481428e+00 2.523170181543662238e+00 2.386085412522842120e+00 2.587534296512603582e+00 2.435067910007361558e+00 2.449506264051486415e+00 2.528914942155624068e+00 2.433204074512267834e+00 2.393076453846076035e+00 2.407927965655408897e+00 2.612213447381710019e+00 2.398075191522466287e+00 2.429081747963510285e+00 2.491855720456304102e+00 2.532050193435158914e+00 2.515833532964360852e+00 2.328700818635266234e+00 2.560506761793432506e+00 2.444628838012957939e+00 2.358977061561469135e+00 2.384318975436276133e+00 2.390430463747731160e+00 2.670082938722495136e+00 2.382842638985863903e+00 2.579750802188083725e+00 2.397300542531342060e+00 2.469475381487402199e+00 2.550534421513820149e+00 2.710969848057318998e+00 2.473589678776674905e+00 2.506251484515337857e+00 2.391890218031817117e+00 2.426187374468507407e+00 2.520759832756272356e+00 2.521626818231467393e+00 2.384938450260408960e+00 2.692018526535609357e+00 2.540648657597344151e+00 2.500169145906793400e+00 2.405021722820298358e+00 2.510202229279896002e+00 2.384343935960325567e+00 2.534395959048435287e+00 2.512752915559143485e+00 2.453498376957301108e+00 2.437606203299143903e+00 2.576097314573567054e+00 2.667424031989327649e+00 2.482548935968300174e+00 2.459433221560099803e+00 2.484145013114501310e+00 2.466053695103217702e+00 2.507267884036590289e+00 2.482013419270514998e+00 2.525915664639966085e+00 2.440367919463535706e+00 2.613004154891803044e+00 2.387975430385819386e+00 2.463286742465249368e+00 2.408811009649572288e+00 2.444128580237256987e+00 2.446124898513843071e+00 2.510592521110484920e+00 2.593801308089288771e+00 2.416816530453747447e+00 2.392381573802437877e+00 2.404222811501601331e+00 2.429063769404230300e+00 2.462018294015834829e+00 2.573930985454854881e+00 2.461748266528392293e+00 2.519109121735753298e+00 2.413215233025879591e+00 2.521134764264369554e+00 2.423849114467357513e+00 2.537675038802212235e+00 2.404092597858658920e+00 2.506256371890676071e+00 2.316508039009981701e+00 2.366802971321960936e+00 2.475243880779578465e+00 2.393584391783023513e+00
7.858657968044280295e+00 5.335379042399340577e+00 1.040988604775790449e+01 5.150500455395928157e+00 3.394142533170765308e+00 2.412130235700771674e+00 2.811129623651504428e+00 2.479295165836810977e+00 2.346125533560226462e+00 2.422053004030523482e+00 2.452787263845574994e+00 2.390884466006837794e+00 2.286805713587793498e+00 2.376323229382777846e+00 2.550723109111703302e+00 2.394259024128831292e+00 2.439246266823390297e+00 2.453992176415590976e+00 2.385271839078130007e+00 2.405468568565516385e+00 2.395840439149017786e+00 2.425661632521399103e+00 2.500256245917287234e+00 2.350538135294256481e+00 2.356240655019365082e+00 2.387771033367206197e+00 2.419485910134068440e+00 2.315782612870479262e+00 2.448424932257882158e+00 2.357433872798393448e+00 2.558634373391496464e+00 2.357851917938939224e+00 2.360257204801871733e+00 2.461776892583945386e+00 2.337974438790617171e+00 2.365533301028711843e+00 2.358081450030721449e+00 2.460340353332716390e+00 2.667166572038469408e+00 2.366033209706174478e+00 2.594094899707827029e+00 2.321410251023440452e+00 2.365075458688982390e+00 2.369883414178058700e+00 2.531496349079855435e+00 2.349639207330243007e+00 2.386158548603797502e+00 2.423785927686197716e+00 2.610644599898107820e+00 2.458423978552735978e+00 2.294315689442486317e+00 2.612880748664510477e+00 2.374321325534376470e+00 2.424884016195247849e+00 2.365404134680484827e+00 2.379448182264278344e+00 2.432070727081134365e+00 2.398519942678253969e+00 2.479451736396756534e+00 2.339939512774861896e+00 2.481634822230914139e+00 2.367758802298841392e+00 2.384647476878659411e+00 2.363635253906249734e+00 2.456750052499359960e+00 2.430106002195127957e+00 2.372413503661237488e+00 2.482066307653640447e+00 2.398336666103066950e+00 2.441856299803174757e+00 2.362764602899551036e+00 2.455488236916476108e+00 2.313879154725321019e+00 2.550302794832607578e+00 2.420225998399586409e+00 2.320907375010950791e+00 2.405392290600414817e+00 2.396322194718081278e+00 2.322196943903791055e+00 2.369031963574474986e+00 2.410954298284546660e+00 2.342011061721834597e+00 2.410145612215173205e+00 2.297245670957811736e+00 2.501706399999815478e+00 2.365689697039538242e+00 2.382269594227445442e+00 2.402705805106409631e+00 2.392859663839997708e+00 2.406440807159604400e+00 2.366599970696301014e+00 2.497643420151595350e+00 2.425935500089464458e+00 2.353395853474222310e+00 2.390577608655238606e+00 2.371759293562379245e+00 2.304877482097724251e+00 2.459364449207124714e+00 2.300820611468676447e+00 2.354833090921927941e+00
4.742580560158038416e+00 1.035428028394435884e+01 9.000274838250257758e+00 5.564403196244403382e+00 2.865045228343585215e+00 3.008878764510154458e+00 9.406798340534340497e+00 4.537138341418627263e+00 2.746128928044746509e+00 3.018229360827084040e+00 2.813336448165876913e+00 2.614016888881551370e+00 2.642442911143960238e+00 2.497782710348737556e+00 2.453452819637183424e+00 3.218584520035776109e+00 2.826682997469244008e+00 2.469125410503354434e+00 2.475289089001457832e+00 2.686082110990737792e+00 2.433775897426851742e+00 2.758962477486708753e+00 2.711821298660902713e+00 2.471730905206038997e+00 2.774252456683536927e+00 2.601272883137752068e+00 2.568530086607768492e+00 2.539540619788498432e+00 2.870666059080896559e+00 2.721625373589581010e+00 2.758337067992522318e+00 2.709379007384694393e+00 2.800556834401755069e+00 2.551148136217018525e+00 2.658632865599516837e+00 2.932553322048022437e+00 2.820521239011451797e+00 2.412884636994065524e+00 2.584353487912950609e+00 2.396736399778004234e+00 2.554307998922364042e+00 2.556648178963825568e+00 2.583772762993286065e+00 2.660987882316112163e+00 2.497988678309424060e+00 2.535856411528998322e+00 2.689555463914213185e+00 2.517313011298919267e+00 2.446027151007076572e+00 2.633597459978070709e+00 2.520805739174628801e+00 2.535975104930071833e+00 2.502009766369030164e+00 2.390782180222971398e+00 2.562454031767515961e+00 2.519823202182506439e+00 2.467164176599732528e+00 2.509635817388008228e+00 2.482197917689537014e+00 2.391648991149047276e+00 2.377704436563212287e+00 2.491057507334084153e+00 2.546807274170990620e+00 2.509773012995719643e+00 2.436750039869341133e+00 2.484287445195789701e+00 2.418256211589122628e+00 2.448889232915023140e+00 2.589692247273593040e+00 2.468255806791371132e+00 2.509012677032371741e+00 2.421215342807358617e+00 2.499494164462746859e+00 2.425676818294771664e+00 2.529465644626781806e+00 2.538930570616804161e+00 2.488874072401687787e+00 2.488763059161859914e+00 2.506570560305282580e+00 2.421745797580685977e+00 2.461128617155140752e+00 2.398099802948277404e+00 2.464054234942485433e+00 2.398415736854075941e+00 2.579048765630557405e+00 2.472033049731418686e+00 2.504504073282767695e+00 2.440226534676962711e+00 2.580419848962076657e+00 2.414589109143306267e+00 2.440697293651514777e+00 2.661454277562683934e+00 2.422410306077578568e+00 2.450854481448387023e+00 2.452932837811009570e+00 2.408240234029703775e+00 2.446967796210584911e+00 2.597043557978909512e+00 2.489311492494467704e+00 2.449442379073849985e+00
6.399437106066735659e+00 1.036035319690046563e+01 2.595243083814094742e+00 1.003229301469079360e+01 2.697974317032715064e+00 2.800899125224557196e+00 5.703263304356870123e+00 3.297601859014609449e+00 3.224261555589478245e+00 2.859724796640461530e+00 2.613159678157033206e+00 2.603347224870632193e+00 2.681427758726580013e+00 2.873775302541666576e+00 2.914434425275901130e+00 2.674434448264795705e+00 2.590333017090271195e+00 2.762808143681493078e+00 2.786587842939228565e+00 2.595457604681623121e+00 2.560841547004107710e+00 2.574720122022875035e+00 2.506950728286956753e+00 2.680216387839152503e+00 2.788163846936718926e+00 2.723577880037241883e+00 2.489508558450073572e+00 2.629268118173911262e+00 2.713745528151248809e+00 2.635420276430146203e+00 2.581965306863702292e+00 2.574447127200405916e+00 2.504390965453509477e+00 2.737199344203389728e+00 2.643345679188596531e+00 2.681158953082972474e+00 2.664614489366268213e+00 2.625583037168814915e+00 2.728447800463643436e+00 2.586757203833809804e+00 2.590308056566221762e+00 2.508545234491085019e+00 2.636335262913128030e+00 2.720018299848868448e+00 2.762848289978915073e+00 2.622219650190452001e+00 2.616176061486375382e+00 2.568554872582698323e+00 2.688600331133809362e+00 2.667656880514374773e+00 2.606600995002121390e+00 2.730466461027490244e+00 2.699024579083097120e+00 2.642130119122307441e+00 2.638299813250015280e+00 2.684184762064752761e+00 2.703679978641970294e+00 2.520020442687231466e+00 2.730998661292010077e+00 2.812220381097546795e+00 2.618010572729439378e+00 2.611005916574905328e+00 2.610796806730072639e+00 2.742699212401077613e+00 2.705331736957204303e+00 2.654222358454917607e+00 2.715812713370240772e+00 2.660648907926575824e+00 2.636262301381291806e+00 2.610784239193488343e+00 2.804131251265262303e+00 2.673385757156486964e+00 2.727934451503999824e+00 2.630836791108394301e+00 2.572303664016312386e+00 2.697659430421631477e+00 2.790457946010704404e+00 2.628441278996138664e+00 2.687745040449602385e+00 2.540757576247741234e+00 2.765543852027120053e+00 2.690988861281295996e+00 2.593911274034401249e+00 2.647957092369424448e+00 2.691302700597664188e+00 2.675019362363321829e+00 2.715194809488181260e+00 2.799740119072897215e+00 2.750966731433210466e+00 2.779574284779614324e+00 2.630182930107773931e+00 2.569815815419985938e+00 2.511165042221545907e+00 2.839488793601249395e+00 2.654506524421017311e+00 2.738744802105015363e+00 2.638869890673407159e+00 2.661353562720890409e+00 2.694118003341658074e+00 2.638982998502665378e+00
1.043715201657393798e+01 4.505094265012904664e+00 8.551725493628403285e+00 6.050043530505278433e+00 3.299652811165513455e+00 2.538799484228265513e+00 2.684598268928198639e+00 4.081927155112397898e+00 2.501597830447657156e+00 2.442130341920359271e+00 2.584329923781854887e+00 2.507502478052829442e+00 2.480321514657858994e+00 2.397625029343982916e+00 2.349967883321745443e+00 2.630588233162616696e+00 2.363923609051211017e+00 2.556921697433652163e+00 2.454974887956832941e+00 2.436015537175638901e+00 2.614851931867927970e+00 2.512383045975504103e+00 2.563065477332164388e+00 2.421695352885229635e+00 2.452105824084117369e+00 2.355088979930712867e+00 2.556118946034332762e+00 2.445749967005745873e+00 2.445573323297089097e+00 2.584853571139532846e+00 2.454735406565254685e+00 2.414095309685016399e+00 2.493829347347390701e+00 2.366503968680726988e+00 2.703186353732799585e+00 2.521055693513360119e+00 2.446417617386784649e+00 2.462842165858580845e+00 2.387745025548441369e+00 2.401116535375857897e+00 2.589364094929448079e+00 2.431695795573037167e+00 2.395075564908569987e+00 2.471403974705728590e+00 2.436274044421212093e+00 2.477622287078150354e+00 2.513052441847735352e+00 2.673465177005734716e+00 2.433078573695544478e+00 2.410971927745588772e+00 2.503276992974609705e+00 2.449201675838437176e+00 2.416848647491685043e+00 2.336574380305306509e+00 2.381516589327104860e+00 2.474141428542548038e+00 2.484180621134823408e+00 2.388959887418253381e+00 2.484946193571748285e+00 2.596388475134454588e+00 2.435400426079486813e+00 2.550912320356944374e+00 2.621989070803954380e+00 2.595365093648433596e+00 2.450882409307463039e+00 2.337984737188651518e+00 2.617361599104157666e+00 2.594210276675635196e+00 2.455641316494037163e+00 2.493908592647519296e+00 2.447968486311106417e+00 2.643337649929112132e+00 2.511873187998245438e+00 2.484648587323468050e+00 2.584192728174143472e+00 2.537496125955005954e+00 2.534684488742515729e+00 2.490615025316846420e+00 2.543739573400595866e+00 2.440489580199636244e+00 2.442762733379314266e+00 2.425064325435407842e+00 2.419858921601854451e+00 2.624884491593673097e+00 2.403417092767254903e+00 2.503955290851921589e+00 2.498431858523138427e+00 2.476221704945481772e+00 2.513839832924563034e+00 2.506403167699945200e+00 2.348186958658283974e+00 2.501220629801010009e+00 2.564013628147799206e+00 2.343162387712248051e+00 2.570533386849123580e+00 2.404705090718022298e+00 2.465089485768614086e+00 2.595876173469526815e+00 2.450320884790913478e+00 2.589961576564558499e+00
