4.962041167760716576e+00 3.043293217954964103e+00 1.068434987561455962e+01 1.018298196751495865e+01 1.027847988523285849e+01 7.206969056663841577e+00 1.013777653842136672e+01 3.967193226259329908e+00 4.892516857180101653e+00 5.229628807614589370e+00 2.726595136112179851e+00 2.628269871761058862e+00 2.528489915050308845e+00 7.189914211322520288e+00 3.228268854268665500e+00 6.998835988702444943e+00 4.919463052009713344e+00 4.875096156884883847e+00 4.705303501157924728e+00 5.787070620265499343e+00 4.638428497108919579e+00 2.607846228418678969e+00 3.004798853397369296e+00 3.353795504261706917e+00 3.975968159581052319e+00 2.992387014627456487e+00 4.371439560733992202e+00 6.929417105789841713e+00 3.208425761296830991e+00 4.522648320835211955e+00 5.843009423798527280e+00 2.711519328684642183e+00 3.017865949560855743e+00 3.155275554492555479e+00 5.558195880466493932e+00 1.016886164196606224e+01 3.371266125605024033e+00 4.045751151956360481e+00 2.990708550296980572e+00 3.204209701871049365e+00 7.921773533163398717e+00 2.809819283413475866e+00 2.737913250101023266e+00 3.392462672447335681e+00 2.809051790936239357e+00 4.030523486795096311e+00 3.469374949048305012e+00 3.220201892174523017e+00 2.807660634456009330e+00 3.473663970005922863e+00 4.961287115565661487e+00 2.725673691311786495e+00 2.613736039348717011e+00 2.884671356760222238e+00 3.314218586066673300e+00 8.902872240543365123e+00 3.330478883817277858e+00 3.334109854595414202e+00 2.666507649113391665e+00 5.251798291247466111e+00 6.557042393191106378e+00 2.763483299674658777e+00 3.230208444081503316e+00 2.693712874835934912e+00 3.284886304777243637e+00 3.464520738042633941e+00 2.998205434967731176e+00 3.576709042540911820e+00 3.017259216822426815e+00 9.254112545786231436e+00 2.863323650380660279e+00 2.744402986353841278e+00 2.745488681875425829e+00 2.759301277327126378e+00 2.620826399120790740e+00 3.364883911609649392e+00 3.262894163049500307e+00 2.999615093654599551e+00 2.836452337123196443e+00 2.568866966407874486e+00 2.983327915339633929e+00 2.683462652358515221e+00 2.576285303974973573e+00 2.591115869889998979e+00 2.594510326611584539e+00 2.520365875394179778e+00 2.963700565079162796e+00 2.714700311833414315e+00 2.994196739895590209e+00 2.818793028181996618e+00 2.673365334909537427e+00 2.779869970987582928e+00 2.433283145263276825e+00 5.970402352974332416e+00 2.685402416720472196e+00 2.600148961359056710e+00 2.730345847586105545e+00 4.137335678421217189e+00 2.554324930186929077e+00 2.779815686211503323e+00
7.284276861568976358e+00 4.468753836586556893e+00 3.317124479803545523e+00 9.726096156958874417e+00 7.117905019480605944e+00 3.023263357425558073e+00 1.043086266270999118e+01 5.584889328171466438e+00 1.065929998241621846e+01 3.649593074568386442e+00 1.092358829481848304e+01 2.632000684635392496e+00 2.746057537454983155e+00 2.760897005375089197e+00 4.597304724619306171e+00 2.789057363878036266e+00 4.551641627735104834e+00 7.040728475513128970e+00 4.403529718107190405e+00 2.875347641007653277e+00 5.414585592623414101e+00 2.966874217164927163e+00 2.695509858018365179e+00 3.257544581643466053e+00 3.958878753514125215e+00 3.789784643362307914e+00 6.263756584710087338e+00 3.793976265911398027e+00 2.546514904396286916e+00 7.885220154811594995e+00 3.824128928061188759e+00 2.495998469252010743e+00 2.742670062698166600e+00 2.838487056206012493e+00 3.401705048310345258e+00 2.874790305669965296e+00 2.695276311296840976e+00 2.755860041441588137e+00 2.559700693960847317e+00 3.021892099544919663e+00 3.905556441278292823e+00 2.756757223914409138e+00 3.266937418847247976e+00 2.648604844150871607e+00 5.124902827061455390e+00 3.418589533711301698e+00 8.956153010088820920e+00 3.859035610022215845e+00 9.856087773421714715e+00 8.996233677041940879e+00 2.582642557446298781e+00 2.478704491617350403e+00 2.612605484703491410e+00 2.809494622051715407e+00 2.572969568906159132e+00 2.479949899583027140e+00 3.162589511686357824e+00 3.976532651432628906e+00 2.796954838777410135e+00 2.649041042399817414e+00 6.058491009679332961e+00 2.392630655395573402e+00 2.440700086437422200e+00 2.617267691678013986e+00 2.497888487114988454e+00 2.582160976426354448e+00 2.574673866506280273e+00 2.760201427134973962e+00 2.775983285749780372e+00 2.644190846023888319e+00 6.668952117295099846e+00 2.595559017719893280e+00 2.508494964344747835e+00 2.602649377491967009e+00 2.685474854604950945e+00 2.905292938803804237e+00 2.666952574818298505e+00 3.140770173586647562e+00 3.324811972112490910e+00 2.513576438303651184e+00 2.528404036883650008e+00 2.581308827626293656e+00 2.566711633883673294e+00 2.471610815412011330e+00 2.714950266172145632e+00 2.792795682364496379e+00 2.679350624207792464e+00 2.500763311108638476e+00 2.511048617959022344e+00 2.675561162829398931e+00 2.397862241597010780e+00 2.376325673070446953e+00 5.660451990982581449e+00 2.534707354677134372e+00 2.649088345211127571e+00 2.596220907979998049e+00 7.676596254726935520e+00 3.973326533210688183e+00 4.122518901886611076e+00 1.063116126800405503e+01
9.681436717510221612e+00 6.257752095008718207e+00 3.687687372544715902e+00 5.615801977186366756e+00 3.488595599860980112e+00 7.308559436839201950e+00 4.679412281204913704e+00 4.207771135404192009e+00 6.606485874899501454e+00 4.426506665965606047e+00 9.465276484653866618e+00 4.490995234456555352e+00 4.727792758777223270e+00 4.758805948084797954e+00 2.847619466123909593e+00 3.230380549513060195e+00 3.233506724238395247e+00 5.412931914267868017e+00 6.678193445863394473e+00 4.080112193370687201e+00 4.560317068058868273e+00 3.582766944272764320e+00 3.396112145432110374e+00 6.019262840624512556e+00 3.956557599326659513e+00 3.108248181692484735e+00 4.165465316279180819e+00 3.667376837031594228e+00 3.676039360720535498e+00 8.765468570281718996e+00 6.662984632007006525e+00 3.582767293371003081e+00 3.389363378286361250e+00 3.689650701037768155e+00 3.396077584706503227e+00 3.534979235509346118e+00 4.131662832046377076e+00 4.080384140898440926e+00 3.280055483353548684e+00 1.016609259473866267e+01 2.702958392583090230e+00 2.859109510995190284e+00 2.696723498044342637e+00 2.830164903299561718e+00 2.834957149367907547e+00 2.940015995091405099e+00 2.800051340152477142e+00 2.755852535829461658e+00 2.664055932184745235e+00 2.805420471059864695e+00 8.517557154441700362e+00 2.622380584478377852e+00 2.503356761922096219e+00 3.152361980594437174e+00 2.518134439453996176e+00 2.535658647376915376e+00 2.570949686498477327e+00 2.785984601183184139e+00 2.708284060759790890e+00 8.800833618229832567e+00 2.757931590388560839e+00 2.624074932778703406e+00 2.891164583995424309e+00 2.828217458776358662e+00 3.024615414903081501e+00 3.159670352216424227e+00 2.637404725366625069e+00 2.658348175986059658e+00 3.175804974601186270e+00 3.019453648349334163e+00 5.302785136268056476e+00 2.809724852339974710e+00 8.355836697282461145e+00 2.522567114336736971e+00 2.607281038370625303e+00 2.684124193520381230e+00 3.019064403813460640e+00 6.002121418920055795e+00 2.446756591776321432e+00 3.041784764466614277e+00 2.354008869980943608e+00 2.542021660969175034e+00 2.620306766392855646e+00 2.544988821446895422e+00 2.587578282890648396e+00 3.771743944595599807e+00 2.900945967538603121e+00 2.600528780242492122e+00 2.697413141614403820e+00 3.026595151013341312e+00 2.665833540414941361e+00 2.779990060781610151e+00 2.555606295271166228e+00 2.675499023342954530e+00 2.501963685401554560e+00 2.763437916903659808e+00 4.959741308565797091e+00 2.542716890111051509e+00 2.965200989308028223e+00 2.775481806130244422e+00
3.389024752995063228e+00 9.743134943781226909e+00 5.037941408568414658e+00 3.398795314492850217e+00 9.790091449638891774e+00 6.945436525755914303e+00 6.025245686235098042e+00 9.741214903469742836e+00 1.021522607721131237e+01 9.880379425246138325e+00 1.021895723918388477e+01 3.133735145885368389e+00 3.291224881492811782e+00 3.391669172151335232e+00 3.395818902911810877e+00 2.644388086528613346e+00 3.864106261935726927e+00 4.721191660186339512e+00 2.714810626876765109e+00 2.716502880587659874e+00 5.682665460993503004e+00 2.949780272820900162e+00 2.988542046629149240e+00 3.074091711845890806e+00 3.087170677349484915e+00 2.571572652304994211e+00 2.530911609530448469e+00 7.495554606462346392e+00 3.974412228732273178e+00 3.280988622944930100e+00 5.704481657209067080e+00 2.596990669595784063e+00 2.863146483024646027e+00 2.817653746080809540e+00 2.838859544026440140e+00 2.974013625239503522e+00 4.157551957409957311e+00 4.050965981442352870e+00 9.836394443594175030e+00 3.144748148013805089e+00 2.604607469511442730e+00 2.678849668235613990e+00 2.620791489296945720e+00 2.515133067348907403e+00 9.260038837482188256e+00 9.976664908589986780e+00 9.023584825828157463e+00 3.076981896162032992e+00 4.000391770539612146e+00 3.470795429780565211e+00 4.143018299546734617e+00 2.451506771506934079e+00 2.533050185339203786e+00 2.556640847900817803e+00 3.179909322590663390e+00 2.889680916482004314e+00 2.739056197733714448e+00 4.215248819671828073e+00 2.505676345167488606e+00 2.566349444461279550e+00 3.108411908766318899e+00 2.566605158920945762e+00 2.492307279027741185e+00 2.628215237886740940e+00 7.295311158689958830e+00 3.053646424412727267e+00 2.629289762264695351e+00 2.732939647497801605e+00 2.721670058164102901e+00 2.944117550294974350e+00 2.975761560119431159e+00 2.549172938383858611e+00 2.504812152478201437e+00 2.509655715987599844e+00 2.524412796723431107e+00 2.553369797406525255e+00 2.803368471614245294e+00 3.254613901931663555e+00 3.457049337543289802e+00 2.438468301399000726e+00 4.788414366080842477e+00 2.739949889224150947e+00 2.553908281439337014e+00 2.352766952997651373e+00 2.531428973119834058e+00 2.575135898024871306e+00 2.606723528483818164e+00 2.496015225967456175e+00 2.849198088358188219e+00 2.900067810919777944e+00 2.518426809228699437e+00 2.573938665616100963e+00 2.575791853614922022e+00 2.552467727558366040e+00 2.500682494866436567e+00 2.709685864736293581e+00 9.206375456267389623e+00 6.149282384946427982e+00 2.742788930648359713e+00 2.707583944242575757e+00
4.645564065102872675e+00 7.945479398143701744e+00 2.888716008950923619e+00 4.736949256473574010e+00 1.012425386905669988e+01 1.085392643953191794e+01 7.957850043321477607e+00 6.551831054687498934e+00 4.098128106162465478e+00 9.819375206273177170e+00 4.305902301134733712e+00 4.019156149954630664e+00 4.907670513514814203e+00 4.685837783381856525e+00 3.944777279270105907e+00 4.403797476456082549e+00 5.743621155311321225e+00 4.258961504697799327e+00 3.216336676478385836e+00 7.859030804962946704e+00 2.821544271399234471e+00 2.791405573178981747e+00 2.400609644733626258e+00 2.666234305192684229e+00 2.579195386890706931e+00 2.692906981552468881e+00 2.997765222089043835e+00 4.448646825346452616e+00 2.719297237437346748e+00 6.825140065571356551e+00 3.125092520796019180e+00 2.580486352176501796e+00 2.973715844442104128e+00 2.727593207975913536e+00 3.267306066587053248e+00 3.474465848659646472e+00 3.870878069565213409e+00 2.458992135935816226e+00 4.817951568036243692e+00 3.312991156660276992e+00 9.034740609136120426e+00 2.785439658832960852e+00 6.498615915610871596e+00 3.146196556605141303e+00 2.973049415904899906e+00 3.013135319331596396e+00 3.045842333292138715e+00 2.638055968130456730e+00 5.269006041617228853e+00 8.325139790978923315e+00 3.620879744455731686e+00 2.609566060890411432e+00 2.651907662584863434e+00 3.192276825884292624e+00 2.705830249241713670e+00 3.753442120346529354e+00 3.611158405809566485e+00 2.895776171725371384e+00 2.869480870561353036e+00 9.570133027948180882e+00 3.707827548117472727e+00 2.782250122777346846e+00 2.810255307113302070e+00 3.297473739961097827e+00 3.740940214231096128e+00 3.039105435486497253e+00 3.534131275888146906e+00 3.541837968600206832e+00 2.657681398350616675e+00 2.759397453891819563e+00 6.526990620432227885e+00 2.695231452173199926e+00 2.455345979384306876e+00 2.721927692664080300e+00 2.591597974557300788e+00 2.992487904018368727e+00 3.011128702656975964e+00 2.512969705565222256e+00 4.076168081472659743e+00 2.822011888489640796e+00 3.007879994449944139e+00 2.695623140396742556e+00 2.649114702128130716e+00 2.560974553432957546e+00 2.611952321899348117e+00 2.497225375011049131e+00 2.927029889719239275e+00 2.684898667962386298e+00 2.904562974387201457e+00 2.793878410551054348e+00 4.044203250367065294e+00 2.456783042282893348e+00 4.173868809075190534e+00 2.635643524753636058e+00 2.551797982587896474e+00 2.652243145992015716e+00 2.830822429831685305e+00 2.471558450676243801e+00 2.594910044094611568e+00 2.517428737364966196e+00
4.832820360208379462e+00 1.043251040639548322e+01 3.830527200575532198e+00 5.859482671474587789e+00 3.323491333476428000e+00 5.624916583094103473e+00 8.153507736633562430e+00 7.582389302294829214e+00 3.493108392789445737e+00 5.557402380170493039e+00 1.083839575709967740e+01 2.623029383554540406e+00 2.545200898626754693e+00 2.640454971225096870e+00 3.155746138917988386e+00 2.766855937756340644e+00 2.597283388468725640e+00 9.821792362476216454e+00 1.037933576271451663e+01 5.499002084958141801e+00 5.987909629632686581e+00 2.403877029696415146e+00 2.815189810713817131e+00 2.573541391820743041e+00 2.909493637907093699e+00 3.467224852997680795e+00 3.808262413123558066e+00 2.766651191639488694e+00 9.503139679596340983e+00 4.753469632411825074e+00 3.217187428885492473e+00 2.715013452953305428e+00 2.896270494831019171e+00 2.756933693073946756e+00 3.115267499973033871e+00 3.167442675397313501e+00 8.715916169922927281e+00 3.108486964887585913e+00 3.342346129335205696e+00 2.936157412261798161e+00 4.073967715275697898e+00 2.647519672276644531e+00 2.626027788324602597e+00 2.685176026512836156e+00 2.626232010794096627e+00 2.949048562913104909e+00 2.797172326979965540e+00 2.579665796767020680e+00 3.276439523799665743e+00 3.759338040495740607e+00 3.072690082418507274e+00 2.540245449131932620e+00 2.721269293386360477e+00 2.407132719868215975e+00 2.844822840135672770e+00 2.595086513254148741e+00 7.597250414305719346e+00 5.414102789759635215e+00 2.857629858111512711e+00 3.833903678737837328e+00 3.555096370598365141e+00 2.569106796897690614e+00 2.574095410725165678e+00 2.530964672462693521e+00 2.742205936590145221e+00 2.825031064604890396e+00 3.672855235687617181e+00 2.565684935964386959e+00 2.806959645193198405e+00 2.590620848587874558e+00 4.781515835790798086e+00 2.712791442665560382e+00 2.617458299316208770e+00 2.797619521823422328e+00 2.541799983587758049e+00 2.493664223880603270e+00 2.542041210470528334e+00 2.454427327369821388e+00 2.716481061947756626e+00 4.392987300404186612e+00 2.769610497406844285e+00 2.534512383310958850e+00 2.435082397584257041e+00 2.596574893593787792e+00 2.590479463801301563e+00 2.477060064365123715e+00 2.815276212527833888e+00 5.079959570744941644e+00 2.428292436846370972e+00 2.886234967770247462e+00 5.350339647408189236e+00 2.488702141519250510e+00 2.461891047707919000e+00 2.557738238213390858e+00 2.529952636669421828e+00 2.545799951203937983e+00 2.938928554078628075e+00 3.031237808486510588e+00 2.541620547093193849e+00 9.269954623847171504e+00
8.546863253363246926e+00 5.840352437105671868e+00 9.994778917986769429e+00 5.237131626955394026e+00 9.046685354462985273e+00 8.620071946752482006e+00 4.824728961237545022e+00 4.788751245880948915e+00 9.067353366572280748e+00 6.376308649572831833e+00 4.919160732935214497e+00 2.724770225070673568e+00 2.415308251514516780e+00 2.398978832312698817e+00 2.837804394600719871e+00 3.555287676433036559e+00 2.701223723436223967e+00 7.477418952974779209e+00 4.120192162127329638e+00 1.074293135281266665e+01 2.731614121486400482e+00 2.717642686336204871e+00 2.604739254096458456e+00 3.265822399073633253e+00 2.930038069239977894e+00 4.426594289623457357e+00 2.519311249615816983e+00 4.194327362241415891e+00 2.765134534342535311e+00 2.813737387492738495e+00 4.109514643406045664e+00 2.574483607966324250e+00 2.644486881330095240e+00 3.364895780949756610e+00 4.002083151504910674e+00 6.249821979424048379e+00 3.295950973444971233e+00 8.665643230799970453e+00 2.966373261192749133e+00 7.356908844668288872e+00 2.757761754095553908e+00 2.606424700391703375e+00 2.649740635269674627e+00 2.988864264303240148e+00 2.945200453030651921e+00 2.737794382150830597e+00 2.796944889477614549e+00 3.057305323049939627e+00 3.891865157464454494e+00 7.063886256259062080e+00 5.464132407410390968e+00 2.732841899991035106e+00 2.832241165072753031e+00 9.290515113699024496e+00 2.835133094880087246e+00 3.356375689342103730e+00 2.694332349660067294e+00 2.565325364778781481e+00 2.807632706596933314e+00 2.633144330464560312e+00 3.123942242100320676e+00 2.522597485883482538e+00 2.562247889257710298e+00 3.434340846230243383e+00 2.668060263528905907e+00 2.949941905305303091e+00 2.772897606420105632e+00 2.522322396471582184e+00 2.539864582953781813e+00 9.457527900153191780e+00 2.652387149015376977e+00 2.651688777989354318e+00 2.581532948695379748e+00 2.688277764361480138e+00 3.155552389395647861e+00 2.568313820249047641e+00 4.366371701606388100e+00 4.377837135051858120e+00 5.751247206330298845e+00 3.215695033916111445e+00 2.564888642882478198e+00 2.555555152379232808e+00 2.461469686134107882e+00 2.523257630652394390e+00 2.478638686599402341e+00 2.403508556505729032e+00 2.529760283540035015e+00 2.614267366867640607e+00 2.492169210674433533e+00 2.602410768845985434e+00 3.915548680157496797e+00 2.549180443995985090e+00 2.481948137899924856e+00 2.821073337875563247e+00 2.781548958965416318e+00 2.730264507696546161e+00 2.527958412982266090e+00 2.456551241052561618e+00 2.545550345963444983e+00 2.894671624898910167e+00
5.893447137290033666e+00 3.391392337248242850e+00 7.387171472763192526e+00 6.473489220800070498e+00 1.020039778043483736e+01 4.389536464317091102e+00 9.098518064515342729e+00 1.009504412124896788e+01 9.827976986868627307e+00 1.044731775727765211e+01 2.607327817534577985e+00 2.680067322891333870e+00 2.879177597781707121e+00 2.620750819352166250e+00 7.427647318922239172e+00 2.752400303349412436e+00 4.312096002081344359e+00 4.922070117654470778e+00 5.027223394451469929e+00 2.803090240318199200e+00 8.949418206872611137e+00 2.500946936782063812e+00 3.008048608899116072e+00 2.902316876321003214e+00 2.957093880916463746e+00 3.898874002797849680e+00 3.389085146990315156e+00 2.667313542396857695e+00 3.286541030427505117e+00 5.773633829067493117e+00 5.759989673515845787e+00 2.650210346949511298e+00 2.487659035982756617e+00 3.296031615138053539e+00 2.501037178676703832e+00 3.009609078024995554e+00 3.069193165363936160e+00 3.061475999704722284e+00 2.810019142154989158e+00 3.901394841177709960e+00 3.122228867945999742e+00 2.633735702880497520e+00 2.614777050295780114e+00 2.667258733973420615e+00 8.844408060353377010e+00 2.709038811151323500e+00 2.955450675508071168e+00 2.912727334889872122e+00 5.496056394022086344e+00 3.533612515905807605e+00 5.160031186403898573e+00 2.522931747446799822e+00 2.453672053330930858e+00 2.523062135638861392e+00 2.520045752309519216e+00 7.218478825585594727e+00 2.688385810266280540e+00 2.374075734923625447e+00 2.717132828358945762e+00 3.146872759893022398e+00 2.763107495420965343e+00 2.344722856838127534e+00 2.460080449694189486e+00 2.812982637101205885e+00 2.713218389811186793e+00 2.950848513430562203e+00 2.718340010067512136e+00 2.593359524268528116e+00 3.372885941431440049e+00 4.594627141130381176e+00 3.371701451108373160e+00 2.802016414136721867e+00 2.508024729017553245e+00 4.379352221406739076e+00 2.549605296552181155e+00 2.917086524593418773e+00 2.465987017339673404e+00 2.471883461136242133e+00 3.794290803424242853e+00 2.484903952684895501e+00 2.567196880435121287e+00 4.593567977074918929e+00 2.877109539817119366e+00 2.699010789702678270e+00 2.821331321473778964e+00 2.611124435426859680e+00 2.600934781493811521e+00 2.947217891750664176e+00 2.746438054534895201e+00 2.548068391557397394e+00 9.782820431528419292e+00 2.561232711580292865e+00 2.439658551843001622e+00 2.803195318887973464e+00 3.007536132685069141e+00 2.653564308275436101e+00 2.767813863322652335e+00 2.615058598025091552e+00 2.606041565075002620e+00 2.968625293929000986e+00
8.355077059515590321e+00 5.535231151046423825e+00 4.712177594571277162e+00 3.937571891628462328e+00 1.087743611130220955e+01 3.395088589396969780e+00 4.643216379449285114e+00 7.088206534139041004e+00 1.064965509628427398e+01 4.696784456844986799e+00 2.471898297811376377e+00 2.537958855670073621e+00 2.733603806896455879e+00 2.607163043166028871e+00 1.036260976791381694e+01 5.678887868955216689e+00 4.157881506147055539e+00 5.216194460104251363e+00 3.194045008462050639e+00 8.119300298444155572e+00 2.933599220370423755e+00 2.448063266482846334e+00 2.711656524292353598e+00 4.511061401202760557e+00 2.782082904721128180e+00 3.649701644120544763e+00 3.937184392583780834e+00 4.163463237881660284e+00 3.921810106162366694e+00 2.884079984344285030e+00 1.061102947078902048e+01 2.662824139050368188e+00 2.693670284850843810e+00 2.798080506047297966e+00 3.048807224631309154e+00 3.387461141985038005e+00 3.171447879487070409e+00 3.601139635464240207e+00 7.948584976072968544e+00 4.459122216187673793e+00 2.473774002646577319e+00 2.605476724125187715e+00 2.553658850747963172e+00 2.885658257480324895e+00 2.877333835435324616e+00 3.390097880980063927e+00 2.850154966629784514e+00 3.676271860147344306e+00 3.169849009554961405e+00 9.817439805639200046e+00 3.306907770757017140e+00 2.672979581356048406e+00 2.590307707467983445e+00 2.789761844123231693e+00 2.524875700987618377e+00 2.681031183127699169e+00 3.152964175055766649e+00 2.454728424600485681e+00 2.592309960414623138e+00 2.554567378913533915e+00 7.143626577689729196e+00 2.624432234825758936e+00 2.983163140971084815e+00 2.737397457453710992e+00 2.860116135765765844e+00 2.847342805769936369e+00 2.681962926326126428e+00 2.608607262578503505e+00 2.848108901854218722e+00 4.080759770603014758e+00 3.431711438298225225e+00 2.584334811157193545e+00 2.736570269177699632e+00 2.336141323940506886e+00 2.452318599460453719e+00 2.671747962770790519e+00 2.762529214188969906e+00 4.544636971580570339e+00 2.689746769748884603e+00 5.512278640064699253e+00 2.502450677444194582e+00 2.563947823129851145e+00 2.773757959028769982e+00 2.691696483410637608e+00 2.510998696910923478e+00 2.728190689611023512e+00 2.629630656694543323e+00 3.151636554454934736e+00 9.465061440138979876e+00 2.685917860269546154e+00 2.690015226294254269e+00 2.859771575804414212e+00 2.702029442170570395e+00 5.261773075214747131e+00 2.397978142212176866e+00 3.475945326994204887e+00 2.534139546392292441e+00 3.075167981715037691e+00 6.998026080789236936e+00 3.027681544731402941e+00
4.638448744806749957e+00 4.380313637955435269e+00 1.079415523553716660e+01 4.578928891543683655e+00 9.112216679392188823e+00 3.511308280352888112e+00 4.522755493994416121e+00 1.057663351955084785e+01 1.062866731018855582e+01 4.214280770256601194e+00 7.131140031896787690e+00 4.433649565022566463e+00 4.301438381959651558e+00 4.194256844397248329e+00 9.593648285290289124e+00 3.217410851758101487e+00 3.580238425731658403e+00 2.843226937538590793e+00 2.603640816489170007e+00 3.564865535703198418e+00 5.054235219749910968e+00 3.102838555389436870e+00 3.075512890774628083e+00 2.835092774033546092e+00 3.314890251077454497e+00 2.471694773538358980e+00 3.164130082212645245e+00 3.076344442778619737e+00 8.020410542241457108e+00 4.488363731935105960e+00 4.291281019613660597e+00 2.547904315385324914e+00 2.928820065486019697e+00 2.347788637568210657e+00 2.760269326742352813e+00 2.676311898591189120e+00 2.771788695865663676e+00 2.897865699231624514e+00 7.787944628863498586e+00 4.990672808885573630e+00 2.461324984914269542e+00 2.501998420676280421e+00 2.532295260398552017e+00 2.670752858242083860e+00 2.449604535205610834e+00 2.884674498644367979e+00 3.109852288098170714e+00 8.681132021443596969e+00 6.394451285025168907e+00 2.462068040514814093e+00 3.350890657819550089e+00 2.493457557723439688e+00 2.513152458493051800e+00 2.918648041014013206e+00 2.515024497796749081e+00 2.535633163205508467e+00 4.309035457824838211e+00 3.341366559678110359e+00 3.074580100281484984e+00 3.648321309685706559e+00 2.570779850205470396e+00 2.489639644838612220e+00 2.600773498107646908e+00 2.545947096111445429e+00 2.574522183321672930e+00 2.826449101649481488e+00 6.521320566843295197e+00 3.404226933984920489e+00 2.889338102011844711e+00 2.585076994012141860e+00 8.902390484974301188e+00 2.606802948333065917e+00 2.493155587747179158e+00 9.198425791181366051e+00 2.344750959246322708e+00 2.466749098794213335e+00 2.485260905633712269e+00 2.566442130043588676e+00 2.669555974931552278e+00 8.182263656731308288e+00 2.389156080628263457e+00 2.481879016448711450e+00 2.606028124792822087e+00 2.336337517150516963e+00 2.606485443485194065e+00 4.875514376574548336e+00 2.639495649265831467e+00 2.910257813951064421e+00 2.653249945311710434e+00 2.379187405880155204e+00 3.136640341425763978e+00 2.537076684421506023e+00 2.593042543068014183e+00 2.614427602959089825e+00 2.535535066600503207e+00 2.819855159572485892e+00 2.476050646808640288e+00 3.266501046049183454e+00 2.815104979841873245e+00 2.525424832516702800e+00
3.412829063678609387e+00 1.060299741851872390e+01 2.816130455917325026e+00 9.814690307913155110e+00 4.304895152716800233e+00 5.968068282152043658e+00 6.584043745542394355e+00 1.110403996706008733e+01 5.183441365176233440e+00 4.098117284117073211e+00 5.088445101626987821e+00 2.736029865104576242e+00 5.524308216263507099e+00 5.314940736930945597e+00 6.342172427424068282e+00 3.400824273454731372e+00 4.905246724445244233e+00 2.614554151070528576e+00 3.027491635289685235e+00 5.735891771213760926e+00 4.472768117230513596e+00 2.863031804253314938e+00 2.891919858034314395e+00 2.888059355164396269e+00 2.923486891697192558e+00 4.227534284879420845e+00 2.726310446498722673e+00 3.488913628356209884e+00 2.560874711336760257e+00 2.601218249263434146e+00 3.161861641859185834e+00 2.775485471661748083e+00 2.865096371235518191e+00 2.746837422919684357e+00 2.691894945759197633e+00 3.433923673835293844e+00 2.674478434642840963e+00 3.057030582736278035e+00 1.089997528996960696e+01 3.028780505986048865e+00 6.101923019721589903e+00 2.589883902206502775e+00 2.522290279433644589e+00 2.456758779955320993e+00 3.203851177980159726e+00 2.698074159128912353e+00 2.645297661988899485e+00 3.573333262575083324e+00 2.646747117874951094e+00 7.317770742958988883e+00 5.879462960054134157e+00 2.762639878330559462e+00 2.592211165613141244e+00 2.741061418015381168e+00 2.731790939744176416e+00 2.874323386776036049e+00 3.167908721545646511e+00 2.445797968013533108e+00 2.972391016627180083e+00 3.063884079353562218e+00 2.816983652012101214e+00 2.840788660892124451e+00 2.730648166660604392e+00 2.497331849973777107e+00 2.561338313797424160e+00 2.831500902258116348e+00 3.935044420382071806e+00 3.312327171810741877e+00 1.051507074339636283e+01 5.575926929095695428e+00 2.950656509399413707e+00 2.538914337548716205e+00 2.953785826008894944e+00 2.731900731140169292e+00 2.540987457437761776e+00 2.927083650847960961e+00 2.655061939718394104e+00 2.870479815170682514e+00 2.740246622726834946e+00 2.472528071033543107e+00 2.673281027684951461e+00 2.466290907356245565e+00 2.431199552427077748e+00 2.399610351026058019e+00 2.414267066018334518e+00 2.635400726928792903e+00 2.382531068808045660e+00 2.609212773473098324e+00 2.694971199436434262e+00 2.501363760078775034e+00 2.960716822435115692e+00 2.444349908520435211e+00 2.608990572444323419e+00 2.457137376994921851e+00 2.440797484845950382e+00 2.691261507005526799e+00 2.532858006758936131e+00 2.799004918182717905e+00 2.611077830812026601e+00 7.060944056305391570e+00
6.357397299799425028e+00 4.570390297729392870e+00 8.111381354003116328e+00 5.667283494410843225e+00 8.185518648706633371e+00 1.016403291513179852e+01 1.061883530740080062e+01 6.551491033003247644e+00 5.883735224296306576e+00 6.830380728326994166e+00 3.004511894645361725e+00 2.881376043938356890e+00 3.032366443091425001e+00 1.000969658391228911e+01 3.395039715643586309e+00 4.463401113296376899e+00 3.610389342390257550e+00 5.286435120270169818e+00 2.837918375175574326e+00 4.154398203923784116e+00 5.025706562605397387e+00 3.087045700180119034e+00 2.658297207643245397e+00 2.947789714665248084e+00 3.568628116517230886e+00 2.792982275372948742e+00 3.493388718674922622e+00 2.519935611815288024e+00 8.699430354710282032e+00 4.601499489052542025e+00 3.582969072152828005e+00 3.246105330565879576e+00 2.598010036452063076e+00 2.921040062143884786e+00 2.498838208872696143e+00 2.837615183355479243e+00 1.026596261879493355e+01 2.572809681912948232e+00 5.218576008286968992e+00 2.410790222112474623e+00 7.601686754719963801e+00 2.595074294815803206e+00 2.788671261226308484e+00 2.986214608673391169e+00 3.015133208550255794e+00 2.817173561453818920e+00 3.351838110438708274e+00 2.782837655112660791e+00 1.011072282133431166e+01 3.417219323125378683e+00 4.173168518008856687e+00 2.495076849902498228e+00 2.678957190493057361e+00 3.250359790797891169e+00 2.488182159693076656e+00 2.420559561766427059e+00 4.054440207111423611e+00 2.494511136207087088e+00 3.746699636969072600e+00 2.870544747443034339e+00 2.490051057112627753e+00 2.569946552710286269e+00 2.524306845408061051e+00 3.232345274399066604e+00 2.789963622905056617e+00 3.116062745760226793e+00 8.322510383046905602e+00 4.345594421748456782e+00 3.208144388116638712e+00 3.320404606852037865e+00 2.729218434825025685e+00 4.475398572457247148e+00 2.533268895385593744e+00 2.868187636137008223e+00 2.454051348567008795e+00 2.669957437905771780e+00 2.746318837486464215e+00 2.760535514149172087e+00 4.481849558805596878e+00 2.920170458431901483e+00 3.103943451314136404e+00 2.488712614466404016e+00 2.467441360601063227e+00 2.377760117732245160e+00 2.420534601242377626e+00 2.395396909837064658e+00 2.401694467509614572e+00 2.559950124652221159e+00 2.774455631858315563e+00 2.659483268908385156e+00 2.635979357259026656e+00 2.354682978679393468e+00 2.495598926318102428e+00 2.449702631810615649e+00 2.408550931461925781e+00 2.534269934584354456e+00 2.789961702864745430e+00 3.017594002033102019e+00 2.537872802954295182e+00 2.735742382705211195e+00
6.996241490594271362e+00 6.034072286096112236e+00 1.098253562697048658e+01 9.382003987246545051e+00 1.041942061884649817e+01 5.038820437932836072e+00 1.088158060558910911e+01 8.608824001509567836e+00 5.125947678089141313e+00 3.642444589939610289e+00 2.624140737796651468e+00 2.803887406145703753e+00 3.050929741921095673e+00 3.943190278678104566e+00 3.791031971368295839e+00 2.973572015967862026e+00 4.713754820412602520e+00 9.557430041247400254e+00 3.885911985204137054e+00 2.753392964190449987e+00 5.699222143148553243e+00 2.648609731526210265e+00 3.309838799567057954e+00 3.546159106595762722e+00 4.771673010957651506e+00 2.761492741519007144e+00 3.800907611435857092e+00 1.006733549586657794e+01 2.877828682188329878e+00 6.472514538518312932e+00 4.407833750289061214e+00 2.608105433860729239e+00 2.649570100780190618e+00 2.808807596718442490e+00 3.047520797622614630e+00 2.761443169569146594e+00 3.054703144780520407e+00 5.191432572952631830e+00 4.624898147583007102e+00 5.008375580557460793e+00 7.344690406322478715e+00 2.689999167775285471e+00 2.995941532891371661e+00 2.825881467913758716e+00 2.936068392210993139e+00 2.525218515457777979e+00 8.050823980775371425e+00 2.911733452205000017e+00 1.018043355037426068e+01 3.336577280944791113e+00 3.360354012867499574e+00 2.828673206526657324e+00 2.858081765781188555e+00 2.929116100792226618e+00 3.058938404609417017e+00 3.078577624209995811e+00 6.886106581934566151e+00 4.876067348184256467e+00 2.806773052184746042e+00 4.094683204745424021e+00 3.418270108823118214e+00 2.769545390585372857e+00 2.657891555490164759e+00 2.838933727402111362e+00 2.749968310471238464e+00 4.579424611042285598e+00 3.084123398826039697e+00 4.105558662167910100e+00 3.077389642904544420e+00 2.646789707860042196e+00 3.312873161455680115e+00 2.788871469066060538e+00 2.983501068065906203e+00 2.695033513471997821e+00 2.926504496870369287e+00 2.741572497836474387e+00 3.218382741253951185e+00 5.505551866107973424e+00 3.653076376791657864e+00 3.382592617951590164e+00 4.390492644392210764e+00 2.776448284603397987e+00 2.666104440647980134e+00 2.953313845190508324e+00 2.525200013251140074e+00 2.497440419525935429e+00 2.585434121510077787e+00 3.183633502598466336e+00 2.630056381996335180e+00 2.661187915606745058e+00 2.609790356508616682e+00 2.593224772348485807e+00 2.463164558081790911e+00 2.505534436733558135e+00 2.656122151068572190e+00 2.663013350295609261e+00 2.927212118999710899e+00 3.117532798442347097e+00 7.303898975355870959e+00 2.767125616145544864e+00
6.336476540565490367e+00 1.072568589983315235e+01 2.858783453240476558e+00 3.716138878978531679e+00 1.039345469187045801e+01 1.074856021280946372e+01 8.065213810164351571e+00 4.926610140245536229e+00 5.097554820159385436e+00 6.542918576659826790e+00 1.000471704663901384e+01 3.245421098018514527e+00 2.958792942043008356e+00 3.952758363197589553e+00 2.702050737163115723e+00 2.977731870577252860e+00 4.462550011791031501e+00 2.755896173109268155e+00 6.679128330945967917e+00 3.549835460144897592e+00 5.897655865652807528e+00 2.706881907685049438e+00 2.991498908708835280e+00 4.237859563478107994e+00 4.095559441323938010e+00 3.600035786834256069e+00 6.884171181300589915e+00 3.371878094817029492e+00 3.105860349741475179e+00 3.225906506489062853e+00 6.273757551045252789e+00 2.661408022046088728e+00 3.257590313512703339e+00 2.645025016264668682e+00 2.701699195236995088e+00 3.620333754810793447e+00 2.670803128388421044e+00 3.244458983273341257e+00 2.932120789330580735e+00 3.319165657203772657e+00 4.608063234131911656e+00 8.489323485308679196e+00 3.485743816351067892e+00 2.934507224888637023e+00 3.636620584027520309e+00 9.393948732573409899e+00 2.938144130336826976e+00 4.218839644152541979e+00 5.534523528917081769e+00 2.716080995366490836e+00 4.430482545803332783e+00 2.741921945173164676e+00 2.748614682051641722e+00 3.563297735514311615e+00 3.174660979673780137e+00 1.015484325310279523e+01 2.884804886836429993e+00 4.051607624004626373e+00 2.752336069273537245e+00 2.477387169414552837e+00 2.875316571264431076e+00 2.603778186646001025e+00 2.638398608051497174e+00 2.814182662295883652e+00 2.636378900192934527e+00 2.471396643642721269e+00 2.706642600842590785e+00 2.877620619638212585e+00 3.129410866005667202e+00 1.026088254122898391e+01 2.707944737272015789e+00 2.512125062377288387e+00 2.718735712920797187e+00 2.503932250368183787e+00 2.487215157572565172e+00 2.458063185523295946e+00 2.546044843618211928e+00 2.540195877182072515e+00 2.499539896331984146e+00 5.102855527812036662e+00 3.277480185648490529e+00 2.563587204649530271e+00 2.548210998187804943e+00 2.467388995865295254e+00 2.729639796398836804e+00 2.573637044738078750e+00 8.408325712023110299e+00 2.695108918691503153e+00 4.584753944750489474e+00 2.776956397089464623e+00 3.149185884821003700e+00 2.630876239209339218e+00 2.718450150561743328e+00 2.572296158404185462e+00 2.997443702611429561e+00 2.433085555660313481e+00 2.691039655074990655e+00 2.507018453345216447e+00 2.599727250687006830e+00 2.429174258996700253e+00
5.437293036641745125e+00 9.796820667283286710e+00 1.057905626132570376e+01 9.791697301535769782e+00 9.543728633584645848e+00 7.638894343170625767e+00 1.008962472019524270e+01 7.271023696044395024e+00 9.786236008693430577e+00 5.979244313157836999e+00 3.487476740006742570e+00 3.311527038648210297e+00 3.124838377278426282e+00 2.793632121743826691e+00 6.042662197351455156e+00 4.995839462814659626e+00 3.989617202508038307e+00 4.944854712383500051e+00 7.299733535174665278e+00 3.391375929631035735e+00 3.957363667159244702e+00 3.028236960028779734e+00 3.440541878239861351e+00 4.064075318492691657e+00 3.036760891717055433e+00 3.657326298746569115e+00 4.478886412957618468e+00 3.263279916602989328e+00 4.819738601918877485e+00 8.089163345715094877e+00 3.582768689763956793e+00 3.217826627760097757e+00 3.201619043843499046e+00 3.262968520974290687e+00 3.780883336478265910e+00 3.855769796001499827e+00 3.030234849247438689e+00 8.143846093786173412e+00 6.225101634962804553e+00 3.694388662330035267e+00 4.486499198243535602e+00 2.852083734397230064e+00 3.078560518396311618e+00 3.156118975836654794e+00 2.598038662507616170e+00 2.842016090298520758e+00 3.375737375843113508e+00 1.029864798866469222e+01 2.971148226898291611e+00 4.991193663457344165e+00 3.320682838148083960e+00 3.402409179457302368e+00 3.070245696552868164e+00 7.270925948537628969e+00 2.511363504570105931e+00 3.116657609158548503e+00 2.701815619499518650e+00 2.575680491276855832e+00 3.294841190144933041e+00 2.656673028088849087e+00 2.845681621802263805e+00 4.419836096825270566e+00 2.536918368370368437e+00 2.499226755212093032e+00 2.894532160152648803e+00 2.942621664343208820e+00 2.728274298639132844e+00 3.282921230792998912e+00 5.867066481606713069e+00 2.708353705858361771e+00 3.010707341083164401e+00 2.794156292748862125e+00 2.833391618317570693e+00 2.682626562077423227e+00 3.083045034367462467e+00 8.216376140199857403e+00 2.549328810747327090e+00 2.484826278326839777e+00 2.465395644923736196e+00 2.533567199830351058e+00 2.485324965160468302e+00 2.456695418625042038e+00 2.483035753461821038e+00 2.563012065301681019e+00 2.482702364644099546e+00 2.490906347796834730e+00 2.767071680467704020e+00 2.492521276247912088e+00 2.659544535649233765e+00 2.603211076557636172e+00 5.771294172673389511e+00 2.639329303955209483e+00 2.604811342882698888e+00 2.519609379511454694e+00 2.607055870006824261e+00 2.471445168297865980e+00 6.980832992545488835e+00 2.999926838381536953e+00 2.531573499790553239e+00 2.478923027114621203e+00
6.515209253080959328e+00 5.418231574625804292e+00 9.972269063571403080e+00 3.559543183959763102e+00 4.625177426173769035e+00 3.827426160923365739e+00 8.494114509533190471e+00 7.833531273233478309e+00 8.081057284618244907e+00 6.043373659561419586e+00 2.962821186616502622e+00 2.645249835530231408e+00 2.817869314243053314e+00 2.628594707671938036e+00 1.038098490279296193e+01 3.289964985950239562e+00 1.048223316669463934e+01 3.799776882241511888e+00 3.432803766686340463e+00 2.691294845887298948e+00 8.521232460696120725e+00 2.669280012774056132e+00 3.222930793104500147e+00 2.588655425505391072e+00 5.059517425195923401e+00 3.717525497181661809e+00 3.324377693903856734e+00 3.674751188220648501e+00 2.551046723178748366e+00 5.947898084130780028e+00 3.185317552500757543e+00 2.806949870442521533e+00 2.768239064977086716e+00 3.385017803414114290e+00 2.546206650651734016e+00 2.957626604828341055e+00 3.945293944663014418e+00 3.698951376306599315e+00 5.388057617483467787e+00 2.780858617198878058e+00 5.808451141879475976e+00 3.042277342081069591e+00 2.701277135466706891e+00 4.751620109944507675e+00 2.986575925350189120e+00 3.640073165605807848e+00 3.120744153137864352e+00 3.031093281815791851e+00 3.770797190172918700e+00 6.113169568571550805e+00 1.022209074497222758e+01 2.659724844889393758e+00 2.682011450981271583e+00 2.657272604313389852e+00 8.413478402022656510e+00 2.972850080810744089e+00 2.870040300488471807e+00 2.954478436913983153e+00 3.889943720760016266e+00 2.825195315326082035e+00 4.493995733816047888e+00 2.599215123571198216e+00 3.458993116534989198e+00 2.648606764191183238e+00 3.007457934679655942e+00 2.456097064244335826e+00 2.347052738481554268e+00 2.441461818793724259e+00 2.651887763985271818e+00 4.549476171361988897e+00 4.441122711013102631e+00 2.402028030876455222e+00 2.430990268033125901e+00 2.484607917378688580e+00 2.423983866387399821e+00 2.415805192856952832e+00 2.566328498566972538e+00 2.781375108042667410e+00 7.081104479575978772e+00 2.522722986700205894e+00 2.667726351063826939e+00 2.499901387557900811e+00 2.476954462147991975e+00 2.533785735327621857e+00 2.670001075185578276e+00 2.819482846301176959e+00 2.428147211979175157e+00 2.476465899163278639e+00 2.606825814267684560e+00 4.331155369507855291e+00 2.399651719167314567e+00 2.484293728964082071e+00 2.517300269213215813e+00 2.501487166306068044e+00 2.471004955419178639e+00 2.673304417266927580e+00 2.500914645195007058e+00 2.733332383016060074e+00 2.741522227690137203e+00 2.353465847671031508e+00
5.650851091228681788e+00 9.778995711227942422e+00 5.753584768134971661e+00 7.463317478730759902e+00 4.549530979785425089e+00 3.386652979563022026e+00 3.852936165599987195e+00 3.282524655194117624e+00 1.022927239393365717e+01 4.796404526562525916e+00 8.256426086507993034e+00 4.664035551095830456e+00 4.932563312505853226e+00 3.459877033274748825e+00 3.771510746972313921e+00 9.511770784443822180e+00 2.780486653025807886e+00 3.415497919711572905e+00 5.732894762836653335e+00 7.512662514735911401e+00 3.132186546099596569e+00 2.817555474926685122e+00 2.690283333741385174e+00 2.940955767549317201e+00 3.972364069367277040e+00 3.970235617407436468e+00 3.002442440287819814e+00 3.256988817247850942e+00 4.730033969468083299e+00 2.588588049545370140e+00 3.039935940195773956e+00 2.390834195860500611e+00 2.585601688664534770e+00 2.805977980946672279e+00 2.938410143194527091e+00 2.911472675820876432e+00 4.340526911719091885e+00 3.359438328188040668e+00 4.725565861114139565e+00 5.914186365439973336e+00 2.903435736175240756e+00 2.646818508464714448e+00 2.821148743095069023e+00 3.204375523534313874e+00 3.157199783982901575e+00 5.900524056779926418e+00 2.813128560164878778e+00 2.898637206338602557e+00 3.384556295542881177e+00 9.376154497163048163e+00 3.718898849651731009e+00 2.814593376373422107e+00 3.058241953623705545e+00 8.031898667072427500e+00 3.036432041176433838e+00 2.810142024734924249e+00 3.762994146347045543e+00 2.572128416700609765e+00 3.236745308596511883e+00 2.761867323928865581e+00 2.492784845417943096e+00 2.678038014831213953e+00 2.824844995243795509e+00 3.136954878938608804e+00 8.800114475858622498e+00 2.953121142962883194e+00 2.728190165963666036e+00 3.327818755240275816e+00 2.548368616042465895e+00 2.807035224961823339e+00 3.816357303076776564e+00 2.578612392832492883e+00 3.062724375005425603e+00 2.809880899252562347e+00 3.415149519669598011e+00 2.557794966677139126e+00 2.790649775492733742e+00 5.130366912689702019e+00 2.686126970114378842e+00 3.350172911841293732e+00 3.355227156137597699e+00 2.650305650768608690e+00 2.567828922795837965e+00 2.719610378557237862e+00 2.950952195607382311e+00 2.892436174328984588e+00 2.513529833688818105e+00 2.864118547069614884e+00 2.813190001454846545e+00 5.283569372830719146e+00 4.086962199005586882e+00 2.724035198729613416e+00 2.627690194136109714e+00 2.621721661553300553e+00 4.483371278027007634e+00 2.797504319404733319e+00 2.598835479236881962e+00 4.522142128389456950e+00 2.458154649261770519e+00 2.602674163466897284e+00
5.476906610151816679e+00 1.028390766464430683e+01 5.267662711595666458e+00 7.855260543987667710e+00 5.889392710348654525e+00 7.902447454682711481e+00 6.522894999898712243e+00 9.936754601577231227e+00 6.629774916583093258e+00 9.858383443437773508e+00 4.245423824108879529e+00 4.244801381949720565e+00 4.489050757268379321e+00 4.677048537032357345e+00 4.727691869386310586e+00 4.334775518240599368e+00 5.932821229408526520e+00 1.005816398694597424e+01 6.322426732860761511e+00 5.236655456958145827e+00 9.195934626151775149e+00 3.775607763898783276e+00 4.266826688010116442e+00 4.912912572663405086e+00 4.739475680425249138e+00 7.289300385220296441e+00 5.690773965778021193e+00 4.003416008579319119e+00 4.585662298366941059e+00 6.547355615270547879e+00 4.472329998941257045e+00 4.536999749417962136e+00 4.436807507687601237e+00 3.324187784462139028e+00 3.679715365171432051e+00 4.264017494485295323e+00 3.371869367361068459e+00 3.497576850241627788e+00 4.123435284762546615e+00 3.607525340441999351e+00 3.237175397626284479e+00 3.821620308119674903e+00 3.551147720423237786e+00 3.811108261963416233e+00 6.259794319703660292e+00 4.556471750962322709e+00 4.260105499625205461e+00 5.222425514562376136e+00 4.824997766881153005e+00 3.625492728578632917e+00 3.770868406213562896e+00 3.653114777597887386e+00 4.298899041373153374e+00 9.687360216420271897e+00 3.348887532127314159e+00 3.129551203497524803e+00 3.419233270863006435e+00 3.198718735678442115e+00 3.132749292459980683e+00 2.944247065741440128e+00 3.312968116176539191e+00 3.011885547637939364e+00 3.046384831954692896e+00 2.795782566892689225e+00 3.032935822318339802e+00 3.183334674506351547e+00 3.139297328118619834e+00 3.196337885692201564e+00 3.104003496211150459e+00 3.249672416366379490e+00 2.828410161003983792e+00 2.829166831435828033e+00 2.787425155064155113e+00 3.216932238073184180e+00 2.862637672342102757e+00 2.712672400166248110e+00 3.283062266481333591e+00 3.106646868072706624e+00 2.891064741899227020e+00 3.136796039240113299e+00 3.122441468773216933e+00 2.819287874935001881e+00 3.162516201056282839e+00 2.988603837017354881e+00 2.716023743255384648e+00 2.977654021670077977e+00 3.274470609734798199e+00 2.578497190413803430e+00 2.554412728393899545e+00 2.614072046403226768e+00 2.608327809438622857e+00 2.526277679513240226e+00 2.617807746652899059e+00 2.589890185974795145e+00 2.535618850177731698e+00 2.624281249837628671e+00 2.715559617147363269e+00 2.587878856473955214e+00 2.588013957492236283e+00 2.609643037051990078e+00
5.672737456190174221e+00 1.039831413934970605e+01 1.057489919950222124e+01 6.807653036610832764e+00 5.966294863100708668e+00 3.538237718467054371e+00 1.002391605336090485e+01 1.018803411722183050e+01 1.075096899065477984e+01 9.834773231374805746e+00 3.707642875149331996e+00 3.389301587898155610e+00 3.825364037628831149e+00 5.240688239808739546e+00 3.840256568481181798e+00 4.817113034067482147e+00 4.634320309038819197e+00 3.720990646296533644e+00 4.363424963375617693e+00 5.761242237995410242e+00 5.628936449309875023e+00 4.148607362344346683e+00 3.606504577192766625e+00 3.645739030015879401e+00 4.803073001113430607e+00 5.097097501467013458e+00 4.116414220990805006e+00 3.137212513438586203e+00 3.931274159406793256e+00 4.837288119464084879e+00 3.297037018064794545e+00 3.159725160639861308e+00 3.316710798390980042e+00 2.984473306659994218e+00 2.622619367673479029e+00 3.710314523968202938e+00 3.247592838159922390e+00 3.292682366638347791e+00 2.952358363311865741e+00 6.017554353845530279e+00 3.638699464037500331e+00 3.121982753687891243e+00 2.739343505583960336e+00 2.895445924791796077e+00 8.990979050356765256e+00 1.025865669086061516e+01 2.631449109418638521e+00 2.573525333301774243e+00 2.509477501336870198e+00 2.407799497503658515e+00 4.715549185358244522e+00 2.454636611763773235e+00 2.542762447431169637e+00 2.621923963982483397e+00 2.633960173047821929e+00 2.385206383158420262e+00 2.333231241024773528e+00 2.459451025570260629e+00 2.490544332923560145e+00 2.629302853448637567e+00 3.033797745869077023e+00 2.396438095333246920e+00 9.757393512232550137e+00 2.495120661731423883e+00 5.993220810232490869e+00 2.443800253343992868e+00 2.415515964966395757e+00 2.967197482133733466e+00 2.557518131774047188e+00 6.080161631929462906e+00 2.627792305370856507e+00 2.343917312652900264e+00 2.477786363250222390e+00 2.608449819272961712e+00 2.667131836763743546e+00 2.544451908356156533e+00 2.513017357474770730e+00 2.813570343985639433e+00 3.207377419286760567e+00 4.217340616316630708e+00 2.830607559865918166e+00 2.602050150365665004e+00 2.623089603000673620e+00 2.490343252338211855e+00 2.753506421117946967e+00 2.605683390282351297e+00 3.102232171749246259e+00 2.345761424097521530e+00 2.665319493258821115e+00 2.786524481608949610e+00 2.528700072189856929e+00 2.448354065315476724e+00 2.751439061349835846e+00 3.669095796757730454e+00 3.521690461964442687e+00 2.608489965570383706e+00 2.395709527309598297e+00 2.421393732007207422e+00 3.170227781143681423e+00 1.024037930348823799e+01
9.893438492150140817e+00 1.028994985695542930e+01 1.048857279070492332e+01 1.014875777261010370e+01 3.409927359120598744e+00 8.119083857536315563e+00 1.085881660765614853e+01 5.508141127742569587e+00 6.831676580988126801e+00 6.677430317114138703e+00 3.302997172289880989e+00 3.004807580853330329e+00 3.511264992171319932e+00 3.854163245908144741e+00 3.464468722405104284e+00 4.004587582267563839e+00 4.295445761598389645e+00 3.037830877817909947e+00 3.768609042414303278e+00 1.023520008202256726e+01 3.517920200989163693e+00 3.217619961602934175e+00 3.342083607459890082e+00 3.341255895536521248e+00 6.224135331038770147e+00 4.621018967957331469e+00 4.407835844878492004e+00 3.603764156020920595e+00 3.005256172089740829e+00 4.627511846094295223e+00 3.445436584641193178e+00 3.896184899067056229e+00 3.088521687532292948e+00 3.226578171499844050e+00 3.197693783250347810e+00 6.044247801550502786e+00 9.308264664534863897e+00 1.079960535723587434e+01 3.147296565154502623e+00 3.089734454812674169e+00 4.286051528001653566e+00 2.993298161029815496e+00 2.451307610961897421e+00 2.598869341766012031e+00 3.570109340342981774e+00 3.332216694848290306e+00 4.175361902241048639e+00 3.330346226486666339e+00 3.016962483319742816e+00 2.577191563001994368e+00 2.570274879603549945e+00 2.538659321285527071e+00 2.628550895843012380e+00 2.647150500889481783e+00 2.622617796731406159e+00 3.030084737004904660e+00 2.697243828968754809e+00 2.960430561879585198e+00 3.275376170565341916e+00 9.507510389541756979e+00 2.470095903606249976e+00 2.700552058425442770e+00 2.617218468826392197e+00 2.733718136569549095e+00 2.805244176449446680e+00 2.465408736107677967e+00 2.511985248532788262e+00 2.422023854327612469e+00 2.512784683498842764e+00 2.516219286517849874e+00 2.649855314041005716e+00 2.538502401627343197e+00 2.592908663893567667e+00 2.808441916313664244e+00 2.540475504871072321e+00 2.777917639089041657e+00 5.308007995013532820e+00 7.742064741973218922e+00 9.855751242719847482e+00 2.608090073538237519e+00 2.544689120609184396e+00 2.700375414716785993e+00 2.500413340124590267e+00 2.845331127170858565e+00 2.555929560239972531e+00 2.453790746732004369e+00 3.897487035496481234e+00 2.709363996160440990e+00 2.889164774736453278e+00 6.624516100719056944e+00 2.596101516382447461e+00 2.496265529404426253e+00 2.510496169996672577e+00 2.489524616969042370e+00 2.651876941939879995e+00 4.966032757019173793e+00 2.677894186356971851e+00 2.745380112323267507e+00 2.567554357031295975e+00 5.877518482865958127e+00
9.400996327811272479e+00 3.921195344164453367e+00 5.373854904750297479e+00 5.952869243046332137e+00 8.414825921223080485e+00 9.814468281433498476e+00 1.021446225026558174e+01 5.214900003836071996e+00 3.721094677571592513e+00 3.965325201585374604e+00 4.371758636523937369e+00 5.078948931344624107e+00 3.839050084969092502e+00 3.740400159256211499e+00 3.726318583611783808e+00 7.700172953359011530e+00 9.051303225961223831e+00 4.343559877214760334e+00 4.397908189173402427e+00 6.884133478690837471e+00 6.071685526699854840e+00 3.602309463661292011e+00 4.720538497382196219e+00 4.206173661865036273e+00 4.409208499152084570e+00 4.798058554016310318e+00 8.550524595688129281e+00 4.125925053399184250e+00 4.772981431155368881e+00 1.023314179880865638e+01 4.080154783355777859e+00 3.625607232800845292e+00 4.129531238202390320e+00 5.052210100868651743e+00 3.814269346512596748e+00 5.350858756488766410e+00 5.076813846518253293e+00 9.773080590675615298e+00 5.620241110386518635e+00 7.772709981737464524e+00 3.316256621582754249e+00 3.281708812610856008e+00 3.033952047290473075e+00 3.073819764318137082e+00 3.216089864023800260e+00 4.679345254343131089e+00 2.909118880948115660e+00 3.000534269316442959e+00 3.075595627057141179e+00 4.125478905850442857e+00 2.996300405880500062e+00 2.769890299644963250e+00 2.970256280899047585e+00 2.886013464937949635e+00 2.837455820009625818e+00 2.833640525361587059e+00 5.351264059543608731e+00 3.418476774980281796e+00 3.200668449340195121e+00 4.064688334999412511e+00 4.110877522928960914e+00 2.943848744651366811e+00 3.809457027295539699e+00 2.848882852648866315e+00 3.788330300100918091e+00 3.368539668362716011e+00 3.404157463435468767e+00 2.875549245240359042e+00 3.182519879217805325e+00 3.105237558484077010e+00 2.921988212959519604e+00 2.920291944618882418e+00 4.119355024551523137e+00 4.114275645182050134e+00 2.711161502990229177e+00 2.822242642425257131e+00 2.636620999821301048e+00 2.586910108862251700e+00 3.199643147813862498e+00 2.960955954728455186e+00 7.206447503895594409e+00 2.608118175946432693e+00 2.654549288955228015e+00 2.759168969094753177e+00 2.853956646446523582e+00 2.652762429621712492e+00 2.876647508298528333e+00 3.064758221342645417e+00 2.920760085356646218e+00 2.587650546226007986e+00 2.723016355520692322e+00 2.736358890194316995e+00 2.628099511820694456e+00 2.666680627290544781e+00 2.905009820132419485e+00 2.919311502216190846e+00 2.684345172705321136e+00 3.036746578689279108e+00 2.964141825252565532e+00 3.483195399210370358e+00
8.608952469661316442e+00 7.929756711680313153e+00 6.137130275265922918e+00 1.058052107753424664e+01 9.954043342738314593e+00 1.028704815239741777e+01 5.380468570877765089e+00 1.017951751659656345e+01 1.014260666164858549e+01 3.794000702788089541e+00 3.930851401440027981e+00 3.713294426531626780e+00 4.081845117026361436e+00 4.509360594585023918e+00 4.659367409451253828e+00 5.767309216281462980e+00 4.483619486874546922e+00 7.227781595443856233e+00 4.856294423958350315e+00 4.006626315980121866e+00 6.958843294505414612e+00 3.751938205135279425e+00 3.857350512825209243e+00 4.085894656592401475e+00 3.854920090889108142e+00 4.291055502151620793e+00 3.910420427034640767e+00 5.591530573059771747e+00 4.584336423257300730e+00 5.656874083136689713e+00 3.672414324612452763e+00 2.938405954015665955e+00 3.700211620947409852e+00 3.632331563069902458e+00 3.782004640020173003e+00 5.400484118379394793e+00 6.453025082062030293e+00 4.462253976484824136e+00 2.837792525260612653e+00 6.720756899488383063e+00 3.228464000183960181e+00 3.381788993806674082e+00 3.221833577341046695e+00 7.705501588870738772e+00 3.207378117483237201e+00 3.281357968881212006e+00 4.049604149214152571e+00 2.690989035830415155e+00 3.414382550839719865e+00 2.579787806601359534e+00 2.536081754441918967e+00 2.614208020167104074e+00 2.525205249724716605e+00 2.542058316284212527e+00 2.700279063602973206e+00 3.004789427744930741e+00 2.606790904443839096e+00 9.370602438778712795e+00 2.830881951081341441e+00 5.503144833753847998e+00 3.126502528581125873e+00 9.042677706685559258e+00 2.635583130758384129e+00 2.550650671227224553e+00 2.505556604471699700e+00 2.998594679503605143e+00 5.103446551129735553e+00 2.576550967734435371e+00 2.784595888390623220e+00 2.493484787386039070e+00 2.877870748526063061e+00 2.764726613050904280e+00 2.586337413202071556e+00 2.535021543091740881e+00 3.044743372037492790e+00 3.420565429740938246e+00 2.597013360981283103e+00 2.897632327059219470e+00 2.708833017739756155e+00 7.985858194992458969e+00 3.238196160875517648e+00 2.553649075997286744e+00 2.582726166474407670e+00 2.688311975988848079e+00 2.770533687698429670e+00 2.568412789599648693e+00 2.650073151341799882e+00 2.785653830602250913e+00 3.177295274981136508e+00 2.537879959468183788e+00 2.690985370298911494e+00 2.660778947020399077e+00 2.551077618372850964e+00 2.530420951956304787e+00 2.822140531190510337e+00 3.208787776170105577e+00 2.713597335949025968e+00 2.569925781365098416e+00 2.888790715973952317e+00 2.599690595371969781e+00
1.017507559061050237e+01 1.047710281898235429e+01 1.078906677961349381e+01 3.863024057396526434e+00 4.963481896190807596e+00 1.021445387190785858e+01 1.014229805880579427e+01 3.421414087558614536e+00 1.078583692271133820e+01 1.005574683074293318e+01 4.180207734888996995e+00 3.630897467506342569e+00 5.870670571820488348e+00 4.320118628699203711e+00 3.075949612670930922e+00 5.177819487144206256e+00 5.841382276909103943e+00 2.654552081741135439e+00 4.939086213091323785e+00 3.053894982358504873e+00 2.601685691804721312e+00 2.716264621039916616e+00 3.154124926698618658e+00 2.622178107500075850e+00 2.976090061561814437e+00 3.214398133960262971e+00 5.360788855881525983e+00 3.941784809170097770e+00 3.115855381406586577e+00 7.916542645158438418e+00 3.894324903652585323e+00 2.716540932295651078e+00 3.073076883266711690e+00 8.182854330950769750e+00 4.045470476972645280e+00 2.906295898042875692e+00 4.829413859597567082e+00 2.691033371306698729e+00 2.747769166118112061e+00 2.550181483194745358e+00 2.826632901872026427e+00 2.740534803322676627e+00 2.604151023564667433e+00 2.810056146568264968e+00 2.900852060112459441e+00 4.786331645990239636e+00 2.885347734597222491e+00 2.849029299359896683e+00 7.827473720599864571e+00 7.829850381407243987e+00 3.179198558577175593e+00 2.556899355146391439e+00 2.916104860346892647e+00 2.378419564304680378e+00 2.510127696805986464e+00 2.626889537326220658e+00 3.002162812598820008e+00 3.662355407969704491e+00 5.873184777333817941e+00 6.064182707359050184e+00 2.959437726489428488e+00 2.640798483891733550e+00 2.495328375183302416e+00 2.861727922332697460e+00 2.436603069510952846e+00 2.598391077179333042e+00 2.685991170899621139e+00 2.723463724913267825e+00 9.814218327094767602e+00 2.472152092230730958e+00 3.112175885973305078e+00 2.459695394337177099e+00 2.445612596848915299e+00 2.631658219263471210e+00 2.477425570220782802e+00 2.528297212822683715e+00 2.677345753024364061e+00 2.697815128235981241e+00 3.092606136922178450e+00 3.293054854458775882e+00 2.415210329458631122e+00 2.322820084259427542e+00 2.425361757134568919e+00 2.408772085195985291e+00 2.413022007150896542e+00 2.534512906958316769e+00 2.794490903410418170e+00 2.751522844927063893e+00 2.516019776874574898e+00 2.869519096818463400e+00 3.180944747965911201e+00 2.415883390862366031e+00 2.540521934936786241e+00 2.379540344199229551e+00 2.429118752376786539e+00 2.624926034284048804e+00 2.647866501376546555e+00 2.544079944183086361e+00 2.437075050329339465e+00 2.630696453616536701e+00
6.194833421296086051e+00 5.788037273287772955e+00 4.548288539154775378e+00 8.650006422503240699e+00 4.167512428349462006e+00 6.995002890044244914e+00 1.008817805709509940e+01 9.449497244275848473e+00 1.016749596965723867e+01 9.342097869412651079e+00 3.115569120851056084e+00 3.083447544636397364e+00 5.260329204900511257e+00 3.333165543860402202e+00 3.884584364603305140e+00 3.371556924437653979e+00 3.353928510690557196e+00 5.907786696532676629e+00 3.073683616005141062e+00 1.030104559536637865e+01 3.102211225854939247e+00 3.307807047819268931e+00 3.182533843147343333e+00 4.008454892553131366e+00 3.701188746916836525e+00 2.849855614890312250e+00 3.345021618234699901e+00 2.829128430629598512e+00 2.853680160641669961e+00 3.462591621176949630e+00 2.796870706101943327e+00 2.910684062900214197e+00 3.712338595554745879e+00 2.797978743910789046e+00 3.132209935681573132e+00 4.958689126475103848e+00 2.958617694727305292e+00 3.505651143398778036e+00 3.661366063561932283e+00 2.987291925837253448e+00 4.963511569541076085e+00 2.805009407884087924e+00 3.168548967714967191e+00 2.859573986201450424e+00 5.200352032945072978e+00 4.052638860201013493e+00 2.676982865405493683e+00 5.771284048824473878e+00 6.309986268035296497e+00 4.785016243827753257e+00 4.549763828310473102e+00 2.720968894352172818e+00 2.546410349473870571e+00 3.113357932608702860e+00 2.454321725152689648e+00 2.622752723200567626e+00 2.589608114598125788e+00 3.246458967081431446e+00 2.701826616094030076e+00 2.616049687924055789e+00 2.854241859707338680e+00 2.707180212129806307e+00 2.619910016244855200e+00 2.622090134743986223e+00 2.603002664909280117e+00 2.765940951273358817e+00 4.515280253414449163e+00 1.033103871962119769e+01 3.965765763562300705e+00 3.275472172580915942e+00 3.372912472897562353e+00 2.519711141647963615e+00 2.667617432413429857e+00 2.567423445191876485e+00 2.750120517303203282e+00 9.065172200778434330e+00 2.768873027378115026e+00 2.833591651608203588e+00 3.340706764007436380e+00 2.782058467844436667e+00 2.744083910563896112e+00 2.651992668005926479e+00 2.653087440081711268e+00 3.025672833467351719e+00 2.950159742606096813e+00 4.144291460822367767e+00 2.430578157562633734e+00 2.459382078668166827e+00 2.548983378040379222e+00 2.694741667344652036e+00 2.421690814608129738e+00 2.667331346407018522e+00 2.787690120627139834e+00 2.780747429409931026e+00 2.581494373340031068e+00 2.584914663331261853e+00 2.786666913690238001e+00 3.003726772707083992e+00 2.606487887172863172e+00 2.615105726287282550e+00
8.609554315024407600e+00 7.155836637677817080e+00 4.404681393195842176e+00 3.643537616524202605e+00 8.562035062806359065e+00 5.078453560944260481e+00 9.159022374810842138e+00 5.133519618881159374e+00 1.014882340307893394e+01 6.517601972407307542e+00 3.507320182076815396e+00 3.460763044603939242e+00 4.268226222848070073e+00 3.733156370808337954e+00 4.388338359162724522e+00 3.968049564238251836e+00 8.059619859991402180e+00 4.708797625426587530e+00 4.425829415383010002e+00 4.271427104596433821e+00 8.185131847858428955e+00 3.628106776188159355e+00 3.826186862176861769e+00 3.491370581758432845e+00 4.149170806901207875e+00 4.200102145301884526e+00 3.487191177647689155e+00 4.015427780767966581e+00 2.662792894758026829e+00 4.780477617629642850e+00 4.418690007308433643e+00 3.478371559751444408e+00 3.093355650840134086e+00 2.869032802972300011e+00 3.207150505431767051e+00 3.605839894146754432e+00 3.080431684954412663e+00 4.131287202341802356e+00 3.776877434192032368e+00 5.739704622174130577e+00 5.334302772530193693e+00 3.023587320590841010e+00 3.791739593497637895e+00 2.953533078884256202e+00 2.547617705731556104e+00 2.727149155016602933e+00 2.749307467505849534e+00 2.695422234360513869e+00 2.630819685294710109e+00 2.606548979364592178e+00 5.878645371979679624e+00 2.581364683344446131e+00 2.894321828463981561e+00 4.660478240046007414e+00 9.283833373415058432e+00 2.698423606465602642e+00 2.789281484947121914e+00 3.021142585626963584e+00 3.360292222479293933e+00 2.652334784279609448e+00 2.615517662208655558e+00 2.451565594560113137e+00 2.583521412261601036e+00 2.741884068014292630e+00 2.994946602911784606e+00 3.142661238744340668e+00 2.594095597904303663e+00 2.795045096863959966e+00 2.445716977222212041e+00 9.913214209161955282e+00 2.733566104286703435e+00 2.562958478722078937e+00 2.752852560117326597e+00 2.459408959232527447e+00 2.537804903346916330e+00 2.919637385421785414e+00 3.040023912951863583e+00 2.532155970201409811e+00 2.742057220740564460e+00 2.926499085847673598e+00 2.715234257589126177e+00 2.648648481430678103e+00 2.544629250261289943e+00 3.509191697733155202e+00 2.928836473103226812e+00 2.533237651093252385e+00 2.763525889659749879e+00 3.824192463940587317e+00 1.019063839008068051e+01 2.705321438559169955e+00 3.123083460433729641e+00 2.522472508714116657e+00 2.840780980730878813e+00 2.428133248049637150e+00 2.575058572765054343e+00 3.408965244375425918e+00 3.515522245189238948e+00 2.880462977495686694e+00 2.718006446700671486e+00 2.682666184727487746e+00
4.395430988073348644e+00 7.312528683810398000e+00 9.797141837662662667e+00 7.582332748380199661e+00 1.066177578712331808e+01 8.531310228643745219e+00 9.598659939601501989e+00 6.071492824472229266e+00 5.460362495533350291e+00 1.078025414368201851e+01 3.985073688934588798e+00 4.082010589591387628e+00 3.846389526334301756e+00 4.474842109865154960e+00 4.064629686495353056e+00 5.014608380506778040e+00 8.538473724496775219e+00 4.523212812686788098e+00 5.405666481729211270e+00 3.042613174586460190e+00 3.448691925714755691e+00 3.221054390072822127e+00 3.296871196401530035e+00 3.186458405544017491e+00 2.666988357387739761e+00 2.511412029225250642e+00 3.065018997726769001e+00 2.754312139852293395e+00 2.577543104928115003e+00 3.594786745720895738e+00 6.311420363598855943e+00 2.776801572020711095e+00 2.629054295502859517e+00 3.343558198419110283e+00 3.686689649779220534e+00 2.443547680768473285e+00 2.509321454424282560e+00 2.868701857842247627e+00 4.157490516119989543e+00 6.757333318323923699e+00 3.176858203986594908e+00 2.736301114435853332e+00 2.597608573477843574e+00 3.142717792658969778e+00 2.640708591095332292e+00 9.864799869060515647e+00 3.105278053879737765e+00 2.566383132441290460e+00 2.846455223498673082e+00 3.825415005971644966e+00 6.049360694350866652e+00 2.609739737264041182e+00 9.309466958868091169e+00 7.206892953247859168e+00 2.671678143123100480e+00 3.378186299985852514e+00 4.896128627555123458e+00 3.370907252615895633e+00 2.560094651322939896e+00 2.869444738893673019e+00 3.300898393680308907e+00 2.503819491637163885e+00 2.474413725168540523e+00 2.730393499495654019e+00 2.709093794123879739e+00 2.774227670708606652e+00 2.979285357738362894e+00 3.856209659781948851e+00 3.296278427592639115e+00 4.084350944181967868e+00 3.324421331183663231e+00 2.716636410663867629e+00 2.666703842323401741e+00 2.715372849589791748e+00 2.594893287379166136e+00 2.464151458801894012e+00 2.842968430293017157e+00 4.793539128221314449e+00 2.610810421561372330e+00 2.961764466248709482e+00 2.942661461542392498e+00 2.512862532406017646e+00 2.650258522506417691e+00 2.474852018006916676e+00 2.763999790518448130e+00 2.529560948445878754e+00 2.509391274071972600e+00 2.623055565922424393e+00 2.625064800833833534e+00 2.729296807379558043e+00 3.489172659249140995e+00 2.597565285296275395e+00 2.601200619802392477e+00 2.861664561002418505e+00 2.775853421205076277e+00 2.563875036147133635e+00 3.265028898777632360e+00 3.000835890194465172e+00 2.690119606667551455e+00 2.730897771901097393e+00
9.979288730950189645e+00 8.991163374226667671e+00 1.061664715964218608e+01 8.973884407816260733e+00 8.129938019966255425e+00 9.496531948138926538e+00 6.099508656304457155e+00 7.865801914395956551e+00 5.838195009992039886e+00 1.038540448649176184e+01 2.609411410370777062e+00 2.578246537878595479e+00 2.544795595571912372e+00 2.506659580356088046e+00 3.641552643940366263e+00 3.221205549610071994e+00 4.278304339893932884e+00 3.417883657073152115e+00 5.292072009526449961e+00 2.977116061284624138e+00 3.831891476491401605e+00 2.762807794583254761e+00 3.141936859899553625e+00 2.885275471261862901e+00 3.892392994000993589e+00 2.702016176437509021e+00 6.244505911448905877e+00 2.997105426418369856e+00 3.004348516669766322e+00 6.696731958718134869e+00 8.497376483473283670e+00 2.688027635473629218e+00 3.149433744570304228e+00 2.888550536385897871e+00 2.927733671767958068e+00 8.733378063810281589e+00 6.484888674678472853e+00 3.208190818182353077e+00 1.018460038694841963e+01 2.916804453216749859e+00 7.675512653794781315e+00 2.620373618705519103e+00 2.564773440463789189e+00 3.408281360926298742e+00 2.725797097539079505e+00 2.712974719240747401e+00 2.798550915923611715e+00 3.154384306689788087e+00 3.604168411781047521e+00 3.914704909715158720e+00 2.729088570280321591e+00 2.508737413071352673e+00 2.597620791916189109e+00 2.584286635600287152e+00 2.595645244984790878e+00 2.807461823009210988e+00 2.760449286884274489e+00 5.887196184232316831e+00 2.603832296872961027e+00 2.583697008675541973e+00 2.996517544984817150e+00 2.412809580872798509e+00 2.513700542727420828e+00 2.448471013225357762e+00 2.519048902289620528e+00 2.421135399310752945e+00 2.644723919034003945e+00 3.012513226270675304e+00 2.679896613852730702e+00 3.541096483941735595e+00 2.724623603810524042e+00 2.746422170565046006e+00 2.472736657231018320e+00 2.550518362994851351e+00 2.604661405189283574e+00 5.912685941211107910e+00 2.557107592245627892e+00 3.045979179801611814e+00 2.976877278089522960e+00 6.521899371722648553e+00 4.290303544545995607e+00 2.694057260248167385e+00 2.487559193886559328e+00 2.516379697158418693e+00 2.715982026015889783e+00 2.848949704961529772e+00 8.871224390638284163e+00 2.890700981534760405e+00 2.707951195589426874e+00 3.064222355546622367e+00 2.864823550962168230e+00 2.591550322647752314e+00 2.526350990143315212e+00 2.692348948018303822e+00 2.591508954506495765e+00 2.488528639694739919e+00 2.608401294617817001e+00 2.658118818443396592e+00 2.842047509139981276e+00 2.884957442766633129e+00
7.742450146428469182e+00 4.716209330127156818e+00 6.486391891693246592e+00 1.032566958871380969e+01 1.095206493632546696e+01 9.387029605487295925e+00 1.016185314573090537e+01 9.763240209530138713e+00 1.015957562882324616e+01 4.082706691478860783e+00 3.394792554090762415e+00 3.282851062047070112e+00 2.730520920352689007e+00 2.975807641086906763e+00 3.577176834180436860e+00 3.794228314839560134e+00 2.955868546099498229e+00 6.093899345809014712e+00 2.800152054994270667e+00 6.289536791423270934e+00 3.902034389150553562e+00 3.175006237831608846e+00 2.682486399134684785e+00 2.902344455081840913e+00 3.220849818505089335e+00 2.908098292248002092e+00 2.884598395228385570e+00 3.609595492996018340e+00 6.587431394848329624e+00 3.388851600268790953e+00 1.024317907136062011e+01 2.895763604188787088e+00 3.142131307618371228e+00 3.554415629033384150e+00 2.791638596253148030e+00 3.837708849536961342e+00 1.054661665661581615e+01 3.031584812135531770e+00 5.283960013759546825e+00 4.470304181863521187e+00 5.475191490506302827e+00 2.943612405143934740e+00 2.869178900585092062e+00 3.092243772950665548e+00 3.475826284494893059e+00 3.285251461534664408e+00 2.767194563047639111e+00 2.813442399481246969e+00 2.550910923963990662e+00 2.943702472489455158e+00 6.898034570545984678e+00 2.499885329038932014e+00 2.611402492173786616e+00 2.334871479098139080e+00 2.515920982073093004e+00 3.035293282722604236e+00 2.535223670971804566e+00 4.403731845987254090e+00 4.257558129779223322e+00 2.990097279281451303e+00 9.179099712700677927e+00 2.585859672262750486e+00 2.519839086152356078e+00 2.689626854503976539e+00 2.503764683213726805e+00 3.050043032395428177e+00 2.564834183557279879e+00 3.880956535709314981e+00 3.029128906028023760e+00 2.757386648038337551e+00 2.699020564453355142e+00 2.537373243375070864e+00 2.609778487168509020e+00 2.641351630050560395e+00 2.677293562837715690e+00 2.689065853634784897e+00 2.762701668718765102e+00 2.929441809448702472e+00 4.265486499872700676e+00 2.905843466725842372e+00 6.399193435496297155e+00 2.578678546948679262e+00 2.521993895029199351e+00 2.494968803997697382e+00 2.738914638398022294e+00 2.594331064666139497e+00 2.817034969453153792e+00 4.956500280520010904e+00 2.590991067269752701e+00 3.837363940477370949e+00 6.392235907603954104e+00 2.539338841006673508e+00 2.569265462047066961e+00 2.628968417336200680e+00 2.886133729281096461e+00 2.437557504094880034e+00 2.557476239985432720e+00 2.935127921556603958e+00 2.852520456293533346e+00 2.509596543836182470e+00
9.194793773108514756e+00 8.655245688865923270e+00 7.963529871661086723e+00 1.070404180904914426e+01 5.404192938064706020e+00 8.494762435863757233e+00 7.291230898478934463e+00 3.799852636559255981e+00 1.067406404511681828e+01 1.018238012215186750e+01 3.684437966141206999e+00 3.555393802297526218e+00 3.247298548344907942e+00 3.224697579289304450e+00 3.932028560700087549e+00 3.434388672688911459e+00 3.751400942946302219e+00 4.769432498463268111e+00 4.832000328446255821e+00 2.562312472431823807e+00 2.796563325102986663e+00 2.712196230168999911e+00 2.675030358957832810e+00 3.656026256906574901e+00 2.742505986526094564e+00 3.627712993375185935e+00 2.437652633364858268e+00 2.747689397170625547e+00 8.582779876528114471e+00 3.680386331985736170e+00 1.056286927420517330e+01 2.602444456825995900e+00 2.785716842834291551e+00 6.055727548023749129e+00 3.251239867457027977e+00 3.868372940606084054e+00 2.384967949061557846e+00 2.515259964558584915e+00 2.652188512117698238e+00 5.158369478788868534e+00 3.323213451278620223e+00 2.569583665091415892e+00 2.705520599104207058e+00 2.607294478652805836e+00 3.195336671944322138e+00 5.273675928752997066e+00 2.828216586030762425e+00 2.582716391723731242e+00 2.829987037747070389e+00 9.396636789009487956e+00 2.873188468402829265e+00 2.549406136007144497e+00 2.367355593833429861e+00 2.680906031409214130e+00 2.437963505346199433e+00 4.364736874555719126e+00 2.703653098077609229e+00 8.442477294494365125e+00 2.921041109438599737e+00 2.482101392026605069e+00 2.931997208554169010e+00 2.478923201663740361e+00 2.752040208516449482e+00 2.918502467048579074e+00 2.461841475758058895e+00 2.614759769932976763e+00 2.764848971983481896e+00 3.326439468100153007e+00 2.904032519613874097e+00 2.484113245174802476e+00 3.039707979046065045e+00 2.520370239122160516e+00 2.692867009804166489e+00 2.396274717357651518e+00 3.787897767383476388e+00 2.641816978002416327e+00 2.787537739246055857e+00 3.343526081381172688e+00 2.488589382788230608e+00 2.931265498646374201e+00 2.572601270264592621e+00 2.566989865179719388e+00 2.504374034188944442e+00 2.583160095584803528e+00 2.749198897953690768e+00 2.665202021701582158e+00 2.515652525527723782e+00 2.594960663339187068e+00 8.047765880206535272e+00 4.140920219133639613e+00 2.605040176778004035e+00 2.427541002888103705e+00 2.459036122313861039e+00 2.372172974974944282e+00 2.483000494539737257e+00 2.532246910292526465e+00 2.684989258955264635e+00 2.404250913909796949e+00 4.907430683024998075e+00 2.506548741665379332e+00
4.468428826126558562e+00 6.032652154462089911e+00 5.227916480754982942e+00 3.374067289870360309e+00 1.089174076072100839e+01 1.028525518384472903e+01 3.366269831616302888e+00 4.883254582717500014e+00 9.645792390971347885e+00 4.757252460923687920e+00 2.370493812447991733e+00 2.306766976313344042e+00 2.361973895389458011e+00 2.380593399035519475e+00 7.986811931379909524e+00 9.907384268579811248e+00 3.582798712212463599e+00 6.451690828594667693e+00 5.121170617794168045e+00 4.339919480784185879e+00 2.990743809219063909e+00 2.607676566674791196e+00 2.685762162455196833e+00 3.598530475230052428e+00 2.680471055004103320e+00 2.887054126786774422e+00 4.207203501668469237e+00 3.397611522366260406e+00 5.107449660630060784e+00 7.444415205511552891e+00 7.670792845610914235e+00 2.352549639344215127e+00 2.611535498602636896e+00 3.674090694353497888e+00 3.842958937945036624e+00 2.741294615638667054e+00 2.813494938766134101e+00 3.422069344952188175e+00 5.920827610328279533e+00 3.240049872521696184e+00 3.212533600268692613e+00 2.394837130811707571e+00 2.443516436476131926e+00 2.291375758627365311e+00 2.662936025035792298e+00 2.984976357221603038e+00 2.934197225652891650e+00 8.680410086286478588e+00 7.022166922174650772e+00 2.755790919990374732e+00 4.588695962059086142e+00 2.594071859224089227e+00 2.434043306677505569e+00 2.534802309397993003e+00 2.737401821181691730e+00 2.610906598126065958e+00 3.345350817873559812e+00 2.688785353200188855e+00 2.748097667560494894e+00 3.196777749472650587e+00 7.034931350165399166e+00 2.446934282779693159e+00 2.422038341904508396e+00 2.569817560911178411e+00 2.851426033315987318e+00 6.345696225043000460e+00 2.773705419743882850e+00 3.824244828676354846e+00 3.393182513015023272e+00 2.550867112135064563e+00 2.756253126058084923e+00 2.480477387021327473e+00 2.437477560598274362e+00 2.590545268819249625e+00 2.731662995239783509e+00 2.406677495765274788e+00 3.037838557979156029e+00 3.169072265974406388e+00 2.406583588339131108e+00 2.585979063860301075e+00 2.717406521377891959e+00 2.409911890944529844e+00 2.454129895670660311e+00 2.495989741796049266e+00 2.599600528026448920e+00 2.663505229713587497e+00 2.556430690761270164e+00 2.789408731255037743e+00 2.903669108347645800e+00 2.570585751584891554e+00 3.918412682105754552e+00 2.415111709206268387e+00 2.620043371771943796e+00 2.434325552603294085e+00 2.618905311514591272e+00 2.490434366978447667e+00 2.658847910114403135e+00 2.383813132088759446e+00 9.286859356945956989e+00 2.354521695293228856e+00
