5.330632004552873227e+00 5.154130727977587867e+00 1.066874937353462904e+01 7.865500293517934338e+00 1.022286574306159146e+01 3.756473340351005774e+00 7.571801152722588135e+00 9.555829774922337094e+00 4.459103713981035888e+00 4.346526514045122802e+00 1.076635305182687041e+01 9.350611677252011589e+00 5.199042914550878969e+00 3.389910764324253645e+00 1.067215796873487221e+01 1.017327145091418394e+01 9.447356573877662811e+00 4.893341078121085985e+00 8.505483940963086908e+00 4.743644262490600561e+00 1.015463798333858492e+01 4.339073615752417012e+00 5.043590167164802018e+00 1.091355660783833414e+01 2.850882836456956060e+00 3.662246489319307852e+00 9.999347915731625847e+00 1.075775266762437354e+01 4.387027495277338929e+00 3.870901808245428288e+00 1.067143742997070710e+01 1.062856397710997314e+01 6.249123782947145322e+00 4.873402681330154529e+00 7.121891721363724947e+00 1.053213885447074460e+01 3.122986062025201459e+00 4.738890940875842617e+00 5.821922144704851476e+00 1.053662127585246466e+01 5.478439849615096335e+00 5.336535255765092245e+00 1.036007671109561201e+01 5.159674408004200963e+00 9.938324147257310059e+00 9.597181159463421096e+00 1.057775901227161697e+01 1.056190157388818562e+01 9.688913005384904409e+00 9.085334718638451434e+00 1.061720711321666144e+01 9.181942768754629114e+00 7.992023269883516967e+00 7.006465181605568304e+00 9.419273715183651419e+00 6.292418946479928721e+00 3.220651879803887230e+00 4.070499424276680323e+00 5.001929481584450166e+00 9.253944978631775342e+00 5.109896490183369444e+00 9.664551533912788983e+00 9.821736506758064422e+00 8.854048757306459905e+00 7.965960991793664903e+00 9.433286518475103577e+00 9.365107632505480950e+00 8.875049110938762809e+00 4.218836153170157921e+00 9.793319910148094110e+00 5.767332605863439099e+00 1.048415041422021687e+01 4.007020098793095286e+00 7.284878706932067516e+00 1.053797577701765853e+01 2.710672765456396682e+00 5.042463627149317951e+00 5.242220082879065934e+00 4.266206689538626584e+00 8.410730300689564842e+00 7.901844212926666167e+00 1.084056295896398581e+01 2.656803765379148974e+00 4.731657276276884261e+00 1.036616498437421008e+01 1.021331301886459819e+01 3.311894988191538491e+00 9.355457160801721628e+00 4.020538229880661341e+00 6.839307868480681840e+00 1.048343127184900681e+01 2.678291809250568090e+00 1.027590772941194608e+01 9.766636237193797143e+00 9.354161308140589881e+00 6.135307982461204901e+00 7.938947071905793074e+00 1.071419777500218196e+01 8.154680706714760419e+00 4.499011228207884017e+00
5.363603285879923632e+00 9.568502040978135170e+00 4.725588901597877367e+00 1.034150747759588818e+01 1.046801509363897864e+01 9.045573825671754165e+00 9.424526945475873774e+00 4.810960875811247206e+00 1.095747735541442225e+01 7.550115170149966914e+00 5.334024541234147598e+00 6.293555610344327533e+00 3.793677786917521555e+00 1.075709775932903867e+01 3.395720457208567300e+00 1.046259289979934515e+01 4.427808453296792734e+00 2.933085696861661429e+00 6.189903455972671331e+00 7.212120350270435409e+00 9.024792705733199583e+00 1.068101808202677638e+01 9.920182210001451395e+00 9.802534707250265100e+00 9.456780829922905696e+00 9.341420618830055034e+00 2.611535324053517293e+00 6.941937165013674083e+00 6.222822721662192080e+00 6.877157099493618198e+00 9.165956862219447387e+00 9.622120737618413244e+00 8.117733545549983276e+00 9.878413303967178649e+00 4.887961823364783243e+00 1.022889955701499076e+01 1.093250984940035408e+01 3.896949424209265711e+00 5.936076919580327349e+00 8.142308665144032176e+00 3.028876857099861653e+00 6.974357918418686353e+00 6.566786423222771063e+00 3.989595907515492534e+00 1.067651611114370347e+01 8.177824523531157297e+00 7.257612738116033135e+00 3.898022552194265966e+00 5.992735563681042876e+00 4.660409467693032326e+00 1.081704630522892252e+01 4.279754493976461127e+00 3.109722772651704936e+00 3.539082536204107399e+00 5.954326379093630273e+00 1.030739639052029233e+01 1.014146301581941678e+01 1.074586517440861577e+01 4.832004517625117401e+00 4.872176299218473616e+00 9.925776160174402563e+00 4.358309277789345515e+00 3.598750407120276940e+00 1.064920266496723933e+01 7.934389245304567240e+00 5.133272108230096720e+00 9.721916752848130727e+00 5.438723292124682196e+00 4.592760512849380028e+00 5.960919448425029188e+00 8.714567254329548263e+00 8.839961945188456127e+00 4.694263618465127408e+00 3.198437362498250280e+00 4.429801804238351792e+00 9.698704512776998854e+00 2.921021036289888961e+00 8.434013756801341799e+00 7.669025710327871614e+00 2.707234147807647151e+00 9.015766421679792586e+00 8.815585113393847649e+00 8.850627594569633771e+00 5.504159662333027114e+00 7.862291382510085747e+00 1.041788598299026347e+01 1.061335586145006360e+01 6.915280023525500752e+00 6.042621003759317766e+00 1.067055770240980905e+01 3.560083238934648175e+00 9.481510949134825950e+00 8.614255970099875981e+00 5.535213347036262554e+00 9.665252523175601240e+00 1.049933199841400544e+01 1.078670408273565329e+01 1.056780273051097296e+01 3.229806632009045497e+00 5.191982402678193331e+00
1.015393420128986612e+01 4.696440245981873929e+00 1.076304080774044003e+01 3.366009753428655937e+00 7.383649769733691137e+00 9.201789701807086885e+00 4.105035014810233029e+00 4.796155270420271677e+00 9.650051389480458042e+00 1.004454496646749462e+01 9.132411314290145299e+00 5.944905614030771446e+00 9.828983786188322469e+00 5.181970614297636502e+00 9.780746787992015356e+00 9.918798384584228245e+00 8.146761762273721175e+00 9.942017606620130010e+00 5.292339418777103788e+00 1.031130768718390556e+01 1.093708722550293366e+01 3.999196807269391751e+00 8.860861758528082888e+00 1.006249978706754433e+01 1.021176441907882548e+01 7.688163973956271491e+00 1.054116793131005991e+01 4.068875419271402727e+00 8.585446987069884628e+00 5.407912230697171196e+00 1.101513162769120235e+01 7.437810266840045870e+00 9.816858906170416788e+00 8.487342003707226468e+00 4.955661048354773612e+00 4.064800395533955779e+00 1.058221210940130774e+01 9.732861680820070305e+00 7.283169521956607717e+00 5.501788237999225117e+00 1.030557828689443589e+01 6.702218386633641778e+00 7.152541150306832130e+00 1.088709635775664708e+01 3.585350620335545635e+00 1.107168833510628936e+01 3.215588558953383469e+00 1.056168513298034561e+01 1.084729078021542747e+01 8.228244083914262319e+00 6.041114295762159969e+00 8.771108601422143991e+00 7.836742977027234325e+00 9.700606399980083339e+00 1.062186687650351580e+01 6.346032057548391059e+00 9.941447878294976448e+00 5.145463666011546700e+00 5.670668001832632754e+00 9.913771369950524104e+00 7.382591303874705524e+00 3.819602520301423887e+00 9.779418818292946014e+00 1.013024718761444021e+01 4.696244750968340931e+00 4.069976475115479886e+00 1.051010935923148715e+01 7.423351315999852318e+00 9.735482710394364858e+00 3.458075686364337820e+00 7.499335340384778448e+00 1.004518451444033822e+01 8.953611574912892834e+00 1.019903071173306053e+01 9.543153319687677438e+00 5.368830333804261556e+00 1.031216367606458917e+01 9.551396227294000951e+00 9.610238829974470320e+00 4.197250012693733545e+00 1.022558870932151365e+01 1.062409272687188455e+01 6.204878374009296316e+00 5.268139928887629608e+00 1.008711260927134390e+01 9.998275485943102225e+00 6.742444278453957551e+00 1.027957465730864328e+01 5.495936304228058233e+00 1.014729156000860755e+01 7.261778178297239705e+00 9.205603250963934059e+00 1.043653201810244724e+01 5.350452057040970821e+00 5.839146651790059650e+00 9.968359163300743120e+00 8.622829822836250102e+00 1.045128770244532568e+01 9.883376084525009375e+00 3.297134765571561044e+00
6.571446186509625420e+00 1.045263103246688807e+01 5.747400492840799124e+00 7.380741083210911491e+00 8.014181233274525695e+00 1.019938539554332735e+01 7.632109269808077912e+00 5.316280925068361363e+00 4.487946210441918105e+00 4.853725060923345325e+00 5.415995251310282477e+00 3.254259218121396735e+00 6.045074466179156225e+00 1.070690860378330989e+01 7.219086256520500733e+00 3.722203413576914866e+00 1.002471060095162159e+01 4.193439954519271318e+00 1.069943371230158213e+01 6.327900593239684568e+00 7.255446234448202247e+00 8.861351892454869983e+00 5.362088548623281881e+00 3.618116282800147854e+00 7.415601335106224212e+00 2.883488786477466981e+00 1.044417866591749444e+01 8.565102938125873422e+00 1.102978677174140643e+01 4.566573606688399956e+00 1.053550695427532702e+01 1.033097169275941418e+01 9.127237678396289411e+00 3.287360713091389552e+00 1.016304706170641126e+01 8.121498220953446534e+00 5.028509472361926136e+00 8.715241712126237772e+00 1.045922061081590293e+01 4.857287957544984103e+00 8.756676880244549821e+00 3.791126576990916597e+00 3.859921621351406262e+00 5.416783864230944268e+00 9.055376504207478305e+00 9.557844769954680686e+00 1.041513927805012507e+01 5.020343715466301759e+00 9.309483715583537489e+00 1.061167320794072566e+01 5.652933113122807995e+00 4.630178607537827951e+00 8.037491220852423623e+00 1.039992418042544564e+01 1.038604962003642029e+01 7.486699380545779547e+00 1.041163852091493247e+01 9.177330482828205405e+00 1.010650431822086048e+01 5.088857735744837463e+00 1.012805485067696232e+01 1.051568655268899199e+01 5.665225909393408976e+00 4.747769556374384692e+00 9.139236883048353022e+00 1.070116942874316379e+01 1.056802754977653613e+01 9.602998532508980389e+00 9.882307843915345558e+00 9.061210633968483918e+00 1.004397803092824937e+01 9.850647426473681634e+00 3.130767112662051765e+00 3.556076289353699238e+00 3.882514910245763673e+00 6.609704560658026473e+00 1.021893768968253191e+01 4.218236402396497553e+00 3.460923280695388904e+00 3.392564958231202077e+00 4.627191024813158471e+00 1.019729778807738718e+01 7.515930772444296970e+00 3.761578902088362319e+00 8.916135180818622885e+00 5.688877315048513239e+00 5.242773752685250699e+00 3.125395887165233866e+00 2.828789805338300045e+00 1.036886560834687288e+01 6.064596039673377348e+00 9.947922952421778930e+00 5.242494823192727083e+00 6.210685274107702547e+00 6.448988808229050740e+00 1.031120016492646130e+01 4.463177690423767885e+00 4.407047930154306847e+00 7.184870439973369827e+00 9.509107863080911827e+00
8.887622233094839785e+00 1.008102852517160741e+01 9.149504560437694778e+00 5.349474232875067514e+00 6.328560388910358547e+00 4.628271483861166047e+00 8.844413645925191858e+00 6.492890006303786876e+00 3.631007084353216285e+00 6.008551808472336830e+00 6.844531774520873135e+00 1.076963457526831647e+01 7.355222700176566875e+00 9.836010435531878926e+00 7.774246712183129127e+00 3.904041354923412310e+00 3.655800739444535097e+00 5.256778177618979697e+00 3.309503665258143990e+00 4.761329579250565658e+00 7.229682086253987450e+00 9.006657750442109034e+00 5.110528008896728203e+00 1.015535014374502687e+01 3.426166710976896290e+00 7.205177484504106999e+00 1.023432873281939237e+01 5.747139367358437667e+00 1.070578171466958750e+01 1.084888965014753559e+01 7.307736961389409203e+00 6.172081292703233579e+00 1.066712117935048987e+01 3.713498299902882493e+00 4.489289889561718816e+00 8.619133570687523616e+00 7.062707700606049244e+00 4.824485988863583152e+00 1.026310140963258277e+01 9.527297277697201139e+00 8.752617565927833354e+00 9.272713896323892868e+00 1.038851006442102864e+01 9.954034964380591433e+00 1.012243576543084345e+01 1.052466675577492516e+01 7.754580612018189711e+00 7.799549352506110367e+00 6.658283675128015666e+00 1.021562823838200984e+01 9.029754089898075264e+00 5.536964074702098060e+00 3.592947696200732288e+00 8.365858609511933608e+00 1.061067478697875366e+01 6.342877605865741231e+00 2.941581700690861112e+00 1.065769413051934045e+01 8.697690449089838793e+00 8.864400218273029708e+00 6.816980941542262862e+00 2.644106887897540670e+00 3.320259731083080368e+00 1.020395997885999861e+01 7.012851584779804526e+00 5.388789327391262596e+00 4.646454265610924672e+00 9.997760216943147427e+00 1.034183981911889383e+01 4.513987542637463157e+00 7.570031224653638091e+00 4.744924754829241920e+00 6.839830119445405643e+00 1.066102871689303022e+01 6.585581872381012225e+00 9.607756043302600801e+00 8.596551103838557140e+00 6.191653834540267631e+00 4.121559230829107356e+00 6.730750883858778622e+00 5.509691822117772197e+00 1.053623028582539867e+01 3.518867653608321877e+00 3.672288300148371487e+00 1.072229964692017035e+01 8.553380219278663432e+00 1.020495421064310904e+01 3.766359453365720089e+00 7.132486154704257508e+00 9.350076858750703934e+00 8.154591337565717524e+00 4.532996639917636017e+00 7.208583985114919379e+00 3.973981441506023504e+00 1.007511340461928206e+01 3.355466637529175511e+00 9.219805963697103479e+00 6.340324999546181672e+00 4.556380636322086453e+00 5.888843229721332229e+00
8.866774086294501700e+00 7.252775632924046256e+00 1.055627550667729686e+01 1.113684403033091996e+01 1.089846439279358847e+01 8.707593667918237301e+00 1.080768907604546314e+01 9.812471439509554472e+00 8.211155026945574420e+00 6.298516994509203215e+00 8.654441366524531887e+00 6.355843812638314994e+00 5.797252070389943945e+00 7.682866757286005210e+00 9.907873006113643299e+00 7.152226263695749431e+00 6.873659135144332133e+00 1.046618581886949073e+01 1.020556303797097009e+01 9.433333995835534225e+00 8.601948162605021153e+00 8.154941832197122764e+00 6.551659298354181260e+00 3.085323598569836623e+00 7.316974798975318883e+00 3.874755852797935329e+00 8.166348966236771645e+00 9.151889599602796466e+00 6.692901652845842264e+00 7.169265748714577668e+00 1.101697207360431996e+01 9.612273374508166768e+00 6.803304668952677936e+00 9.318391306235872307e+00 3.406840632496208610e+00 8.759254621637277083e+00 6.453620643656829081e+00 6.502666851569865791e+00 7.155867358322800520e+00 9.676215604255938629e+00 7.410368352511833123e+00 1.072559373789820114e+01 1.054639742292206783e+01 9.376394676751102608e+00 5.627518761363521804e+00 9.041689060474263684e+00 1.046308303372613224e+01 9.997508866211463285e+00 5.291423734097644882e+00 7.901574010890104915e+00 4.182156401256034606e+00 3.256204393506049843e+00 1.063847557429609481e+01 8.363039292138196856e+00 1.060742538057524520e+01 2.908966848665270000e+00 4.524522629277458741e+00 4.542403441050956836e+00 1.061393676091884686e+01 1.047863605844563395e+01 1.083036929040119389e+01 4.394809593208904630e+00 1.044305596598263364e+01 4.905057164101764400e+00 7.814211478521083443e+00 4.678194975647432585e+00 5.002304762190785681e+00 4.509225842664981165e+00 1.018697565136284489e+01 8.038463110348272878e+00 9.265431707069790690e+00 1.040632524572569650e+01 9.004092576585966512e+00 7.774175496142484931e+00 3.786864087499421050e+00 2.751027299977581997e+00 3.851798105342634226e+00 1.019630914186609161e+01 6.086032067907266807e+00 1.018217624878061045e+01 9.068228904954317215e+00 1.073917784855283486e+01 4.646410279232879859e+00 5.809407671052833955e+00 5.399644886214157502e+00 9.406883520504523588e+00 9.129691140816127870e+00 1.034146418941431911e+01 6.184420519039548481e+00 7.520742742563115257e+00 6.771774116055718551e+00 4.436429085197119093e+00 3.082218369738808583e+00 8.104191326683963581e+00 1.022606906849762431e+01 1.053411335410742744e+01 7.711531911841753129e+00 1.024406019531447143e+01 1.075288204900149580e+01 5.949612156481578040e+00
4.053873969768654995e+00 6.813090590772956645e+00 7.174312312849636442e+00 7.187967639544913467e+00 6.060957039635756161e+00 1.078251211108832486e+01 4.583521627968754508e+00 4.254526560676508140e+00 2.925378305953123981e+00 9.306366966510640992e+00 5.239968399241051955e+00 9.408633200875643254e+00 5.258417542946749457e+00 6.317285912201321629e+00 8.772633462527702264e+00 7.986515896073702159e+00 1.067823227808393227e+01 4.831850565301960110e+00 6.393417256042874364e+00 4.830973630526969487e+00 4.884718002533089631e+00 5.386945041397521727e+00 1.031912469493931717e+01 1.027170598301394122e+01 6.426366544180901919e+00 1.087820971299862016e+01 3.301497795355730513e+00 1.021850899704571347e+01 1.069316251154603492e+01 4.405256008896333952e+00 4.079841293137648428e+00 9.548698396107244690e+00 9.694821143972461641e+00 5.855346206447173074e+00 1.098876912511628134e+01 8.127314197606052559e+00 4.054891242035503218e+00 6.527597353170657257e+00 4.246075590520068666e+00 7.244052366141614741e+00 9.909399263612154840e+00 4.924813331612225120e+00 1.054785246437993429e+01 7.917058612354869851e+00 1.018938861838702437e+01 5.046684224852199918e+00 5.181069242645953921e+00 3.774960535764694036e+00 7.254965177075615834e+00 8.625277699684273713e+00 2.644930585191167527e+00 9.145542993627744366e+00 1.040308840685877279e+01 1.118489949744323120e+01 3.866798856648905325e+00 7.511123689700816897e+00 9.626235907653281743e+00 1.043280504530873642e+01 8.161958706790002793e+00 9.390346038752587887e+00 3.675383754228723099e+00 5.129011364229794090e+00 1.025802831403140303e+01 6.494042728687154487e+00 9.697657218061642936e+00 9.114985726619588391e+00 5.629684217736638630e+00 8.985024830801732421e+00 6.231736596082818380e+00 7.719480878731299178e+00 8.208522826227648395e+00 1.049906808014573656e+01 4.913598201603724291e+00 4.984523792513485319e+00 6.538010953623672350e+00 9.034750383886796854e+00 6.314273892599960192e+00 7.115408268879199305e+00 7.014305229844717715e+00 1.066463001432089897e+01 3.125564501614405799e+00 8.450567995268722044e+00 5.460586616602436827e+00 5.107731732006730141e+00 7.840781345449643780e+00 4.120126531658501179e+00 1.073519952502743813e+01 5.384720238323868813e+00 3.175715605452142487e+00 6.811791945325916586e+00 8.798195831940091693e+00 3.679672775186340949e+00 7.656700447921094721e+00 8.803495143199787876e+00 1.016230418065498498e+01 9.056212943586809061e+00 9.891711154066282319e+00 9.679910460011711848e+00 4.294247656444023065e+00 5.105436061990671348e+00
1.036195485961848206e+01 6.331652002910087340e+00 8.258033334797826086e+00 1.002498708675647521e+01 1.056781390165460444e+01 8.515336889645148233e+00 8.553267111449406102e+00 5.564139976172611135e+00 4.158089568697172389e+00 4.534132605585558196e+00 5.434343505625066406e+00 5.856404672306158687e+00 3.960179493550596064e+00 1.042675726742579911e+01 8.971227072025167004e+00 8.707783577359954563e+00 8.542461822772846602e+00 7.730554973051464884e+00 4.232636355634393333e+00 4.729509623913928706e+00 6.927393732399774962e+00 7.972515660318833852e+00 4.529121649470821964e+00 5.280799627406842944e+00 3.754041172923712644e+00 1.056868385446482606e+01 1.049133764875346131e+01 9.653909623211827551e+00 1.039519320109794798e+01 1.007721218322885370e+01 9.937413699051427685e+00 5.663424213384759653e+00 3.393798322307651993e+00 5.642772608892670405e+00 7.335721374380177018e+00 7.726433519248304016e+00 8.521965566996868802e+00 1.017695792831223400e+01 9.986604433635184463e+00 5.993312972167442076e+00 7.550677916510351473e+00 5.677443300444504182e+00 8.480188282604874672e+00 8.083685296157309352e+00 2.636536168949357162e+00 5.290672474688496330e+00 1.070510167130108492e+01 7.421173641188390846e+00 1.038019594077406182e+01 8.855103033986583938e+00 3.181375535192160431e+00 4.475017706279096785e+00 8.113946527859258850e+00 1.052587882485882886e+01 5.097056307874876069e+00 4.747800975215845654e+00 5.263684388070270614e+00 6.243140239140082315e+00 1.005657489176454078e+01 6.137267121775396461e+00 9.001417087686471419e+00 5.306167549100415215e+00 8.826842833387440024e+00 1.058874024646035394e+01 5.258100561746235080e+00 1.020555047043438535e+01 9.618354665821994942e+00 8.415679117317855784e+00 4.184538647635228870e+00 1.007542759303388813e+01 5.431552814306883192e+00 8.784284965334267170e+00 1.053360785985815085e+01 7.129238144693703205e+00 7.039906698259813744e+00 6.539924011970387419e+00 8.884795933756334918e+00 6.806594570751847151e+00 5.768945439725086111e+00 9.905439093195157696e+00 4.965896957804416090e+00 8.684974894852473426e+00 4.870466066948297978e+00 8.155526920844767602e+00 9.135639774799345858e+00 9.685218149629131190e+00 4.515905139261278123e+00 3.697819599817538716e+00 1.049435804671254502e+01 5.312727105000923267e+00 4.357349606731841796e+00 9.419298850256820899e+00 4.332456807740802773e+00 1.065237526975828963e+01 7.584402202737742016e+00 1.048463775536109566e+01 6.865687127771048281e+00 4.993644682189513517e+00 7.458708683786720250e+00 4.659665888445130300e+00
1.032292009098776298e+01 4.501438159161599728e+00 8.832368360305654420e+00 7.557048261165618008e+00 7.612633777281333280e+00 4.031967008011093867e+00 6.358806958486293404e+00 4.051996519442261580e+00 1.071087854895098346e+01 1.026356780487915543e+01 9.785983261568791391e+00 8.063250481671300207e+00 5.558724415199509217e+00 8.283038543421646693e+00 7.757760198774008131e+00 4.636803793907165350e+00 5.858852898252420616e+00 1.032476053690088058e+01 8.220904642549053065e+00 6.901222535659526258e+00 1.089421097985629316e+01 1.064532767452042528e+01 1.072892832427189092e+01 9.255261777187214989e+00 8.289484293296418116e+00 9.103806204631409216e+00 1.108063362836837662e+01 8.392162463582794274e+00 8.857778522886077255e+00 9.093299744046966282e+00 8.044960526762336528e+00 8.976700932404089173e+00 9.301813329088275850e+00 6.535692941320353277e+00 5.285167195468113199e+00 4.152803872268775010e+00 3.226714319812840071e+00 1.055513186084812993e+01 9.227497296086673018e+00 1.009658573906997070e+01 4.791333525550776073e+00 5.330172591271071347e+00 4.637466382363746753e+00 8.092125095170118243e+00 9.170542616679750125e+00 3.484234315568002671e+00 5.643863889986070248e+00 1.064823496465025165e+01 8.831111606647228385e+00 9.244600316984898924e+00 3.794932795084755561e+00 3.800992442307800534e+00 6.120810630814782272e+00 3.753607942009793863e+00 8.774606565771430056e+00 8.238305095146442270e+00 3.902312969544837973e+00 5.594746815130627660e+00 5.008707223883989812e+00 5.911592565528277277e+00 8.082970342964960864e+00 1.001490233684408082e+01 1.043393333081541208e+01 5.685731241723586571e+00 1.084363921264122155e+01 4.848789510028114869e+00 1.071955154558707868e+01 1.091334295971640067e+01 1.053038638131371840e+01 2.598869690864250348e+00 8.018930365710422947e+00 3.118022932369133304e+00 1.088409411290596118e+01 1.064547569217352851e+01 1.059187514864165180e+01 2.988343409731470057e+00 1.082491916870248616e+01 3.314748517192642741e+00 6.000916331800920211e+00 4.113786907648218083e+00 6.808941907307196395e+00 4.535885078742586174e+00 5.625367268919943875e+00 4.101205407134417058e+00 5.881917120670449250e+00 9.299130858224012641e+00 6.596694367507407897e+00 5.412760856131026976e+00 5.072808642428496384e+00 5.452917975598367661e+00 1.014283148091414866e+01 3.543982479079016201e+00 1.035786622104973453e+01 1.099068776903481215e+01 7.460462553336701497e+00 1.066732225993583860e+01 1.047359368348943676e+01 7.265431840460875534e+00 8.779665697443073569e+00 4.552274891939656065e+00
4.306388594980897544e+00 7.875364413343626246e+00 6.443946433272854435e+00 8.861389595064622426e+00 1.051063021380325679e+01 8.285098223028510844e+00 6.719562983512878063e+00 1.071429133333008821e+01 2.917442953894878066e+00 1.011362452589232319e+01 1.060530984525022724e+01 4.641193355157456679e+00 6.147083764240658610e+00 9.267104585828452201e+00 4.959869776717547474e+00 9.138061120181246721e+00 7.209892405312635866e+00 2.792929910637181212e+00 8.611690796243731683e+00 4.244123084072408680e+00 4.553324630342680202e+00 5.361087683973640772e+00 8.279153778224154436e+00 6.040153577409941299e+00 6.308626879494765305e+00 7.559597376502792621e+00 6.499288278818129427e+00 1.009854068920530068e+01 5.839428374068489802e+00 5.423652372072482741e+00 1.017098555564880336e+01 9.220365917271580614e+00 9.361953180822832010e+00 4.158190108989846756e+00 6.707082023291751405e+00 7.603074769316047643e+00 4.681909380904558660e+00 9.143331107188913620e+00 2.598150373943920677e+00 9.930620247331157557e+00 1.040685308226223604e+01 4.449039211766472768e+00 1.048922211342844335e+01 5.760594660763082686e+00 8.438222485164114772e+00 4.211165417576657966e+00 9.706305079624570453e+00 3.687614061914640917e+00 7.369850614564171565e+00 1.013030304333259224e+01 4.813038708526511833e+00 9.138723010441351491e+00 5.006984074978992005e+00 1.074338657691560783e+01 5.204578914416247315e+00 1.047071152843277986e+01 1.069047864428881844e+01 1.059264875033806064e+01 4.013204723185506140e+00 6.240350246018376623e+00 1.052423247756629010e+01 3.298006463872975136e+00 9.751835868276398145e+00 6.303653625989781517e+00 3.849135533077963078e+00 8.981510109737000036e+00 6.977700184953623541e+00 6.496178511710001935e+00 4.072579351581375739e+00 8.479600401171321522e+00 1.056334265141651407e+01 3.695230687281180870e+00 1.048563617632306766e+01 2.473189263097170798e+00 7.138603752234885746e+00 1.025928367129687580e+01 6.197897107436738828e+00 7.848454524730812842e+00 1.026148299019912180e+01 3.308468239882896178e+00 1.053490510891223586e+01 7.717887594371005910e+00 1.034380594039785350e+01 7.571935206446153366e+00 7.484345062025661299e+00 5.703112843016097777e+00 3.176090536960239685e+00 6.722245454377141272e+00 1.030772733565034471e+01 4.795249360491489199e+00 9.951656907180259637e+00 1.065343652840318178e+01 1.019061046222160449e+01 5.428127811489433796e+00 7.501797181162340067e+00 1.010819535008792158e+01 1.071584970786653557e+01 7.168878947866373252e+00 1.083507513465552385e+01 3.604339819016127322e+00
6.384977457030065473e+00 4.174997094581867074e+00 2.770830770299351986e+00 1.091660353726354060e+01 4.617662737492857161e+00 9.170160005010407289e+00 7.048033705250969838e+00 1.077555947057132002e+01 4.144129130141488204e+00 1.037216249211081021e+01 6.385799932479858221e+00 5.453127783639676984e+00 4.206404066702415179e+00 1.050491896662218672e+01 9.289826691972796979e+00 1.025863015939449419e+01 4.864650439393931158e+00 6.337880613680543007e+00 5.663410598553459963e+00 1.059810306121562995e+01 1.022119426069588322e+01 1.066506010335067067e+01 9.490914259285760934e+00 2.798836652831784289e+00 1.066715888196024231e+01 9.242447079050128522e+00 5.596573995310683891e+00 5.545413299367345061e+00 3.122535027101121852e+00 3.279261633959309474e+00 8.933971308017598645e+00 3.888854534256046769e+00 1.045905723284030664e+01 3.055690394598861825e+00 8.216799247264860995e+00 5.315760419594830033e+00 9.091191190686718215e+00 7.573772161376886913e+00 1.041508900790378789e+01 1.087845547815848946e+01 5.689706423364835786e+00 6.007989062111952272e+00 7.038827286506520231e+00 4.625422493137161695e+00 1.048755761302750500e+01 4.972097291617557424e+00 5.152680573895059624e+00 5.738739714643050327e+00 8.624054459456738542e+00 9.920295317830710502e+00 2.822550721620690872e+00 1.041314802169799769e+01 3.208646391383532581e+00 3.778757328206094890e+00 8.065951105643963004e+00 5.178316603035761467e+00 1.019850985716129088e+01 4.792503702846066638e+00 8.683585483863435428e+00 1.066766577260247573e+01 5.205004116070680809e+00 4.791700078701150112e+00 7.838509414113800311e+00 8.517397965644967428e+00 8.134215171583766946e+00 5.773906823889961792e+00 5.673597983347957729e+00 4.628393668244624948e+00 1.085274090191413521e+01 1.072350194125339762e+01 3.944164611861623371e+00 5.678524457688988392e+00 8.037164464901232819e+00 9.749691008699350903e+00 4.698832965308222143e+00 1.045090229799007453e+01 9.209661168887697258e+00 4.466822276033203920e+00 3.102987969435494264e+00 9.540343777064618891e+00 1.021299883044999035e+01 3.694742997042063770e+00 9.096924780155049461e+00 1.036433989878358375e+01 1.041326671509906987e+01 3.840602175737249269e+00 5.585236331820487621e+00 6.662397448769930897e+00 1.034487138822160901e+01 1.015899472935446290e+01 1.046990441330547839e+01 5.631717714975619238e+00 9.101108373444654731e+00 4.357350304928318430e+00 9.749548576618062512e+00 1.073349592562379407e+01 9.572018158435820823e+00 9.973078971484611088e+00 2.543819516897201094e+00 9.640797493375579563e+00
5.950699248396116303e+00 4.913986398844882864e+00 3.106881462088946222e+00 1.090427338748142461e+01 8.894732666015624289e+00 3.541523431087362006e+00 3.935477302197751825e+00 6.892162738175226622e+00 4.236714172157747704e+00 3.973076229773718548e+00 8.373192465305328014e+00 7.138002605068272111e+00 1.048698090273758332e+01 9.016431104725803891e+00 9.949041463177778155e+00 5.667516692034128667e+00 6.306205534112863553e+00 1.033313330905190774e+01 8.617692493159195166e+00 5.930560469216313635e+00 1.047442174451104435e+01 5.465384971889955423e+00 7.349325732732640226e+00 3.405198474382531870e+00 1.010724440648637845e+01 8.387888104751191065e+00 9.638817408167081879e+00 2.866577769610388238e+00 1.040797578219709685e+01 5.644028664354619806e+00 1.009116633801624552e+01 6.016086046654601560e+00 1.068564433188273810e+01 1.062692880096106585e+01 7.529820693155814482e+00 1.022485699941371884e+01 7.476409360869176624e+00 9.269398859451555950e+00 3.267030977175153339e+00 5.904924090977372586e+00 3.695801113802810622e+00 3.923425034613444495e+00 6.973489362001418002e+00 1.029660925495213419e+01 7.868670105523075442e+00 7.713791973837490268e+00 7.016574368394653760e+00 1.072072311927532162e+01 1.067528449255844514e+01 7.506666403392264542e+00 1.055659946984258113e+01 1.052568891541711160e+01 4.197982769896244193e+00 1.037708896645184176e+01 1.025564606765220788e+01 6.857893858695851996e+00 1.044934252706067213e+01 4.124634786309866463e+00 5.715385740687106697e+00 5.347989168968693363e+00 3.150107853268754532e+00 1.013700572951086620e+01 4.182378427735690352e+00 7.074301253105031329e+00 8.606782475011101496e+00 5.072878112977948106e+00 1.066226312826419509e+01 5.738549456103093860e+00 1.046232479235221469e+01 1.063044212563284496e+01 1.046195474821945659e+01 1.047273629821579988e+01 4.038473850077595628e+00 4.469654859140001157e+00 2.739443347680157181e+00 4.401559756747607466e+00 5.580027437004549284e+00 1.027986091786417333e+01 8.521746333303122256e+00 9.317609326181740315e+00 7.755496645795886934e+00 5.990600478854672062e+00 1.097742901793841597e+01 9.639930333351266256e+00 5.890944801116811291e+00 3.599476531456256456e+00 7.952860033101048387e+00 1.022424956847881283e+01 7.764337209586439137e+00 7.005862638046000512e+00 3.618315268796065354e+00 8.314925176521827055e+00 6.954229612186036746e+00 8.014563844943868531e+00 4.866481808752848970e+00 1.046192961314628711e+01 5.092358841978270156e+00 2.514907898985105916e+00 4.753799181148923303e+00 9.477284067663651612e+00
3.525534731766272856e+00 4.892413524101519862e+00 1.076773408445818525e+01 1.076276432193558641e+01 4.509659771775377024e+00 1.020404515883018171e+01 3.935489869734336121e+00 4.216254920795045713e+00 6.787129551172255582e+00 1.058634403615162256e+01 3.752946051749689538e+00 1.061643630430616092e+01 4.410112314491436258e+00 6.162892328870706926e+00 4.819985414373463506e+00 1.032443238455673651e+01 1.047941524571385763e+01 3.329890653285486835e+00 1.057222789978158772e+01 1.057062344427766298e+01 6.841188809789459313e+00 4.684024916229576618e+00 5.860151543699461563e+00 6.935087159378774402e+00 3.641846235558904077e+00 4.113769452736295129e+00 1.057302244737230446e+01 9.785536415823573364e+00 7.124414305234776812e+00 4.583254916914577315e+00 1.066699829677055433e+01 7.885891121625899558e+00 8.721437507662278321e+00 5.286178882163145687e+00 8.113801302992063924e+00 8.715904998779295809e+00 7.228218666438397833e+00 1.030971998839542714e+01 7.030715639837856301e+00 2.911234590822252333e+00 1.044057876488258074e+01 7.634703069719773971e+00 5.130156057353676857e+00 9.087458632321192553e+00 6.894519849481253182e+00 8.366157437604048397e+00 3.415394237534752797e+00 6.485816577796277294e+00 1.061481788487269817e+01 6.181409895831140311e+00 3.268246886339680746e+00 6.036629081594532487e+00 1.088891166859659521e+01 5.164259813366264495e+00 8.772706074961298839e+00 4.893133364669207452e+00 5.825907101096777119e+00 1.115251714484444889e+01 4.407668277724035022e+00 5.388569744599275957e+00 3.804188087582587752e+00 1.027698714116523959e+01 8.473188164727440963e+00 7.000781164087097608e+00 1.036474066356132617e+01 1.074347594606465250e+01 6.225898975339428709e+00 1.065009077088586054e+01 9.466149230249996549e+00 8.115229812983807633e+00 4.469152157676630210e+00 2.632458177876883187e+00 8.345673749364655336e+00 7.655746711533644167e+00 4.397886545082617893e+00 1.042430939057777550e+01 1.061842616426533503e+01 9.720725629658533151e+00 1.046135290285636543e+01 3.369683314191883827e+00 3.912866907489710666e+00 7.577987173507953145e+00 1.036024008907120653e+01 8.554877152525143913e+00 3.438977569033359494e+00 1.042722785185123158e+01 1.089385350326011803e+01 1.008038758080581054e+01 5.154440727213333240e+00 3.614189625814042905e+00 8.054757619726245821e+00 3.616141783163465018e+00 7.638087926239801817e+00 8.752008738599974080e+00 8.133194408334533776e+00 6.589678889307482024e+00 4.200503608276103584e+00 5.471396792654332764e+00 4.807814453388082221e+00 1.037593135669313504e+01
5.447670679976199359e+00 7.479986919616830043e+00 6.291144737909579732e+00 5.895925734783040717e+00 4.996391038031413601e+00 3.734178181352286074e+00 7.164344161748885220e+00 1.123556761577211383e+01 8.242347652747712416e+00 1.014783196408173005e+01 9.354865090189308674e+00 1.079957603298384505e+01 4.682548230680925627e+00 1.074331815366087106e+01 6.081513340308747573e+00 1.060880920599246657e+01 3.341998427489707879e+00 7.540039496791773210e+00 1.040450434931393175e+01 3.455204004254833983e+00 5.418324783855470450e+00 9.601261419674445463e+00 9.321304181937513533e+00 1.064491713499200642e+01 7.451571719399812999e+00 5.233561399270747927e+00 4.860159290556249623e+00 6.830496628942159809e+00 8.654749969367323104e+00 6.693526538692671224e+00 2.960906033680356320e+00 8.572967423241713902e+00 4.325211971998214722e+00 9.988011997732622049e+00 4.175553557173958374e+00 5.143268187189923957e+00 6.354372712661479738e+00 7.310301437049075979e+00 8.946935420200741618e+00 6.615452114055895727e+00 9.253238403797148237e+00 9.182836460245065169e+00 9.732028034226646085e+00 3.068590621804368812e+00 4.780623889791553616e+00 4.444238412791284176e+00 7.869288009405135398e+00 4.600933949906250042e+00 6.291458228127709162e+00 4.900574742720044341e+00 5.872992773302669889e+00 5.043233737863342725e+00 8.064829802102055467e+00 6.949269624414114332e+00 8.552934769926398673e+00 8.207725485851023350e+00 4.160923548196923782e+00 8.357100432905657073e+00 1.039310419723905277e+01 1.063192369855683239e+01 8.005011120746875264e+00 1.058919547056329513e+01 9.240017355310504499e+00 9.215805297884447356e+00 5.280892138440033357e+00 5.456571637762003490e+00 6.996735813699919149e+00 1.026100682020187271e+01 2.922596342090902244e+00 3.568888543803116153e+00 5.182398608737978307e+00 6.123589452792857379e+00 3.742560030057512144e+00 4.300124376190119335e+00 1.080390904031950683e+01 9.313559786615700276e+00 1.011535326036913496e+01 6.608877896029373034e+00 4.977412661396223292e+00 5.382551290968367930e+00 1.023400058047524652e+01 9.190834999084472656e+00 5.429383168754905675e+00 6.167773420440738619e+00 8.173113093705012488e+00 5.830949476052974312e+00 1.047024792597211551e+01 1.028336027860641444e+01 6.044760277764550160e+00 5.271389335291138067e+00 5.341714128132523776e+00 8.921829671284246643e+00 1.047939709260545804e+01 5.456196008057429658e+00 1.040135687959605093e+01 9.538187746343940177e+00 4.627300641660031744e+00 4.216680122449480095e+00 3.757143259870594498e+00 7.921656934351755552e+00
6.630100974337807429e+00 5.638278318170843129e+00 5.411702041173803046e+00 6.501904421017087543e+00 9.819534395069910104e+00 3.615936164301016831e+00 5.964610115001940827e+00 1.017322955912556992e+01 8.497826122004410010e+00 9.611766483865935129e+00 2.685590580670997873e+00 5.720818756572130681e+00 5.567248695986023677e+00 6.900608122759851248e+00 9.430377831952323930e+00 4.271672869756304003e+00 1.058392687994858150e+01 3.836340384442230356e+00 7.182278734651104557e+00 1.018001044330925708e+01 6.528272509163823401e+00 5.874791327427172583e+00 3.973721712416615759e+00 9.883472435638822162e+00 6.005812085496967434e+00 4.744948144411218038e+00 8.313281622015196604e+00 4.501718135948838295e+00 1.028322343209694090e+01 1.053826483035909689e+01 1.070809833057995419e+01 8.281516475101996733e+00 1.016343386255461567e+01 4.654519133115636365e+00 5.000066344285833075e+00 4.044401538166505716e+00 7.938944977316362284e+00 1.017911675181882103e+01 1.021366072071009512e+01 2.830280280267369886e+00 4.964740395340426105e+00 4.902324772189403213e+00 6.505681663957134653e+00 1.061423279622505333e+01 3.448621756968826890e+00 4.623029075614336847e+00 1.072062956094741715e+01 5.010040779154875779e+00 4.329352975302728446e+00 4.799263641135445901e+00 1.062465128405340664e+01 9.772012350065953257e+00 7.658064723836964127e+00 1.100985465871876556e+01 5.882522457015924466e+00 8.729325731458335014e+00 4.008683900997556115e+00 7.068525771848086059e+00 1.055849996065271235e+01 7.450551654347057351e+00 4.217287553384386101e+00 5.762430219300861189e+00 5.897767577089111590e+00 3.888781223625971784e+00 6.059145917974668727e+00 4.716990262886572971e+00 3.684812199452827564e+00 5.305221841972449504e+00 1.062156106644663289e+01 9.859103982201936844e+00 4.684321300634022300e+00 1.023501156897380326e+01 5.466292976408168691e+00 6.194209233645734614e+00 3.125382621432172492e+00 7.451091360223703219e+00 1.042236002601426037e+01 1.023817858819303694e+01 6.838278726873726399e+00 9.664270858929073782e+00 4.658925451081374014e+00 1.042799167879696398e+01 1.055317551431984668e+01 9.128689927068249332e+00 8.814399575776066698e+00 6.000914935407966944e+00 3.082581082808560247e+00 5.022965792335312152e+00 7.639523418196315419e+00 5.125792678471269070e+00 3.240536864564336206e+00 1.036332192832025889e+01 3.335223477976075213e+00 6.184238987955553490e+00 8.176969931043426953e+00 9.892984664440154674e+00 1.050916958677357549e+01 9.797735304668030665e+00 6.091711896246876812e+00 9.222012264564119377e+00
9.881847034240589522e+00 5.669461867418782219e+00 9.915875734131910590e+00 9.846702616379177542e+00 1.089364404431704791e+01 8.335350216257159772e+00 1.047956745254582245e+01 3.797528340487644094e+00 1.021705674837375355e+01 4.691404154793969106e+00 1.020192264154039563e+01 5.129622286147084154e+00 8.130887567174845287e+00 1.068073601065010791e+01 1.042299957398710397e+01 8.821597981452940829e+00 1.015658595150914500e+01 4.052113816450381378e+00 9.067358952144095596e+00 2.857896220067451587e+00 1.090820283725343742e+01 6.454606497082216343e+00 5.464324760539778225e+00 6.658896691634736520e+00 4.907584635348155366e+00 9.383767631547202726e+00 1.027684610547690447e+01 3.718813669681548806e+00 1.036230395785693403e+01 3.315886577449995709e+00 5.218060041090537560e+00 4.065142860905877065e+00 8.263489042068348667e+00 5.720017925213122467e+00 1.018507376415976040e+01 1.032766084506593884e+01 5.998013929046432935e+00 3.801878802735229712e+00 4.784970861056755176e+00 5.099702821620579307e+00 3.868827815610786480e+00 1.056570534829435637e+01 4.513072207056242569e+00 9.807172128249858289e+00 7.368001790293330799e+00 1.053042408392347085e+01 6.588959746936271067e+00 1.088326605188435359e+01 7.026139660128230879e+00 1.107043716701967817e+01 7.437858442396952263e+00 5.929360967668992899e+00 3.070347633238496243e+00 5.805846869020625967e+00 2.527560615539550692e+00 4.306776094025578594e+00 7.030062127935474692e+00 4.706173453968146347e+00 1.022793046030504804e+01 5.505241866872228051e+00 4.420835565081957519e+00 5.630892795838158271e+00 7.583939298473554302e+00 1.058706876409464748e+01 3.344831708792982194e+00 7.141728879665505403e+00 1.001213189322372799e+01 6.082609508777486518e+00 6.102913062325838744e+00 3.876261513500377731e+00 9.152329463383246377e+00 5.527564953730023767e+00 1.015903522475012366e+01 7.992855520083986143e+00 6.508702061916219250e+00 8.346068928570582912e+00 4.989306787478512639e+00 9.339232471071440500e+00 9.729386058758043632e+00 1.008780661656938626e+01 5.322185572673533649e+00 4.314240512560153284e+00 1.049241426772084651e+01 4.606595974235698776e+00 9.368622353570213335e+00 8.975163503761947936e+00 7.854162979125975497e+00 3.214683696319316830e+00 1.035264929697431313e+01 4.235752057412574878e+00 9.575784230232237348e+00 9.525743092339613582e+00 6.424475828121448018e+00 5.502123721406377399e+00 4.222138622505910988e+00 1.067641557085102910e+01 9.458224700237142457e+00 1.070957292153917351e+01 7.251354104897070663e+00 1.028303352265522363e+01
1.017440392559972118e+01 6.450807610051384700e+00 1.054213982080591094e+01 1.018665308459051566e+01 6.529205299656966055e+00 1.006950688690974616e+01 1.006609270613768992e+01 8.719700394827743395e+00 4.355927031410151251e+00 1.053375448111829904e+01 1.008979368374265384e+01 1.046122303831166178e+01 5.066199863676366988e+00 3.632754670134905606e+00 7.004917280016274006e+00 7.990686921826723577e+00 9.800339577526880674e+00 1.027461466953672087e+01 9.670620257690034194e+00 5.838842238126129125e+00 4.768284663455239603e+00 6.472811272020996931e+00 1.022841221587411198e+01 1.022283641880956040e+01 6.398226433375785227e+00 4.598639676283145405e+00 4.602612414236726401e+00 1.039141176897903840e+01 1.019211018825399329e+01 9.454018764660276020e+00 1.044106052045164290e+01 7.750595306528024864e+00 3.776548234553172456e+00 1.100697669284097024e+01 5.789873180923789775e+00 5.670294815815728029e+00 5.579981705135311998e+00 8.595502412730249731e+00 1.086294853440646335e+01 9.111134474852988774e+00 8.936104996451014415e+00 3.861762416362762185e+00 8.178951412644877905e+00 9.834590303897856600e+00 6.917206347605277195e+00 1.044160232091772045e+01 1.080548556796435555e+01 6.525094318800958249e+00 3.013790925823408795e+00 1.064782163233592449e+01 5.410204409730845043e+00 1.086936635642216054e+01 1.107680890806789975e+01 6.151712108686052005e+00 9.326004440620026870e+00 4.125298072962925389e+00 1.081167577792858125e+01 9.733719066093707184e+00 1.052414869398906205e+01 6.117548656874689073e+00 2.714419985947937430e+00 5.954875859720952569e+00 4.448668469437237150e+00 1.028600644325387847e+01 4.525151355204910963e+00 9.511692586438408981e+00 6.941814980630216070e+00 1.028770026790684611e+01 1.044667681291185524e+01 1.069277850348373882e+01 4.176449343253826108e+00 1.057090970483319481e+01 5.593781209403070775e+00 1.043878579632989201e+01 8.124447402871886936e+00 3.910053873884266284e+00 4.780710117056451658e+00 6.359860536969940803e+00 4.222627360039743039e+00 9.935735234720953102e+00 3.162975265239846845e+00 3.399496303755661142e+00 9.816171880837144315e+00 4.133488266735240835e+00 5.532387047697757687e+00 1.028265230737883407e+01 6.790290286623197780e+00 5.157804637839054074e+00 1.040828159225397975e+01 3.974351485638782489e+00 3.900150655055867777e+00 9.583641733383309713e+00 6.350447452068328502e+00 1.048630923772680212e+01 1.069350602421267205e+01 9.826128162597786542e+00 4.263341291197414229e+00 1.003203328560138452e+01 1.008872544313299180e+01 9.350539064818415014e+00
9.976177567449107997e+00 3.167025153904125201e+00 1.060938870906829656e+01 1.011596627687585581e+01 2.841191345710178506e+00 9.770251498551203895e+00 8.447708182499326313e+00 3.920475503596765776e+00 5.598996038889062277e+00 4.631708356018723549e+00 9.126311869867915760e+00 5.489198708225940138e+00 7.282182272138266299e+00 4.799607851998558772e+00 1.004261375501237907e+01 1.073498448051255139e+01 8.757757688390796602e+00 4.213619927291212264e+00 8.650650159654945881e+00 1.049580470981269009e+01 5.613545755271253768e+00 9.769095285185450450e+00 8.498020220624988852e+00 3.241306626180122219e+00 5.388782345426493592e+00 7.502394837346569645e+00 7.789439467520548277e+00 4.689972852016317084e+00 3.005337162881061452e+00 1.069677777290344167e+01 9.774556578027789655e+00 1.066269042450806026e+01 3.939989047831502056e+00 1.047273350542989157e+01 9.296462351289287440e+00 4.289470596149049797e+00 4.014570395494328814e+00 7.783520855985837983e+00 1.036980538080478453e+01 7.561689173147595255e+00 1.044969860726389221e+01 5.954622414399836750e+00 1.048437244069987173e+01 1.033254263483244628e+01 1.042710915845015940e+01 5.370869416615057901e+00 4.311924594846265002e+00 5.416646668623233296e+00 8.822906401650657315e+00 7.632535867855465561e+00 9.890771381608370660e+00 9.348673483832127928e+00 4.015580685796408034e+00 4.333308956540864010e+00 9.853880076161745549e+00 7.422921925166557244e+00 9.231490979934559249e+00 1.068129736061753832e+01 1.041541017828316384e+01 4.049706085899780206e+00 5.264723304427902484e+00 1.015777288551988100e+01 5.692858082261578190e+00 1.053918226052974738e+01 4.120479120879337209e+00 9.841703529604549416e+00 9.391217387955762774e+00 9.404721904212030026e+00 1.033624167976708108e+01 9.197674531772218387e+00 3.819286935493863666e+00 9.712583262344885782e+00 3.009008978153096869e+00 4.699825800698378409e+00 1.025720304579570197e+01 1.009332795430873908e+01 5.232911029252512058e+00 6.704745159683556111e+00 5.656858722814197549e+00 9.094693344214865860e+00 4.511920881065828226e+00 7.458832264563132419e+00 3.770227810946003899e+00 8.726024658515534327e+00 5.341497687224683766e+00 1.037361892996163171e+01 6.615873126531468529e+00 9.210997516944489760e+00 6.686943244111948736e+00 3.189719332189395296e+00 1.080839285809418193e+01 1.029092872841604667e+01 8.832649035289369621e+00 9.607682034476049182e+00 4.860233648481039559e+00 1.034094612762845777e+01 8.950795050325064395e+00 8.188540443058670348e+00 1.047154657141915557e+01 1.134120613912056186e+01
1.012676039440878384e+01 4.447727998782847969e+00 5.128482829496777917e+00 7.811894862610717638e+00 1.075148007047587306e+01 1.076866966773723711e+01 1.010131532200451510e+01 8.804440501229516158e+00 1.021341355915727256e+01 4.042457060978329686e+00 8.787676803819064020e+00 6.134697758740391471e+00 8.834729660790541672e+00 6.509485438363304510e+00 1.051875303161555308e+01 3.681478311275613535e+00 8.039057973746594143e+00 4.385244999671804145e+00 4.780331345467731197e+00 9.268790032123696676e+00 7.707997641275667888e+00 3.107795401277213099e+00 4.907297327497909478e+00 9.017333174573963106e+00 3.438334879176369707e+00 4.049721795320510687e+00 6.834297610562422243e+00 1.083745179546290238e+01 3.442864079722042447e+00 5.998548049351263955e+00 8.033758662486897961e+00 8.851059079992358747e+00 9.390723064850115875e+00 3.000680890576592486e+00 5.730330287176986559e+00 4.330367454783669245e+00 1.049676263537900134e+01 6.874069674672750985e+00 7.292145535863678418e+00 7.470443970170513204e+00 5.544770609510355719e+00 9.420140875207966502e+00 4.687125955881743522e+00 7.994971055409003213e+00 4.693910680146052172e+00 1.058174711054769013e+01 4.706351494069756392e+00 8.984245643533508741e+00 1.056726791200966531e+01 9.372645361670130626e+00 3.701366088821969935e+00 1.091849006414413381e+01 6.902219560228544104e+00 9.442878341674804332e+00 5.701922068924738518e+00 4.607549710623148442e+00 8.491627533682461149e+00 9.417356467658075658e+00 6.123562921326735520e+00 8.749685140724839272e+00 4.972274284424452517e+00 3.730386276286223435e+00 6.647534242169609975e+00 2.978865043459267170e+00 3.497412774069555752e+00 4.986693787163701153e+00 1.048653266059941203e+01 6.476156331341841543e+00 7.361267685273597650e+00 9.309686192561839491e+00 3.022042909983930770e+00 1.055493636583459605e+01 4.505662946043343275e+00 2.916499515905462303e+00 9.253552592211756078e+00 9.648294727144568483e+00 5.028145013800981999e+00 5.684892358656586708e+00 4.038628151498991237e+00 5.663534528428110448e+00 1.040718123460638012e+01 5.448852377513358825e+00 4.779083319265266638e+00 1.038715835604174309e+01 1.022904897106104727e+01 5.116709840503231632e+00 3.684572718061249308e+00 9.745668000599431835e+00 1.032016640408285646e+01 4.879235065599966781e+00 5.682549560378337361e+00 5.226763409273377015e+00 1.056475161190690493e+01 3.025315007772938714e+00 1.023127761421532433e+01 8.704148766501194956e+00 8.992037516215750870e+00 9.159603274279627172e+00 6.058087452115683114e+00 4.126404714378816507e+00
3.620857402168470962e+00 4.516004981357474968e+00 1.046547365846304878e+01 9.995528781002963825e+00 4.270485237549090485e+00 5.256522986806671405e+00 7.235227162673554702e+00 6.351761457837860725e+00 9.915528032286413662e+00 3.752904858157552148e+00 1.069151476786054289e+01 1.028274726209969181e+01 6.678552318852522873e+00 6.524019096226527203e+00 5.174783030666153749e+00 9.735701944088113180e+00 5.463190540363048520e+00 1.002590032774826412e+01 8.756604267810951470e+00 6.971410132893200107e+00 1.026460392845087988e+01 1.058305273795949830e+01 9.279444510361242848e+00 1.054968453193532874e+01 4.464858947540151668e+00 7.688392982400696241e+00 8.078324543607644515e+00 7.551773386782612896e+00 1.034265810538982500e+01 8.857395911216734419e+00 5.044500266272446076e+00 6.388980915628629909e+00 3.536964906289659538e+00 1.006980850778776926e+01 6.149355695576502967e+00 9.947607367614219598e+00 1.078518201441600333e+01 3.414700579334949193e+00 1.053233853866314007e+01 9.814799226563550860e+00 1.057828824520110977e+01 5.091148169287319725e+00 8.833866689945088169e+00 9.429171348440235079e+00 8.072662170179958352e+00 1.068755739022945406e+01 1.003789953240032773e+01 5.860345642320040405e+00 5.170388931138761635e+00 1.032039680892023448e+01 3.250013136247108303e+00 3.380187680186895971e+00 8.578540427520357170e+00 1.032959484930696092e+01 6.592750953805857073e+00 5.849081289459918231e+00 5.473108072219223352e+00 1.052952480686121817e+01 5.646095325926253850e+00 1.075272286020476109e+01 1.084787726525602558e+01 9.384151639609500606e+00 8.292666672838144848e+00 7.604423684909424885e+00 3.592793743877574997e+00 3.167252416857357478e+00 3.660432574872312550e+00 7.891811129553564008e+00 1.048067898133705356e+01 9.772765005868055965e+00 1.066950342572968502e+01 1.038832992972998603e+01 9.356420671939849498e+00 7.425410995606717357e+00 9.171126308934441695e+00 9.190741440756566405e+00 4.336565344909141473e+00 9.674901598486405518e+00 8.242036257119012888e+00 9.946076920936846477e+00 6.292434306802419997e+00 1.031565745123501365e+01 4.115487365167716405e+00 1.059571941844348153e+01 6.893170933887875940e+00 9.217062051542873391e+00 9.891398362044629522e+00 1.001682935912033479e+01 7.234390025097747312e+00 1.005610291094615505e+01 9.340877421971024219e+00 9.961299000526295799e+00 4.052464311081787507e+00 8.151135265005045483e+00 5.975891573675746749e+00 1.001868516535594367e+01 6.975556721769529567e+00 5.370760497964661262e+00 3.047984749181516850e+00 2.817888165547929535e+00
1.025845561027526820e+01 9.565767903574581510e+00 1.057975864698146928e+01 4.624040762309370223e+00 3.376608725046288839e+00 4.377858080946165131e+00 1.009973739796671310e+01 2.690379161207840042e+00 6.241508553973559081e+00 1.019399950792049481e+01 1.012251535982921169e+01 6.842392500515640741e+00 8.740339082685009586e+00 5.405636459280704464e+00 8.228811019453507569e+00 1.020750123139085375e+01 9.795288824212962098e+00 1.004101628147322423e+01 1.038559998150529395e+01 7.496458770899936397e+00 7.644380771086132675e+00 5.046282761877979972e+00 1.089415093495927955e+01 5.577090473524454417e+00 7.018715038792839422e+00 5.965776103118369811e+00 7.730225424314366656e+00 8.048644211374480051e+00 6.557732211310287163e+00 8.873166773237029403e+00 3.338139146463623863e+00 1.062445578903987453e+01 4.079620663050946838e+00 8.319823723003780813e+00 9.520256664424106674e+00 6.849906491000075981e+00 5.143603321498837033e+00 8.959937234993637034e+00 9.375642020949001676e+00 9.361831694635851520e+00 2.805763634628262615e+00 5.572997296678607881e+00 2.932571126058183708e+00 8.936479229762635867e+00 1.017895477023617801e+01 9.888865305226422819e+00 9.098252749854120580e+00 1.070401388119006825e+01 4.750358468910743426e+00 9.889567690882188344e+00 1.040239998513254527e+01 8.402541852408441869e+00 3.575208269213807633e+00 1.093107016826498068e+01 6.417121026433746600e+00 9.175358775977429104e+00 8.870100294310470090e+00 7.437834005520261194e+00 3.539533571128187006e+00 1.061782292250929061e+01 1.063003996446214749e+01 6.766688452917953178e+00 4.372429603338241044e+00 4.620354634009558481e+00 5.053339084571804918e+00 8.095713825061402247e+00 6.477607183620847309e+00 8.609134000745312321e+00 4.017353406651266390e+00 3.046668997920792599e+00 1.026258334784672144e+01 4.425024743943378525e+00 8.860634146476613182e+00 4.410177595862026401e+00 5.685136378325264417e+00 7.197844326907190116e+00 8.988549326617141233e+00 1.090207825775804018e+01 8.932055456884974376e+00 5.028182716410735331e+00 8.480291615683455575e+00 4.182279632934208458e+00 5.927517728969967870e+00 1.072062816455446388e+01 5.651215898887864242e+00 6.716549567518562469e+00 8.352159994635087514e+00 8.197745465410166688e+00 5.138556059167302514e+00 1.008931611735245149e+01 1.033272137313053385e+01 5.262877272942970031e+00 6.700185936689376121e+00 1.098523485455019610e+01 1.068909062969273371e+01 1.042924284688357517e+01 2.816311637903081699e+00 8.146465726967514698e+00 9.910615521874920120e+00 8.206915577937815343e+00
4.237121220703782498e+00 5.398854527802302350e+00 1.050466621949754753e+01 1.116470486254527472e+01 1.096490895871458271e+01 5.725914543558810799e+00 1.036512606801657732e+01 3.163388248455935248e+00 4.067964971065521240e+00 3.560749318373614081e+00 5.532695650540548904e+00 8.556657553541247907e+00 8.697997655539676742e+00 1.094163527735348218e+01 4.747502147123730865e+00 5.354935176619167514e+00 1.050475419225363716e+01 3.310065713422051470e+00 4.231563925845868823e+00 4.357028436352466727e+00 8.810929539285856649e+00 4.830233542261452406e+00 3.889059105823779561e+00 4.948977213481376758e+00 7.459331475044118420e+00 3.822927331924438121e+00 7.967811212457458936e+00 4.311248740656622225e+00 6.172666381350878417e+00 4.409250390940698594e+00 7.296626560852444321e+00 1.070195978715501894e+01 1.067722547876423711e+01 1.001888205676243082e+01 2.990536444865423693e+00 1.102895731432684379e+01 1.005625930695698145e+01 7.564189414731386840e+00 4.547803292603328273e+00 9.634132509807059819e+00 3.570024509471037888e+00 6.253537781074128610e+00 6.886811062179762466e+00 1.034115558657152789e+01 1.048822788164533293e+01 8.914345005051842463e+00 5.470868607019555796e+00 1.020027070867604202e+01 9.057915146597499856e+00 4.323136233872379997e+00 5.159410489735932082e+00 1.054630665738006989e+01 8.858704331414452682e+00 3.814565381818803669e+00 1.006514176253614679e+01 3.831837715362679919e+00 8.287388307472754789e+00 4.869792656446325196e+00 9.847617253763921497e+00 9.768367764456517222e+00 9.604003935435722283e+00 3.783831122003752157e+00 1.058124161629841176e+01 6.112037792082490206e+00 3.305191952915027098e+00 9.830704142307412852e+00 1.055982374117292188e+01 6.623297049670383352e+00 8.220517841700848649e+00 1.082605443617393171e+01 3.951002399058177073e+00 7.701369662120423953e+00 4.754250216073002910e+00 1.082195462646155448e+01 5.777916217158580281e+00 1.036880695984281253e+01 9.567072134593436417e+00 8.036974555459515557e+00 1.055076394368862225e+01 1.028774634887432171e+01 9.809684239173757092e+00 1.074796534941114068e+01 8.459239595511863996e+00 1.059927463490387467e+01 1.028800328517782248e+01 1.000609528648442215e+01 8.780961550104205315e+00 9.994615540011174915e+00 7.637379955012222332e+00 2.822754245893708269e+00 5.666973495175097852e+00 7.484067179827853522e+00 9.269997912028738796e+00 1.038280161002586510e+01 5.024364279878549944e+00 1.072558396314752471e+01 3.014199719860635618e+00 5.788238353873120801e+00 6.020840764662314548e+00 7.044110539247249392e+00
1.037042677566922855e+01 1.031392592397229357e+01 4.599192647892852648e+00 5.639962368073134336e+00 8.643729636175878639e+00 1.007687844531289301e+01 9.902466172596502858e+00 1.019160190121880838e+01 4.633413351815321768e+00 6.323342068441982100e+00 5.755443716254727171e+00 9.852056386964074264e+00 9.927164174770485516e+00 9.619928400680935354e+00 1.080492561438987842e+01 1.049061571359634293e+01 1.024524294014634584e+01 7.560662126130070604e+00 7.522724922361044619e+00 9.292122361988855772e+00 5.625111030812920632e+00 8.936564409732817182e+00 4.180455594638297967e+00 6.676327166680631642e+00 8.542594480103458565e+00 9.059405097879212221e+00 1.008394419365915695e+01 8.702660211612437635e+00 9.550234428356432659e+00 4.437753563913805266e+00 6.009921669960021084e+00 3.571312332872686568e+00 1.052342256965308209e+01 7.404886113775186907e+00 9.985536193025522422e+00 9.422664157275495000e+00 3.140533135882738858e+00 3.569641199605217974e+00 3.620232516321642446e+00 1.027795903066108885e+01 8.802873748335343862e+00 1.075269493234568507e+01 1.037121853047403697e+01 7.948465584475417955e+00 5.743873553337721205e+00 3.871847166275155683e+00 1.065031419375847044e+01 7.914469001622034483e+00 1.086691429039527534e+01 1.073524281320900720e+01 3.322133341328850964e+00 3.359879588361443847e+00 9.891753045854896342e+00 5.523265110727013649e+00 9.166178888699104021e+00 1.004060294915889706e+01 9.729419572188936272e+00 4.649193988586294068e+00 5.436518038552382137e+00 3.112872336959016550e+00 1.066471938346994186e+01 6.619706923386146080e+00 5.357255283511917376e+00 1.088497244407390596e+01 8.386148199130747827e+00 1.023657692547502052e+01 1.038574380997953561e+01 3.299825614793546968e+00 9.188082708572517632e+00 5.865086396398214497e+00 4.609505708053193374e+00 6.181319130289143260e+00 4.962775670454419696e+00 3.834502731315020618e+00 4.316502669145320326e+00 3.190981322321398306e+00 8.476751759545555487e+00 5.461841275671432072e+00 7.955423810564237641e+00 1.005337994468623108e+01 1.006983783203979854e+01 1.058598935234135574e+01 1.026912265604939911e+01 1.018137890840398718e+01 4.204297607931597014e+00 5.799119047769184299e+00 5.819796485530918773e+00 1.007354385893920323e+01 1.065958345018584019e+01 1.029090498973583223e+01 1.021945575146839502e+01 5.234990258360730842e+00 9.998993231921359026e+00 9.510021104072700737e+00 3.945337581942820915e+00 2.878047566783838995e+00 7.056818413323369121e+00 5.693525907191736124e+00 9.308520204445411395e+00 2.827355360676502283e+00
9.312089384835340766e+00 1.034774237213463444e+01 4.010419617439137774e+00 6.066162792567548756e+00 1.013250236223483824e+01 1.007303277911811001e+01 2.938009029318546350e+00 5.795306545907052964e+00 9.033638855095565745e+00 6.380761746702522608e+00 1.067113161991382420e+01 9.714848211715960247e+00 1.050936228900120106e+01 1.041576346570047740e+01 6.591867735262574080e+00 1.089279503740113242e+01 8.017591224867722133e+00 6.229325723648070579e+00 9.939622792704351895e+00 1.066507406728020868e+01 6.571367988504212221e+00 4.332199522339063691e+00 6.257732545507364463e+00 1.046270042205678941e+01 7.968411661427595938e+00 1.054233252303353652e+01 4.007582146957002323e+00 6.666482596356292589e+00 9.582428267906450969e+00 3.761747167439295936e+00 1.089285787508405434e+01 4.052189570768125471e+00 8.828927648067473655e+00 8.652901145096482338e+00 1.046006822133886338e+01 7.469345008915867723e+00 4.780318428832909028e+00 9.526836468022445104e+00 3.620286975646840766e+00 1.021697436118947877e+01 4.017138362136379648e+00 6.919171072491283603e+00 7.333057056624313397e+00 3.818198447186370803e+00 9.132444827721036162e+00 5.633509636233592133e+00 5.817546547384097266e+00 2.866618090456929391e+00 5.277083825756762714e+00 3.471023390930274122e+00 9.908730391387280179e+00 1.052612040083983835e+01 8.485015613046185123e+00 1.080584583734643722e+01 8.530889914364649940e+00 5.365940149488119815e+00 5.986671727279136768e+00 1.011598582637721044e+01 7.367161859931615986e+00 9.608628788898730733e+00 7.730784679692366268e+00 3.813666453854790639e+00 1.047674534238617916e+01 6.013583012284903440e+00 4.456547267580853955e+00 8.368129144454822921e+00 9.525345120347777694e+00 1.017386352152659867e+01 4.659921428355676909e+00 7.362752050983494279e+00 9.511157767937099550e+00 5.260163034139007543e+00 3.974667768642819787e+00 5.152880607185692519e+00 5.426083841303298350e+00 4.918992467584280881e+00 4.253435279583108297e+00 1.018798803625435490e+01 6.373420908944359198e+00 1.016023472629744262e+01 4.317373669250257784e+00 8.626650353957865391e+00 3.831669450011746303e+00 9.843206048422844745e+00 9.325486378834163759e+00 8.367063696631069192e+00 8.612556559875093498e+00 4.011517182300829987e+00 1.069979956725547865e+01 9.380460973032588967e+00 9.165702718701854934e+00 1.073436308564810737e+01 7.317157028255790507e+00 1.004719671668677350e+01 7.647617609953057283e+00 2.777028485875705055e+00 9.957971396117374141e+00 9.958886033502118096e+00 1.080608462054153840e+01 1.061148469489196167e+01
8.490897220167619608e+00 7.598711041335401539e+00 4.969501397116430574e+00 1.025443818774716576e+01 8.238750544498705253e+00 1.085616625382982292e+01 9.282453737176696862e+00 1.087645025787682229e+01 5.382070233595781517e+00 4.505846222618529850e+00 7.418431125427114026e+00 1.040057769232782725e+01 9.748149390878348086e+00 3.930404904793048271e+00 1.006469352039797371e+01 7.570584894459821967e+00 3.914545371820186581e+00 3.862266514219086400e+00 6.240820830443809086e+00 8.373182690554651586e+00 3.634263472721494193e+00 6.345712283561969258e+00 9.508314711883150139e+00 1.037027736162317026e+01 1.066050506953535226e+01 4.433117539307166233e+00 7.237665264770901885e+00 1.015422046184539617e+01 9.673946465706002584e+00 3.679865128315727762e+00 6.400150662866131768e+00 2.825265484072010835e+00 8.571276391374652803e+00 6.128897840606754244e+00 9.893515293762600749e+00 3.507892703187876382e+00 8.669719301832133240e+00 1.029931127531775026e+01 2.788619071039660113e+00 1.084404975216964040e+01 1.012925714501019137e+01 4.673703477711512733e+00 6.185440584092304128e+00 4.214073755001199295e+00 9.682270364103645832e+00 8.477387118339537508e+00 9.946631288939508764e+00 7.678622420902908807e+00 6.843199615642941325e+00 7.908429602096820332e+00 4.263314759731292369e+00 5.102913129021381167e+00 1.021041689987840151e+01 5.853752223890402284e+00 5.957759411170564512e+00 5.057363139966438048e+00 3.266533861283598128e+00 1.099178393750355021e+01 1.017466644747503857e+01 3.452321849198176640e+00 3.719299614429473433e+00 5.396595164003042733e+00 1.006748630630558772e+01 1.053858320795256454e+01 9.761625979275537546e+00 1.023539418064314610e+01 9.447681933435900348e+00 9.632324180931879809e+00 6.232669386575961035e+00 9.261739644099925783e+00 1.019951944926689258e+01 8.949205955143630931e+00 4.660517688146952331e+00 8.265294578157622141e+00 4.641915290314575060e+00 1.037357564178006264e+01 5.899311987696021831e+00 9.221665959111573940e+00 6.802302757008321876e+00 6.325815080363174303e+00 1.003406922652803601e+01 9.217406960602463784e+00 8.940788498418083208e+00 6.372995009093448182e+00 6.971392677981277153e+00 6.737219674217289622e+00 5.435723141863427976e+00 6.341073466169422801e+00 5.927552638793812889e+00 1.042196624320128784e+01 4.810583849713719218e+00 1.045345630070258736e+01 8.823304373642493204e+00 5.621805070494782619e+00 7.962743702428093151e+00 7.505605144747371504e+00 1.017288465006597953e+01 4.091765790766682898e+00 6.711201382505482371e+00 9.189103471821750801e+00
7.608954980044528860e+00 6.338201085863441442e+00 9.341866068182319793e+00 1.092900211030039159e+01 1.041194852015067696e+01 9.738320180876501198e+00 8.688685110930737920e+00 4.844864249434963632e+00 7.762094602502624952e+00 4.427510323401154579e+00 9.621985287501892969e+00 8.521124938438678242e+00 2.879237293580482415e+00 4.580085803105912845e+00 5.154221842617823235e+00 1.071378164990194826e+01 5.035920129767779585e+00 3.186853933848183384e+00 9.968909342124543826e+00 4.173218788155193870e+00 9.470318859610063811e+00 4.574683158767633984e+00 1.071639709390442796e+01 9.541924493888327419e+00 6.287217382726997705e+00 4.886380408344597193e+00 5.968672920301042240e+00 5.274757784193958798e+00 2.415737991446051058e+00 8.179327042349452626e+00 1.146223012003405195e+01 8.523853490270417055e+00 3.798511052028886059e+00 9.552433747258678665e+00 9.921021442166688686e+00 5.139234007946376082e+00 7.697759986334832938e+00 9.225749012108506619e+00 5.019284900509077829e+00 1.031883145241901722e+01 6.386248174618029516e+00 5.439237164731682839e+00 3.487085749979676574e+00 8.922950974826154180e+00 4.870240549486258175e+00 1.033380637045564221e+01 1.035480672408794511e+01 9.734696541161371286e+00 9.276965912868234909e+00 6.851599617456566982e+00 9.545263269440880549e+00 9.819393359381576758e+00 7.732112649391436499e+00 8.816125517466971928e+00 9.341653816453341364e+00 9.614645846136683716e+00 2.965458274709766862e+00 4.666975656460071065e+00 6.619063186234440899e+00 5.594767411926696354e+00 5.255217359394862342e+00 6.365689081159130680e+00 1.049450606436564826e+01 9.282766529198349659e+00 7.405033433231813511e+00 4.353983950614928489e+00 6.648485185771152217e+00 1.055325231593230662e+01 4.019924166079224648e+00 6.852087656793922399e+00 3.094032552324492258e+00 9.602779298815233844e+00 8.387404952789173862e+00 8.762837765956746239e+00 5.186855196850053140e+00 1.055178191415194711e+01 9.963889309455607801e+00 8.786773337577949761e+00 6.017262507718184494e+00 5.294698275574321933e+00 1.020245327086284171e+01 4.406824856379936151e+00 9.902590451569391661e+00 1.025344535235700860e+01 1.013392249386886057e+01 3.746097791605981886e+00 1.087091914538679305e+01 5.033852420901429703e+00 1.058162562436070786e+01 7.189352861355089885e+00 7.876460581812364303e+00 1.025198332893437225e+01 1.022941622240789883e+01 1.045583156511701262e+01 5.320356297904046627e+00 9.275994023372385655e+00 9.831938553678577719e+00 5.590171533617479760e+00 1.067939268062854552e+01 6.200298205120809314e+00
8.690986366518611561e+00 9.858173984494701614e+00 9.787470420064597221e+00 3.543314654148857823e+00 9.518011264554385065e+00 1.121072159594502793e+01 4.577680516242980779e+00 1.077032858256635883e+01 9.700790723849985753e+00 9.595037696279327122e+00 8.799138397183909888e+00 4.680511591557798390e+00 7.425086334244957342e+00 6.606290379885968456e+00 9.785352091953670950e+00 6.481056972413226980e+00 6.369709296473140547e+00 8.899617248568040040e+00 4.594608289825504954e+00 9.580980208413352628e+00 1.041006338966303701e+01 1.003664836431371654e+01 5.599293819686461227e+00 9.430584498109487512e+00 6.790387335933487201e+00 6.667804282287070450e+00 5.090508970412714440e+00 9.592299369696911882e+00 1.023551985600898995e+01 5.738278904968294292e+00 1.060982019449102332e+01 3.669134895760437054e+00 4.119284855805593892e+00 3.669135593956914132e+00 4.586789187480662555e+00 3.985662268564618582e+00 9.988094384916896828e+00 5.518712171501126029e+00 5.329217807588905842e+00 9.752789604663847811e+00 8.182439602243489318e+00 6.151162628058728821e+00 1.004630023241042913e+01 4.711629859435146450e+00 6.452991568631138541e+00 6.452878460801880323e+00 1.008592288247470137e+01 6.036430793795092065e+00 5.010769347178524846e+00 1.060520651217164634e+01 5.836034790092500479e+00 4.181533959096875641e+00 7.785179770814960598e+00 1.057364244584379342e+01 4.595556440641139773e+00 1.052728778534921972e+01 4.164240679658692379e+00 4.619449422277252637e+00 6.065950540838569438e+00 5.542361831665038707e+00 1.059306906461715592e+01 7.213838611800094114e+00 5.266226172344437018e+00 2.904586538518297179e+00 2.881113696612160435e+00 5.156311893771434285e+00 1.055812153816223109e+01 4.430281814316223254e+00 5.979678591366471174e+00 1.068430798382594560e+01 4.317488522570708476e+00 3.392984225215582850e+00 3.686789491875417824e+00 7.407868110928041538e+00 4.304856053714093633e+00 8.858672214376515086e+00 3.232484215497970048e+00 1.049587871863924171e+01 4.414467315016120885e+00 6.172424107173393182e+00 5.027761354836924212e+00 3.745342343017972198e+00 5.144929545706715679e+00 2.932053064272321041e+00 5.009776511788367692e+00 1.057979634959122173e+01 8.221510677091005803e+00 6.145447889895273796e+00 1.017889472533916440e+01 4.572625573750199734e+00 9.741678505930407184e+00 1.085241973153475925e+01 3.325227399016248420e+00 9.683631847233606038e+00 6.450088467680173743e+00 4.172031155947981240e+00 9.268318051305309169e+00 2.664175672880534140e+00 5.875123668950179123e+00 1.026050970431031750e+01
5.648762087369786578e+00 4.536656236751325899e+00 9.284537155463777225e+00 5.241635343329659413e+00 9.686476299680512270e+00 5.979748411014162102e+00 4.576656611109601869e+00 9.682496579762162270e+00 5.027054430904058790e+00 1.067022536088680340e+01 6.462741184234618075e+00 7.330176297960609766e+00 5.716281875865211859e+00 9.005493158718634206e+00 6.436086835532352168e+00 1.024087362659388489e+01 4.918266343248300920e+00 8.923009623330214524e+00 9.864375365602558787e+00 1.042785902146635202e+01 5.009735667294468620e+00 9.572836444706751990e+00 8.806822747608709534e+00 4.332072450580267464e+00 9.947705115120985653e+00 1.029938807693021019e+01 1.057428199381663703e+01 9.220007044282452213e+00 9.978061301543794670e+00 1.086662942623269856e+01 5.520477910391215381e+00 3.708417175042217906e+00 4.537653610418582062e+00 9.147197719278006289e+00 9.618773583708136954e+00 9.304920303410495919e+00 1.032377607986844659e+01 8.928525375497750716e+00 6.250679364697686147e+00 9.295135777983171366e+00 1.096244851432997436e+01 6.382990389856797897e+00 3.222701435561837524e+00 3.619144726210626661e+00 4.145667256980106075e+00 4.057977270463417163e+00 3.326770762328443709e+00 7.459325889472302684e+00 9.910139351877672809e+00 2.914083756095376287e+00 1.024170727318730734e+01 3.627722069929385729e+00 1.006914382474175795e+01 4.579524453138482443e+00 3.835125871670656661e+00 8.372251296454461311e+00 1.052714954244679291e+01 5.045668348978304962e+00 4.114506748215904786e+00 1.061301653796228806e+01 5.091621546498659612e+00 3.515752999124855283e+00 3.131630083507504825e+00 8.649235613592738403e+00 1.081020537614822352e+01 9.503607471235866910e+00 1.063296401130742019e+01 4.710851021265161087e+00 3.971514713353123671e+00 7.940172406722759035e+00 9.201344252454822126e+00 4.981647223028643268e+00 7.329036841310302641e+00 4.550587351054980800e+00 3.850478164903048395e+00 8.226914717822237932e+00 3.905887037310106447e+00 3.409971345498643558e+00 1.038891362198467760e+01 8.941704532195780430e+00 3.683256617702286295e+00 9.242124512277799298e+00 1.063947120247216027e+01 9.913613577546744438e+00 1.069191134345942373e+01 7.823721612732985164e+00 4.813358133414695317e+00 9.554926308681224612e+00 5.881251041231483789e+00 4.228023720609730418e+00 9.947802862627751708e+00 4.491061563121861333e+00 1.067110788123360976e+01 9.406157396168543627e+00 1.048136600667032603e+01 3.843106606499901545e+00 9.052078224050585931e+00 6.201214937094984059e+00 3.223751173964861660e+00 1.003331377794002499e+01
1.035700464659723607e+01 8.770530494739269045e+00 4.762533968173223720e+00 7.307662952562857583e+00 9.592163919580393383e+00 4.308223106223961096e+00 1.029213660832109056e+01 4.261502590775489097e+00 2.602753234217906719e+00 1.026353429144826279e+01 1.071198030299153636e+01 5.917519555420710731e+00 7.013153903854303373e+00 5.953362867955503290e+00 9.014420298872321879e+00 4.217457564226512190e+00 5.871578227240463299e+00 8.393585388002723136e+00 7.975559796958132885e+00 4.510160029551077976e+00 1.089525827457164731e+01 1.044250439076587966e+01 3.831480238766505231e+00 4.338352378791776154e+00 9.247303733743470033e+00 4.754499472215257150e+00 5.285884592348130795e+00 7.154350875574966295e+00 1.034026748065290668e+01 9.926865346678370727e+00 1.011552920588131599e+01 7.274853303720210107e+00 1.078223702167642450e+01 9.028487561488972801e+00 1.068664275284471010e+01 3.169550181462846616e+00 7.384509947793236329e+00 2.486009197707833795e+00 5.411325364174513375e+00 7.472479911097163807e+00 1.055536924765027784e+01 4.430070609881959776e+00 1.004935135101449717e+01 1.061654382656360340e+01 6.889209367077925528e+00 8.678492838760901051e+00 9.697608344308260797e+00 4.182689125167912358e+00 1.039256239677297522e+01 7.438585963125885492e+00 6.492323768961018260e+00 6.761551123240897354e+00 9.698732440636074870e+00 6.287521796390927342e+00 7.702337362437411628e+00 3.574996366583067520e+00 7.935041360813994693e+00 9.347450243604592757e+00 9.457691278128788070e+00 5.489642062988774107e+00 8.562581052451298191e+00 1.015841382988567965e+01 8.562910601188395532e+00 6.302549777359797822e+00 4.319083901520432534e+00 4.341444341889742375e+00 9.146791368928447241e+00 5.963735973012857627e+00 1.002477762781340331e+01 7.190946145715384041e+00 3.479859416443725983e+00 1.032214090371953930e+01 2.946365393852365067e+00 5.430576735632172358e+00 4.238398920256515545e+00 5.165544843982005752e+00 1.036099274487330923e+01 1.031500952490444689e+01 8.274482843793670384e+00 6.047735991149112422e+00 3.765899690985679449e+00 4.299275369274204728e+00 5.830131538880281461e+00 6.818974990680299442e+00 4.795120543241500499e+00 8.545084248740096200e+00 7.968093283834127405e+00 6.042722940444945401e+00 4.242808031008160619e+00 4.370467671238142060e+00 7.404655708937808889e+00 2.836587612690596671e+00 1.001302418832121077e+01 4.536198568960715605e+00 5.702403475395564136e+00 3.323345061314516791e+00 3.989390637751283109e+00 1.052093000823053792e+01 1.038685533877076672e+01 6.982725803194374414e+00
4.839422156995739854e+00 9.441230597989312301e+00 6.343024227125890313e+00 9.450099089638939631e+00 1.038341043735372438e+01 3.395827979466010671e+00 9.839434391054613371e+00 3.142421408254524540e+00 4.560922753502581806e+00 5.838511991192554262e+00 7.901358268178741540e+00 5.080173567965112547e+00 6.420690206823676860e+00 1.040484506919466057e+01 8.636284068946180170e+00 5.403231172417771511e+00 9.033321873895053145e+00 5.487022429807431934e+00 1.009683429701574831e+01 3.141325937982263117e+00 9.437708894959810024e+00 1.051962856999758955e+01 5.143203254917572131e+00 9.316947435921635545e+00 8.856700507525738786e+00 3.935720274571714139e+00 8.745730555879656976e+00 6.607385850158230767e+00 1.073554443408702852e+01 5.041421568907540340e+00 9.302286706299616625e+00 7.289583154793442432e+00 1.007321291380915085e+01 5.084386834604986305e+00 6.652026438302006461e+00 5.560630142483217853e+00 3.180351280960543203e+00 1.067864142121939786e+01 4.970972497093265829e+00 9.096989014230924653e+00 9.928095568870675791e+00 3.683160266588473952e+00 6.368711573707646068e+00 1.060818362194916276e+01 1.027872565039272779e+01 4.140096696389131914e+00 1.037686414718627859e+01 1.009408898846856317e+01 7.780281224333005952e+00 3.820254286712613023e+00 9.441378615642415539e+00 4.302786599356552166e+00 4.472686079144477134e+00 6.429481896860845147e+00 1.100695155776780076e+01 1.083362288598356393e+01 1.024396942977247527e+01 7.733354042727371258e+00 7.180237906349115740e+00 1.005906745318708673e+01 4.236512044277684019e+00 5.740023697964075744e+00 8.147552120685576327e+00 5.860640281233293614e+00 9.200310921669005992e+00 6.090066247150815570e+00 8.165671715654175600e+00 1.043768683507524564e+01 6.009971940106358268e+00 6.185651439428329290e+00 7.048509875248218037e+00 2.988869849875055440e+00 9.719231489197960983e+00 4.364656232862636820e+00 9.373865809111759262e+00 6.931029939651488725e+00 9.709194216645995468e+00 7.175954470963312737e+00 5.815812227335468876e+00 3.717500362108493217e+00 6.803487596429627082e+00 7.877968686202476256e+00 1.057006209431023258e+01 1.033504357461271539e+01 1.020385106020960286e+01 8.114048464544888262e+00 9.287201473219640846e+00 9.645515905166494264e+00 9.928627594586075134e+00 6.192008518350534452e+00 6.018635161991776172e+00 7.456108600106731821e+00 9.459618300405040259e+00 1.038670033915289359e+01 6.493151131786148333e+00 4.438314564782997351e+00 1.052842863839248011e+01 3.871320377033331983e+00 1.039129726475682602e+01 9.291031779091932563e+00
