1.557110699608453164e+00 1.507825866390342329e+00 1.164263230914858616e+00 2.306185563344981926e+00 3.148188725575017610e+00 1.020211719515316195e+00 8.064456371187865846e-01 7.777582868393855264e-01 4.324903822419475241e-01 2.859916072403387299e-01 2.681660993368162327e-01 2.506521089277307102e-01 2.564914626831307221e-01 3.742001992269127220e-01 2.587761181593414284e-01 3.555810034196004166e-01 3.050904534025994375e-01 2.530603116865308699e-01 2.998840533117416718e-01 2.680404197005000766e-01 2.462988764862817925e-01 2.453486867423081419e-01 1.317199937209664107e+00 2.461006968232578584e-01 4.710331604779066095e-01 2.578046048781007515e-01 2.534859424137361206e-01 2.447843884060876274e-01 2.467687697075110487e-01 2.542635289486607775e+00 2.496725831658200834e-01 2.515282478422863344e-01 2.488178324053110790e-01 1.573670817117128085e+00 2.457838161361142193e-01 1.863958016300149900e+00 2.458806120719505550e-01 2.471385069203650975e-01 2.431551409253293050e-01 5.209251329571109590e-01 2.992058032847019211e-01 2.586713097428351427e-01 2.473583332045540262e-01 2.671866381916850886e-01 3.832244494318685635e-01 2.550361635730474807e-01 2.556502168295575750e-01 2.482643896880629697e-01 3.156380118781644262e-01 2.476290775110653319e-01 2.489849960141284901e-01 2.841582353528334104e-01 2.906439507545420797e-01 2.502563957694787788e-01 2.003995242575619340e+00 2.610619367375848210e-01 2.516810019092535766e-01 2.485885074545214346e-01 2.500540160157810332e-01 2.699762091836666045e-01 2.546250070044718816e-01 2.494035835123578071e-01 2.567635639420137172e-01 2.957487409594835581e-01 2.507463201923831875e-01 2.477543048299243322e-01 2.693414785576854209e-01 2.555042475244480027e-01 2.445816209517123196e-01 3.034789755362302111e-01 2.448586330858445459e-01 2.507154333717358519e-01 2.492453370191247686e-01 2.482108223777770295e-01 2.538180726608646465e-01 2.987323238322049934e-01 3.421177743066704524e-01 2.699919110611086470e-01 2.497833363260493211e-01 2.492521217809824385e-01 2.443125566814704497e-01 2.523287205079337570e-01 2.491030508704522584e-01 2.470793825670337673e-01 2.759954560534645385e-01 2.525329095314602368e-01 3.682878285105681271e-01 4.558865673313057809e-01 2.449071602873219566e-01 2.518502978717976903e-01 2.473263478986534869e-01 2.525474483068695930e-01 2.630899343652361999e-01 2.517719823349261477e-01 2.489018988355667927e-01 3.468985113619330596e-01 2.500140182292105440e-01 2.458906922895676139e-01 2.654518068930652452e-01 2.649532884384744325e-01
4.465498626886086897e-01 2.504096937500051023e+00 1.450512269073746641e+00 1.295925670237101368e+00 1.091930335507468097e+00 4.490743756506833106e-01 6.726784071648900243e-01 4.026893496505462022e-01 3.017142266686568819e-01 2.833565995851532460e-01 4.337259519930112828e-01 2.655786496314140877e-01 2.671671239242467966e-01 2.577193753458123515e-01 2.582950462352417986e-01 2.604082087784020949e-01 1.257764195617544045e+00 2.796138664773366034e-01 2.685233655112079232e-01 2.546229392675247727e-01 2.776570119240214796e-01 2.556506045302352481e-01 2.539044652951858438e-01 2.487322151723451169e-01 2.501608921692344278e-01 2.528367376291252855e-01 2.510483390202195020e-01 3.118570256368263793e-01 2.435564111266265153e-01 2.532884735352878280e-01 2.485020502034206435e-01 2.528008753164489031e-01 3.821737159788419769e-01 2.454985976709731510e-01 2.485960676177342288e-01 2.478832799219998773e-01 4.328534962348927762e-01 2.499820329233100047e-01 2.464239099548020118e-01 2.722365687507487531e-01 2.357446313066389187e+00 2.547936567992199475e-01 2.462640480420790201e-01 1.839713025194005702e+00 2.480269876398235596e-01 6.050649678744117743e-01 1.793666655735736359e+00 2.530569516139917763e-01 2.545405528735386058e-01 2.554510679148397356e-01 2.475163212306685789e-01 2.451630427345260488e-01 2.511851327426263270e-01 2.788409851765770719e-01 2.519490969278014303e-01 3.186101252725073718e-01 2.625593659879653652e-01 2.489925561773413953e-01 2.472718113366736414e-01 3.426585844435073858e-01 2.530926200763292666e-01 2.472338166702705564e-01 3.366104215648397235e-01 2.594830903449120152e-01 2.461694490767490917e-01 2.432202746391630699e-01 3.175953263432250484e+00 2.813930895035395841e-01 2.532266352772134521e-01 2.465464233689178553e-01 2.539275334855020105e-01 2.539520878617488320e-01 2.527228828634753288e-01 2.439790694819704564e-01 2.490483204581335208e-01 2.939813428039468324e-01 2.483568562996661955e-01 3.161066773805813468e-01 2.479077696814672160e-01 2.484617939497317796e-01 2.455311645278900334e-01 2.523585088433279999e-01 3.184195703894758811e-01 2.494610924461990731e-01 2.505701102344222164e-01 2.806034078400848619e-01 2.601938749204788515e-01 2.471713322444003547e-01 2.693543372968251193e-01 2.489577277331386229e-01 2.750320198696735163e-01 2.712742956689904172e-01 2.489150160418249769e-01 2.483777921362556595e-01 3.452315276818899714e-01 2.464525998049430511e-01 2.496384655061928415e-01 2.455980428947729388e-01 2.498198448065215294e-01 2.698065255204449286e-01
1.041431773009796835e+00 1.549846028928703046e+00 1.500922274274979928e+00 1.379605304450112424e+00 1.050129191543551332e+00 1.043781529891451676e+00 1.295343440744542773e+00 1.048618612778522641e+00 9.070999014430383145e-01 9.152163343572412568e-01 7.815464455432588053e-01 6.603747746244126304e-01 4.782553133166821402e-01 4.747625825291262869e-01 4.827884388725290910e-01 4.795266807636426321e-01 4.521229953120691203e-01 4.581375897737361425e-01 4.468538200198329258e-01 3.953956014199772606e-01 2.682258052411637950e-01 2.509658233926741477e-01 3.505194741485991305e-01 2.784368718369775175e-01 2.696483436439914838e-01 2.606461923776577372e-01 3.444378397781002188e-01 2.794432135624209668e-01 3.474434569726642108e-01 4.392666469931140183e-01 9.647598770066636575e-01 3.008326276362254248e-01 2.495948491799648838e-01 2.559161794943788371e-01 2.432158160813708836e-01 2.452107945346482243e-01 2.582241616280239738e-01 4.604298700299392366e-01 2.506386040207949639e-01 2.529948548887990256e-01 2.537170766343546102e-01 2.514865054026665936e-01 2.582984063077808923e-01 2.588602632623429933e+00 2.514293841695028897e-01 2.624223137984401655e-01 2.536085850614112625e-01 2.654176246166584097e-01 2.586077268317116262e-01 4.407440450418195210e-01 2.525855075900521607e-01 2.483151784768261594e-01 1.372430774177900048e+00 2.491587505344647901e-01 2.828723614388534147e-01 2.539666912539377819e-01 2.526982638704489137e-01 2.504833945162030506e-01 3.135044627410413232e-01 2.497008206985039669e-01 2.488166046864987990e-01 2.479654724656472631e-01 2.445503464303874219e-01 2.493605487371461926e-01 2.525102936586012259e-01 2.514182700834122208e-01 2.556003326757086969e-01 2.595840217546425688e-01 2.486339330505781264e-01 2.498496331419157723e-01 2.520895091898657236e-01 2.529513031793506617e-01 2.606789025241001312e+00 2.597798105968214255e-01 2.922706135641165992e-01 2.518163094457296358e-01 4.422327187185646769e-01 2.537029255596228161e-01 2.813575502747612811e-01 2.527762563234224880e-01 2.561928039278335012e-01 2.497258273922079441e-01 2.484863483259786010e-01 3.309085076996425290e-01 2.522940212972901719e-01 2.461809508635173227e-01 2.445067947209390580e-01 3.930681384598939676e+00 2.552420326328435074e-01 2.463377111708195955e-01 2.478465775911887770e-01 3.473628152317271844e-01 2.505188045114221662e-01 2.486532534676776374e-01 2.490973645938476810e-01 2.589270629564799364e-01 3.269244955368107441e-01 2.528773169667121179e-01 2.430808962455722755e-01 2.498210079085543267e-01
1.165800076400793195e+00 1.860964191667862533e+00 4.317954287773819178e-01 2.316430166049406214e+00 3.458740328390670804e+00 3.826634142430177521e-01 2.767860423518336832e-01 2.710573125231037217e-01 3.001865890738147913e-01 2.730425984594415656e-01 3.150196616058110743e-01 2.801936728406603794e-01 4.555546632429058329e-01 2.518177956316604016e-01 2.583169513235251680e-01 3.630332566105208270e-01 2.531335224978141785e-01 2.632729290850548409e-01 2.528627135745232790e-01 2.481184849997329911e-01 2.472104900128361260e-01 1.534800851817679668e+00 2.484305840451863645e-01 2.612553347589186004e-01 3.113556963523231857e-01 2.498355466839636829e-01 2.487454616121624884e-01 3.079354655914751104e-01 2.447874900115083463e-01 2.467949395032479343e-01 2.613465090349299524e-01 2.446876570870309964e-01 9.670855479837234814e-01 7.185396495496139124e-01 2.496196620233300800e-01 2.703326999567031708e-01 2.497395907662621761e-01 2.429592874663707436e-01 2.478122014644432713e-01 2.701175906974248031e-01 2.484933269381750520e-01 2.809379935248380589e-01 2.451101215920360454e-01 2.525002134409841670e-01 2.447960840431947505e-01 2.576320780765767315e-01 3.097867040185389720e-01 2.654482529701873705e-01 2.530285848477487054e-01 3.235023908893543965e-01 1.162311771862639898e+00 3.535912589254704419e-01 2.509501215152321052e-01 2.515154677758923984e+00 2.501062263736953950e-01 2.443852505585171198e-01 2.598309752955166640e+00 2.438335524943180399e-01 6.745540222720568524e-01 2.472875132141156840e-01 2.524761113821945013e-01 2.506183789687811414e-01 2.513683213127837490e-01 2.512418662751124687e-01 2.443858321095334629e-01 2.714694383433733371e-01 2.476041354341409484e-01 2.479883468056246487e-01 2.482866178602443075e-01 2.956002515999697211e-01 2.967820601904087585e-01 2.504988379265267184e-01 2.608215623174839903e-01 6.139601783705124216e-01 2.458682702670474951e-01 2.473280925517026274e-01 2.486567427737758074e-01 2.636410508784188256e-01 6.678136844503462788e-01 1.670245763567191233e+00 2.426519700626075249e-01 2.472548817404192079e-01 2.459789588104971392e-01 2.626263735884074579e-01 2.505024564661841868e-01 5.042963601201144730e-01 2.550920570873989046e-01 2.478595009471081800e-01 2.494302056255517375e-01 3.024503410218257748e-01 2.463971586080487830e-01 2.556128037141709441e-01 2.584855365014937512e-01 2.481688860878186187e-01 2.523212249615004454e-01 2.591290550095001199e-01 2.486755462566385688e-01 2.597672749415795845e-01 2.427714464880823542e-01 2.861920484906485540e-01
3.186954916326433462e+00 4.080852707559619041e-01 1.613907750388950735e+00 8.351687810555356029e-01 1.096052789120586235e+00 2.875715521182646284e-01 3.563325934914827742e-01 3.945187840292359582e-01 2.768490437119407455e-01 2.659744274064456127e-01 2.637953557480964273e-01 2.570772137901774501e-01 2.885833216531942247e-01 2.485790087879206078e-01 3.201444507040377974e-01 2.655445965885664394e-01 2.509571647442081499e-01 3.381279542279632899e+00 5.338323992983884381e-01 4.977394370272898994e-01 2.519219578803707504e-01 2.570971803750728979e-01 2.609950583707019156e-01 2.476872972294822395e-01 3.461080866055128991e-01 2.534968626494880084e-01 2.505564114771475781e-01 2.711466775292863396e-01 2.678002391307380270e-01 2.535746612521228016e-01 8.497850360221429478e-01 2.517767639766163024e-01 2.474264392902492116e-01 2.596507062711865821e-01 2.514269287318782187e-01 2.509732543223277546e-01 2.484484828931347034e-01 3.398967340499730594e-01 2.744757340141230628e-01 2.945996607679103874e-01 2.484112636280868536e-01 2.466531056720324688e-01 1.503513084052920945e+00 2.511810618855117028e-01 2.514253133123882655e-01 2.522720515922272089e-01 2.807042100162561171e-01 2.507722315210015873e-01 2.602517069382181969e-01 2.512447094134147019e-01 2.581623879867291915e-01 4.298238415983187122e-01 2.513093261930117173e-01 2.485636946111561274e-01 2.453902353315889906e-01 2.452102776004113638e-01 2.470811272200829078e-01 2.511088203259222995e-01 2.519721005013380033e-01 2.482898486992241027e-01 2.557217476045714477e-01 2.462872454659543742e-01 2.603585830916715915e-01 2.868506227083010285e-01 2.488471684232481662e-01 2.501732985909170814e-01 2.476843894744004126e-01 2.991024164373467520e-01 2.500079442519284045e-01 2.748424988551155801e-01 2.534763145135762175e-01 2.515117705634890566e-01 2.345091714041004582e+00 2.857116227343449721e-01 2.509923808890884844e-01 2.535236786130208309e-01 2.889765793738214850e-01 2.483559516647518839e-01 3.695370324021268194e-01 2.869466432427821845e-01 9.181619064093646809e-01 2.503155201228101090e-01 2.827221274262904371e-01 2.562117366442554500e-01 2.487526986914773142e-01 6.294834227253841563e-01 1.193985204876423012e+00 2.445206227117727726e-01 2.085646297609963007e+00 9.627334140275276564e-01 2.491167496277267857e-01 2.518994066242913332e-01 2.475021701559368958e-01 2.523645828206100283e-01 2.504221378091451289e-01 2.508279311850141191e-01 2.452287579993761568e-01 2.496540381500756967e-01 2.507081962924209151e-01 2.500277169864850713e-01
1.358742872522311185e+00 9.920331496428156370e-01 1.041331649309811480e+00 2.128498982736651168e+00 1.531738727249357890e+00 1.715911023259397483e+00 1.039287626720819979e+00 9.941465706530941970e-01 6.748332636850852273e-01 6.169468305402647790e-01 5.394776765562689924e-01 5.083514184321130669e-01 3.509201951072698500e-01 2.690507676662785563e-01 2.573974545498600719e-01 3.543712803803754641e-01 2.618761081605067709e-01 2.686479466622708756e-01 2.692390609620241015e-01 2.893252515165268268e-01 2.990802205735551555e-01 2.516373855830256190e-01 2.564952104563473778e-01 2.482844208897380112e-01 2.571636710412782412e-01 2.460874503834404869e-01 4.172945511092937543e-01 4.983244127329813922e-01 2.613923869484438001e-01 2.632114667369125804e+00 3.073332048972414188e-01 4.324243579491657385e+00 2.417791912205909943e-01 2.452399367022464194e-01 2.483881308209912042e-01 2.541758557694931975e-01 2.519017328283568169e-01 2.469157728810942309e-01 2.481753477657783202e-01 4.720304235458167019e-01 2.534219718019351530e-01 2.450645021456405726e-01 6.072164804762627544e-01 2.434169034994766445e-01 2.485692516542015174e-01 2.829313565586254464e-01 2.833164079482439202e-01 2.511271068745482005e-01 2.490290000410341209e-01 2.505960861798202099e-01 1.521400494831297578e+00 2.453877798939643196e-01 2.588347255784358980e-01 2.461797231447049317e-01 2.466337206381533642e-01 2.895210403587056835e-01 2.446027506386405648e-01 2.528908218736479752e-01 2.467515170273587577e-01 2.532885381520674217e-01 2.489100405497960411e-01 2.474819451039230733e-01 2.519487738439034619e-01 3.224094626792509688e-01 2.455554604370184801e-01 2.634204761721969934e+00 2.476977005309973778e-01 3.444187778281190826e-01 2.486962882428891408e-01 2.516357055467560722e-01 3.345944103498035838e-01 2.494011926915127297e-01 2.620054063364803953e-01 2.691446558470329542e-01 3.950665727782693981e-01 2.524517508562864609e-01 2.575582210974973751e-01 2.552925629544883224e-01 2.579832702736863936e-01 2.527312830448229519e-01 2.508808523275041225e-01 2.437080667083406649e-01 2.874017392214837097e-01 3.428824492764211418e-01 2.569679468158789781e-01 2.466454808920400810e-01 2.713709623712674546e-01 2.524660957813569251e-01 2.713884089017586376e-01 2.549437615782237376e-01 2.528711137558709021e-01 3.098942909565679527e-01 2.555907693923283874e-01 2.532021455177462244e-01 2.534176424777021541e-01 2.507477417615342485e-01 2.488976987448929812e-01 2.536861251969276809e-01 2.695792683066022821e-01 3.173777228762542535e+00
6.689247699755164200e-01 3.276861411122087731e+00 7.167541425415951961e-01 1.601096827666052214e+00 1.076436039469855777e+00 5.265775503691368931e-01 4.026522919274473367e-01 5.697344189857780350e-01 7.817739975711582856e-01 2.953879208622139929e-01 2.776056415842418912e-01 2.763036780921422353e-01 2.746077460948397331e-01 5.085582890519928512e-01 2.543171080496922087e-01 2.499112129328716625e-01 2.750947627626622038e-01 2.550010766617263336e-01 2.536992424031858651e-01 2.724453455656266065e-01 2.583846697085429023e-01 4.047013869336371639e-01 2.877484082440215363e-01 2.509181362093315659e-01 2.503311573834725579e-01 2.533339637481241136e-01 3.649630367331848091e-01 2.590814970597167255e-01 3.405849027526809403e-01 2.557981246380550688e-01 2.430295259057927426e-01 2.439333208020157961e-01 1.587951448491959905e+00 2.535007396562638515e-01 1.339054527479787149e+00 2.529643557688292521e-01 2.465900396951458129e-01 2.467768468049607034e-01 2.502108409398628996e-01 2.699761715462091871e+00 2.512005115361704011e-01 2.550003012603710983e-01 2.880959172846941363e-01 2.544603634500587352e-01 2.600126248537093510e-01 2.564254243343826456e-01 2.463078582186457588e-01 2.951489680112643343e-01 2.551519568420852480e-01 2.483584071023765549e-01 2.625487042193318521e-01 3.218054573319681366e-01 3.754322473634884583e-01 2.441647134897525495e-01 1.634241487826089578e+00 2.552932737390638529e-01 2.452647495456116156e-01 2.541743049667828380e-01 2.423772841325407823e-01 3.486382858441920973e-01 2.548925204720033921e-01 2.720618449787184367e-01 2.479993962749357239e-01 2.500377972041022412e-01 2.534480769808923339e-01 2.826717263382047540e-01 2.586357705140567287e-01 2.478685472962518510e-01 1.663369052032141138e+00 2.434119280074477087e-01 1.768505463311686565e+00 2.511234883348907321e-01 2.516287269345596211e-01 2.479159760124759471e-01 1.528619610681432039e+00 2.455367861877150171e-01 2.569443616913260620e-01 3.349403362793760275e-01 2.448931384461493499e-01 2.484415688977178460e-01 2.529867777913494820e-01 2.490643454194736428e-01 2.438813689112198091e-01 2.571054513228613336e-01 2.471053585124317609e-01 2.658977272890640231e-01 2.536250623402084292e-01 2.896494338997648854e-01 2.463549638509719975e-01 2.466127201847844175e-01 2.444863758185863434e-01 2.472877716812340587e-01 3.036099860568630682e-01 2.463585177738498722e-01 2.452009727841494291e-01 2.470820318549973305e-01 2.621835547978292880e-01 2.872045288101537364e-01 2.526750664465735596e-01 5.534703109444369939e-01
1.449915080796711164e+00 1.410762029385848271e+00 1.590771647837470493e+00 2.171813031669661775e+00 1.862052725936953479e+00 5.813986200295585549e-01 5.228134614156634274e-01 6.123060211212194570e-01 5.371925041458215366e-01 4.598617593037225282e-01 4.216974738542527690e-01 3.545636445332356890e-01 2.914358940052827474e-01 3.150244432475012291e-01 2.827895227274100920e-01 2.606777899828807143e-01 2.633723096920750351e-01 2.553428348090147626e-01 2.821123388772336371e-01 2.771574596009571678e-01 2.744961529164757774e-01 2.558251990687062660e-01 2.584432771276373719e-01 2.469781280734053563e-01 2.546576384781683577e-01 5.198125612460100520e-01 3.340921764303860231e-01 2.542230260185990298e-01 2.476163480054847099e-01 2.617497177396150843e-01 2.464310824173372438e-01 4.688839094633414639e-01 2.537903520624176235e-01 2.571262579258916103e-01 6.107630047328331813e-01 2.447063313363344594e-01 2.517623544347661335e-01 2.507119440656375708e-01 2.457338673654857475e-01 2.481527717955974932e+00 2.515199768944978986e-01 1.664273170012262160e+00 2.415021790864587681e-01 2.489499737195869367e-01 2.539069207328105149e-01 2.465844180353209403e-01 2.477375690840086797e-01 2.949986047651421694e-01 2.642991727786141443e-01 2.556904730832465500e-01 2.493120861524484866e-01 2.490448311520353508e-01 2.492435277492960344e-01 2.524985334047146202e-01 2.946536157788738342e-01 2.486850449232392846e-01 2.520466036482132965e-01 2.514070267637623646e-01 2.914634853701706385e-01 2.485877320531661994e-01 2.442594416886417763e-01 2.508328420602635722e-01 2.471755323350741662e-01 2.460936535942818137e-01 2.535949509209163288e-01 2.441878462968483099e-01 2.514304826547560934e-01 2.472989503841043213e-01 2.452451060446141362e-01 2.485914152096032614e-01 2.639063027586644461e-01 2.547621884275562687e-01 2.537026670925044414e-01 2.473945186011282660e-01 2.627098584676467175e-01 2.685311841415392031e-01 2.514014697207169746e-01 1.049079750426116675e+00 2.876434059771764695e-01 2.748795888866042425e-01 2.906388460289539566e-01 2.484119097958829014e-01 4.138818805116585287e-01 2.482052653347316395e-01 3.063324525232331008e-01 2.477170209480968888e-01 3.938121026191734875e-01 2.454446426600096487e-01 2.786809940302948929e-01 2.537283845707840602e-01 2.449928421370675125e-01 2.458787381853422271e-01 2.528731814928179000e-01 2.458162537594719144e-01 2.556173915055223178e-01 2.574989675106069686e-01 2.509410105493088405e-01 2.663875870951887270e-01 2.500218368595417129e-01 2.484018295782657315e-01
2.388143160381733132e+00 1.253354488110727250e+00 8.641473430063854044e-01 1.822708150391365134e+00 8.123879859823154304e-01 8.203786181037404646e-01 7.146876817758885947e-01 7.168423525228424520e-01 6.536913318771371273e-01 5.833544084060102719e-01 5.287692546078972544e-01 5.529176759369338612e-01 3.876815856549094552e-01 3.417456462729713818e-01 3.115194029634321127e-01 3.104997178730019014e-01 2.893535536659903040e-01 2.588652893151852652e-01 2.571561754948449297e-01 2.914156689532688693e-01 2.546719187864592282e-01 2.525497745109350767e-01 3.311535022194844746e-01 2.448639316617715611e-01 2.671664777564508597e-01 3.996337836853537384e-01 2.503873093649423565e-01 4.450773108983729909e-01 1.651923029544669852e+00 2.486579058758086047e-01 2.645767018469832310e-01 2.627791922721542939e-01 3.846468145020016660e+00 2.464151866895564202e-01 2.532151981072248148e-01 1.442090311871414343e+00 2.498259187838036688e-01 2.470762809616131594e-01 2.470914659048184525e-01 2.520046027414752920e-01 2.549658605168458880e-01 2.564877149099141773e-01 2.458856521807590845e-01 2.503581025805644567e-01 3.402125162518634949e-01 2.498726367154523453e-01 1.114263962273133401e+00 2.493560255625744126e-01 3.579532146321649511e-01 2.478971725296132966e-01 2.608848221447094273e-01 2.662999667420552496e-01 2.430536279645824083e-01 2.473246032456043464e-01 2.498029798270468005e-01 2.562744149204645439e-01 2.512317860574952988e-01 2.503987465349309938e-01 2.496762017054774407e-01 3.182400003589758164e-01 2.492760946062129168e-01 2.469774172888297148e-01 2.522032993387359756e-01 5.870701963167349602e-01 2.712270608031049912e-01 2.779258177271449193e-01 2.524323658224073563e-01 2.545925047643345929e-01 2.448817012761607126e-01 2.679728305490416407e-01 2.519459307056012287e-01 2.456098677654391382e-01 2.975089343440952550e-01 2.503316097009297136e-01 2.937934372088787938e-01 2.531379810556063648e-01 2.545841045829869698e-01 2.523532748841805784e-01 2.451398453106506947e-01 3.162315816155423231e-01 2.061559229913153768e+00 5.580964200461240310e-01 2.567654378286220451e-01 2.683022468914270098e-01 2.546990578338900191e-01 2.528945050300849262e-01 2.479274131824646954e-01 2.427127098354286971e-01 2.622481069606465987e-01 2.457706989298560352e-01 3.064597152706493577e-01 2.458750550289051651e-01 2.483773398187985038e-01 2.770474172253035161e-01 2.486050493500981950e-01 2.824466014780888656e-01 2.450168795790775844e-01 2.599250691173553562e-01 2.492412661620101444e-01 2.989409391051338627e-01
1.148241177329887952e+00 2.081106968843274618e+00 1.448710494791464187e+00 1.635007196664313600e+00 5.374582083435244240e-01 5.713584001989993055e-01 5.552609388322389261e-01 5.361076853415576160e-01 5.708857607646371513e-01 3.785783414368962818e-01 2.787896794535770217e-01 4.748471658936187501e-01 2.734076186473849424e-01 2.622036506162839231e-01 2.876055405443326274e-01 3.941176430614978243e-01 2.595076447211588366e-01 2.857490358497316030e-01 2.546849067591582250e-01 2.560916786677641666e-01 2.548181465586871752e-01 3.058368741321140227e-01 1.593897419933695048e+00 2.952857617336711593e-01 2.490058026171587668e-01 2.512874211047283479e-01 2.528414546540358465e-01 2.489444812933212514e-01 2.490270615376461993e-01 2.486117048783967887e-01 2.570886509601660874e-01 2.503423360863428204e-01 2.580003937202796083e-01 2.546463305417387968e-01 2.622267834233796835e-01 2.533901803463733948e-01 3.584346096401624937e-01 2.475359647316660583e-01 1.218221634259270658e+00 2.539599711088597056e-01 2.496202435743465342e-01 2.509710573518214582e-01 2.622229064166038404e-01 2.716034535442574116e-01 2.526304808686516967e-01 3.955444085343215121e+00 2.565896801881182299e-01 2.483943340318324200e-01 2.490028302452972353e-01 2.969120691509579135e-01 2.580551887493778285e-01 2.450378154156670485e-01 2.481712769086636960e-01 2.574302798738953291e-01 2.562789380950363238e-01 3.320296411340399878e-01 4.488098345550132762e-01 2.485680239353891263e-01 3.233807498017630677e-01 1.578287492168994000e+00 2.504806806114600048e-01 2.563765740490073775e-01 2.455499033939732012e-01 7.785762989221448604e-01 2.435284966778406002e-01 2.445942858405133480e-01 2.772390705935881550e-01 2.536288101134250850e-01 3.375797971632861216e+00 2.508698674749726409e-01 2.530627025073759473e-01 3.499787609369315322e-01 2.483386989845994819e-01 2.519567863245735229e-01 2.497993612873893321e-01 8.961905697727047260e-01 2.518975973544627101e-01 2.511777664297522028e-01 2.505898183521992895e-01 2.599690731442609870e-01 2.431926186574955295e-01 2.488975048945542001e-01 2.501811818380279551e-01 2.516818419273882945e-01 2.490235722315479183e-01 2.499273671277709719e-01 2.505456204749548776e-01 2.696076350728453530e-01 2.478372081581472486e-01 2.542565621272098175e-01 2.550741582394504547e-01 2.598758957480821197e-01 2.896512431695936196e-01 2.510025903402648417e-01 2.494389935075769227e-01 2.535702673111102090e-01 2.476588658464595749e-01 2.508559748673592216e-01 2.541188637698886810e-01 2.517260398046327063e-01
2.017486709221233188e+00 1.408325782944703120e+00 2.687977294899871250e+00 1.349394763018015198e+00 6.618762908861026695e-01 8.328104664891331499e-01 6.452720562711581342e-01 4.968609396002790501e-01 4.988095555141955906e-01 3.730990969941903046e-01 3.165768290689290332e-01 2.782092915392369026e-01 2.597853676398667044e-01 3.406664814369221306e-01 3.199098271773211377e-01 3.349680245694333647e-01 4.881968310164070401e-01 2.501522335207684300e-01 2.641548188929945251e-01 2.598718248909674955e-01 2.585719291358149485e-01 2.485848889148639662e-01 2.555032136559745037e-01 2.640440011159856937e-01 1.299009635276926700e+00 2.693808947932395670e-01 2.457271472204076712e-01 2.482347952030075078e-01 2.500049718800669840e-01 2.530829921761693635e-01 1.993371339374960804e+00 2.509690542316539430e-01 1.273902785564517970e+00 2.539942180020460238e-01 7.149719875290179161e-01 2.593814481506059311e-01 2.423156397248051874e-01 3.911961892223589365e-01 6.723220779338023867e-01 2.465897812280274382e-01 3.398363819778294492e-01 2.487141224740579970e-01 2.485252476272959976e-01 2.532571343971832256e-01 2.454933637118258405e-01 1.249912707653883626e+00 2.500030979934586561e-01 2.451754491562085914e-01 2.563187420312680320e-01 2.528585781006290611e-01 2.451731875689227014e-01 2.512458078986679055e-01 2.774454565876209311e-01 2.455882211442741436e-01 2.906237257025282572e-01 2.184863036477068921e+00 5.088480630000955518e-01 2.539215241249994648e-01 2.501509411851765563e-01 2.483664195830466159e-01 2.523450039363921427e-01 2.524425106568040089e-01 3.005880531254508381e-01 3.152309907834829894e-01 2.558237774995550939e-01 2.482966980778614774e-01 2.460404093678938420e-01 2.550390713281293076e-01 2.926408030944277483e-01 3.913480063460220149e-01 2.509087667762900375e-01 2.778895677137910303e-01 2.507326214351085492e-01 2.783851784132999052e-01 2.432912238631604884e-01 2.526580076167599387e-01 4.600157087811123646e-01 2.509995533516237165e-01 2.519140100164802831e-01 2.551844590822225367e-01 2.514819176113152199e-01 2.466251266064669601e-01 3.074540059666979741e-01 2.508753599012383262e-01 2.484683848612506685e-01 2.512358569146099230e-01 2.465198658725035186e-01 2.497888933690946001e-01 2.531670586064250772e-01 3.170056583267243933e-01 2.549754884170059022e-01 2.509905070024801566e-01 2.894974552341527674e-01 2.500876167411715256e-01 2.492152902166121509e-01 2.544783269147866678e-01 2.490014732929257679e-01 2.512929135309940332e-01 2.518314943889349289e-01 2.679068568170730469e-01
7.501873731622149544e-01 2.110219929657137339e+00 5.036287072449285862e-01 2.107235280607552497e+00 2.223273059539346175e+00 4.711117021735067856e-01 4.638012181970221914e-01 4.660395434422617833e-01 2.923992655722942313e-01 2.577523299034067961e-01 2.835479298695399164e-01 2.514811422099600957e-01 2.755436555305225133e-01 1.361215239743251093e+00 2.508793015247937630e-01 2.533587119747097161e-01 2.713913812736201692e-01 2.591799084150430144e-01 2.808901124911566960e-01 2.449796603140297346e-01 2.466572411459266867e-01 2.477116577553902799e-01 4.533455447820440853e-01 2.564444862843637818e-01 2.535592824585787275e-01 2.499185792457457866e-01 4.937188194588164603e-01 2.547842873661784191e-01 8.300382935650582050e-01 2.574250459147480186e-01 2.779428765569585402e-01 2.485381709832154007e-01 2.479729033953009809e-01 3.937841558619977755e-01 2.483250648441045483e-01 2.478136230335943324e-01 2.629692302209489796e-01 2.833562118844756283e-01 2.570306250920880720e-01 2.577943954269243942e-01 2.936058546977087236e-01 2.004113362048722813e+00 2.462189455299202967e-01 2.465336292465576395e-01 2.407475843343251931e-01 2.412152159682685593e-01 3.138441531513826988e-01 2.469938945676269926e-01 2.579800394347064874e-01 2.483563393654294460e-01 2.490390802586511798e-01 4.771756638547859364e-01 2.496794971612369407e-01 2.531618892640572493e-01 2.523380253241956916e-01 3.161541707135851476e-01 2.629095889333810110e-01 2.681740472007065890e-01 2.430350183320584279e-01 2.499685280163742584e-01 2.531796588784465118e-01 2.579883749992745168e-01 1.646509112666136421e+00 2.458154137413371965e-01 2.435129886507373387e-01 2.477967580541194925e-01 2.445109948116128695e-01 2.974081321679239442e-01 1.800928418660404873e+00 2.467117777079065322e-01 2.517817394686452381e-01 3.070207827678899659e-01 1.724550545158632930e+00 2.447040051322689758e-01 3.418380805761848662e-01 2.504647848836790702e-01 2.564721422660313221e-01 2.523615458319690141e-01 2.617358251320017759e-01 2.857186659633210168e-01 2.683673159884811810e-01 3.362442059664738081e-01 2.500568591540833774e-01 7.703467179883188853e-01 2.515259216382208507e-01 2.538567134950636683e-01 2.400083953550578908e+00 2.501031247682747871e-01 2.458401619679227990e-01 2.922892878134201178e-01 2.517765701262775213e-01 2.539267580841467753e-01 2.696060842701349936e-01 2.570430315137706145e-01 2.485041825571473462e-01 2.520841459971591147e-01 2.473807552270741450e-01 2.088378553518441816e+00 2.461028291769845611e-01 2.533748015528293207e-01
7.249678398632863896e-01 2.385397464183097949e+00 6.031074994616905105e-01 2.405956197246793771e+00 2.634474859860685303e+00 1.018695034464615734e+00 5.240894489623650898e-01 2.538002384296959013e-01 2.776857017741625189e-01 2.669851630729016545e-01 2.606929749260860074e-01 3.114826683242312710e-01 2.802400030716313828e-01 2.515882768305318651e-01 2.633446537104074947e-01 2.497292520815266315e-01 2.509227240006829396e-01 4.601368329344668884e-01 1.472058798847140970e+00 2.520841459971591147e-01 2.989665273498542941e-01 4.964632556302494004e-01 2.478562054913487911e-01 2.484941023395301762e-01 3.042837129093310389e-01 2.475947013843198263e-01 2.450655360141141825e-01 2.449374009401733554e-01 2.492423646472633481e-01 2.527208797433078136e-01 2.819942840209099799e-01 3.413763613775745998e-01 2.479721926107253394e-01 3.956755536175811661e-01 2.498599072098717233e-01 2.877372295411512737e-01 2.481027831222908375e-01 2.492633004838527011e-01 2.554935211390348959e-01 4.013920062581877168e-01 8.198014044886980933e-01 3.935816145663510457e-01 2.469922791481370394e-01 2.494616739972155273e-01 3.167234768502243947e-01 4.340857705301970904e-01 2.570817369647492301e-01 7.628894650740771777e-01 2.789767450305103424e-01 2.501266452760481096e-01 1.505989392897416401e+00 2.439229821172802515e-01 2.428614576620609089e-01 2.462627557064871464e-01 2.747787220936533936e-01 2.552967630451621339e-01 2.522982860047435771e-01 2.413608621894801631e-01 2.507898719018315514e-01 2.475852027177189996e-01 2.491040847389257573e-01 2.568201682409406716e-01 2.494610278294194794e-01 2.546109851632992749e-01 2.542645746078798785e-01 2.856261993517177356e-01 2.464330209207251654e-01 2.514873454208014225e-01 2.837130257414102186e-01 2.455465433214341076e-01 2.496670907395542871e-01 3.157438541631442663e-01 2.524960779670899491e-01 2.471940773508184419e-01 2.499932116261802673e-01 2.652059400466987293e-01 2.490106488756285152e-01 2.460264521435009399e-01 2.540182554440560958e-01 3.180232110634279574e-01 2.448013826191216546e-01 2.660789127390539299e-01 2.480379724923550411e-01 2.488496884776524309e-01 2.518448054455318941e-01 1.511966768094035629e+00 2.506046155947270204e-01 2.437259655562890037e-01 2.471511071923864211e-01 2.461335867640727093e-01 3.410149274208988945e-01 2.539120900751783427e-01 2.529790237777977957e-01 2.493962818162633877e-01 2.524741728788065798e-01 2.496446041002545746e-01 1.524821953310957934e+00 2.513172740569021846e-01 2.527743178200345664e-01 2.474324486507517573e-01
3.388638876541492539e+00 1.336828479422671023e+00 2.033461915640996320e+00 1.256627134146975910e+00 8.902133561180345378e-01 6.157241195283407187e-01 5.003138987599929921e-01 4.112640932282356498e-01 2.904597283159111032e-01 2.731572932432261291e-01 2.428401987415735874e-01 2.897016442576792472e-01 4.663815923650584394e-01 3.414479244609782693e-01 2.521617507494551269e-01 4.228544372929368134e-01 2.694971403797344900e-01 1.272705792030873528e+00 2.488169923871763611e-01 2.496751678370039418e-01 2.564375076721673308e-01 2.797682359637937988e-01 2.593128251306739962e-01 1.595958307502161277e+00 4.867103866185579775e-01 7.274273725763787946e-01 2.528756369304426821e-01 2.515647563227585426e-01 1.906407363488594076e+00 2.575030383677215928e-01 2.503524163039599904e-01 3.422757946411748575e-01 2.455536511671897459e-01 2.590657305654950893e-01 2.457386490071759022e-01 2.543076739998710867e-01 2.587137629670303030e-01 2.514337134937358886e-01 2.526680232175975149e-01 5.948730924621383753e-01 2.478793382984444404e-01 2.551496306380197643e-01 2.852923244515401247e-01 2.533104432403507911e-01 2.830609132017173901e-01 2.484822128520843831e-01 2.554390491938346441e-01 2.631256674443532839e-01 2.959031750627203472e-01 2.486336099666801580e-01 2.674105353329886414e-01 2.486456933044647322e-01 2.505450389239385345e-01 2.494152145326852255e-01 2.500534990815442837e-01 2.556293456097478156e-01 2.548895481001418606e-01 2.887857014068919703e-01 2.784099912566651569e-01 2.468218200835602394e-01 2.569992859539834695e-01 3.880697979376605655e+00 3.032304594019001875e-01 2.527330923146516861e-01 2.502273828354397711e-01 2.521928314204412436e-01 2.507348830223945502e-01 2.485328724072883855e-01 4.110619396332664821e-01 2.511875881802509980e-01 2.527311538112637646e-01 2.529892978457537467e-01 2.489014465181096369e-01 2.717078742600861352e-01 2.473540038803210273e-01 3.582009553651397948e-01 2.534211317838004351e-01 3.602110218364530381e-01 2.635401840854679767e-01 2.517919489198215954e-01 2.512129825746326484e-01 3.929691121125511999e-01 2.506629645467030043e-01 2.521035310310382194e-01 2.543252497639214571e-01 2.965349010084503134e-01 2.620246621368003126e-01 2.506411886919788223e-01 1.121568469197505191e+00 2.793983049006010799e-01 2.487263350454017585e-01 2.444694462223319098e-01 2.192463779027503445e+00 1.700187046878707697e+00 2.486696661296952104e-01 2.491871819174874547e-01 2.477155347621661230e-01 2.523941126888858966e-01 2.515736088215633215e-01 2.478731350876032247e-01
3.423821420696459672e+00 1.587901435104551950e+00 2.274673769205360685e+00 1.010739707336143045e+00 7.619033968632322740e-01 6.365756958371697749e-01 5.581716016691851134e-01 4.753897529918946208e-01 4.859611227507411035e-01 5.532182731956190036e-01 4.769505066862801956e-01 4.100935279574464132e-01 3.568324042816654607e-01 3.430122966950213126e-01 2.898595030502346681e-01 2.648929363663308223e-01 2.551109251870411487e-01 2.687981806748339642e-01 2.574981274924722507e-01 2.593616754160492643e-01 2.588174082815039023e-01 2.700422475324146809e-01 3.236795700990093283e-01 3.055185072590396733e-01 2.477732375463462811e-01 3.657838636844052971e-01 3.147331184966882245e-01 5.063039065370233960e-01 2.533930234846757390e-01 2.504680803394385702e-01 2.514211778384940477e-01 2.449909036336795909e-01 2.496349762000945605e-01 2.513470623922963165e-01 2.456888294701067288e-01 3.148185418793154611e-01 2.694195356274384778e-01 2.880296204688276296e-01 1.751796921060277512e+00 6.060542507700416026e-01 2.486064709192493671e-01 5.433118100988254540e-01 2.451770645756985445e-01 2.496416317283930431e-01 2.483915555103097805e-01 2.536620231381379043e-01 2.516435241770873521e-01 2.509258256061035475e-01 2.516397764038706963e-01 2.915581489522802716e-01 2.539520232449692383e-01 2.534893671030548079e-01 2.502074162505443233e-01 2.601158178507256835e-01 2.455659929720928059e-01 2.549471862675424250e-01 2.452387736002136220e-01 2.469828450983159174e-01 2.460077778941973659e-01 2.448681317524453727e-01 2.516413918233606495e-01 2.671500016102639652e+00 2.525776889597208807e-01 2.528698214202789174e-01 2.719101893970043982e-01 2.508213402734952302e-01 2.510777396549360718e-01 2.493478838483451643e-01 2.511897851507572943e-01 2.990044897078675268e-01 2.550135477001884698e-01 2.499433274723313891e-01 3.873287134215303018e-01 2.544438215544818638e-01 2.480808134172278745e-01 2.464936960767667440e-01 2.516888205395847455e-01 2.482187056248879031e-01 2.526488320340571914e-01 2.496020862592797096e-01 2.443224430487488386e-01 2.468492175981092940e-01 2.500082673358263730e-01 2.827892642602916617e-01 2.541753388352564480e-01 2.600660629304359928e-01 2.593583799602898754e-01 2.485295123347494028e-01 2.966526004724862053e-01 2.710631926500470801e-01 2.491688953688615538e-01 2.536445766076467212e-01 2.493104707329585334e-01 2.470478495785904949e-01 2.503411083675304294e-01 2.599567313393579271e-01 2.530638656094086336e-01 9.076176595437540628e-01 2.487189041157481517e-01 4.605226920338302832e-01
6.279723270261188262e-01 2.390093682490647797e+00 5.115328901923502647e-01 2.284060261076737319e+00 2.891798132016202949e+00 1.153391263897326935e+00 5.606352456248794303e-01 5.701588866109505993e-01 4.589543458678420618e-01 4.578637761701939146e-01 3.189338230298984778e-01 2.831238499450448587e-01 2.510677886708782003e-01 2.604127319529738749e-01 2.544272796589051033e-01 2.539918271812009465e-01 2.805893213821327170e-01 2.713253429248719817e-01 2.597860138076626413e-01 2.955316285800376752e-01 4.973132247490681945e-01 2.595457040043415153e-01 2.487362214126801474e-01 8.808641319742904763e-01 2.479256039126359612e-01 2.478204724122315961e-01 2.573917036564760119e-01 3.055318506240264353e-01 2.563426502397189166e-01 2.563758632644317359e-01 2.498520885795404434e-01 2.633040097560409576e-01 2.996296893588581423e-01 2.636389831414717166e-01 3.030366736798888461e-01 2.491573935820933228e-01 2.858691584430024246e-01 3.114996302288754459e-01 2.515789720142699304e-01 2.493860077483074367e-01 2.628595109291933518e-01 2.502552972842256862e-01 2.457440768166621048e-01 1.822000144337320826e+00 2.507454801742483586e-01 2.492419123298061923e-01 3.191968133228582083e-01 2.561149407084191143e-01 2.471693937410124331e-01 1.567507022511371417e+00 2.479215976723009307e-01 2.502580758057483257e-01 2.460016393001356327e-01 2.484597262127846706e-01 2.744964113835941522e-01 2.445968058949176127e-01 3.405059410480134052e-01 2.499606447692633848e-01 2.537595944753293642e-01 2.534137008541467173e-01 2.517919489198215954e-01 5.261078186898566766e-01 2.643813007054819364e-01 2.505180937268466357e-01 2.721018427652890370e-01 2.475592913891005997e-01 2.490014086761461742e-01 2.494901699970177855e-01 3.322407441529833805e-01 2.512685530050859928e-01 2.468238878205073483e-01 2.596185917317268554e-01 2.472743960078574998e-01 2.645509843687036122e-01 2.801419148002031734e-01 2.498312173597306840e-01 2.480269230230439659e-01 8.565721402380869209e-01 2.530159199589476771e-01 2.538881818667274581e-01 2.443216676473936033e-01 2.778277294557167099e-01 2.481146079929571480e-01 8.011771806882234115e-01 2.641595359179050861e-01 2.525211492775735200e-01 2.510464005168315804e-01 2.645152512895865282e-01 2.480096057261119702e-01 2.541748865177991812e-01 2.467731636485236413e-01 2.430290089715559931e-01 2.523733707026352135e-01 2.480008824608663787e-01 2.479982331729029266e-01 2.514139407591792219e-01 2.497793300857142906e-01 2.499702726694233990e-01 2.249316464855233733e+00 2.477676158865212974e-01
9.180941234075674640e-01 2.602888885658086515e+00 1.649449951539154302e+00 1.873508505558143966e+00 2.312029634125292610e+00 1.174099649422568836e+00 6.058232134745926700e-01 5.581789356736693852e-01 2.860585502240011735e-01 2.672305129850314209e-01 2.465468756863750110e-01 3.970393553677551424e-01 2.844323397318838653e-01 2.483580840184785865e-01 2.531573014727058757e-01 2.777046344905844677e-01 5.227644818967289719e-01 2.635281653644628852e-01 4.867726771940894537e-01 2.541399934568168151e-01 2.477142424265742493e-01 2.463912138643259420e-01 2.581350550889597306e-01 2.573103511309633440e-01 2.945500350811798840e-01 9.553649364913547881e-01 3.185219556767472926e-01 2.501879548091400896e+00 2.493765090817066099e-01 2.521185221239047314e-01 3.950468646604923251e-01 2.469537029307177223e-01 2.543892203757224246e-01 3.375836148823499472e-01 2.583432503528212409e-01 2.544953857446002887e-01 2.439778417631580654e-01 2.745386061406709377e-01 3.200595119472575689e-01 2.557541206111495491e-01 2.534030390855132042e-01 2.493665580976487384e-01 2.593881682956840073e-01 2.537254121989226396e-01 2.970184283701745587e-01 2.529492354424035527e-01 2.528673013658746527e-01 2.522283060324400639e-01 2.651312430494845440e-01 2.642138140127665569e-01 2.709147679073128367e-01 2.642472855045977509e-01 2.534962810984716652e-01 2.950042264249670976e-01 2.561732896603952092e-01 2.516532166940268489e-01 2.495218968357998390e-01 2.465968244570034829e-01 2.638455629858433849e-01 4.148862837337140563e-01 2.940590767898019764e-01 5.962645501939798365e-01 2.515998432340798008e-01 2.523950819405798018e-01 5.667600440041491439e-01 2.505515652186778297e-01 2.497398492333805509e-01 2.557283385160903366e-01 1.733197821071419842e+00 2.486007846426447898e-01 2.525289679079048000e-01 2.480349355037140269e-01 2.468106413806899768e-01 3.327482120315483072e-01 3.567883356379802917e-01 1.612873752681839745e+00 2.624913245190496625e-01 2.521348701691428218e-01 2.499220685518439566e-01 2.457579048074958195e-01 2.505241030873491814e-01 2.654088367346332245e-01 2.518539164114550477e-01 2.764157882047429959e-01 7.386872260447338023e-01 1.606455884898708053e+00 2.465006100721836013e-01 2.517154426527787869e-01 2.782707420966336609e-01 3.088501807234500518e-01 2.502112932573201665e-01 2.548534919371268082e-01 2.504594216909725723e-01 2.836370364086041596e-01 2.519269333723996862e-01 2.507890318836967225e-01 3.402429507550536747e-01 2.467721943968297360e-01 2.477230949253790282e-01 1.365696219557963165e+00
4.817472687028828693e-01 2.486074542269096188e+00 8.828238215888104534e-01 1.610716327644655665e+00 1.121704552135336597e+00 7.466127971462021007e-01 6.632076388587241356e-01 4.031447364047559545e-01 4.317456092403126333e-01 2.610343453726968743e-01 2.523839678544891330e-01 2.790350293657067882e-01 2.796895327262446940e-01 2.498986126608503389e-01 2.515810397512170393e-01 2.511468149923252735e-01 2.517840656727107218e-01 2.738345417101821777e-01 1.480432616548673641e+00 2.702226575810494635e-01 2.478833445387794709e-01 5.360780908565021541e-01 2.747166899852402366e-01 2.567946446129998339e-01 2.738342832430638030e-01 2.459619645974631119e-01 3.157031779003879879e-01 3.381440039034048217e-01 2.567317078696723653e-01 2.388401885967239568e+00 2.571938470773500462e-01 3.254508452613218972e-01 2.548040601007350858e-01 2.498820707652734674e-01 4.814805952534860767e-01 2.524274549471579032e-01 1.827973254826486649e+00 2.487237503742179001e-01 3.458024492380191717e-01 2.797075490170066736e+00 2.457763205896810188e-01 2.521338363006692118e-01 2.526735156438633112e-01 2.499517276536790122e-01 2.452571893823988214e-01 2.738822935103043532e-01 2.493428437395366348e-01 2.502607897104913715e-01 3.078391219730959860e-01 2.467086114857063306e-01 3.149299088989508388e-01 2.514271871989965934e-01 2.595713568658415404e-01 2.565714582562718116e-01 2.492824916673930247e-01 2.492389399579446607e-01 2.508663781688743599e-01 2.486575181751310426e-01 2.585701198659862143e-01 2.524684866022020024e-01 2.532990060703620427e-01 2.474756126595225592e-01 2.516075326308517823e-01 2.474931238067933359e-01 2.537514527611002269e-01 2.802396799877334144e-01 2.651909489538322173e-01 2.533828786502789754e-01 2.522380631661591543e-01 2.516096003677988913e-01 1.534849508252716266e+00 2.581515323677568974e-01 2.478876092462328762e-01 3.217892062118994922e-01 2.470950844444759209e-01 2.548681599460952407e-01 2.472119115819871871e-01 2.534114392668608273e-01 4.300431832566606327e-01 2.492954150233124277e-01 2.465575374550085241e-01 2.925849741968559736e-01 2.532612052542978498e-01 3.233481829448461853e-01 2.560258987861344648e-01 2.531989792955459118e-01 2.492029484117092020e-01 2.762762805775930697e-01 2.534246857066781988e-01 2.665480951757076555e-01 3.762836456457466561e+00 2.456801708216407309e-01 2.468958709129783768e-01 2.512712022930494449e-01 2.467393044560148851e-01 2.995918885427938938e-01 2.414265128375506775e-01 2.619066072804765444e-01 2.510495021222521883e-01 2.460289721979052047e-01
2.266592019347606346e+00 1.841650559330221260e+00 1.578923062813109901e+00 1.000408453530278852e+00 1.571394238738367033e+00 1.364923855191440438e+00 9.656933794673064897e-01 8.119714783366794864e-01 5.391494556243060510e-01 4.737159845499939181e-01 3.561473048759883908e-01 3.281789333875168579e-01 3.453366914906840779e-01 2.578952622198752431e-01 1.002197239839862197e+00 3.149309750758141901e-01 2.544755483932640283e-01 2.490826965848791374e-01 2.544841424249504325e-01 2.459967284248862907e-01 2.735862194261909908e-01 4.674140715778488664e-01 2.492550941528439701e-01 2.585066015716424026e-01 2.484510675643186728e-01 2.741997557484643355e-01 8.163824176008572797e-01 2.535309156923356566e-01 2.510882075732308039e-01 2.608351964579789239e-01 2.464371563946193833e-01 2.599900089808503401e-01 2.452444598768181994e-01 2.477551448480590501e-01 2.499021019669485089e-01 2.528822924587411647e-01 3.655195164390740437e-01 2.711474529306415748e-01 2.627050122091769691e-01 3.120204414724271347e-01 3.801853930538631188e-01 2.529152470163356092e-01 2.501694862009208320e-01 2.497180087618767752e-01 2.597460160210921520e-01 2.508304512394183838e-01 2.515967416286590819e-01 3.935294365168264807e-01 2.476312098647920346e-01 2.623370196493720607e-01 3.418786739697381005e+00 2.473584624381132135e-01 5.522999395239867049e-01 2.550397174959252444e-01 2.475380324686131672e-01 2.552997354170235544e-01 2.541024511078709969e-01 2.490678347255718128e-01 2.732862683353017852e-01 2.515163583548404302e-01 2.700765590423807039e-01 2.515168106722975860e-01 3.794975151266634095e-01 2.515289586268618649e-01 2.504391320221790451e-01 2.519332012000206067e-01 2.560428929991684921e-01 2.511866835453365754e-01 2.941077978416181127e-01 2.563917589922126705e-01 2.559743345960161509e-01 2.509191054610254712e-01 2.808679489357548964e-01 2.902358311746075503e-01 2.494276209543678791e-01 2.480414617984533221e-01 2.524138854234425633e-01 2.727549245566757152e-01 1.970399557293995407e+00 2.493955064149081524e-01 2.506258745152143419e-01 2.523227757642108049e-01 2.444288022679654837e-01 2.531934222525006328e-01 2.483418652067996835e-01 2.754982945512454151e-01 2.465393155231622169e-01 2.763543376473462376e-01 2.467493846736320551e-01 2.466907126377579917e-01 2.482763437922883565e-01 3.538880761025491872e-01 2.515907322681565361e-01 2.495357894434132584e-01 2.475857196519557490e-01 2.494320148953804717e-01 2.552327924333610554e-01 2.661664684754079246e-01 2.736063152446456259e-01 9.708315927014944391e-01
1.808406906263841929e+00 8.552174090683488661e-01 2.293694235213969979e+00 5.512454582977434070e-01 1.440602768988311855e+00 4.547857558740915351e-01 5.923789816948641374e-01 4.476811086490131153e-01 3.496116407036513052e-01 2.974346250475587428e-01 2.645940191439152267e-01 2.640291392566783690e-01 2.505204199309121194e-01 3.700288630200292972e-01 2.900024999834828199e-01 4.991821035569620202e-01 2.622435191692952250e-01 2.835010827043320525e-01 2.505562176268087970e-01 3.336473545196403379e-01 2.429340869223279853e-01 8.234858936468054669e-01 2.534325043370094788e-01 2.697041725415632030e-01 2.478266110062933292e-01 2.457734128345990809e-01 2.429457179426554037e-01 2.420105839083278587e-01 2.441945664419263862e-01 1.847632263851073819e+00 2.449794664636909536e-01 2.520845983146163816e-01 2.506287822702962798e-01 2.536613123535623737e-01 2.481333468590402047e-01 3.069379763648364401e-01 4.322578792782119983e+00 2.518399591870621457e-01 2.515806520505394772e-01 2.472291642621395891e-01 2.494267809362331612e-01 2.468796521012994738e-01 2.611938195847421929e-01 4.169453620323516074e-01 2.452555739629088682e-01 2.534868470486505432e-01 3.166671310184158150e-01 2.486022708285755556e-01 2.504099898545808500e-01 2.857648023439532947e-01 2.755050146963234914e-01 1.322177335433630141e+00 3.127899627006476835e-01 2.499744727600972105e-01 2.469677247718902180e-01 2.542160474064024678e-01 3.758529349070546255e-01 2.493759921474698604e-01 2.483145969258098162e-01 2.571595355673840233e-01 2.426895770283329368e-01 2.467726467142868918e-01 2.500563422198465169e-01 2.596495431691538958e-01 2.502441185813554236e-01 2.458264632106482717e-01 2.815825459013179821e-01 3.064235298740750624e-01 2.511016478633869564e-01 3.516166347577661666e-01 2.554212795794454927e-01 2.508236018607811202e-01 2.522073055790710061e-01 2.454397964015399003e-01 2.548954928438648126e-01 2.451698921131633124e-01 2.524188609154714991e-01 2.473333911276295316e-01 2.496654753200643340e-01 2.563597090695325376e-01 2.443056426860535923e-01 2.731814599187954995e-01 2.483965956191184210e-01 2.456977465856911014e-01 2.496718077644648481e-01 2.488541470354446172e-01 2.637597519025385306e-01 2.448151459931757756e-01 2.499445551911437802e-01 2.623484568193608091e-01 1.160564663375896366e+00 2.479334225429671301e-01 2.938601217254228626e-01 2.482380260419874141e-01 2.525332326153582052e-01 2.881837314881664502e-01 2.528603227536782017e-01 2.518985019893770216e-01 2.495750764454082171e-01 2.925058832586292512e-01
1.970099347735987827e+00 1.235982331532857303e+00 1.332330117694247251e+00 1.679248302534202431e+00 1.574773890161628165e+00 8.301805797137307152e-01 8.099196169246131172e-01 8.746399852963904209e-01 7.760557073908819214e-01 6.359854538639410082e-01 4.937140701255160469e-01 4.116263025862665348e-01 3.636894076989384272e-01 3.701660444431136843e-01 3.386454947298569995e-01 3.369947944782724081e-01 3.069281546143377004e-01 2.814058190091202061e-01 2.519688050455785033e-01 3.037319502283523653e-01 3.923218135229384340e-01 2.512408970234184524e-01 2.626507987310950920e-01 2.561896377056332996e-01 2.948085021995678345e-01 2.885985065963995178e-01 2.524205409517410459e-01 2.623975655718544520e-01 2.504575478043642445e-01 2.618587262467951815e-01 2.564682652592554790e-01 4.124174704356520227e-01 2.485678300850503453e-01 2.551575785019102316e-01 2.497478617140505008e-01 2.494451321016386558e-01 2.488835476701612981e-01 2.617983095578719777e-01 2.519107791775004879e-01 2.546091112766909470e-01 2.476142802685377120e-01 4.894772448125110920e-01 2.756508547678738763e-01 2.678896041369206449e-01 2.487190333493073391e-01 2.570134370287152636e-01 3.225971421155903740e-01 2.554362706723120047e-01 2.570499455091874719e-01 3.135877936726199966e+00 2.514652464821792721e-01 1.558082859057489999e+00 2.509282164269486248e-01 2.522566081819035411e-01 2.508452484819461148e-01 2.530655456456781804e-01 4.931501271815833531e-01 2.481606797568097766e-01 5.168762132391739872e-01 2.489015111348892306e-01 2.492042407473010757e-01 2.538476671459201084e-01 2.519615033494840839e-01 2.500354063832571638e-01 2.525152691506302727e-01 2.527617821647927254e-01 2.474459535576875036e-01 2.539980950088218670e-01 2.530497145346769505e-01 2.514517415752434149e-01 5.070302637564730874e-01 2.853091248142353153e-01 2.520477021334665002e-01 2.488180908724294538e-01 2.492972242931411619e-01 2.754375547784242428e-01 2.476318560325880824e-01 2.490901275145328553e-01 2.444347470116883247e-01 1.864628609238807577e+00 2.515147429353504771e-01 2.680981224846801236e-01 3.146600369189640478e-01 2.425214441678216204e-01 2.480618807008059257e-01 2.454491658345814287e-01 2.527202335755118767e-01 2.489086189806448690e-01 2.571645756761925528e-01 2.740671621167313221e-01 2.474745787910489492e-01 2.526677647504791402e-01 2.464070449753271719e-01 2.484832467205578821e-01 2.811169173875420757e-01 2.707867620669311970e-01 2.449229267815435929e-01 2.503232741363616842e-01 2.523983773963393018e-01 2.869832163400340419e-01
2.488699275856325777e+00 1.606906134618939719e+00 1.961755641453747590e+00 9.703566432172616718e-01 6.611260254582020934e-01 1.104323607675441243e+00 6.021337892099435374e-01 1.154306075954471211e+00 3.467253060842233059e-01 2.614177167260457457e-01 2.649431436040777799e-01 2.952410469221900535e-01 2.540729212395952397e-01 2.624341386691063649e-01 3.778636475461638056e-01 2.696750303739650079e-01 4.930135273095153092e-01 2.604167381933089054e-01 3.033428925983989166e-01 5.098812529974614538e-01 2.567823028080967740e-01 2.507055470044574630e-01 2.674520193054898964e-01 2.496719369980240355e-01 2.511805449512749533e-01 2.467853762198675138e-01 2.513069999889462336e-01 2.490371417552632582e-01 2.491335499904220319e-01 2.514475414845696033e-01 2.722886122376465323e+00 1.292505762560151261e+00 2.458811936229668982e-01 2.510600346573265140e-01 2.489617985902532471e-01 2.577007657132883711e-01 2.916075161718923447e-01 2.506805403107534858e-01 3.586310769585271396e-01 2.462695404683448164e-01 2.475452049311485103e-01 2.573758725454746710e-01 3.085158535058152296e-01 2.473429544110099521e-01 2.508007921375834393e-01 3.525678260618235749e-01 2.540887523505964696e-01 3.084918160638051576e-01 2.511676215953555502e-01 2.661941244570753540e-01 2.519425706330621351e-01 2.999247618828878026e-01 2.500772134396563873e-01 2.544935118579919608e-01 2.486945435898401113e-01 4.351640953481115681e-01 2.425891625528392437e-01 2.909749178996378638e-01 2.561750343134443497e-01 2.479372995497429732e-01 1.398353927666957652e+00 9.340557603036149237e-01 2.487635543104496083e-01 2.649339680213749215e-01 2.493423914220794790e-01 2.538308667832248622e-01 3.152598098671832716e-01 2.468455990584519366e-01 2.513650258570242491e-01 2.665565599738348723e-01 2.687899097270455284e-01 2.668201318178109460e-01 2.435242965871667886e-01 2.522777378688316752e-01 2.479873775539306324e-01 2.506285238031779050e-01 2.779989639216487451e-01 2.534241041556618557e-01 2.595190818911475850e-01 2.532351646921202626e-01 2.466409577174683010e-01 2.702556767554235018e-01 2.499713065378968979e-01 2.047800895967804014e+00 2.472625711371913004e-01 2.475268537657429047e-01 2.522044624407687730e-01 2.365255767814921750e+00 2.483249356105453609e-01 2.652422546768321565e-01 2.495673870486361245e-01 2.467711605283562371e-01 2.849903056237038101e-01 2.514131653578240977e-01 2.543870880219957220e-01 2.478929724389394851e-01 2.526106435173154363e-01 2.855360589441799379e-01 2.453689764111015581e-01 2.503565517778540972e-01
1.121490056735464425e+00 1.246755273335656611e+00 2.163014810959736245e+00 1.823330280745324661e+00 1.833338838353881339e+00 1.081932956601781459e+00 1.076883575285344508e+00 1.117282955141074119e+00 7.329989786284213382e-01 9.660269797461707997e-01 7.542117788893922814e-01 7.335196364071214781e-01 4.941429640000910561e-01 4.456585065224580866e-01 4.454823288728868569e-01 4.004679540015610439e-01 3.291261184512392357e-01 2.503460838595594762e-01 2.817018284764540303e-01 2.527983552620446384e-01 2.602305772512899518e-01 2.801281514261489969e-01 2.643155854406318284e-01 3.935272718547099813e-01 2.481157710949898343e-01 2.842129657651520924e-01 4.780039540440498835e-01 2.580549302822594537e-01 2.598707910224939965e-01 2.496341361819598426e-01 2.546743096073043056e-01 2.488978925952317622e-01 2.508799476925896998e-01 2.460565635627931513e-01 3.026898754237917766e-01 1.594709329769331108e+00 2.526603984376051271e-01 2.474270208412655547e-01 3.350097670090529944e-01 2.497391384488049093e-01 2.450641790617426041e-01 9.367582763392843237e-01 2.499165115087986777e-01 2.482249734525088236e-01 2.486502810958161058e-01 2.572837290177694136e-01 2.634516590974200767e-01 2.531115527927512154e-01 2.517639698542560867e-01 2.546474936437715941e-01 3.765460673110459400e+00 2.458319556369139569e-01 2.524549170784866625e-01 2.499592878168919174e-01 2.472970118807165107e-01 2.684554532758515188e-01 2.539670789546153440e-01 2.548038016336167111e-01 2.471145987119142129e-01 2.534541509581744734e-01 2.522611959732549147e-01 2.479984916400213013e-01 2.561017588853813365e-01 2.469787742412012932e-01 2.478193093101989097e-01 2.477793115236283095e-01 2.482360875385994925e-01 2.504884346250115801e-01 3.028435664340632383e-01 2.908953746439539856e-01 2.503763891291904686e-01 2.657272682244871120e-01 3.908873856326649521e-01 3.488409563733980145e-01 2.484046080997883710e-01 2.505127305341400268e-01 2.525230877809614416e-01 2.436901032436127323e-01 2.996080750460829445e-01 2.689356205650367260e-01 2.533103786235711974e-01 2.522127333885572087e-01 2.513442838707736771e-01 2.564075901032139004e-01 2.700632479857837387e-01 2.519356566376452777e-01 2.547446126635058983e-01 2.622038444666227042e-01 2.485737102119937036e-01 2.483867092518400321e-01 3.014297512964811965e-01 5.266740555294650017e-01 2.483290064676598741e-01 2.506030647920166610e-01 3.568997349660055218e-01 2.472059668382643460e-01 2.507554311583063411e-01 2.457977733605072324e-01 2.638476307227903828e-01 2.484977854959672383e-01
1.085239106438251167e+00 1.109885335437302833e+00 1.320054803457428427e+00 1.659727896501851152e+00 8.654761466933101888e-01 1.267565171821645631e+00 7.897231336044359118e-01 7.742523136505609083e-01 7.955009843013057802e-01 9.872303459573206208e-01 6.832625710460966673e-01 6.504266983215586384e-01 6.076134859701066704e-01 5.666344289846125815e-01 5.430439089306163813e-01 4.867922237699175425e-01 3.557633519716231207e-01 2.464711448206874378e-01 3.319766876831602986e-01 2.712374641046201296e-01 2.862116273748664397e-01 3.243570447246938993e-01 2.633889808212109829e-01 2.524164054778468280e-01 2.545249802296557506e-01 2.616583496132649511e-01 2.867091119609836425e-01 2.543012123219113851e-01 2.906341936208229337e-01 3.976085322708352021e-01 2.549635343127804044e-01 2.512698453406779775e-01 2.584722254448967860e-01 2.516154804947422496e-01 2.522922120274614377e-01 2.438909968113797122e-01 2.663917225690829449e-01 2.541484076941307624e+00 2.788261879340493410e-01 2.459969868920046654e-01 2.479879591049469756e-01 2.459465858039190378e-01 4.694774145839398227e-01 1.035341609224391224e+00 2.465307214914758127e-01 1.489646710852085443e+00 2.430368276018871621e-01 2.481489195029231709e-01 2.497224027028893678e-01 2.513638627549915627e-01 3.589600086750656116e-01 2.460770470819253486e-01 2.545358358486280448e-01 2.579983259833324993e-01 2.489393119509534236e-01 2.531646677855799998e-01 2.537665084707463325e-01 2.562137397644229653e-01 2.490003748076725643e-01 2.519550416715243824e-01 2.544604926836179226e-01 2.474523506188676114e-01 2.613921284813254253e-01 3.612681200422699357e-01 5.310922601427987555e-01 2.471100109205627282e-01 2.470046209530400994e-01 2.494883607271890513e-01 2.787675805149548713e-01 2.522266259961705170e-01 2.475688041116677063e+00 2.505368325929296924e-01 2.490603391791386123e-01 2.825925707831984379e-01 2.670426720067430315e-01 2.418517558640784770e-01 2.987111941452768038e-01 2.523817062672032430e-01 2.469898237105123684e-01 2.507859948950557083e-01 2.490679639591310002e-01 2.516785464716289056e-01 3.223152191062087502e-01 2.487307936031939448e-01 2.482508201643475187e-01 2.515677933113996678e-01 2.508364605999209296e-01 2.469446565815740513e-01 2.851709095226773738e-01 2.528410023365786907e-01 2.470007439462642562e-01 2.582091059183778681e-01 2.542077764586141431e-01 2.537245075640082170e-01 2.505018749151677326e-01 3.881154873299031971e-01 2.455232812807791598e-01 2.843012334186919343e+00 2.483770813516801290e-01 2.598501136530229072e-01
2.259599320693179703e+00 1.853320802042894400e+00 1.392242666503013426e+00 8.280061443093176266e-01 1.206997279634206777e+00 1.181074126145149172e+00 7.803846318075562394e-01 6.922999384573107484e-01 6.593426992664946917e-01 4.169110828307754368e-01 3.266022193485707548e-01 2.918124805967740043e-01 2.570014829244897658e-01 2.565553040613726132e-01 2.588758218502595909e-01 2.496927436010543122e-01 2.544944164929063835e-01 2.577481298127329845e-01 2.862927214332606773e-01 2.582334664442859085e-01 2.680163176417104109e-01 3.659988114017346805e-01 2.476789616649142101e-01 2.781356284104963827e-01 2.826938252768269599e-01 3.926474174753276092e-01 9.091089259687805679e-01 2.526112250683317795e-01 2.517799948155960976e-01 2.487503078706322368e-01 3.516468107938379717e-01 2.530441574916315606e-01 2.492783561934988068e-01 1.615918753803568197e+00 4.622103207749546083e-01 2.529005790073670656e-01 2.695708035084750653e-01 2.510770288703605413e-01 3.990720453062156725e+00 4.050061519746063210e-01 2.580317328583840997e-01 3.165794460485026884e-01 2.510716010608743387e-01 2.524482615501881799e-01 2.511890097494020591e-01 1.177428415131897443e+00 2.512271982661439251e-01 2.477626403944923617e-01 2.471705568430451194e-01 2.563462687793763850e-01 1.885314766591868363e+00 2.505753441935695269e-01 2.952100308679834750e-01 2.462113853667075025e-01 2.498721843979951895e-01 2.507327506686678475e-01 2.673184564220629778e-01 2.675289778899899718e-01 2.517521449835898872e-01 2.541661632525535897e-01 2.602025335689448493e-01 2.487571572492695005e-01 2.459326931963057294e-01 2.490569791065995187e-01 5.506357020570764593e-01 3.023061809865448812e-01 2.512810240435482401e-01 2.553547889132401494e-01 2.640937560362753844e-01 2.442039358749679145e-01 2.440830378803420242e-01 2.593479766587747370e-01 2.501092633623365202e-01 2.695463137490078376e-01 2.449839896382627336e-01 2.457142884812678618e-01 2.459584106745853482e-01 3.189904919456050258e-01 2.798235479271288240e-01 2.495569837471209862e-01 2.450411754882060311e-01 3.003608605283878408e-01 2.466740415086219329e-01 2.453584438760272324e-01 2.487928257116071018e-01 2.594673238506903790e-01 2.461968465912981463e-01 2.485963907016321972e-01 2.491506088202355418e-01 2.512085240168403510e-01 2.468768089629972406e-01 2.467978472583297611e-01 2.578646091522448724e+00 2.453853890731192422e-01 2.420110362257850145e-01 2.615792586750382842e-01 2.493566717303703495e-01 2.925154465420096161e-01 2.476193203773462415e-01 2.509340319371123895e-01
1.442864485507765693e+00 1.649858911137223938e+00 1.071298165473760555e+00 2.648659147617137943e+00 1.854288696784477608e+00 1.412718948555943044e+00 8.692169978374210126e-01 4.853602513172687316e-01 5.017962723007274306e-01 3.037938854115960763e-01 2.565815384738889815e-01 2.570606072778209850e-01 2.554238642506293511e-01 3.079409257093510544e-01 3.092378814010319776e-01 4.621564949975502934e-01 2.803538578372812839e-01 1.232301792075402691e+00 2.648514523938295673e-01 4.356632599704983178e-01 2.870948741351776468e-01 2.500075565512508424e-01 2.537654099854931289e-01 6.709223977167572128e-01 2.519315211637510599e-01 2.624763334261831504e-01 2.458205184669253196e-01 2.442761128177777241e-01 2.638865946408873731e-01 2.545093429689931908e-01 4.674184978272512558e-01 2.537070233960596610e+00 2.615843634006264073e-01 2.523836447705911645e-01 2.565075522612504377e-01 2.511101772782937669e-01 2.505321801847987251e-01 2.486213327785566918e-01 2.482274288901334947e-01 2.489771127670177275e-01 2.753529067971521860e-01 4.267842359776866656e-01 2.498828461666285916e-01 2.484205684443488993e-01 1.825167917340283719e+00 2.470857150114342815e-01 2.520631455437901680e-01 2.545516023428496810e-01 2.532566820797260698e-01 2.742207562018333933e-01 2.457543508846180558e-01 2.497818501401185554e-01 2.464395472154644606e-01 2.565614426554343463e-01 2.836454365899517271e-01 2.972116648495593538e-01 2.455637313848069159e-01 2.551701787739315552e-01 3.336038674269715676e-01 2.547765333526267328e-01 2.526442442427058177e-01 2.669759874901989072e-01 2.202526420880582592e+00 2.463556746355475280e-01 2.455099056074026009e-01 2.536108466486971524e-01 2.483741089798185975e-01 2.557471419989530981e-01 2.058860833197183382e+00 3.183085264537384718e-01 2.462002712806168336e-01 2.501624429719447873e-01 2.495375340964623989e-01 2.819984194948041978e-01 2.460971429003799837e-01 3.960652897237204040e-01 2.457720558822276136e-01 2.665947484905767384e-01 9.228755227848208786e-01 2.444963268026443259e-01 2.472474508107656010e-01 2.499086928784673978e-01 3.877071415912400898e-01 2.463062427991559167e-01 2.524288765163090753e-01 2.453731118849957760e-01 2.451872740268749018e-01 2.446191633006581378e-01 2.534306304504011509e-01 2.985877760962465377e-01 2.491333561400832508e-01 3.080671868966835536e-01 2.843547349795878532e-01 2.547832534977048091e-01 2.471656459677957773e-01 1.915494162736199879e+00 2.454746248457426727e-01 2.494219346777633017e-01 2.587717888351084294e-01 2.503905402039221517e-01
1.569145251724493928e+00 1.471984618784163867e+00 2.773197134671355979e+00 1.134229933309195859e+00 1.236959143390024884e+00 1.137166701325099227e+00 1.373642080328224990e+00 9.148125764099294122e-01 9.552515178889672276e-01 9.023176458934552002e-01 8.674871662621225221e-01 7.629975366379531110e-01 6.650016106648700687e-01 5.467396333312761758e-01 4.277299348554783887e-01 3.658321647271540744e-01 3.147750870950364876e-01 3.126506812322263906e-01 2.876677018863049162e-01 2.915210589207915537e-01 2.575885909839079613e-01 2.815612869808305496e-01 2.537347170151845743e-01 2.970334840798206644e-01 2.658018359881421100e-01 2.615029462583342568e-01 2.505819351050884158e-01 3.791071651611180315e-01 2.434099895040597872e-01 3.179722607327157280e-01 3.089025203149236010e-01 2.567817858738600245e-01 2.492784208102784005e-01 2.491016939180806800e-01 4.188297488673486946e-01 8.198688320982074895e-01 2.466657705608334972e-01 1.469251005923313258e+00 4.110653643225851139e-01 1.895164302305836657e+00 2.472065483892806892e-01 2.513784015304009190e-01 2.507098763286904619e-01 7.829194874929151782e-01 4.692532589755178396e-01 2.669839752567674918e+00 2.499476567965643881e-01 2.470974752653209983e-01 2.506526258619675707e-01 2.494199315575957865e-01 2.555714489752288765e-01 2.519419244652661982e-01 2.560271265049468559e-01 2.514556831987988517e-01 2.512105271370078663e-01 2.487410030543703021e-01 2.456174925454316371e-01 9.719970370925006264e-01 2.478284202761220634e-01 2.488921417018477023e-01 2.483121414881851452e-01 2.507018638480204009e-01 2.453777642931267433e-01 2.512547250142522781e-01 2.408318446149196879e-01 2.489930731115781448e-01 2.552372509911532417e-01 2.511750525250091570e-01 2.466121386337679633e-01 2.465827379990513935e-01 2.485099334505315172e-01 2.802474340012850451e-01 2.664447729451321356e-01 2.503815584715581855e-01 2.567103843324053392e-01 2.452189362488773616e-01 2.599110472761828605e-01 3.031263940783592292e-01 2.546858113940726476e-01 2.607776229073580643e-01 2.492193610737267750e-01 3.229773795551288407e-01 2.520620470585369644e-01 2.467877024239329975e-01 2.581910778368703419e-01 2.584162673137657684e-01 2.928951993557010747e-01 2.452008435505902417e-01 2.481489841197027646e-01 2.610274959940596107e-01 2.497516094872671566e-01 2.537626960807500831e-01 2.458884307022817239e-01 2.515429158512547669e-01 2.506775033221123605e-01 1.518290359995735361e+00 3.572164541112001213e-01 2.476927250389684421e-01 2.484407934963627218e-01 3.393083013465730824e-01
1.074275351285301827e+00 1.402498189443189824e+00 8.908008680323251660e-01 1.697245044903656908e+00 1.129099554859533949e+00 1.173147747333935786e+00 5.205984305194686357e-01 4.434456402883796833e-01 3.874270924684667383e-01 2.782191779065152359e-01 2.922565917229440480e-01 2.516085018825457986e-01 2.482552787221397050e-01 2.630558167056089580e-01 2.637444377257740502e-01 2.622727905704527185e-01 2.499132160530391777e-01 3.012117019737311496e-01 3.466933207783228221e-01 2.507348184056148455e-01 2.509523184857384015e-01 2.651339569542275898e-01 3.003115902339451582e-01 2.519640234038883486e-01 2.498241095139749346e-01 3.935088560725248374e-01 2.498842677357797637e-01 1.621654333010935423e+00 2.449515520149050385e-01 2.520209507867132714e-01 2.482264596384394784e-01 3.622129465935370884e-01 1.359368815266267294e+00 2.563776725342604701e-01 4.279543489310186910e-01 2.588925575961751324e-01 2.418465865217106492e-01 4.319903399639686725e+00 2.488199647590377817e-01 2.475872704546661085e-01 2.495058072576802344e-01 2.796967051887799260e-01 4.060545592235674239e-01 2.482584449443400176e-01 2.510302463219322711e-01 2.527412986456605282e-01 2.614297354470508372e-01 2.482330505499583673e-01 2.468552915753914334e-01 2.383588711288619155e+00 2.903699756090508677e-01 2.464489166485059890e-01 2.488339866002103884e-01 6.311907272758956466e-01 2.506042278940493473e-01 1.178977763964684122e+00 2.552646485057024073e-01 2.489281978648627547e-01 2.716595409089476165e-01 2.505381249285216771e-01 2.608247285396841919e-01 2.468003026959544322e-01 2.873925636387809623e-01 2.969478345384648499e-01 5.608716138046452304e-01 2.582518176096915141e-01 2.506806049275330794e-01 2.510985462579663485e-01 2.557760256994329184e-01 2.461468332038900808e-01 2.530657394960169615e-01 2.513258680885884777e-01 2.494822867499069119e-01 2.491446640765127007e-01 3.135699841555527057e-01 2.456273142959303213e-01 1.548140727498358959e+00 2.555821753606419833e-01 2.524315904210521211e-01 2.496304530255227805e-01 2.494670371899220251e-01 2.502395307900040500e-01 2.685256917152734069e-01 2.782331351309081935e-01 2.498913755815354021e-01 2.453599946787375918e-01 2.505158321395607457e-01 2.513964296119084452e-01 3.431446318596359513e-01 2.499886238348288936e-01 2.995973562549581803e+00 2.505861998125418211e-01 2.495741718104937945e-01 2.437372088759388600e-01 2.459168620853043885e-01 2.593409980465782860e-01 2.439859188606077200e-01 2.466728784065891356e-01 2.465110133736987397e-01 2.607468007034903223e-01
2.930098694253842506e+00 6.378733300050363209e-01 1.843811344439944655e+00 9.439613026112991800e-01 1.294532790936108846e+00 8.432629050265827431e-01 5.099794058856693679e-01 3.198127081575868891e-01 2.565231249051332929e-01 2.535212231753961598e-01 2.896089837957371849e-01 3.148440008904766496e-01 2.590893156900480054e-01 2.777339705085214994e-01 2.501984345181803571e-01 2.688814717037344426e-01 4.999667128032184160e-01 2.349919233644695460e+00 2.479208222709458065e-01 2.544703790508962005e-01 2.491672153325920069e-01 1.602329328120085217e+00 2.488399959607129341e-01 2.770949751750869106e-01 2.513256742382496967e-01 2.641141749386279880e-01 2.511243929698051547e-01 2.549794946573409327e-01 2.834209578976318311e-01 2.489047419738690259e-01 2.518727198943178092e-01 3.074642154178742759e-01 2.561427259236458420e-01 4.072404386711211410e-01 2.469208776066823541e-01 3.162416295247696407e-01 2.024792282322468662e+00 2.432295794554250046e-01 2.496610167622721477e-01 3.390981675793237060e-01 2.427843052272221636e-01 2.590359422301008463e-01 3.912048801792147312e-01 2.493551855444396947e-01 2.438982985074742427e-01 3.641599147795738789e-01 1.882746766537124916e+00 2.477325935919797439e-01 1.575522863253936867e+00 7.798715059222278700e-01 2.480519943335276478e-01 2.465141795958989412e-01 2.507004422788693399e-01 2.686202906806034463e-01 2.500465850861274264e-01 2.558955667416873414e-01 2.496305176423023742e-01 2.859500586510578257e-01 2.566464137206043716e-01 2.528406792526807223e-01 2.729844433578042517e-01 2.468330634032100956e-01 2.493485300161412122e-01 2.538191711461178501e-01 2.485534205432002874e-01 2.536553029930598280e-01 2.501658030444838809e-01 2.569546357592820129e-01 2.604127965697534686e-01 3.066629027340920799e-01 2.529102069075270798e-01 2.562345463674531310e-01 2.515799412659638357e-01 2.630329423656316834e-01 2.505805781527169485e-01 2.351531939229877022e+00 2.506613491272131622e-01 2.813127708465005816e-01 2.573885374342756993e-01 4.303840690774245470e-01 2.490597576281222691e-01 2.490312616283200109e-01 2.588996008251512881e-01 3.050316521331661868e-01 1.484409520865749732e+00 2.494130821789585228e-01 2.461579472899807497e-01 3.915024727576486563e-01 2.510239784943114616e-01 2.528070139105106362e-01 2.488654549718740672e-01 4.104175164903457462e-01 2.499743435265380231e-01 2.356891901097446951e+00 2.492804239304459157e-01 2.513844108909033537e-01 2.508981050076565245e-01 2.482503678468903630e-01 2.486825894856146135e-01 2.471775354552416815e-01
2.528502695153832303e+00 1.445596676799465019e+00 7.201057018199265025e-01 1.458043290118995472e+00 7.831203931763283110e-01 4.733519659221342990e-01 3.851522910511446240e-01 3.560051802692648648e-01 2.971786456751852601e-01 3.219511035531797405e-01 2.757814452794393745e-01 2.641468064123244641e-01 3.311037796075845807e-01 2.625415317567965090e-01 2.597070521029951617e-01 4.737318156609951481e-01 2.612671596295847998e-01 2.619705778922776229e-01 2.505050411373680452e-01 2.557249784435513540e-01 2.696879537298844109e-01 2.562870798092654612e-01 3.297457933675743691e-01 2.495671931982973435e-01 2.292806917596544203e+00 2.577156157818501381e+00 2.538304144657677064e-01 2.777477984993552695e-01 2.549222441906179304e-01 2.486659829732581484e-01 2.622258141716856672e-01 2.476142156517581183e-01 4.014531337316864512e-01 2.488927232528640454e-01 2.481596458883361667e-01 2.493586102337582711e-01 5.068753450273892902e-01 2.552255553540462296e-01 2.552492697121583332e-01 1.639500970601386109e+00 2.814426505734904937e-01 2.483546593291598992e-01 2.509769374787648166e-01 2.528767354156957747e-01 2.529866485577902946e-01 2.508487518440106978e+00 2.523390591926693016e-01 2.432496106571000460e-01 2.477882286392127931e-01 3.304228156758017843e-01 2.461619535303157802e-01 2.503707028525858913e-01 7.309073496270617198e-01 2.452150592421016295e-01 2.706325864308127827e-01 2.537851827200497956e-01 2.529910424988028872e-01 2.523628381675609988e-01 2.435126009500597766e-01 2.563266898951584993e-01 2.497060546576512774e-01 3.245912482423431999e-01 4.802152694754179274e-01 2.797746330249739066e-01 2.548458671571343093e-01 2.506939806009096383e-01 2.652876802728888483e-01 2.527589390264904923e-01 3.085162412064927917e-01 2.501238021377457654e-01 2.523793800631377593e-01 2.547714286270386097e-01 2.507242212537610371e-01 2.489108805679307590e-01 2.505079488924498721e-01 2.520477021334665002e-01 2.692121157649322027e-01 2.533639459338570266e-01 2.085621743233716074e+00 2.479247638945011323e-01 2.876074144309409553e-01 2.596608511055833457e-01 2.500576991722180953e-01 2.540637456568923813e-01 2.499977348007520472e-01 1.182999835410698530e+00 2.561337441912818758e-01 2.513082277077585136e-01 2.530240616731769254e-01 2.544190733278962613e-01 2.547633515295889550e-01 2.930308299760751578e-01 2.481961543688084859e-01 3.056113938797103136e-01 2.468234355030501925e-01 2.474214637982202758e-01 2.522132503227939582e-01 2.472570787109255042e-01 2.483778567530352532e-01 2.744347023590789636e-01
