1.870610442993219102e+00 1.464886917862892046e+00 2.245471508002094829e+00 1.554113321053288033e+00 1.637043594473312602e+00 7.245874408817989387e-01 1.462169265346601854e+00 1.915517424776854494e+00 1.159275397080987702e+00 5.897916289146314384e-01 1.311753001156756415e+00 7.617055806695935960e-01 8.747472895360086653e-01 7.387173051556361614e-01 7.532906020794576385e-01 9.816214156379634570e-01 5.947006625857838014e-01 6.404823940232137192e-01 7.046718709338221087e-01 7.031393466950229820e-01 1.036013139106352954e+00 6.916307024710247608e-01 7.087052180078762254e-01 5.128784377022881369e-01 6.378204411709362809e-01 4.597824745151570247e-01 6.771860575553808603e-01 5.324845255843851932e-01 4.224878663022830771e-01 4.161286382466355405e-01 4.061402733817028321e-01 4.261016566264139160e-01 4.078811140408252212e-01 4.562986285347957471e-01 4.991428165549670060e-01 9.967604486213514914e-01 6.051883859234420404e-01 6.651751874890625693e-01 1.255174484324856010e+00 1.580776142818392183e+00 6.662183446246813245e-01 3.890059065527496918e-01 3.969875650189081950e-01 4.297572540069439784e-01 1.430669683778324597e+00 1.213802783478140856e+00 5.563317681037202034e-01 2.977906452507146362e+00 6.144445134419815879e-01 1.677119955047837063e+00 6.849935253379407785e-01 4.284267298982624705e-01 3.396669890901159450e-01 3.384897682910282812e-01 4.433601522889728530e-01 3.390718362416378917e-01 1.024606015920199065e+00 3.779188625843294402e-01 1.028672705252525077e+00 5.426513296861749103e-01 7.422837475345173130e-01 3.617406302430729026e-01 5.294830438637153636e-01 1.647745231659826892e+00 6.085727866800035857e-01 7.575595096235325787e-01 6.018160685046651803e-01 4.476235350983922001e-01 3.470398605673014614e-01 3.848820636788700678e-01 4.382926136574690767e-01 3.411406393656047920e-01 3.661106307388272696e-01 3.635805607337072587e-01 3.546608281697495313e-01 4.495252069219314861e-01 3.441954945462217252e-01 2.864622758629231658e-01 2.806963267691452990e-01 2.901922794651591864e-01 2.931852640793119469e-01 2.900286051624400008e-01 2.964833368183318885e-01 2.795402033485960280e-01 2.885400930276438292e-01 2.852018609601043586e-01 3.117614897281922315e-01 3.060621928425686922e-01 3.072993780131224040e-01 6.365730465492062118e-01 1.336059345895128203e+00 2.999373621549091817e-01 3.306544668306569679e-01 2.881912916513792999e-01 3.082212979160223743e-01 3.314423069158932145e-01 3.124812237277332927e-01 3.052799098003777800e-01 3.676384944923979936e-01 3.708900431501081507e-01
3.568899455238965790e-01 1.729433312108879184e+00 9.296979562250095031e-01 3.707193138276673405e+00 3.250341133972774355e+00 1.090339147309892232e+00 1.822663112495985782e+00 1.557852371004667447e+00 1.377125700149857579e+00 1.612776569045325958e+00 2.756067861241887629e-01 2.750407431349191079e-01 2.705002512661981440e-01 3.885770772949542762e-01 5.016031973632917307e-01 6.159783542476651164e-01 1.302723904693330770e+00 6.380803944752548862e-01 7.055724915307475253e-01 1.036378870078871861e+00 4.256158353690139839e-01 2.860836861512643936e-01 3.291140674218444029e-01 5.117041892750618937e-01 3.443335482958306826e-01 4.408026847693037875e-01 4.752474022264424613e-01 4.831429911421777357e-01 9.003733108411869912e-01 3.474933088181232921e-01 5.915406759047625584e-01 3.073187307386116562e-01 2.942380006525060487e-01 4.034915346608529685e-01 3.097495816786605127e-01 8.610866319301175853e-01 9.213738611353767816e-01 1.131943371637987195e+00 5.137382931883851533e-01 2.797487228289659011e+00 1.212741743648768633e+00 3.026023196874378929e-01 3.557126601080292660e-01 2.701109351691263205e-01 3.069289300156928801e-01 6.653072157239741102e-01 3.675834409961813432e-01 6.986046945677580888e-01 1.455065231980929852e+00 3.827952647817853826e-01 3.109758466134622812e-01 2.933137868539303361e-01 3.256922858582860236e-01 3.329139540712145462e-01 3.069076710952054476e-01 3.503318593290392635e-01 4.156267597195057450e-01 4.838947427560090775e-01 4.361074357134480106e-01 1.381072169963743601e+00 1.115120199219572950e+00 2.832638098896519407e-01 3.075522234716853709e-01 3.568628387848556405e-01 3.031544054523145348e-01 2.883366147886929354e-01 3.339788062905830746e-01 3.261224720684529621e-01 6.552642012176972397e-01 4.815104158972701165e-01 6.058754238325070318e-01 3.043414803102907351e-01 3.006213953837229003e-01 3.109075789858180561e-01 4.057410063005730816e-01 3.640781422449938520e-01 5.250746933092702573e-01 8.252343833172126608e-01 5.932509528271356913e-01 9.204730386110151485e-01 3.396883449357727680e-01 3.134414290725444641e-01 3.035625573406389166e-01 3.476985963269029201e-01 2.979686181141482093e-01 3.679579598507254912e-01 3.129050774934997170e-01 3.480914986552423596e-01 3.816338427853091519e-01 1.878016947504184575e+00 9.454691351631948626e-01 3.245622353083041367e-01 3.077393536653982853e-01 3.136590906946169488e-01 2.967724969070283936e-01 2.845135630238372348e-01 3.258076914266462287e-01 3.368487605563832421e-01 7.384492262912831784e-01 5.865630192136781496e-01
1.059774215150095289e+00 4.536240431021070774e-01 1.019503616536102664e+00 8.733144770652251365e-01 1.539246098553274766e+00 3.354405165178127923e+00 1.880723485934383987e+00 9.292156242737077410e-01 1.877511773521295613e+00 1.191786909726143762e+00 2.746567902305537823e-01 2.642929049509932238e-01 5.781451974852400699e-01 2.574784839914747714e-01 2.849684651522000345e-01 1.357758694352269480e+00 1.126335345953544342e+00 1.349346752750774758e+00 1.445443470415040732e+00 8.620134465540719715e-01 6.146838863019986610e-01 2.554615358331344677e-01 2.587188676926184261e-01 3.002458103523154009e-01 4.331326407227517605e-01 7.530952413234436316e-01 3.546528803058591195e-01 5.861380023458790944e-01 4.246058104871334726e-01 5.399019180227129233e-01 5.540292137795611582e-01 2.781849310133288622e-01 2.628295933602399215e-01 3.247995404313740453e-01 5.609534509560047955e-01 4.073579119764284551e-01 3.066385098997941872e-01 9.018945190664592326e-01 5.818037672376316083e-01 4.348280234774276609e-01 4.501405202056437682e-01 2.661989060987655087e-01 2.926628374162703050e-01 3.078950154874474099e-01 2.735515848323269994e-01 5.182371072342661922e-01 1.448211717869754889e+00 6.218784154674964482e-01 1.619343507738987942e+00 4.284092510593814906e-01 2.542873197142979658e-01 2.592007150180731800e-01 2.722867759884955996e-01 3.227804276109172421e-01 2.687374409020127919e-01 3.527695596477253837e-01 6.156389223044421710e-01 2.830240170205675088e-01 1.339697076736099612e+00 1.371852324766947628e+00 4.000337938594488718e-01 2.719499287164565127e-01 2.635737201940787644e-01 2.868007385544521504e-01 2.745987643624757668e-01 1.381079859360515805e+00 2.757472630030325389e-01 3.457141827170897019e-01 3.565085772907151673e-01 3.709108497531383719e-01 3.367064097909310827e-01 2.735496463289390778e-01 3.273740344724669904e-01 2.735509386645310625e-01 3.126617953183170595e-01 2.845823798941080618e-01 8.527395090356559848e-01 1.306386125293769629e+00 3.535474810572935001e-01 5.728793499571531722e-01 2.741194370914252776e-01 2.586813253436726079e-01 2.645362517429554750e-01 2.704188987406854761e-01 3.325159470172869280e-01 2.794755219522194745e-01 5.843963539770116178e-01 3.896680993100595791e-01 3.344492810628287294e-01 2.820724057074427416e-01 5.531218326520704887e-01 2.676044502885591703e-01 2.735048022838987292e-01 2.670183114808349911e-01 3.330228656532252529e-01 2.776912588172079088e-01 1.246484012094908334e+00 3.001054627070307568e-01 2.686244907712772578e-01 3.108254187505605226e-01
2.428758812598773797e+00 2.686478185613220937e+00 5.982384312687187844e-01 1.535997748426154441e+00 1.092325564039873020e+00 1.426902396294261077e+00 1.699232075493043892e+00 1.442979826459346304e+00 1.058312809754340167e+00 2.903131527456836558e+00 8.769515051987185617e-01 9.529445696237957009e-01 1.004326524269532062e+00 5.712343036737832502e-01 3.331776874571396596e-01 3.712765161088776855e-01 7.408561286373938071e-01 7.284732840022279943e-01 5.384819319826794626e-01 4.166842779343900016e-01 7.470504869798997305e-01 4.239263650496711833e-01 6.338146854617701109e-01 7.287724677688595110e-01 7.313024408488101313e-01 1.750229705687932125e+00 3.863242778910849773e-01 6.018703789079163924e-01 5.476860429936434294e-01 1.173722804363959149e+00 3.971176709046266851e-01 4.263096903483263866e-01 4.685660272161141227e-01 5.649183042436860536e-01 5.683174699343854774e-01 3.768745261924829615e-01 4.120113539758849530e-01 4.870071068704673323e-01 1.733347925850423632e+00 4.501893058742394982e-01 1.112768729993259154e+00 3.595792635823333305e-01 3.480407421748689667e-01 3.200259112218671320e-01 3.090613483591729826e-01 3.233515107089954266e-01 3.228350287896766813e-01 3.299844877514055974e-01 7.493959064602238040e-01 3.795717274980305311e-01 1.939689786622731837e+00 3.588453785080605862e-01 3.151307378499382805e-01 1.839211663601112878e+00 4.425510855916390263e-01 3.874371080693042591e-01 4.457057413883434571e-01 3.412174687165456244e-01 6.030827835434946493e-01 3.940933148439795808e-01 1.435839349229981465e+00 4.193804453714640168e-01 3.426912805339835111e-01 3.454198532860254245e-01 3.582871864575120080e-01 7.264715450183852896e-01 3.950825008144400186e-01 4.513609696302818830e-01 1.918745808319079149e+00 4.196891843443784076e-01 3.696699168093680599e-01 3.528653863318677031e-01 3.352654879143080469e-01 3.151109004986020201e-01 4.638457068497747193e-01 3.790304004269567928e-01 3.670463786325610100e-01 3.658799165272762499e-01 4.136135270259922447e-01 3.367859853550047577e-01 3.767747255763954084e-01 3.392370290386776399e-01 7.587355269351002685e-01 3.119603478674019548e-01 3.515147340963417077e-01 3.319687398192698313e-01 3.194524049945540733e-01 8.598752773172078090e-01 3.900189361148814204e-01 3.331071905505993413e-01 9.787655801385053422e-01 3.399060711746247909e-01 3.137729131518769976e-01 3.291222414444634481e-01 3.528471967084111371e-01 3.253958886902746372e-01 3.594868615875096429e-01 5.538596270415089284e-01 3.102608942556114302e-01 1.258559466632434010e+00
2.128904776112519937e+00 2.137465077839969751e+00 1.326149005791558810e+00 1.979823526897538155e+00 1.307819680857518652e+00 8.419537246479117387e-01 2.417852404837717017e+00 1.717743684362327272e+00 2.128281870357205285e+00 2.520651110265002881e+00 9.667907339268122513e-01 9.146751042113367980e-01 1.094639814001139078e+00 5.636287471732690513e-01 7.374027333144176355e-01 8.779835644024416297e-01 7.204141419402352309e-01 1.139063333039830095e+00 6.920949740324291444e-01 1.107352196135152012e+00 9.151883229832858957e-01 7.463777455333205912e-01 1.090057967393475824e+00 6.156290359371637821e-01 9.334655991013607323e-01 5.470982564580395557e-01 5.480038283157014911e-01 7.588375002904017563e-01 9.250713463432805872e-01 6.710491435299367202e-01 7.151808128064804926e-01 6.369937340927723790e-01 5.810613204400623122e-01 6.568956941315465814e-01 9.848535146450149158e-01 4.223347891514178110e-01 4.118216068025984389e-01 3.730940891937715165e-01 4.146313382298141836e-01 4.506563559571665212e-01 4.249873079538740717e-01 4.192669783064917333e-01 3.666627488120937084e-01 3.849853859094456432e-01 3.345724083363508239e-01 3.418117169301093106e-01 3.529223137146926259e-01 4.133020741483347527e-01 3.814601851901422425e-01 4.593375879876318013e-01 3.845996883520312326e-01 4.195666063134829704e-01 3.355671190414667993e-01 4.868331584997922512e-01 1.422729703135006130e+00 1.100530118087251319e+00 3.960313336060422018e-01 3.910888930598381275e-01 6.678100174481040874e-01 5.641063944080499937e-01 4.560572848630010112e-01 3.896053241086811503e-01 4.813318151184640681e-01 4.037185980243567784e-01 5.146376295268160206e-01 3.883803515094712555e-01 3.531530925430232948e-01 1.580820276078857001e+00 4.587628863498962040e-01 5.520971720696112861e-01 6.849009294927782543e-01 1.665994561020725850e+00 3.298289551629156602e-01 3.533990563145592012e-01 3.202121367806656238e-01 3.527874908040635193e-01 1.294230642874713233e+00 4.359757144082395119e-01 3.835108309990424291e-01 4.006407715785931800e-01 5.331100483192737771e-01 3.711150710850546486e-01 3.582672198726165047e-01 7.555205594517394596e-01 3.862467054471788175e-01 3.106798371461285124e-01 5.603877310506332199e-01 3.392050114243873038e-01 3.613198457743373448e-01 1.154457117676779276e+00 7.118409249339638922e-01 3.065560265806386298e-01 3.412234457686583733e-01 3.475411898518046550e-01 3.317086249730021863e-01 1.636732916997010623e+00 4.285265951311296173e-01 3.480431329957140441e-01 3.195577303452971640e-01 3.256016608249012734e-01
1.209041269914808314e+00 1.097076932768808799e+00 1.739505452628559379e+00 1.370516954399796372e+00 1.463818479412255957e+00 1.229499556194620258e+00 2.052805853248268253e+00 1.927978124554337480e+00 1.459794534079632999e+00 2.340782937943918451e+00 1.307001406269092225e+00 1.355525279982279230e+00 8.865930798846516359e-01 8.451447435373344863e-01 6.830226489434531034e-01 5.293389161368242668e-01 3.109520030217909903e-01 3.726871004074798766e-01 3.710735548041635412e-01 3.757262537106547118e-01 1.513767314657505469e+00 3.853569970089079089e-01 4.937692851636816815e-01 5.293612089257853093e-01 7.108034379207546216e-01 6.014138290516738428e-01 6.290382777307405027e-01 8.894400386540126657e-01 5.414108167514719572e-01 2.144522651741111563e+00 9.745244255012672774e-01 4.495101835206751772e-01 4.361175159310651250e-01 3.335155362892625042e-01 4.853309152993316999e-01 5.597331307649259236e-01 3.864669517404351051e-01 4.290172303386095010e-01 1.285428125148944556e+00 6.532657657667114703e-01 5.007030210067260345e-01 3.634597596642507034e-01 4.177242526936136846e-01 4.253727470441701075e-01 1.183007847891368591e+00 6.893657712667861093e-01 5.841968496700059577e-01 1.770966651829756211e+00 1.115541662164494463e+00 3.974744524531714784e-01 4.283882182976226360e-01 3.901537267171207302e-01 3.804568481449500661e-01 4.592766220560820511e-01 4.433060357360604220e-01 4.699807792970003284e-01 6.138754011556811774e-01 5.834917190626538464e-01 4.911542440933916454e-01 1.582624699649102684e+00 3.096882603548229418e-01 1.629750750877658305e+00 3.367906700715255219e-01 3.377750097835162113e-01 3.842532131798321871e-01 4.026725169794612147e-01 4.792324482577477451e-01 3.830104709662331408e-01 7.334819325162266201e-01 1.371715466427761321e+00 3.464634788932963172e-01 3.813198052364678015e-01 3.246710499651454529e-01 3.783258836790108770e-01 3.332229838196371641e-01 4.469253507948467985e-01 4.726101006755812906e-01 3.601264061635707781e-01 3.524021809473267264e-01 4.508155717020935205e-01 4.173190731771507789e-01 3.885028003068075608e-01 3.611626331495778608e-01 3.391770646672115919e-01 4.081905637983151980e-01 3.486845191499937102e-01 3.562129555240589607e-01 3.446447103979799476e-01 4.542026540550083147e-01 3.553310334077294796e-01 3.582173357187676821e-01 3.568526939504589324e-01 3.960846101408199149e-01 3.403966417653251364e-01 2.900676336973165848e-01 3.322874620846320015e-01 1.248796065085668205e+00 3.328211966841030933e-01 3.522256479054677314e-01 3.428775707095615966e-01
2.625168622029568244e+00 1.581776927500790464e+00 1.005290477387559722e+00 1.724595583054012060e+00 1.527082829812276721e+00 1.417340857566956380e+00 1.673667092813292401e+00 1.260023295157424172e+00 4.718106295700175701e-01 1.665431167319419758e+00 6.928175027076877157e-01 6.760011796679109564e-01 3.671027890811491834e-01 5.582171564988009926e-01 4.841585407587137846e-01 6.209655419137400933e-01 5.976431168782917469e-01 1.648470813477921348e+00 9.889247917686924128e-01 9.238607348233361938e-01 4.463522968849908956e-01 4.757149692436062338e-01 5.366414199410286523e-01 5.136108042822403741e-01 6.540146257796558560e-01 4.662982690277681086e-01 5.014646266794459128e-01 5.840707823330122395e-01 5.974239044535090137e-01 2.533809929729251120e+00 6.995556597130868637e-01 4.292319195888205097e-01 4.066148190110631111e-01 3.905182622792171543e-01 4.163033943270555426e-01 8.801364824192488001e-01 4.755004092269544680e-01 7.112853740942812752e-01 6.190532406299570356e-01 4.400347789605731919e-01 1.054704608781644293e+00 4.494606547591141199e-01 4.439101380085126447e-01 3.425983616049230185e-01 3.934458547124177752e-01 4.194867076655112714e-01 3.264015842479221496e-01 1.549929449191162600e+00 3.092903825344545110e-01 3.060755038991656574e-01 3.000847207207801293e-01 2.944219646240186505e-01 3.056563348499199972e-01 2.979337250531658432e-01 4.351738847902205110e-01 3.168347146363005851e-01 3.029786155034209227e-01 3.738996019682275240e-01 5.870208290971228315e-01 6.722754084647385442e-01 5.760903838940558686e-01 2.920573781914465594e-01 3.238796236486415903e-01 3.753738661031225665e-01 3.151732233825232932e-01 3.084923006896521103e-01 1.166472381684110049e+00 3.331636333075773115e-01 7.149459550439377642e-01 3.030504047455531702e-01 1.493349640023670322e+00 2.992388547674657562e-01 3.138216988204727276e-01 3.656929155671225229e-01 2.818250526751454599e-01 3.257648181933836540e-01 2.879489787278906032e-01 3.051664427354054965e-01 3.526169348143172733e-01 1.236469218967120476e+00 3.773760493273249916e-01 3.069373948138200414e-01 2.750820332570815818e-01 2.840377250588850266e-01 2.882191414833856213e-01 3.209080918053149878e-01 2.765982013735452938e-01 2.761998389273298549e-01 3.397233349219245246e-01 2.838834201892074249e-01 3.021211508381689281e-01 2.924733810184919625e-01 2.861565738786497892e-01 5.206267972857117066e-01 3.256242443893703764e-01 3.024888526224655538e-01 3.346790583310756406e-01 2.976632392137728567e-01 2.929329355549857294e-01 9.044814356834296465e-01
1.535757890940290693e+00 1.119456114364089983e+00 8.550393736863641792e-01 2.691131756846236733e+00 1.731677259013943537e+00 1.397384934440121018e+00 7.486026224113065952e-01 1.638186859154722175e+00 6.128706102329480876e-01 7.703696811763681707e-01 5.963240622479887287e-01 5.812172407292297560e-01 6.111861154056342782e-01 1.058614634731837700e+00 2.083844006393443582e+00 1.541614949693300041e+00 1.512264780681536802e+00 1.730731592444541889e+00 1.309236048357894866e+00 6.859415019572132621e-01 1.314803817788648743e+00 6.344780413211127401e-01 6.144404425848670748e-01 4.892487921882459623e-01 6.109252251580113979e-01 6.008394828062260107e-01 1.213474174845500464e+00 5.155646218469144282e-01 2.235469605921836411e+00 1.543203747070030829e+00 5.488636838017985076e-01 5.147576875033073041e-01 5.400156112464138403e-01 6.050583769628928854e-01 5.442915297110750839e-01 5.658104358111918364e-01 1.198436977906757184e+00 4.454751241019618280e-01 4.789982447400984999e-01 6.648049494961666417e-01 4.696483905827534278e-01 4.648067522127206641e-01 4.999685543814368915e-01 7.004507636524541780e-01 4.978960034842533910e-01 4.592549108181374629e-01 4.509765644084594016e-01 5.675912742568847147e-01 6.783266406404370175e-01 5.986617034834689210e-01 9.731104165133465100e-01 4.979316396382011400e-01 5.185668466605495297e-01 3.581876766169326265e-01 3.604624457258649439e-01 3.543806498134170480e-01 3.416781217382925395e-01 3.399102712652986025e-01 3.427525372410414328e-01 3.873714251128439479e-01 3.620814837554470200e-01 3.506586910002408297e-01 4.156531233655813007e-01 3.305242317113792350e-01 3.147291122563531940e-01 2.859225319029495282e-01 2.819632679667034014e-01 3.095327923831125982e-01 2.887911292163781174e-01 3.084202206720116912e-01 3.021005703938672848e-01 3.410426157109561762e-01 3.067936547876065623e-01 3.050339460288418736e-01 3.587735569575384864e-01 3.260924898827199381e-01 3.381098862437775798e-01 3.889078828981010760e-01 3.106799986880774966e-01 4.145158034278947357e-01 3.038551421186540535e-01 3.015006682120888737e-01 2.897582485566062016e-01 3.242595056958922362e-01 1.568788502484339098e+00 3.006398757826876378e-01 8.712560045488962901e-01 2.965830405092500510e-01 3.428898478976850073e-01 7.085682788977152313e-01 7.081063012319865901e-01 3.141922114346818451e-01 3.532149954178772089e-01 2.944558238165274622e-01 2.943088852597239291e-01 3.497013287937318915e-01 3.171880714955266911e-01 3.119872930644939091e-01 3.501068313940927657e-01 1.172723118166814293e+00
1.800120838149001923e+00 9.395462157575810158e-01 1.822490908778359842e+00 2.465445893849877113e+00 1.485198944062086079e+00 2.067489111776768862e+00 3.744294272525330314e-01 1.267526240211938271e+00 1.385595732236210242e+00 2.145479755480502071e+00 7.802770771779170556e-01 5.916599584798987177e-01 2.805899675499286539e-01 6.146972296669854785e-01 4.174408111899114981e-01 8.055841944830406387e-01 4.242471873603702037e-01 1.110769196057020292e+00 4.287125622228097344e-01 1.183423883026803791e+00 6.492555353455582434e-01 4.020476727207583645e-01 2.854265981195426849e-01 3.119614140442653061e-01 3.802671978968329425e-01 3.280381657331647993e-01 4.849969111655949017e-01 8.392917556414394298e-01 3.691922372661973206e-01 1.344684458252513259e+00 8.342991926670118019e-01 3.348407618220171078e-01 3.532691119707896954e-01 4.688704368647955145e-01 1.072360142246437054e+00 3.270281085428944912e-01 5.384967292252070825e-01 4.884579474227584428e-01 5.670343745419281767e-01 9.965692475705240083e-01 1.272487322699056067e+00 3.317969238023214529e-01 3.920256748220454224e-01 3.412335259862754877e-01 4.228673929572459578e-01 3.053820043121410199e-01 2.936183257361709709e-01 2.998134594800319630e-01 3.737461694250744926e-01 7.810233040570928598e-01 3.996929080386849575e-01 3.240673677017606447e-01 3.337949715526296601e-01 3.700645637907566399e-01 3.373856613780545910e-01 2.556616163620889282e+00 2.973194779463169124e-01 3.980725130567313585e-01 5.156968277779698795e-01 4.916555410695050976e-01 6.761397665059515338e-01 3.092400783715382739e-01 3.220739723595834048e-01 3.106888834952720724e-01 3.908324613700074890e-01 3.881777455970449320e-01 3.757253167673506034e-01 1.260277691418697499e+00 4.123058126405084178e-01 5.032296017057478199e-01 1.532964055240855661e+00 2.862496866580490629e-01 3.237737813636616946e-01 2.907087613844778762e-01 3.016527114944805854e-01 2.841015018203472686e-01 2.840182107914467347e-01 3.068358172362936065e-01 6.896235276005985293e-01 3.786554938717350827e-01 7.451440900543523371e-01 3.150915477731127123e-01 2.706692887616238830e-01 3.051319373751006925e-01 3.584637194993709475e-01 3.280414288805344469e-01 2.917309342209226108e-01 3.191153315637864085e-01 7.577823567421676509e-01 3.578270180616120455e-01 3.310734097211739946e-01 2.869066454562116397e-01 2.864031515095918912e-01 3.093368419989847573e-01 3.215397854426551016e-01 2.631668283329565705e-01 3.177342448250702334e-01 2.747515184294430091e-01 2.805257384710092561e-01 3.459765591506432370e-01
2.105352993817892315e+00 6.201726617196952063e-01 2.353480393601844689e+00 1.849685268172429176e+00 1.404118455191584180e+00 1.758353327218865392e+00 9.903050707976636113e-01 1.103874004123005514e+00 1.484568025826101145e+00 1.603564025544624405e+00 2.198686504136252218e+00 1.017986285317606265e+00 1.271415653409440072e+00 8.270787562114443325e-01 7.843226327847662160e-01 6.942774865342917767e-01 4.584149249917664481e-01 7.343660596801597773e-01 4.004600061376705766e-01 9.414009111823533615e-01 3.354819541259579929e-01 3.396139064056770129e-01 6.176261790525576778e-01 3.128007213944505871e-01 4.026286744945046236e-01 4.972201442780587177e-01 2.812042792735572339e-01 3.571690900117555634e-01 1.059825617798264785e+00 1.244563116779439094e+00 3.889185123583447923e-01 3.450586131796884448e-01 5.670487517753884932e-01 3.369277545694405185e-01 5.412771569428755924e-01 5.115143128682161366e-01 5.725085788758256244e-01 4.118940099041368263e-01 6.744563378555010758e-01 1.123817359286209072e+00 1.309122387442583690e+00 3.271103333949316738e-01 2.929434034732804060e-01 3.045457985673764023e-01 2.912167138888897555e-01 4.789218030898352851e-01 5.300297341274956553e-01 2.976629161298748882e-01 3.009566595446618309e-01 3.686454823856374352e-01 1.484745528119653990e+00 2.918377457575964118e-01 3.092498031968676231e-01 2.822269044274591243e-01 7.385518296601857324e-01 8.780031432866595154e-01 3.337597230993595288e-01 3.787333247827596727e-01 3.573034929133172555e-01 6.735033695900047856e-01 9.479369792095628799e-01 3.002375394045269652e-01 2.857724917407253318e-01 2.852200182751710722e-01 3.021774966699775078e-01 1.235210128708283506e+00 3.135306971535576914e-01 3.102218011039552525e-01 3.335761145201346922e-01 3.462165135616766531e-01 5.709668548230313334e-01 3.248417674968406832e-01 2.839670343020059273e-01 2.786452609511778089e-01 2.790150627808113404e-01 3.045637297237145935e-01 2.825662717539024760e-01 3.493359855218905463e-01 3.325693850940136254e-01 3.429075852036844174e-01 3.201440630033602353e-01 2.877048565345731723e-01 2.793889354675594960e-01 3.034079293870632910e-01 3.384199821690635490e-01 3.119447429151293028e-01 3.425591715280974503e-01 5.446211722121889753e-01 7.936745344863147533e-01 3.673132459322965837e-01 3.230966621302648889e-01 2.885988942970770799e-01 3.140475667735539989e-01 2.804132406577309333e-01 3.256205935413231667e-01 3.080013423982742582e-01 2.923493168016657595e-01 2.960905637235516363e-01 1.198078322471604285e+00 3.505887110279373164e-01
5.945967588041918273e-01 8.948377851834520280e-01 2.403432395069294625e+00 2.289920356818387681e+00 1.980610171572351863e+00 1.428816474539482906e+00 6.965405761603119528e-01 2.036737210965207989e+00 1.517365370795804580e+00 3.204497596585659913e+00 8.707535444707501515e-01 5.449580517926179146e-01 5.139930448419463005e-01 5.260781272796317687e-01 5.654563358590003475e-01 8.162177982777364393e-01 5.090762894656319926e-01 1.517214749082564040e+00 6.770995033791107343e-01 4.998095971036283225e-01 5.919300566186140866e-01 4.491546619993325717e-01 4.638191170449705303e-01 9.229095112108889332e-01 6.585642770768846965e-01 4.488981980011121364e-01 5.318326068950312013e-01 4.954805959545282579e-01 4.000739531879684008e-01 4.578484296850396373e-01 7.179749231272286591e-01 5.011998271166575591e-01 5.506267203247124931e-01 4.793693712137137575e-01 5.108973195482342522e-01 5.300816860182916423e-01 6.560343039969340762e-01 5.385946882630761046e-01 1.737209618449478299e+00 4.258778564102797537e-01 5.120447520119277840e-01 4.630181920618658964e-01 3.778889773237658622e-01 4.609438965116332554e-01 1.202901286592333419e+00 5.883376867569196644e-01 8.066373954893381049e-01 1.076930583992501189e+00 3.219017363335676118e-01 2.926368614708723115e-01 3.832999864472174667e-01 2.835045073936507398e-01 2.771298036192896830e-01 2.661411386978058680e-01 3.056852508587896700e-01 2.829938409844957592e-01 2.705156300597422181e-01 2.584770070865869407e-01 2.327106925775775714e+00 2.603894699123189271e-01 7.051939664358684023e-01 2.786844187196135803e-01 2.681693947925756216e-01 2.582799905255956929e-01 2.502852148531791165e-01 2.486456286876851385e-01 2.519966548775848247e-01 2.683532941473086852e-01 2.894449864091200308e-01 2.900245343053253766e-01 1.397309655891890490e+00 2.923462798130246898e-01 2.911016960212071680e-01 3.204618160170283891e-01 5.734018412369743523e-01 2.551897576581494409e-01 6.801875877386353020e-01 2.702263407374865256e-01 3.499994383064025660e-01 3.428749537299879413e-01 1.216268430554002578e+00 2.805675455274085350e-01 2.606956242140494595e-01 2.852793364788411279e-01 2.992157542687598482e-01 2.978539556387533871e-01 2.870959726204307949e-01 3.135960893345098865e-01 3.169385214927231686e-01 9.543993679538370634e-01 5.855443033749418991e-01 2.514174300652775029e-01 2.706897722807560802e-01 2.551479506017502175e-01 4.374363767110294177e-01 2.714976758760572206e-01 2.684230156524938238e-01 3.193610691765937371e-01 2.718468649529992565e-01 3.208756864903470896e-01
7.181279518155092578e-01 1.508965447915314728e+00 2.557722790588266903e+00 2.221263865394557335e+00 9.699469405262270971e-01 1.010540461496255649e+00 3.519325796342160029e+00 1.694175941723139012e+00 3.402656840707262820e+00 1.364154463196779243e+00 4.687197828431651225e-01 4.911985065874155953e-01 5.268560809975897374e-01 6.357950605228585017e-01 4.809479914476579299e-01 6.328324457951163273e-01 5.786192907971431376e-01 7.722853263784953404e-01 9.937993846963195654e-01 1.833096719280731701e+00 1.124121768934890353e+00 5.254632340049869565e-01 4.064614833930794702e-01 4.822770293704087274e-01 3.872830616667450321e-01 4.799650086880388189e-01 6.346002639597204675e-01 6.579880246364387952e-01 4.696888406867811283e-01 1.080058229975334072e+00 5.583549194729018339e-01 4.585935580789622934e-01 3.686430269480127642e-01 3.848896561504727143e-01 3.211900148146966116e-01 6.467416356895323570e-01 5.196643303536145897e-01 5.064720717059245647e-01 7.292323373121537555e-01 4.350335371449358668e-01 1.248672679345027792e+00 4.376675109316477963e-01 4.005012639514432538e-01 9.369226614265790953e-01 4.570370690920301238e-01 4.324550045551181499e-01 5.510587481130979626e-01 3.781279301747155208e-01 1.599175447724735966e+00 1.509645862604470867e+00 2.841163636796545933e-01 2.966231998377695800e-01 2.979431591029870208e-01 3.042438443563197370e-01 3.099021095868991771e-01 3.054534704703752990e-01 2.938933347501357374e-01 2.900790708673052221e-01 3.047885314999325135e-01 7.799587789601710730e-01 4.063077277660284148e-01 3.062615032992355713e-01 3.161478382691846334e-01 3.244540022024791637e-01 1.792187513033981716e+00 3.146990008370610381e-01 3.409880791489763308e-01 4.422678056298858240e-01 3.177850659222232754e-01 3.614458808029412662e-01 4.372678561498404282e-01 2.992930359371578364e-01 3.361127754367735365e-01 3.225884834671243762e-01 3.360706776048660860e-01 3.502293448082086647e-01 4.086868852823996590e-01 3.221531279145897209e-01 4.290119640710723381e-01 7.800605988506209565e-01 2.061163645988461024e+00 3.034617228560778091e-01 3.158801632597041387e-01 2.866371934852922077e-01 3.439229086614918329e-01 4.913085166546794502e-01 4.362439709687364053e-01 6.854354394936045258e-01 3.507877307090960239e-01 1.437133429474970248e+00 1.532801285573050842e+00 2.947647566397806895e-01 3.065084686308552908e-01 5.438206995465415527e-01 3.255215360182009965e-01 3.288945965299432395e-01 3.080238613459637675e-01 3.352921100275020327e-01 3.661933402167114049e-01 3.345474662594263848e-01
6.639517495383681078e-01 1.332565775089437521e+00 1.900105676675177602e+00 8.627269369572845292e-01 1.514009627580994222e+00 1.208637124266819018e+00 2.649210716447778058e+00 1.838815821209301760e+00 1.662700462213651198e+00 1.314259356803764378e+00 5.540601329085983462e-01 5.228235416332805974e-01 5.795692543823882659e-01 3.535092602321618926e-01 8.285507345277610680e-01 5.354079179269120026e-01 1.324617846582228697e+00 1.147291601445320275e+00 5.177694109835431213e-01 5.859036372862808095e-01 6.874401589264060863e-01 3.644899772897552404e-01 4.240904270530679310e-01 1.587121122874138646e+00 6.089873679378978721e-01 8.814158461926844268e-01 6.035960346238334884e-01 4.293555314881895568e-01 8.981803142668346451e-01 7.269268671558154482e-01 1.044145613136090667e+00 4.442910216158470482e-01 3.970445570185127115e-01 3.651311695936961255e-01 3.965879425454906237e-01 4.333997664896057089e-01 3.704653816745967498e-01 5.405011094199158039e-01 3.074768479982855074e-01 9.448108840294403565e-01 3.812973832139476826e-01 3.359764663402137197e-01 3.127608205330494329e-01 3.167522636255348245e-01 4.126756467785318017e-01 5.195507340550831188e-01 1.354702062210213720e+00 7.855039244409685040e-01 1.075436514814659628e+00 3.397173901782016281e-01 5.220981213571350699e-01 2.956368246972215785e-01 3.627016109892393092e-01 3.377945240509545033e-01 3.711251836110615598e-01 3.759314442942649492e-01 3.450917615876217259e-01 4.752486622536445937e-01 1.097871848391410943e+00 3.444455291748722559e-01 1.117411639457641437e+00 3.388340788011108273e-01 3.497037519229667657e-01 3.323627083244726776e-01 3.227352281735891837e-01 3.303894411091399252e-01 3.451666201267848400e-01 3.567247204184670895e-01 3.605370781062994245e-01 3.804126179593159129e-01 5.846850940566408195e-01 5.035383729870519520e-01 5.700973391283844505e-01 2.874781162549673863e-01 3.232593994896799106e-01 3.316381280664618680e-01 3.060410954640302994e-01 3.234709871344702559e-01 3.978891952530146936e-01 3.653354232340021990e-01 1.052578135181887253e+00 3.204718316178659099e-01 3.820984374306115039e-01 3.119676818718862266e-01 3.752234059318310111e-01 3.290603708779993308e-01 3.636913462023262933e-01 2.911400137715081660e-01 1.485553754798853099e+00 2.916044145664716813e-01 3.177192860405935182e-01 2.879562804239850782e-01 3.002518520212077435e-01 3.789307936612080763e-01 3.144644419271239721e-01 3.195344036878626781e-01 8.938597779158617973e-01 2.858404685928613298e-01 2.817936489202613193e-01 2.822660621958948957e-01
1.365530219051178662e+00 1.753398383325809107e+00 1.653802020878570644e+00 2.201058973815935182e+00 1.773070574173434055e+00 1.105597656718755095e+00 1.766667891333507434e+00 1.913403551449119000e+00 9.019974455192597551e-01 1.459176991517024735e+00 2.456652067080963953e+00 8.111412657982224328e-01 7.656823072905257765e-01 7.652073335750007033e-01 6.060400673869200672e-01 6.284926213354338209e-01 6.570398864752172718e-01 5.597723208417515472e-01 5.553929509129555964e-01 9.549362364671186709e-01 1.377421903467530351e+00 5.885208107102974928e-01 5.846946896484109812e-01 4.434529742928639551e-01 4.460530888870670729e-01 4.775410717434068752e-01 4.897553231235067250e-01 5.217711927607641131e-01 1.090635706019852602e+00 4.643238710187924112e-01 6.821118431266437465e-01 3.330686466415697655e-01 3.357972840103912726e-01 3.786313595045556202e-01 4.232789049181093777e-01 4.196358755012108976e-01 4.163206793155977414e-01 5.931233346874316137e-01 4.122173522692401670e-01 1.033275843089065393e+00 7.834502618361709469e-01 5.070795986676954747e-01 4.392359217144156669e-01 4.926270543507457744e-01 1.838989704963197358e+00 5.926490798335795063e-01 2.299428457468966069e+00 3.918746654081272651e-01 5.982212755137358284e-01 8.098437749988355305e-01 1.636872941558397132e+00 4.070556992982533595e-01 3.475082999109898041e-01 3.589050197956285548e-01 5.114886923151059639e-01 4.557477704887314407e-01 1.515071022802654266e+00 4.134117611317006391e-01 7.626608024452783408e-01 8.071626067317254627e-01 4.209003289527545322e-01 3.369208728824134580e-01 3.351557686225523636e-01 3.635915132778489989e-01 4.213106455031954134e-01 4.412971646751697175e-01 3.684842958289327175e-01 5.658057510946710167e-01 3.714716264748708086e-01 2.887816951665569398e-01 8.733255669200234994e-01 3.631695010903010501e-01 3.700403971151873805e-01 3.807806751359003594e-01 5.284961840973203540e-01 6.715183421207853165e-01 3.515284328536162906e-01 5.994595268611528915e-01 3.228455613247510070e-01 2.939388249629720229e-01 3.895911730339494117e-01 3.015832161480240248e-01 3.270535029372761415e-01 3.307550751564894420e-01 2.931215519346292986e-01 3.269991925340248740e-01 3.476569185040628840e-01 6.188526055293084305e-01 4.364087437567087391e-01 3.200574442103104600e-01 4.066305855052847473e-01 3.226316474758951780e-01 3.047290194459236767e-01 3.134982918385898487e-01 3.064072141372268243e-01 2.979469068762036210e-01 3.034062493507937996e-01 3.607154850347667474e-01 3.431259899187222295e-01 3.065113440775473208e-01
1.718441674815534004e+00 1.642683346996537619e+00 5.791499237911935660e-01 1.157864974324334328e+00 1.656778205130028159e+00 2.519734198162521643e+00 2.272887761417299757e+00 1.475652331810868301e+00 9.556001415690879019e-01 1.628186378643615040e+00 8.093341081304900042e-01 8.147168514514165905e-01 1.026230934076724388e+00 9.345413715564812041e-01 8.662632033000938758e-01 8.003639664013491029e-01 1.114518035450508648e+00 1.113577796690593091e+00 9.098398225169970210e-01 1.326421817835017336e+00 5.025337112978780496e-01 5.369971030043202420e-01 5.201123184865604765e-01 5.004428738520685371e-01 4.493251856806890210e-01 6.008395474230057154e-01 6.049003889367782216e-01 1.509658075175814851e+00 5.439184324256820524e-01 7.029857849183107632e-01 6.057381777926429400e-01 5.974991506933496899e-01 4.662677375994085383e-01 8.033549277025907598e-01 1.120074820028731155e+00 6.382798018570912113e-01 7.170128438958091044e-01 3.715270030549854274e-01 3.589315449836531502e-01 4.393032523987557281e-01 4.945401633442736977e-01 3.570814696586220305e-01 3.612721262826049662e-01 5.031634341234405561e-01 3.608937304212850306e-01 3.744788267805349014e-01 3.749236486912805866e-01 3.772587052555768650e-01 1.295574025722534550e+00 4.718830649799458099e-01 2.821580229404087037e-01 2.762364766413613615e-01 3.056067091631895494e-01 3.083067212986496108e-01 2.917227278899137688e-01 2.971311523421815148e-01 7.776694670372806817e-01 3.218547922431904129e-01 3.011808151530838140e-01 6.515983943859908756e-01 3.570510028470420538e-01 2.907755751345811324e-01 3.020618326344988724e-01 2.717200222146504140e-01 2.718836965173695441e-01 1.457213481435411184e+00 1.014576393241493735e+00 2.882929984624649777e-01 2.906554525413103662e-01 3.199211028053608463e-01 3.535045108988614793e-01 2.919081780473571364e-01 2.909037748253015532e-01 3.274854338004921650e-01 6.392369379048715716e-01 4.754922998211150165e-01 2.942808415773788266e-01 1.191811884111457776e+00 3.959474610261252692e-01 2.968079392106373615e-01 3.061062937946436580e-01 2.888798480547647984e-01 2.813744152542360655e-01 3.339937973834495866e-01 1.158676496459293048e+00 6.875121420188772259e-01 6.820826524964608284e-01 3.159205164385624487e-01 5.914272734565699796e-01 3.231226057672730856e-01 2.826884620841204065e-01 2.671578837247644556e-01 3.098640503037165539e-01 3.049586028638317514e-01 4.611702490905614793e-01 3.270171883071426033e-01 2.858535211823399202e-01 2.839433845606734730e-01 2.869215073155189089e-01 3.040871809741867993e-01
1.582826691702122979e+00 2.277076867238572611e+00 1.930059818725833765e+00 2.173439177544999712e+00 1.290057238930882644e+00 1.774972698314430497e+00 2.153037980189961509e+00 4.274252667396785665e-01 2.022243279600926869e+00 1.924269121405470351e+00 5.592588112942942224e-01 4.962338337542903099e-01 3.828290916659043974e-01 5.748670267143359824e-01 1.140295575026744501e+00 8.040550060854881886e-01 9.864313917859937053e-01 2.922727459178433018e-01 1.594146453002261765e+00 1.175209184145028729e+00 6.056282646505485312e-01 3.995613159670357017e-01 3.344995529173552251e-01 5.664844211307782373e-01 5.982132630330657674e-01 4.333942094465603190e-01 3.875691201500209293e-01 9.144506416732118836e-01 8.072272235113224781e-01 1.015275449871563707e+00 4.988710383799820902e-01 4.029160899301520438e-01 4.083069063099795670e-01 4.551675118079505089e-01 7.189950686122135171e-01 3.829172935700542735e-01 6.089353191219324390e-01 1.077566606954074357e+00 1.122672769960817885e+00 4.634459228344081638e-01 5.272054316164808130e-01 3.049945621016774688e-01 2.974228971020618784e-01 3.416632921873750117e-01 3.072848715461028446e-01 3.158431378449950699e-01 3.072879408431337112e-01 8.426018471014644629e-01 2.853246974581182260e-01 3.517064843897957371e-01 1.260760928004913461e+00 3.180865031990431913e-01 2.901767714380558694e-01 3.966768552342160858e-01 4.284742878480458650e-01 4.334629293916617554e-01 3.603856163749241115e-01 4.791653760405261142e-01 6.192769116125320661e-01 5.798919505796955587e-01 7.713998543778367578e-01 2.840504545644656487e-01 3.232445699387623828e-01 3.319967835016149338e-01 2.837594852059404094e-01 3.220709353709423350e-01 3.494801455571713844e-01 5.976233441437350802e-01 3.073109121082804318e-01 1.598701871347069758e+00 4.860396321379514273e-01 3.088963171040822742e-01 2.964264094355069656e-01 2.930334146472590162e-01 3.020198317277608679e-01 3.325054467906023992e-01 6.453150910463697487e-01 6.277913354264677004e-01 3.246558004051605661e-01 4.759007747933373667e-01 6.754047021754511215e-01 2.965395857249710776e-01 2.816333346900812273e-01 2.905242804787284694e-01 2.685080513344434427e-01 2.602087367797861761e-01 2.657511764329379966e-01 2.587375419419220002e-01 3.079963669062452669e-01 2.759319377591207267e-01 2.721336988376302779e-01 2.776899664816159241e-01 2.848113171442201441e-01 2.837808087432074355e-01 2.822537203909918913e-01 3.607153881095973569e-01 2.892064212588479344e-01 3.205768338847110321e-01 1.245893673196510454e+00 3.701903403522421865e-01
1.862650948082462232e+00 1.350039961562291335e+00 1.162253778302951401e+00 2.163927587588323487e+00 1.496008168186629073e+00 1.117839628697302023e+00 1.346229639303015979e+00 9.311263586005855686e-01 2.427448901242784007e+00 1.244799355725645595e+00 9.106532912324408757e-01 8.775282503421089064e-01 9.529983469386151818e-01 9.776426374342790382e-01 1.392888575831864983e+00 1.065564427844611917e+00 8.901032975881859599e-01 8.083030201977352558e-01 2.537725835806387664e+00 1.685878953372547340e+00 1.031447543618758456e+00 8.319130524998953335e-01 7.997033163696520841e-01 7.968758234051446232e-01 6.987257541043330189e-01 5.474900926095156439e-01 8.030031579930134722e-01 8.253070166160283438e-01 6.028212794364655736e-01 1.269728121593485248e+00 8.187095586096528876e-01 4.299881297604440378e-01 5.299978134383747097e-01 5.175795022683076230e-01 4.963326651186839023e-01 5.082163047459757887e-01 4.248044101592248212e-01 4.077094918742156238e-01 4.513246550001483448e-01 5.560138858564928066e-01 5.116681977288264349e-01 4.111711096823955636e-01 4.556633809745777586e-01 4.858302091552776369e-01 4.348989403930353381e-01 4.082888782284719853e-01 8.935496981447708098e-01 1.461733942102457107e+00 4.345761795789483961e-01 7.261783948435487357e-01 6.806514231367774004e-01 4.083703599875437851e-01 4.525570908374016987e-01 5.332526898602341081e-01 4.182612181320646272e-01 4.968627165617179875e-01 1.656068583656494120e+00 4.658065030266452244e-01 5.717630950896152031e-01 9.205972966781802436e-01 4.706228762358555806e-01 4.396774481694018522e-01 3.198068926474231799e-01 3.642784542617445442e-01 4.203966734641858549e-01 3.721755616718003812e-01 4.925544250904787535e-01 3.379195898278644639e-01 4.114400770274680430e-01 9.444632134468187168e-01 3.419902207837459684e-01 4.579838987634647363e-01 3.711571043001824499e-01 3.710191474757428831e-01 4.520778281831308032e-01 4.519025551684739961e-01 5.893730737247919738e-01 1.028364224746729061e+00 3.905851406461000042e-01 3.801734066412478796e-01 4.301403668931745305e-01 3.971998634482740709e-01 3.658522928539985064e-01 3.515356376245413195e-01 3.513487658979468353e-01 3.591837119660303834e-01 4.316162464475594707e-01 3.536897672059660658e-01 3.217571562892193593e-01 3.233762589355810846e-01 3.355741299620530471e-01 3.386916634188790742e-01 3.072654542038339431e-01 3.105662408475969860e-01 3.089805773846767689e-01 3.063108059020681062e-01 3.088169676987371770e-01 3.101281067735396357e-01 3.014266173826707362e-01 2.991017056527711659e-01
1.092910313586835880e+00 6.999513890255337767e-01 2.429563162271197285e+00 1.628024836694622612e+00 1.325147058007127843e+00 2.241144251506043794e+00 2.258979128842607764e+00 3.888244626356413547e-01 1.938232419775701487e+00 1.824436003077788637e+00 2.868217390078212081e-01 2.971264353172708983e-01 4.536957031106801375e-01 4.420999312364928824e-01 5.486236647739854977e-01 7.781351399750925379e-01 1.094128372190628973e+00 8.805247404165548186e-01 3.526179040660112340e-01 3.003265178426424153e+00 1.579737169619252146e+00 3.504948874639624568e-01 4.161315783101071641e-01 3.340413230248431842e-01 5.313193881230821036e-01 5.314716898725921901e-01 5.639440447493124786e-01 3.550658461442634528e-01 5.642232538539511122e-01 4.688888849553704552e-01 7.030052103376770445e-01 3.268795222582112636e-01 3.750717826585066583e-01 3.969389085838716524e-01 5.435704710675521856e-01 3.533914961513463515e-01 6.005162373662921160e-01 6.423275019333132274e-01 1.239020709434677014e+00 1.069156216155289885e+00 6.062623491087337779e-01 3.633150180779534666e-01 2.961805425891404497e-01 3.664943251760741649e-01 2.873726616706651082e-01 3.076019137751954680e-01 2.826542798077135710e-01 3.809021546815427040e-01 1.148538608366372893e+00 3.433481424069766419e-01 5.201755460053960611e-01 3.089647139652856866e-01 3.231724899211219637e-01 3.171781205114687641e-01 4.672423201776800816e-01 1.192990074162239456e+00 3.474298228321692772e-01 9.424826283811966743e-01 7.462886793797436358e-01 7.797095560798141811e-01 3.641736135368484062e-01 3.095305307958267083e-01 3.298680483145718378e-01 4.355683056128805131e-01 2.795201721469209866e-01 2.805125566479714783e-01 2.812304490692940084e-01 2.763534330124318705e-01 5.763859410439324815e-01 3.162362663320630873e-01 3.284288064742183488e-01 2.841281239335412545e-01 3.286624930576309001e-01 2.897489437403442669e-01 2.824389120813168286e-01 3.689702140115020956e-01 3.748872371359776579e-01 2.896666865799172874e-01 3.041030120851880847e-01 4.564845956264758642e-01 3.952333163780193948e-01 2.942185510018473504e-01 2.804293302358505380e-01 3.718674042499023336e-01 9.188689432117149725e-01 1.393374752481552736e+00 3.259599285593767215e-01 4.414528264972188421e-01 3.490908940768791546e-01 4.765046509070610115e-01 2.964446636757431253e-01 2.561352949939922352e-01 2.821456165187261056e-01 2.910580150781995612e-01 2.942286312194644649e-01 5.494940851035468032e-01 2.564283320894644724e-01 3.048157674725326394e-01 3.843681018139556427e-01 2.979909755198887900e-01
2.023212402061322468e+00 3.192090399501683162e+00 1.188250627229139322e+00 3.168572217932446033e+00 2.336492900712915155e+00 1.328710156467664882e+00 2.589689099155573437e+00 1.966712394616632054e+00 1.578847525797760998e+00 9.648137189382628431e-01 2.738820350431859785e-01 2.530734935095686478e-01 2.605037769954260396e-01 2.670365334126812984e-01 3.947764111294891354e-01 3.783216835883370655e-01 6.244330398488633360e-01 8.977192573902152972e-01 6.467982884510440345e-01 3.920868022955441567e-01 6.347373807660252609e-01 2.677995929629420901e-01 3.386403576958790240e-01 2.888523859234360391e-01 4.553395539836274653e-01 3.454180763245864871e-01 5.940829907896162387e-01 1.267691691476096505e+00 4.080429790737156726e-01 3.417777285040413116e-01 1.052118289869885315e+00 2.805362710060835818e-01 3.695568374450733384e-01 3.173936820882043430e-01 3.777547359641530988e-01 5.496361450934906800e-01 1.457434664671971580e+00 8.465525977769986499e-01 5.220635190716609308e-01 1.535247806082151945e+00 1.591164582474199563e+00 2.698692037966539115e-01 3.107374430051392245e-01 3.157994569019874631e-01 4.355121213230209731e-01 5.507090097935292139e-01 7.189715400273427592e-01 5.831644673823849212e-01 6.217772578990373722e-01 3.154053591632254849e-01 6.924017745019556136e-01 2.754615276036547211e-01 3.438026245262720271e-01 2.988209457454222839e-01 1.071960810548527654e+00 3.210868218176802236e-01 4.035336971095400127e-01 3.989907174948045254e-01 5.809592582366888136e-01 3.974036324627331918e-01 3.903337490650779507e-01 2.768085289911334512e-01 2.637295758664667256e-01 2.905047015945105837e-01 2.858973313589067144e-01 6.173055505921973829e-01 1.077925359314396925e+00 3.624728675894659524e-01 3.475152785231862551e-01 3.040874394413052295e-01 3.633269721821789089e-01 2.933579201143950987e-01 2.792004483214751143e-01 2.922374005394037799e-01 4.335116504434778917e-01 2.830478606122387997e-01 2.674686258178463616e-01 6.854425958019448872e-01 3.207749812393451694e-01 9.082162209273558773e-01 2.901021390576213888e-01 2.711930723770370477e-01 2.944815412948070810e-01 3.109165284097922810e-01 3.083531484547900048e-01 4.386268762583242498e-01 3.164885948563893603e-01 2.925921466593912057e-01 3.127681222291439078e-01 3.122568096521929348e-01 4.918234800796776329e-01 2.823296451070183011e-01 3.115214060835996279e-01 3.349594628461367574e-01 2.685422336108502783e-01 8.629990301390699781e-01 2.774498505286335237e-01 3.062512292312796758e-01 2.947249527035489258e-01 3.795875909174216134e-01
2.321901785712119803e+00 1.979519698799873328e+00 3.481536869765368802e+00 2.855741193599729666e+00 1.579366204687586039e+00 1.620560177082019493e+00 5.944674606282183138e-01 1.800409481303461678e+00 1.745952914896746533e+00 7.168602432936933555e-01 1.140345265330254598e+00 3.069667954485367223e-01 4.675770674043822628e-01 3.038095872890381743e-01 3.418747505986061697e-01 1.127441262136346767e+00 3.666436545537227754e-01 7.101014412272129706e-01 8.062752366131662463e-01 5.356098776715423337e-01 3.496265994881279648e-01 3.665657913343084440e-01 3.409740249994139827e-01 4.830603785894629909e-01 4.532830926645636249e-01 8.784979785848131550e-01 3.063690902372645519e-01 4.136253195882687028e-01 4.337680498249187333e-01 1.241852119791447606e+00 1.570573024086468816e+00 3.311526945097394981e-01 3.718654334381246152e-01 4.653885616962119554e-01 3.751685462859531417e-01 7.760888598373639757e-01 6.573805945998373312e-01 4.653847493062157059e-01 6.445884592056067008e-01 1.602846973141436759e+00 1.233244744740061627e+00 3.363348309998586139e-01 2.828043199699377674e-01 3.020753698498244710e-01 2.906862747451781082e-01 3.755492360429487642e-01 2.971334785462469985e-01 3.241843240728311537e-01 3.949451578494066473e-01 4.328903277992630638e-01 2.654284156188511101e-01 2.753479313051231392e-01 2.775572436163237233e-01 3.093667272595483353e-01 3.101716584829879997e-01 3.578687281928419339e-01 2.980528783947427041e-01 3.090252921961578747e-01 3.564439928195079488e-01 1.155818011671871259e+00 3.514469510945444908e-01 2.800844058663618519e-01 3.015268056994358514e-01 3.127743254399851791e-01 3.067632202844163825e-01 2.669056844339974255e-01 2.609284384709373850e-01 2.596974888196148523e-01 5.786815490642848170e-01 1.058904408679940401e+00 7.537357632282961628e-01 2.955301423941069650e-01 2.620821710706415786e-01 3.025686220368780655e-01 2.738586437689718434e-01 1.125167946904955363e+00 6.333842407844847422e-01 1.059305614264458129e+00 6.685455179418667848e-01 2.821892328449540632e-01 3.315344827519883242e-01 2.824909285888924093e-01 2.812668283162070848e-01 3.152453357085535091e-01 2.883771295095002296e-01 4.891825276807692524e-01 3.096281990581875587e-01 3.048185459940552788e-01 2.159831012995433674e+00 3.239963538609835214e-01 4.757108660781018128e-01 2.752815052556975006e-01 2.710680389085168285e-01 2.893898682961237867e-01 2.750914673069027039e-01 2.634552130202979514e-01 2.755656252355854763e-01 3.114817313809271071e-01 2.556212685122981609e-01 2.631296090679087207e-01
1.283260878361261570e+00 1.479835622121977057e+00 2.300351831249406676e+00 7.382272030365879534e-01 7.109207658383078776e-01 1.364114723877327018e+00 1.290899744811658145e+00 1.803526982451897798e+00 1.346544452253212620e+00 5.262867102441708411e-01 1.806723251454662726e+00 5.321424443531986848e-01 8.541918923135599639e-01 6.419383312239954620e-01 6.435127998298505458e-01 5.943963175538820032e-01 6.183478838638764019e-01 8.171117189223273680e-01 1.171034778641114382e+00 8.702804042563461184e-01 1.380598528969297689e+00 5.741123996538125551e-01 5.103104053391549488e-01 6.158193646614666950e-01 5.441076949731216139e-01 4.429664422508884369e-01 7.375998871860655060e-01 3.573968318514451070e-01 3.630813961113205646e-01 3.747515095904341842e-01 1.340623035187724410e+00 3.911826843154231348e-01 3.406470964030430260e-01 3.718656272884633962e-01 4.178284795591036271e-01 8.855429360597388833e-01 4.762834676705005044e-01 3.181024312352138672e-01 3.617686416170282082e-01 4.069831346547659323e-01 3.403409097929226967e-01 3.411324653429858023e-01 3.455458236978497522e-01 3.823015602772746324e-01 1.592636811180537348e+00 4.792706690828794081e-01 6.332391438058997402e-01 6.962289294323156241e-01 9.938607060201571919e-01 1.163797214700405203e+00 3.351139292577633433e-01 3.880992362098346082e-01 2.999903802225685201e-01 3.869941600451669017e-01 5.865266399667651287e-01 4.798741574959254352e-01 4.172669274360160108e-01 1.087105594425299859e+00 1.444816752269729498e+00 8.056629179133333318e-01 8.034772836133063922e-01 3.452729793460014851e-01 3.352119852208017559e-01 4.649060682029612646e-01 1.744885898015261505e+00 4.551607916628724326e-01 4.273580652888976927e-01 4.103974529802808524e-01 5.706336260906497149e-01 5.120440412273522535e-01 2.851190868654406296e-01 2.733084318907035293e-01 2.748965184828586761e-01 2.938362781337515717e-01 2.893704832622446821e-01 2.944388942202730841e-01 2.930256606337073855e-01 3.110255692253621751e-01 3.791630909838591967e-01 2.921531402588092852e-01 3.002506889191750017e-01 3.235244252111969532e-01 3.051913201955502863e-01 3.274229816830117046e-01 3.356160662520115134e-01 2.731011412617564416e-01 2.815564407223608012e-01 3.322367702210381468e-01 3.890688109876873635e-01 2.973845147349812867e-01 7.050526172304999450e-01 2.858979775267026513e-01 3.139772637173524616e-01 2.703175150134978777e-01 2.721621302206529425e-01 2.760925104564192489e-01 2.797180933428265459e-01 2.692700123994511419e-01 2.796086971349688310e-01 2.709128294039249152e-01
3.745243375110154371e+00 1.472847511258901898e+00 6.312283988584007632e-01 1.647550670536460204e+00 1.437833229198005602e+00 1.270783572071422451e+00 5.608305498412113899e-01 1.608432189102681820e+00 1.475762503420081195e+00 3.990582743378731645e-01 4.151298889927946822e-01 4.038465715563486214e-01 4.728697308960019829e-01 1.067165211633957833e+00 6.757359762502499478e-01 1.921233295866444646e+00 1.497350711016315561e+00 8.079559372239530912e-01 9.051170709443252527e-01 1.007310268684202370e+00 1.053673486521225389e+00 3.997836946140187475e-01 3.937396672092453032e-01 3.549461758684498425e-01 6.082999100197654663e-01 4.951727616165282342e-01 4.411107129576425923e-01 7.265637450857728163e-01 8.695390317127374979e-01 8.827376631903153248e-01 1.486535542148049949e+00 3.309328359171607725e-01 3.747744485471911080e-01 3.921727426124081428e-01 4.895483232700677534e-01 1.771488238474663079e+00 3.486687849641618708e-01 4.195936161273544629e-01 6.980812986530224862e-01 6.664107249317364756e-01 1.123784178569885883e+00 3.812849444838752322e-01 3.597324376583679872e-01 2.860126723104873259e-01 3.485806476767915885e-01 3.715627361341025670e-01 4.376941976616213759e-01 8.941853334056663050e-01 3.231199564793096335e-01 5.052670980000000256e-01 3.357684326183011936e-01 3.001046873056755770e-01 3.280138052072567589e-01 3.016348772633117847e-01 3.063778458108999403e-01 4.264255482341438031e-01 3.919009321290334302e-01 3.003693899432946512e-01 3.219900997796665276e-01 6.682825114947121836e-01 1.269940678489969610e+00 3.084688771070482338e-01 3.061577610595926369e-01 4.082056841247408974e-01 3.661517593190407593e-01 3.699257992565720965e-01 7.547822400509668350e-01 2.855455576107807092e-01 7.635171363168873349e-01 2.798408652240608196e-01 3.363656208953365589e-01 2.844648419720210986e-01 2.761004583203097162e-01 2.819675326741568067e-01 3.126001832189713170e-01 3.671372298246743937e-01 2.963006328740214190e-01 3.295461275186196692e-01 3.933441802097219497e-01 6.199169408144401539e-01 2.992088725817327877e-01 2.946206612212793896e-01 2.965302486003193461e-01 3.238604001567114699e-01 5.863884246752071316e-01 1.358708367162006381e+00 2.833951758025726186e-01 4.007753037137141150e-01 3.265382487367697872e-01 5.147509673582291168e-01 4.854003460290086669e-01 2.842014639783838059e-01 3.011194615208564462e-01 2.869366922587242019e-01 2.762985087497744630e-01 2.893921945001892704e-01 3.616300386247926490e-01 2.938806698613347090e-01 2.838317267655298681e-01 3.097845716648122694e-01
2.592773904213533598e+00 2.280802670750134542e+00 2.074579123301268702e+00 2.282245692672094428e+00 1.587795140502114677e+00 1.374437965202521150e+00 1.638700433318958982e+00 1.127922754069513811e+00 1.126145340313139398e+00 9.537184201762491931e-01 6.141801985050401314e-01 5.886922067181784568e-01 8.302825490304834855e-01 1.021309687834228264e+00 4.258455480204812460e-01 6.514165789223997916e-01 6.170225614059523522e-01 6.610497453498878073e-01 5.210081009021134690e-01 5.393524169290202508e-01 1.208031729658774811e+00 5.147417917755263694e-01 8.699274350977975745e-01 5.851163787520609061e-01 6.229723775460734858e-01 9.033732902217311844e-01 8.053128827604334461e-01 7.399500075371052699e-01 4.811610329699891886e-01 8.679808223040486048e-01 6.102691709947631882e-01 6.220960770895689329e-01 1.590221565192761144e+00 3.523708418092221795e-01 3.679808018823130245e-01 6.168559470397615430e-01 5.857201579406151604e-01 8.051469973522874524e-01 4.333069444857146069e-01 9.827548262604843821e-01 4.243870503798078953e-01 4.469616977333700780e-01 5.245226721611730980e-01 3.073804720715165861e-01 3.816075437560131900e-01 4.947168902364714738e-01 4.102786550309918123e-01 4.828577403686468705e-01 5.841877387040828040e-01 7.753345073981537938e-01 6.937905506374437703e-01 3.695456587422030204e-01 3.898614004062239680e-01 3.683714103149768326e-01 3.809886765494230887e-01 4.519431668144507364e-01 4.792179094823384444e-01 4.433006725433538686e-01 4.055998186371536640e-01 3.764745160183878281e-01 4.127449159662597289e-01 1.122772118259448115e+00 3.924339882523187883e-01 3.284272556715080449e-01 3.266001193032338490e-01 6.760961178713338349e-01 3.476174376517290887e-01 4.067398847879730717e-01 1.847562671579447535e+00 4.484632624576448401e-01 4.271600471678227429e-01 3.437732885083349954e-01 3.580344056157285793e-01 3.587162418740360015e-01 3.727924580666127641e-01 4.494318356754138377e-01 3.696919511312106166e-01 3.257934111183553028e-01 3.608468832560772221e-01 4.489118644499969224e-01 2.983978673810109838e-01 3.404202591982677939e-01 3.319149140418655719e-01 3.005831422502014405e-01 2.910303590965320764e-01 2.879036823653930988e-01 2.880187002330757418e-01 2.884448478945178529e-01 2.841622415931684409e-01 4.190612384802549495e-01 2.787374690956626599e-01 2.752386643308246672e-01 2.984028428730399751e-01 2.970526106465813387e-01 3.019697537235732088e-01 3.109808867222708662e-01 3.231009591461080910e-01 2.745282427418339832e+00 3.701768031369165879e-01 2.849787392201559300e-01
2.235122484581841373e+00 1.027476164036337902e+00 1.873933425500773353e+00 1.442394592286536437e+00 7.428213672178616278e-01 4.482522240554810966e-01 2.079421117063589008e+00 1.396699027324699083e+00 1.426148318476364363e+00 1.863585435948993840e+00 8.020113954284666669e-01 6.670109017348282432e-01 7.420188591236569486e-01 4.447444698666688789e-01 4.858853272682738256e-01 9.009625189459420369e-01 5.044774486449350448e-01 3.401535610347695915e+00 7.543616736638624198e-01 1.154584929666822024e+00 5.528853352387455011e-01 4.205100759123785448e-01 3.988045888611754242e-01 5.399675363623936963e-01 4.190192375735168895e-01 4.426462984163751502e-01 6.475634965092263995e-01 7.270461497309514964e-01 5.485588541440498123e-01 1.490133275202450758e+00 1.212500270743414710e+00 4.151665590152159857e-01 3.180811723147264347e-01 3.584845261024011687e-01 3.728650550184899881e-01 3.307541705215751304e-01 3.312994069078144532e-01 3.086418562260293541e-01 3.125512037000368060e-01 3.929725368018698872e-01 1.575806466299588093e+00 9.144915279405018138e-01 3.025723051933150720e-01 3.066862293915265658e-01 3.448367191585524072e-01 3.060176072646467738e-01 5.530815117816020310e-01 2.866446244149458700e-01 2.852518097307328304e-01 3.467706670635004040e-01 3.543360319271052772e-01 3.363132489954732129e-01 2.978497232396897787e-01 3.167804365414391143e-01 1.284257947578832937e+00 2.971257891494749614e-01 4.187973435523808519e-01 2.715665573631075302e-01 3.257316697854503729e-01 3.549712471789334689e-01 4.021262790331380788e-01 2.723884181828016837e-01 2.797552479910948020e-01 2.863625721720050032e-01 3.116817526221695722e-01 4.462311081148567782e-01 3.005202055068740274e-01 8.741442453633223586e-01 7.229277669749478719e-01 3.019354422136071858e-01 1.237853827320324784e+00 2.887201799923806433e-01 2.886394090178843741e-01 6.588803823626731004e-01 3.124148622950871368e-01 3.136426780325992647e-01 8.154761955368505788e-01 8.626986428849184874e-01 4.473819652678688863e-01 3.550263976003195099e-01 2.831025264077778880e-01 2.792701052098806591e-01 2.792945303525682932e-01 3.299978311163923594e-01 2.871866299622053420e-01 3.367402366750500975e-01 8.618568639429136091e-01 4.092734764075811049e-01 3.740929030643919129e-01 2.817499679772537680e-01 3.158853002936820586e-01 2.784273085535971526e-01 2.850547285529619890e-01 2.849163194110652664e-01 3.416255236797006156e-01 2.722879390905282859e-01 2.586194870855983430e-01 2.931356383925814435e-01 3.091552042315376392e-01 2.720885317086920718e-01
1.261014710406780592e+00 9.635489908654060187e-01 1.148588557137001365e+00 8.700162993239383136e-01 1.332969565345138996e+00 1.089348733620619347e+00 1.529962347361457198e+00 1.853260320737191602e+00 1.412613300121301929e+00 3.903566557134450776e-01 1.992817315106695908e+00 4.346486796056562296e-01 4.033288296098277992e-01 8.736246133759982824e-01 4.480961745327543544e-01 1.156563753925200055e+00 6.033818946162490260e-01 8.649630248465305371e-01 7.051746702500611974e-01 1.761188000723005409e+00 8.100775362953994696e-01 4.219472500157849248e-01 4.944851421564468996e-01 4.528181103185837109e-01 6.094068600710413897e-01 6.246852714480202184e-01 7.062605471540910340e-01 4.387582421712449277e-01 1.004577043524029545e+00 8.593519298650569294e-01 1.309158540530768189e+00 4.487029584015598260e-01 6.199541600794880036e-01 4.116806129895178024e-01 5.003623290363009568e-01 4.613788966718801454e-01 8.871877723385750425e-01 4.273088596112346038e-01 9.508057703733303612e-01 5.555653484809203180e-01 6.483269276059698827e-01 4.228313367942308498e-01 5.711522080553053105e-01 3.404508229350172166e-01 7.650323594129494476e-01 3.718216878783374701e-01 3.300065866900278033e-01 9.936174884617541281e-01 6.568119992477736702e-01 7.995653878150535965e-01 2.904039640351188667e-01 2.839601203065890700e-01 2.796695015245695970e-01 2.931518572042602910e-01 2.976989076761104025e-01 3.212580239752224620e-01 3.954800232425206841e-01 3.413168170151760217e-01 3.666909540363877951e-01 1.597831289475559524e+00 3.050887733663298906e-01 2.882389788347218817e-01 3.201395721371782521e-01 2.876642771969862844e-01 3.167565929497678234e-01 3.075980367684196248e-01 3.969609429057142092e-01 3.004149124645207336e-01 1.132931006805737217e+00 3.876863349882098686e-01 3.053371925754905236e-01 3.046683765982718950e-01 2.883651754052747873e-01 1.181120068675442614e+00 3.052295733290717461e-01 3.063172998884176046e-01 3.993285663269273700e-01 4.005013931850024411e-01 3.548560677693018417e-01 3.205902418664773879e-01 6.717878910168741946e-01 3.199302137712840000e-01 2.780898797305416670e-01 2.918770327595913705e-01 3.013323091928489239e-01 3.052329334016107842e-01 2.870098384532280278e-01 8.778014743175373003e-01 5.668785834863198092e-01 2.906529324869060460e-01 3.735186214357237300e-01 2.866122514083677686e-01 2.778220431791121880e-01 2.940072541325652322e-01 3.190897110106761803e-01 3.372391428303184169e-01 3.768421854942946569e-01 2.809382519919564336e-01 2.982767755360462569e-01 2.671569144730704393e-01
2.042070938420261772e+00 2.024460022841780837e+00 1.116258876109631260e+00 1.594769746458254200e+00 7.932730260106427567e-01 2.146365005360980849e+00 2.186511152057470042e+00 2.481323916633126014e+00 6.321629836501017063e-01 7.154857959290807923e-01 7.450659118281374171e-01 5.871904481435649137e-01 5.612706547270464030e-01 1.827965371579375997e+00 1.492350599994321403e+00 6.122483183370392990e-01 6.318216778202704331e-01 4.176106563950822137e-01 4.161569403960990177e-01 6.923308252779580840e-01 4.551416327877219059e-01 4.461272689500443978e-01 5.884828806606741125e-01 4.894829310891156138e-01 3.035691482521578055e-01 2.856048758144507649e-01 3.242438361268399905e-01 3.086640197814311537e-01 3.548660510617495656e-01 5.642393434320707168e-01 4.677611283010642551e-01 3.576426340810320847e-01 5.962187692056354349e-01 3.747458233138296624e-01 6.030507659292043687e-01 4.748927853400142229e-01 4.855515169848758084e-01 1.198308035123071491e+00 5.943937328826981448e-01 4.223953350739002022e-01 1.418983545337870744e+00 3.650776022834102408e-01 3.405936260179265318e-01 3.153007769054477216e-01 9.298253805143747996e-01 3.973046395563905597e-01 6.898237426921797200e-01 3.626603531754666321e-01 3.256265059766562664e-01 8.653973546076891843e-01 6.921810597370472440e-01 3.299502731666090205e-01 3.015999195855498249e-01 3.383618916842058288e-01 7.158797886655760001e-01 2.940981053246785604e-01 3.813136343340163270e-01 3.168285114254592583e-01 1.851663963197248020e+00 2.861671064137241149e-01 1.725668415445660742e+00 2.755543819159355090e-01 2.809796067308985013e-01 2.885576687916941996e-01 2.930947359710965872e-01 3.276069456545243064e-01 2.929713179220663211e-01 3.824116995780976747e-01 3.483761355693670847e-01 3.444660126940045086e-01 3.157634007389723552e-01 2.945291638613700691e-01 5.791109598730965757e-01 3.023040163244283818e-01 7.136602345948093173e-01 3.802415127269431205e-01 2.909605083577877505e-01 5.179402254404077421e-01 3.957512198664892566e-01 3.241682021863216967e-01 5.843607824398435735e-01 2.792690713414071046e-01 2.812165564616806446e-01 3.639775985359409716e-01 2.733753102575864347e-01 3.079627015640752363e-01 2.900344852893833036e-01 2.923648894455486147e-01 3.228355780323032831e-01 7.568344124312849086e-01 2.835984601911847314e-01 2.863329130701700032e-01 3.028118072868913324e-01 2.751956295556130527e-01 2.751976972925601617e-01 2.940026017244342094e-01 3.204456295137393385e-01 3.188286915294941681e-01 2.794056065966954994e-01 2.805006671605256297e-01
1.377921714257713148e+00 6.603471832595246838e-01 1.829935020255051281e+00 1.075169259814246603e+00 1.358004173497958433e+00 1.211028494354534191e+00 2.565020480442391282e+00 1.248531782457116490e+00 1.780091510360544582e+00 1.836753253604566094e+00 8.362476308847843764e-01 7.679034525494899954e-01 1.157584375958934597e+00 6.918606412812206008e-01 9.036382836348584302e-01 6.733372560038557442e-01 9.982835630416218020e-01 1.004689347486968920e+00 1.737779344595185016e+00 8.754573875582922771e-01 1.006702677105651977e+00 7.318225897703709570e-01 6.903836793957773832e-01 5.656699589323479493e-01 7.123273762049648905e-01 6.986467600912756870e-01 8.203977608246960651e-01 1.234846465472711596e+00 1.258574263874961741e+00 5.480207579119558137e-01 5.212735789410877230e-01 5.412378053241010400e-01 5.359017193565921433e-01 5.321279055777894396e-01 5.485156255184994167e-01 6.710819526997771067e-01 5.392459607846341596e-01 5.861258866997045569e-01 7.798815255616141640e-01 6.500202264695038590e-01 6.575814235508247174e-01 4.917874562250523218e-01 5.421622775897951829e-01 5.174016122740771051e-01 4.733314500946122494e-01 4.831317155141380826e-01 4.872233469233886449e-01 4.949505122031043758e-01 5.567763638557372552e-01 4.881978648848805946e-01 5.951696511720987459e-01 4.917751467285391143e-01 5.274263886943126867e-01 5.393145514961763531e-01 1.323492545365547057e+00 3.824388709339182069e-01 4.765132772471372125e-01 4.156844301952960508e-01 4.160016016579478615e-01 5.075516888594309162e-01 5.839987992405412109e-01 4.293552730210711266e-01 4.022931841748371151e-01 4.109496033619370881e-01 4.041234544569217157e-01 4.138819774368279192e-01 4.674203070970799345e-01 5.836426961681822068e-01 4.119605974955115602e-01 4.542527966759755675e-01 7.015629961254621350e-01 4.266593963595052830e-01 4.274539565898196614e-01 4.857433965118890806e-01 1.603946686113397746e+00 4.499325511005108913e-01 4.428700340157297188e-01 5.546974158973736468e-01 4.517730308337718492e-01 4.656227005970816069e-01 7.721666657398629230e-01 4.339699772611592676e-01 1.079071305592159691e+00 3.067022220444768354e-01 3.277037092819707897e-01 3.164688544302224349e-01 3.091816648027825853e-01 2.874471648175404015e-01 2.970791035262161373e-01 2.826737940751518630e-01 2.816711355061454203e-01 2.831302470062249665e-01 2.793557870596262149e-01 2.824297364986140813e-01 2.802552526316162695e-01 2.875093261595126903e-01 2.674600317861599574e-01 2.777070899282091387e-01 2.822896473204478118e-01 2.792703636769990339e-01
1.524929927949664421e+00 2.285792120003495409e+00 1.426484261113488916e+00 8.032172010754284885e-01 2.295080394369884758e+00 2.773490882551403747e+00 2.478240791611435512e+00 1.663136367008812400e+00 2.305242287596425133e+00 2.121205428356420786e+00 7.655069373506995234e-01 7.223906803800351772e-01 8.200972927995701101e-01 7.797946765712870931e-01 8.409095740293066612e-01 1.191127753957474944e+00 7.799811444430090335e-01 1.796218243128462344e+00 7.121339377981438234e-01 7.580171821963205270e-01 1.464671097819038037e+00 7.599469057793023508e-01 6.009355679574868159e-01 5.408728820613271093e-01 5.553565393576527232e-01 4.505851482660506724e-01 4.110961219096732622e-01 5.495976981096304392e-01 3.959266544230950480e-01 4.920091887042393752e-01 1.259543160176628707e+00 4.428989177162095947e-01 4.688069831872312965e-01 4.237453411416302052e-01 6.227776548807579804e-01 3.563796345070293636e-01 1.032278870796663472e+00 6.985799624953673570e-01 4.244690167647266477e-01 6.299001040286152930e-01 4.392051964357172600e-01 4.350007118209006096e-01 3.766330532871290382e-01 3.370465525187296141e-01 1.373873796099859934e+00 8.520608309224513288e-01 4.890973627652603906e-01 1.767323234712180113e+00 5.031594278831055256e-01 4.543145380088804974e-01 5.506810307279637051e-01 1.645230669681810198e+00 3.410881705405720554e-01 3.157923167478420279e-01 4.212770770861947733e-01 6.952271754982235485e-01 4.155375562552721114e-01 3.769031514258444626e-01 4.808143962558411588e-01 5.247179440691152053e-01 5.173886889181577020e-01 3.628440263714710623e-01 3.689875959252136850e-01 3.059960252602613728e-01 3.587311683501228643e-01 2.794747465508642947e-01 6.172314674543895041e-01 3.006697933516410126e-01 9.757038432708613485e-01 8.004563562805266930e-01 2.728004147695120007e-01 2.670370503469180479e-01 2.787642204424158332e-01 2.737691495292300381e-01 2.697514074074486290e-01 3.334712414868487573e-01 2.634369910884516441e-01 2.600680014338239143e-01 2.595745230880417420e-01 2.628007096597601011e-01 2.518780830870244181e-01 2.595190818911475850e-01 2.660454412472227359e-01 2.554499694295865320e-01 2.572038626781875115e-01 2.697951529672357740e-01 3.299116323324099986e-01 2.548943297418321263e-01 2.669721104834230641e-01 3.324657720879298783e-01 4.970804751089598073e-01 2.568000078057063318e-01 2.582803782262733661e-01 2.633599678871719751e-01 2.928355580681330506e-01 1.306968645561836340e+00 2.942432346116534148e-01 2.933250947903598416e-01 9.491177054689436954e-01 5.554168914297962223e-01
1.499479769287256792e+00 1.507284377777319495e+00 1.311357837241131197e+00 2.335102606083106824e+00 9.311174253308063253e-01 3.188101993397839173e+00 8.086780176203032244e-01 9.880062965551110743e-01 1.272135161250252500e+00 1.092201015197199698e+00 4.969854238261726675e-01 4.318436328949612490e-01 4.474500067367844780e-01 4.915563220044338877e-01 7.646301361141530917e-01 1.410422920526523294e+00 5.905589854807353767e-01 8.215058255154200628e-01 7.267022673070338001e-01 1.404824264275122081e+00 6.810534364310401045e-01 5.253741274659227134e-01 5.452855942483950669e-01 3.932594676116702992e-01 4.144213660045137360e-01 5.498781349330814638e-01 3.895000310663278564e-01 1.727960308001186274e+00 5.867263381241095699e-01 6.161267143736197660e-01 1.112735032342699437e+00 3.782406218383326246e-01 4.400844046473036952e-01 1.576416771782881643e+00 4.452468653280354793e-01 3.978115905007187370e-01 8.324907588178821483e-01 1.451184154347995969e+00 1.108343676001288136e+00 6.360447720676111194e-01 5.393151976639722900e-01 4.160916774487060654e-01 4.783885854246009428e-01 4.765468779725276494e-01 3.594102260869075915e-01 4.458346518636394640e-01 7.336264156354054267e-01 5.964776240247009476e-01 1.025473593111458026e+00 5.116587959873950542e-01 5.539972284736607300e-01 4.173977441063101423e-01 4.068029507648597276e-01 4.374189301805382346e-01 3.290448628508960138e-01 3.655211641669537381e-01 4.559054677393378774e-01 1.998479425035661450e+00 1.397928103089413288e+00 3.812266601486787865e-01 1.061832259580259397e+00 3.868399197922689492e-01 3.416076571401420181e-01 3.237138816089752957e-01 3.149344643819124157e-01 3.129566093752282896e-01 2.921765315330234203e-01 2.843419408572276375e-01 2.833343714129718527e-01 3.237095845931320937e-01 3.030791592124738587e-01 3.092674435776975872e-01 3.038067118423460888e-01 3.118802553690914747e-01 3.241408046717725866e-01 3.488587582961770184e-01 3.216600695778749075e-01 3.801324719113732264e-01 3.386520533329860916e-01 3.615078806029645708e-01 3.355377830235297676e-01 3.017875020967198951e-01 3.209084795059925499e-01 3.405933998591979539e-01 7.284760221382634571e-01 1.336901173299717804e+00 3.836663312791425695e-01 3.441903252038539529e-01 7.920084635182835786e-01 3.723163616345421811e-01 7.170379313604876570e-01 2.905806909273166427e-01 2.894752916787510233e-01 3.186448890999305505e-01 2.868019662732644859e-01 3.566496680289651944e-01 2.847156196936370121e-01 3.124224224582999865e-01 3.163374885173018125e-01 3.220289344642043305e-01
6.945834792940732694e-01 1.087660103319411320e+00 1.401072549434941639e+00 1.944315831107639170e+00 1.814593445976016461e+00 1.023907928541822887e+00 1.506368241076193382e+00 2.054825644544910901e+00 1.969905109696519219e+00 1.067578080547192609e+00 1.215821088588852739e+00 1.234314895535357115e+00 3.636697641979409479e-01 1.075465043122851849e+00 6.103254845181820265e-01 5.731397878873187857e-01 6.961550239906516557e-01 5.138791577679067135e-01 1.415983323644403047e+00 9.079241288522851283e-01 8.828425766090884919e-01 6.110670589892268634e-01 5.345650566538489024e-01 5.552244949685462005e-01 8.771013434335064307e-01 7.029393012224881554e-01 1.104039423078773785e+00 3.851033761489897067e-01 7.544963350325425422e-01 4.064506277741071760e-01 3.754486600255060869e-01 3.822935477966045714e-01 4.692019855609076417e-01 4.945573837160363029e-01 4.493112930730756571e-01 5.038740894654480940e-01 4.279668845862605320e-01 7.013821660677599379e-01 1.815157291994779598e+00 1.231885143080561518e+00 5.277759977803222480e-01 2.998286444232372561e-01 3.114166622838729359e-01 2.782370121376840366e-01 3.504814471738063042e-01 4.029580908368900483e-01 3.344340961196234363e-01 3.426670815500243994e-01 3.956764905608853300e-01 4.744772671388157725e-01 7.827082673560588066e-01 3.506938425283415706e-01 4.254478640504515963e-01 3.551516249191784547e-01 3.197496744890900300e-01 3.652123605772597537e-01 3.061875817033766212e-01 3.067636079850940001e-01 3.775401759475013330e-01 3.125103335869416910e-01 1.350840821928616098e+00 3.048287877536214330e-01 3.018539604545353860e-01 2.993398507939758479e-01 2.944677779207529045e-01 3.280501844541698353e-01 3.385271814064149121e-01 1.167573322374883649e+00 6.252500221016977777e-01 3.173435394672370347e-01 9.503263946396951489e-01 2.850320480633234399e-01 3.533345687685214287e-01 3.860301423103594809e-01 5.900874768400161674e-01 3.103540716517902975e-01 3.305898177426701556e-01 2.898762387961503206e-01 2.958129054216233622e-01 8.731397129077076436e-01 3.043374094531761664e-01 3.108154354581127432e-01 3.232210817393789126e-01 3.841030114756590064e-01 3.799067655002409394e-01 3.385217859053185618e-01 3.057320334072178847e-01 3.904439206742907897e-01 3.945278626867693150e-01 3.608037838640860140e-01 3.678767688671618630e-01 3.193892097841082300e-01 6.126038721667717013e-01 2.777467646308817151e-01 2.871192346610856871e-01 2.969601763433678543e-01 4.948861861990155875e-01 3.722279981884433209e-01 3.028550036040518756e-01 1.415344263694188864e+00
