5.692960612878998905e-01 8.071964205817435678e-01 8.529210732987597687e-01 8.884138251627160532e-01 8.728661095856218299e-01 8.749245159045273557e-01 8.964970011188010401e-01 8.881379095608303853e-01 9.322362767761863678e-01 9.025750434088078977e-01 9.927147600772991964e-01 9.659608664297454350e-01 9.789344719153907359e-01 9.976017605625396856e-01 9.747221359000961538e-01 1.015771409152758986e+00 1.021727781602342677e+00 1.072781046726658749e+00 1.029857984451957975e+00 9.914045589824151961e-01 9.668684609817093101e-01 9.943641303951846755e-01 1.032717562483040918e+00 8.177118299205403673e-01 8.014453009278812434e-01 9.591519478361195672e-01 6.216264617225861766e-01 5.689401142409044043e-01 8.934210258979569108e-01 9.822655435404638036e-01 8.202508535406443091e-01 8.527709301438943790e-01 4.623622326649547420e-01 5.601367165117659974e-01 5.750201772177427895e-01 7.143780079700455810e-01 1.125124918406887664e+00 1.090822718484223408e+00 1.156767159664235933e+00 1.161570026097769714e+00 7.333732602132219114e-01 9.513412584376004233e-01 9.672566777850726272e-01 8.291447535466550667e-01 1.215088467923442606e+00 1.323689608114018368e+00 1.228516972877886859e+00 9.850185762658918431e-01 9.605622035456242713e-01 1.113646070080059447e+00 1.155311040486952212e+00 6.613524912653623300e-01 1.268042831958487326e+00 7.439524130366087507e-01 4.492166850998388083e-01 8.661724313743192072e-01 1.325144870030222188e+00 8.603070510650822067e-01 8.532767754140180294e-01 5.941797786565384820e-01 9.862712796354827782e-01 1.248691387736578395e+00 8.875926302810275281e-01 7.009473598629012425e-01 5.121574059214628605e-01 1.623150375424846636e-01 9.109460141560297153e-01 7.049284190854036014e-01 5.821781847697241608e-01 7.873055142087889147e-01 1.189170893692345521e+00 2.129541996404685777e-01 7.966401688757790422e-01 9.845198952490794575e-01 7.310543077589362060e-01 2.306928908391940314e-01 6.588608619363945929e-01 5.766587705391941210e-01 8.460854571457858686e-01 6.481799399762269154e-01 1.300692599916551728e+00 3.085179143196412066e-01 5.734066281664137454e-01 6.764045874723584317e-01 7.799709721072655144e-01 5.536515364417019525e-01 8.365657565513882066e-01 8.750060169400598609e-01 8.655343841990754683e-01 5.282155592387520748e-01 6.792859031951122839e-01 5.726691387058919780e-01 4.753788849034020214e-01 9.071723508819486970e-01 6.967962567818911657e-01 8.089951992592829821e-01 2.899536194679587786e-01 5.362750380492689040e-01 5.502001421007599591e-01 4.686022972990783186e-01
5.622246371049965941e-01 4.867480038119923469e-01 6.222327902378705922e-01 6.221705163437033503e-01 7.232561711119452896e-01 6.850549028657857420e-01 7.659772871693758534e-01 7.148453377245044260e-01 7.355246181263710437e-01 8.260772897036765539e-01 8.188744596437989021e-01 8.990355348754306419e-01 8.734764794745690786e-01 9.521782514163342759e-01 9.734570634777798270e-01 9.769609344434035947e-01 8.393685716523894280e-01 9.112770393987712492e-01 1.059411080457390186e+00 1.032030528960369731e+00 1.070534410367762979e+00 1.043392912246188686e+00 1.156111354938049729e+00 8.105739680039385497e-01 8.161362452884677321e-01 4.266416942854603933e-01 1.115304625338087607e+00 6.824305205352892978e-01 1.090067593938627954e+00 1.007440668443362108e+00 8.842654163308144577e-01 7.672951423810453475e-01 9.279671778308101748e-01 7.214716597080941263e-01 1.061918814048074866e+00 7.050034906628362963e-01 8.941076307900882592e-01 5.975354046882596082e-01 1.036960025102003469e+00 8.898452674674832696e-01 1.233201292350645906e+00 1.105361743934850205e+00 1.057018097385554745e+00 1.314416370080115470e+00 1.196934617430268633e+00 1.244655525037891675e+00 1.214044446393893084e+00 7.797190598156192864e-01 7.477659389509088150e-01 1.201274073017137622e+00 5.034327537458141988e-01 5.135759280770959556e-01 7.233824334224397967e-01 1.238184183610975708e+00 1.246435321505802829e+00 1.078066061284747912e+00 1.202618258390549588e+00 9.522907363166147610e-01 1.178970956430982264e+00 1.128924054581630809e+00 8.246882205894342510e-01 9.734705959562567346e-01 9.011094331267101021e-01 1.193296523872693360e+00 5.901710421477396329e-01 7.743475231213862164e-01 8.960255687577451944e-01 8.464118286855218942e-01 5.721582723351570365e-01 2.199034335030072562e-01 8.602307548289637174e-01 1.176705337862458123e+00 5.976952226467419083e-01 8.010306314969070085e-01 9.860271439264907123e-01 7.157000270212464654e-01 2.410344445693237692e-01 6.536862503588201090e-01 5.894897032879566900e-01 9.451661007138183468e-01 7.242156299592480417e-01 8.455267066204403825e-01 6.437347963447829224e-01 3.024213796834803736e-01 5.707317898980669435e-01 8.341985525448863958e-01 6.845805313238841894e-01 9.206440862879978759e-01 7.686715975108251442e-01 5.584948778447975659e-01 8.386640255105127784e-01 8.514837526323013606e-01 8.979934115668439798e-01 5.215112264968839728e-01 6.804235498811828098e-01 5.666311427549071134e-01 4.790901518174471296e-01 8.981134893509756800e-01 6.832424692439008629e-01 7.962509111125328776e-01
5.851706382682043683e-01 6.529427600707385926e-01 5.814857015159016207e-01 5.743046091476948778e-01 6.794089813930240807e-01 6.430917893018621712e-01 6.310911751419964189e-01 7.958821051493377707e-01 8.820566219253064277e-01 8.471731989904145443e-01 9.205725049878193955e-01 9.577282208810722341e-01 9.518229779316159656e-01 9.609534207627675739e-01 9.675684146535146191e-01 1.089225518626348421e+00 9.870482031056836414e-01 9.058251650947569678e-01 1.055470496204449882e+00 1.060578792514194291e+00 7.679566417701201297e-01 1.024837618635846104e+00 6.213385444655807888e-01 7.516992364846692976e-01 9.435181387534214981e-01 1.052032022012642010e+00 7.002780838911724093e-01 1.013077833606521150e+00 1.009060953117462356e+00 1.010586204277553302e+00 9.678816823453137985e-01 8.707765357031655995e-01 8.586601300645680945e-01 1.115686228984548167e+00 1.171968847929688806e+00 1.162239669467104219e+00 1.159655394708564158e+00 4.261766301495701348e-01 1.167764839593457005e+00 1.193900035673000737e+00 1.165278782461509177e+00 1.066057915473965334e+00 8.903276605237759878e-01 8.702333995760627161e-01 1.209358657330711129e+00 1.157674019420988465e+00 1.129593942882702429e+00 9.825068625344788309e-01 8.364105310629771362e-01 1.221969825078326854e+00 1.238206717330792461e+00 1.068780699129856737e+00 1.153172296558265586e+00 6.928581218463222280e-01 1.215044012813152108e+00 1.030356665468770361e+00 7.638462585904091107e-01 7.430769657751442603e-01 1.153854553912062819e+00 1.250229681511672020e+00 1.282250464768766696e+00 9.189911644599239038e-01 1.929541761786190968e-01 9.311237968261069087e-01 8.199340955715909152e-01 9.068195267146018645e-01 1.224308555770386553e+00 1.288758178558647494e+00 1.298341500171766638e+00 1.265504849298266121e+00 1.278074623582305724e+00 9.763770784150015425e-01 1.285312723812331193e+00 1.323054745051357450e+00 1.289321276622327206e+00 1.316482246817003654e+00 6.255454307497241295e-01 9.909025713871514318e-01 9.203668235615579674e-01 4.221547285599001054e-01 7.727716935575763557e-01 1.037740867479998608e+00 9.275225042620366400e-01 5.714407448112120980e-01 8.552148590170545184e-01 8.894114933610123286e-01 1.610603134860623675e-01 7.437006232108311909e-01 7.434145429418542728e-01 5.794369087676788377e-01 2.093605458849503165e-01 8.740252490316261502e-01 7.871434918646723622e-01 7.296569109656311225e-01 8.775302221900669331e-01 2.379032525499886752e-01 6.573618797051117291e-01 6.073053030521434748e-01 8.324621702273827806e-01 8.462641348480278713e-01
5.819768508817969588e-01 7.362381042766532602e-01 6.904516675289440464e-01 7.767730821142611042e-01 8.170209387230091824e-01 7.782536944652586053e-01 8.679352050864994617e-01 8.670356320489268631e-01 9.359282553159319340e-01 9.848073226426106164e-01 9.187695624707485909e-01 9.641854175001683958e-01 9.787132373238210947e-01 1.080373685646190962e+00 1.098850723566518139e+00 1.058453029967576065e+00 1.043686340467279816e+00 9.942817108656377689e-01 1.065064962211608846e+00 1.120692021362300395e+00 8.457855994665950394e-01 5.667054183041940751e-01 1.023991440716969459e+00 8.291844937210056665e-01 8.288529786147897926e-01 9.150350882746096648e-01 1.120565636585937330e+00 1.104340623522723108e+00 8.787711076033409840e-01 1.161103308672653656e+00 1.156704334673660073e+00 1.279991949220619762e+00 9.610347380994972433e-01 7.193509182620870801e-01 8.073495641503889431e-01 1.173339118533105907e+00 9.270374169566353295e-01 1.223101042306297570e+00 4.502329068772232268e-01 3.986902681421060635e-01 1.311139673300687036e+00 1.212755003263731535e+00 1.112449211146536054e+00 8.755983843463274185e-01 9.285389709711582285e-01 1.175531747443962827e+00 4.152940069038695836e-01 1.188857136137072112e+00 1.310509953804505967e+00 9.145861896333705721e-01 1.326977449287486621e+00 8.725756205453765180e-01 1.252458560319625214e+00 8.012366803207742194e-01 1.021159050108708888e+00 7.527835492849780374e-01 4.705541583123288296e-01 8.980316821507716707e-01 1.085047840451858869e+00 8.713659639285875613e-01 5.554936068037804597e-01 7.306927272819866426e-01 8.356355670466734109e-01 8.945236473456166237e-01 9.466781255601037781e-01 1.221699297974658371e+00 9.291263172768144951e-01 5.758623137629566013e-01 2.127825790339029077e-01 5.134534009755927775e-01 7.609672084862236785e-01 1.110722809797320743e+00 7.799893419875507661e-01 7.289234016458379095e-01 9.616258808470792285e-01 8.691016312516836040e-01 9.134959984713705294e-01 1.262900857534886345e+00 8.985500801724236597e-01 7.370151502127226806e-01 1.033880498370970846e+00 2.255029557198149348e-01 6.714741728367102924e-01 6.058834743180588900e-01 8.373033072448441416e-01 6.406125290256198257e-01 1.105466574718345196e+00 3.025434781544435459e-01 5.789864180701482788e-01 6.881870286873686959e-01 7.538402460319244547e-01 5.643804037894142311e-01 8.496462747402940829e-01 8.467521613342747777e-01 8.917850043597453924e-01 5.210944751461441538e-01 6.874026347991850638e-01 5.701002946467915722e-01 4.798065159156406634e-01 9.124386281621469363e-01
4.178010669322770321e-01 7.581648220157624074e-01 8.069719406446568266e-01 7.689309802204539190e-01 8.688706606235627738e-01 8.514127836614656664e-01 9.261829113586961260e-01 8.552388623272940693e-01 8.851461908575617432e-01 8.763766549410826334e-01 4.415704061298733052e-01 4.388595016632329537e-01 9.045325378520125970e-01 7.623912416059424046e-01 7.780151309532864490e-01 8.927798558430646292e-01 9.185317337539878890e-01 4.882497415253180262e-01 8.264159690632036925e-01 8.419986486457743391e-01 9.141889715886674095e-01 8.913169398100752039e-01 9.562215233000695980e-01 1.054952955443877904e+00 9.329549677258828222e-01 1.020924038106925336e+00 9.194087730717437346e-01 9.312397107707073296e-01 9.913701460733473914e-01 1.040782184860037818e+00 8.407728877672686618e-01 8.793607195275657817e-01 9.888968253917306273e-01 8.555729492167499783e-01 7.545285042132814368e-01 6.150186933180846749e-01 9.998994039556943214e-01 9.650868887587038536e-01 6.714983598457526792e-01 9.549616556771673981e-01 1.063930683336924199e+00 1.063888677544005068e+00 8.996951360435425649e-01 7.527675674891297630e-01 1.250084436991549364e+00 1.100070238685726842e+00 1.107039893731849300e+00 1.304753690584163683e+00 1.138701117198825941e+00 1.152480241934982885e+00 1.288365063120541443e+00 7.306920537197094667e-01 1.088328333673212800e+00 1.165036055110005631e+00 1.142847199179224837e+00 6.926242120373556910e-01 9.355497745491198058e-01 3.690953500425576128e-01 9.055629656701510433e-01 1.218584133675872261e+00 1.211669588270605669e+00 1.275325387298803292e+00 1.317272641532747146e+00 1.331992671537118644e+00 1.131478325202371682e+00 1.241791783167277341e+00 1.266412443850229996e+00 6.209688200083713916e-01 1.260160561259789480e+00 1.028758118486341022e+00 7.845439088725610910e-01 8.570591337647673891e-01 6.835808424387566085e-01 7.186685996753556793e-01 6.631853766872982670e-01 5.453435131509245526e-01 1.006359233590964797e+00 9.296187525343297953e-01 1.081740037341813787e+00 5.891382874780983769e-01 2.200180615559877151e-01 8.861347965815837835e-01 7.863856118370339265e-01 7.415557559887161476e-01 7.643500831737013446e-01 8.906549505575263037e-01 2.361911643991624066e-01 6.651417689376858400e-01 6.264980315083870099e-01 8.449298079770357628e-01 6.381576394572227029e-01 3.118140525557049902e-01 5.738806935436437939e-01 6.690786179816348156e-01 7.700224572740739237e-01 8.601547035245824535e-01 5.592770673473469456e-01 8.211163810667547747e-01 8.415586287800064236e-01 8.630929658762209744e-01
5.918981782921662882e-01 3.684113781666005227e-01 5.216031371312448428e-01 6.757639685138746577e-01 8.870088354855597546e-01 8.453008795587994006e-01 9.994336662575269425e-01 9.476637921032803336e-01 1.123095536498832869e+00 1.111457360076996803e+00 1.165325319491565148e+00 1.134266505632078870e+00 6.458785001411465609e-01 8.039028847453868476e-01 1.068634229951048509e+00 1.071431840252635492e+00 9.545861753241352554e-01 5.791640548125073229e-01 8.927816315981588202e-01 1.036542783887789421e+00 7.693836753036187304e-01 9.711532967911966630e-01 9.605565701156701941e-01 1.146122671299967699e+00 1.076289203997682353e+00 8.575241979006575921e-01 8.543635375316981362e-01 1.000857821843114337e+00 8.623610486127191166e-01 8.608881516114413879e-01 9.503231996721874797e-01 9.339452267391306073e-01 6.597164084942166440e-01 9.131528491076406073e-01 8.364757441379900849e-01 7.846933172322151373e-01 1.225980949671562792e+00 5.433857737759827389e-01 1.161229570983148163e+00 1.112051197073687270e+00 9.277592307859802156e-01 1.190977755117210712e+00 1.283873872322515597e+00 1.126705830304242983e+00 9.579498841031819367e-01 7.488803171219512445e-01 1.210828370219406036e+00 1.325859458373321420e+00 1.046050176662395970e+00 7.767916356933491917e-01 6.229645238025696141e-01 9.146638329940431911e-01 6.518324232733589962e-01 7.145821585729499326e-01 7.100722917299672199e-01 3.297807139687713995e-01 8.702683635815391394e-01 5.200222864668236911e-01 7.793944640309775629e-01 8.967565062942983722e-01 8.977325592667922960e-01 8.637436882688616091e-01 7.031931389607171123e-01 7.302849159396522793e-01 5.701293802905766928e-01 2.134084561634576327e-01 1.038181377209240752e+00 7.789273179753216647e-01 7.355541324006961146e-01 2.306278614629839741e-01 1.125501133555131039e+00 6.764192833765866331e-01 6.144603714232792502e-01 8.379702563650701652e-01 6.433508046138852743e-01 1.118938677522000047e+00 3.259836290973266437e-01 5.849955120761508587e-01 6.821244783297356618e-01 7.788448984457747581e-01 5.566709936642014744e-01 9.488899816123260722e-01 8.224306847682357757e-01 8.579389897975003842e-01 8.777924216146729686e-01 5.042687057646652038e-01 6.713962233113661693e-01 5.638013239298863555e-01 4.624939447066006015e-01 9.084134199940255838e-01 6.905368425405337129e-01 8.117566208967080810e-01 2.903826174055554876e-01 5.573157152292823602e-01 5.706897841051478126e-01 4.720862675610595915e-01 5.830851057594109710e-01 4.948608777412052406e-01 9.316644224029041466e-01 1.010694341639499561e+00
8.540618428644787263e-01 4.236731216313511794e-01 1.082813818077425605e+00 1.108085752249427403e+00 1.173209549644160132e+00 1.098641184465396714e+00 1.153601294495862239e+00 1.126520661910966892e+00 1.106899670312337935e+00 9.623494091985840271e-01 1.228173211184814040e+00 9.895124613130262814e-01 8.335145806689292503e-01 6.302376492710057843e-01 4.264036206369625215e-01 9.600632163641404926e-01 8.677131132338498087e-01 9.156224958132002101e-01 9.259449601760668669e-01 6.863825553469408147e-01 1.005435840941955483e+00 9.532773213538054957e-01 9.596293810247352729e-01 8.777624787098078363e-01 8.795229868034195597e-01 9.052345734435836011e-01 1.307289836256356308e+00 1.253672074611274168e+00 1.155445263078903606e+00 9.247632257773116260e-01 5.453944589522492503e-01 9.946140832329336545e-01 1.002106300140239492e+00 1.119726990317977844e+00 1.255551680762069022e+00 7.565891761507553825e-01 8.250434940741524503e-01 3.304500817899016507e-01 1.120900825668210476e+00 1.098255539445273543e+00 7.254475141311822473e-01 9.374740807419423838e-01 6.534786094786616539e-01 9.941045027538186751e-01 9.125825255577153516e-01 7.056731952651050799e-01 8.573248846995618067e-01 9.011098617572500524e-01 1.180672497208878013e+00 1.302974016582121086e+00 1.258784412294681188e+00 1.264378898102644033e+00 9.619535995113694948e-01 7.446701242593566361e-01 9.432672674216581177e-01 7.575816395496374200e-01 7.286631004421948443e-01 8.513456723654899694e-01 7.814956721709478416e-01 9.642723682668522533e-01 9.133422425733823680e-01 1.249643192467095654e+00 5.748082500321843868e-01 2.079061259215929380e-01 8.772303645108761039e-01 1.020394801855904809e+00 7.801126651171996773e-01 4.583874192017494686e-01 7.330011476715754259e-01 1.053339345159614693e+00 2.265064716633353459e-01 6.587900766643617345e-01 6.137343937544029737e-01 8.492110922763346226e-01 9.015318791403383880e-01 6.310579868916142976e-01 2.985919638227334527e-01 5.774139563177240753e-01 6.917196178991718014e-01 6.856326968336936556e-01 7.747823994206741727e-01 5.648438146360788004e-01 1.209100744211505152e+00 8.299475785480583401e-01 8.627582054244878895e-01 1.158447146449263609e+00 8.837996173997128002e-01 5.066002109704792478e-01 6.716305005179384890e-01 5.801785620677317734e-01 4.855317952712350227e-01 9.100564833196796988e-01 6.823515912829966057e-01 8.163351298590235672e-01 2.807683731606226418e-01 5.440595197519143555e-01 5.451225847240264155e-01 4.698723295890717133e-01 6.051493526689228908e-01 4.968206990359127495e-01
7.383129210219468996e-01 2.273934613329124665e-01 8.587776972983941493e-01 8.077705405735944311e-01 9.205826084219763672e-01 9.448419335597165736e-01 8.606893282738198314e-01 9.048324567641378158e-01 9.196791777095437714e-01 9.032569333649993482e-01 1.009049686257553979e+00 9.165836691826629856e-01 9.026670765090374360e-01 1.122189656469029018e+00 1.179038557590432301e+00 7.076146466795273371e-01 1.162095159742192907e+00 8.833562909554935061e-01 7.907756458276219425e-01 7.941186578748804514e-01 9.547937549713594318e-01 9.217250312769209586e-01 5.441577373785065896e-01 5.633510169311587434e-01 1.081172163109259898e+00 5.949851142082472899e-01 7.450102732093065727e-01 9.797015368831718529e-01 9.906776628195247403e-01 1.053850150297415356e+00 8.832428875611987307e-01 9.517251277026295142e-01 8.402061157275318992e-01 8.050393680057059687e-01 7.125727386014719666e-01 9.914103761111722202e-01 4.639513497755043403e-01 7.457996881981014958e-01 9.539047752314181450e-01 9.387378060397044699e-01 8.887953675762423345e-01 6.208551104494052231e-01 1.255663859497678114e+00 1.319724898084970066e+00 1.266301122375700805e+00 1.276694800641140271e+00 1.071231363625788191e+00 9.194891719144592246e-01 1.159142752582734692e+00 1.240390896096718043e+00 9.474247387278338373e-01 9.126716194770991830e-01 1.153433761187660167e+00 6.923274160048790149e-01 1.029717883498315167e+00 9.186168475326432770e-01 7.193364672895959933e-01 4.033357047015944108e-01 9.062366504131483813e-01 9.437327601880883821e-01 9.718910924163898235e-01 6.549644266290733929e-01 5.840157851275999956e-01 2.186045911174330503e-01 7.906413620027361588e-01 5.581005989809401102e-01 8.892773320019951022e-01 7.244010432842612479e-01 2.361737130128913342e-01 6.717835828536494747e-01 9.864090537376227763e-01 6.122577003111996374e-01 8.374252220170044225e-01 6.404189717203466747e-01 3.150500600503014503e-01 5.704144195996706523e-01 6.890315533170195961e-01 7.922749954565104780e-01 5.570826626813957239e-01 8.188868899294585724e-01 8.646114201806062161e-01 8.653979572214898219e-01 5.076605816934827153e-01 6.658724615425019033e-01 5.750074407674116150e-01 1.144378757331546925e+00 4.977008612333171378e-01 9.008564798751810265e-01 6.979101450894592551e-01 8.049188003580999284e-01 9.570450450332608217e-01 2.858064352947428111e-01 5.526566237254485481e-01 5.488299327302772479e-01 4.545306628358445900e-01 5.974346765113617286e-01 5.012143457696235371e-01 1.012316708233365503e+00 8.695603883953425539e-01 6.083010730294768909e-01
6.303029235789530116e-01 3.638503818234903875e-01 6.955182642104407176e-01 7.277144798242604073e-01 6.901924072851838288e-01 6.855468482598268132e-01 7.210718086472167609e-01 7.037651770328022804e-01 7.667594766719251220e-01 8.034622525502761459e-01 8.160437223247639649e-01 8.927823663933702747e-01 9.557394364084482730e-01 9.787804710856654600e-01 1.054610418409490880e+00 1.074206426970931716e+00 9.472648595364172586e-01 1.045437234990208797e+00 1.018139409187406530e+00 1.208949131466216853e+00 6.947260325066687559e-01 7.882476441356891517e-01 7.308801612938312653e-01 4.966204061078683951e-01 8.348258839566303768e-01 1.170889311298254354e+00 1.084178332785019849e+00 1.233686991985389891e+00 1.210422150933363250e+00 1.312039062639456910e+00 8.073681177294771416e-01 1.110239192082342452e+00 9.439937961869429017e-01 6.752714720234249679e-01 4.008607919636862915e-01 8.513439578433299459e-01 9.385580873775796196e-01 1.247134601615331073e+00 9.628511518621106768e-01 8.921796506212086308e-01 9.183871015632080193e-01 1.060886916639513622e+00 1.233889305600265773e+00 8.843400592777072022e-01 7.092497497237244541e-01 6.801288357684718289e-01 7.402916632933482788e-01 8.722611281948916551e-01 7.994657013953998526e-01 8.955572592763377804e-01 8.726368534796609122e-01 1.163225029845609271e+00 5.804713167265457274e-01 2.164773742886254848e-01 8.225634377697644828e-01 6.825985437069658213e-01 9.164345057547460538e-01 7.850018699880743078e-01 8.219603545999970562e-01 1.122753734259657188e+00 7.288406759516197209e-01 2.340086695389295701e-01 6.772644815685147091e-01 5.974283695191303645e-01 8.335130498455721737e-01 6.406766399078156482e-01 3.086040078252451080e-01 5.596873892399868433e-01 6.881641275699462712e-01 7.577945464621443916e-01 5.486881172544745278e-01 1.038821506304250297e+00 8.355343490063011913e-01 8.645009559671571475e-01 8.906229869658297549e-01 5.146295019443938301e-01 6.754572527460439568e-01 5.861256271113043370e-01 4.967231549715976358e-01 8.979833081326870081e-01 6.788503533335471518e-01 7.902434091628216528e-01 1.241655601121428809e+00 2.851857782728358104e-01 5.322460946721562225e-01 5.394650902266848735e-01 4.758551546662663223e-01 6.020489455072992602e-01 4.941223473208007366e-01 1.007495655618349417e+00 9.866787848131456373e-01 1.109306736959059014e+00 8.693226209115161307e-01 8.816771614315458416e-01 6.142085815975015795e-01 7.935655407794891536e-01 6.324412388770995763e-01 5.750319339411253949e-01 6.622749654203573533e-01 3.020118538189860979e-01
6.474247541976970721e-01 9.256529403124643673e-01 9.278770429515434959e-01 9.096719404923735430e-01 9.185752091373298178e-01 9.070047563408122349e-01 9.236388666379808932e-01 9.005727264577070290e-01 9.402197655152563227e-01 9.054190682745826280e-01 8.839770092103347299e-01 8.721836685330218719e-01 8.398152659079943794e-01 8.433751650084884144e-01 9.355564489389568417e-01 8.717067864408146738e-01 8.876830713249657112e-01 9.388300840716711226e-01 9.376887021766092678e-01 9.280627012082938165e-01 9.442177250276211353e-01 9.017962829505785649e-01 7.564717926157321637e-01 8.778765556663796765e-01 1.854103552159450108e-01 1.047959664485121678e+00 1.101211130717314468e+00 1.087070364271273570e+00 6.937139133358813936e-01 6.678747784936028831e-01 5.499857043648959110e-01 7.876909755301094718e-01 6.083680618595840306e-01 8.301133973341005001e-01 7.578541261072031521e-01 9.010658352774995050e-01 8.794323620606785408e-01 1.035981400346269732e+00 9.052320628932779556e-01 8.073169269964153294e-01 9.690566198883634463e-01 7.122578176204471534e-01 1.205843764436916210e+00 9.946786227456694274e-01 1.305602991382688760e+00 6.197691443598708494e-01 1.144379247195021376e+00 1.132579415826674207e+00 8.857626228070030194e-01 5.695737526448797494e-01 7.938481920041461359e-01 1.126766695840921706e+00 1.076649621048880512e+00 7.476180001816776777e-01 1.157848533283698966e+00 1.109602981895127183e+00 1.073598873796961506e+00 3.426260058406236375e-01 1.110805596724473432e+00 1.221252909883724813e+00 1.206486832712771351e+00 7.866879800665304012e-01 9.912390463610444291e-01 6.362647457596880551e-01 9.104039189888095684e-01 1.097428404968959326e+00 1.154919884502743299e+00 5.816349874096869987e-01 2.162263804909936027e-01 1.240609252740376256e+00 6.156143060698693326e-01 7.807821247877313464e-01 7.398512760299746915e-01 7.663329892846341140e-01 2.390920746608873326e-01 6.668548827401613588e-01 6.069413957236911017e-01 8.432385543320998211e-01 7.193413659243387270e-01 6.278782218471580245e-01 3.157638217487879206e-01 1.096610088035182118e+00 5.656654993812416654e-01 6.728726105898981125e-01 7.716131664409149327e-01 5.646549722667456583e-01 9.365829578493010121e-01 8.262006740662596327e-01 8.289636877599760867e-01 8.684393970673974783e-01 8.565937634642056819e-01 5.175810518427720330e-01 3.361768613523859472e-01 9.071814133562228211e-01 6.722625468656223680e-01 5.908070074032176766e-01 4.878751184333658952e-01 9.086231427939497340e-01 6.871107986343855112e-01 8.075586746209703071e-01
5.027478021429085953e-01 7.461262434366403573e-01 7.744118789353191534e-01 7.839615836675161153e-01 9.777396949016329275e-01 9.426682868584878028e-01 9.353840169960119244e-01 9.203178984470646862e-01 9.326899515862997481e-01 9.320816636171181946e-01 9.329302908533662064e-01 8.735580417430359734e-01 8.591871006970198676e-01 9.257346862797340981e-01 4.641339463855405079e-01 1.073687416619936830e+00 1.085458713440907275e+00 9.291323793373086337e-01 8.969042613647267848e-01 9.845609825479842980e-01 1.060377336160398531e+00 9.725230775311394238e-01 6.914057378780298357e-01 1.065612139712374562e+00 1.016405537420208560e+00 8.229724125378501398e-01 1.082331180089395772e+00 7.308930814429652756e-01 1.068397625892973268e+00 1.057083494159370529e+00 9.973446434714793307e-01 1.122421239426492745e+00 1.035487985361805752e+00 1.055269652179996909e+00 1.105612921431285089e+00 9.173165049401790228e-01 7.055537910432504445e-01 1.117146756933100393e+00 1.202438968358964688e+00 6.773961936101604575e-01 1.149866452902117642e+00 1.313443011356730139e+00 1.325722663998130102e+00 1.330533245781383656e+00 1.259262886443179852e+00 1.259327058558309842e+00 1.195419837101940441e+00 7.427328366844657692e-01 1.191235300838811018e+00 6.542211200397947124e-01 1.074814714940113269e+00 8.616774441343677537e-01 1.121197927865358546e+00 6.534046400940460853e-01 5.847172696227623812e-01 8.286655446029451699e-01 2.139547304784426285e-01 1.006732815723033969e+00 8.847533815841270854e-01 7.797104872048195023e-01 7.243865923117701611e-01 8.621094424857443927e-01 1.213037042159045509e+00 7.962844055275865029e-01 6.097880536056399237e-01 7.381539603245445003e-01 8.953376167410596054e-01 7.976374084435352563e-01 2.392518620029025489e-01 9.804219423550282198e-01 6.794754191267226018e-01 5.828625240432869781e-01 8.498161961329333547e-01 6.513285986900666513e-01 3.123767526053117805e-01 8.407954827200195824e-01 5.765555318119905959e-01 9.295592953551397031e-01 1.062995901362137952e+00 8.247323083021189660e-01 6.872646157653079513e-01 7.871449002221608815e-01 5.430393178338014382e-01 8.246351928683438581e-01 8.643260134739064737e-01 9.091354175221733058e-01 8.545981209029417380e-01 5.286638455506483814e-01 6.950921442207553813e-01 5.690372909076137908e-01 4.693315815464058627e-01 9.134484817143657676e-01 6.835140985403865832e-01 8.147959788228500422e-01 2.788782961780650882e-01 5.499898682044271903e-01 8.643192166182009917e-01 5.534809414867855049e-01 4.679666994412058911e-01 5.909382295813891961e-01
9.653121647239362169e-01 6.608038441741738156e-01 9.291860193877418128e-01 9.153264958088692671e-01 8.904974594505467023e-01 8.800271175513831867e-01 9.290794740820867981e-01 9.900871936342199309e-01 1.042911988780318877e+00 8.220026053246533015e-01 1.039171146359014308e+00 9.315385274900153112e-01 1.011699174091107212e+00 9.695154382649566749e-01 1.033208038286659303e+00 9.382138970539668499e-01 9.029412163558288018e-01 6.143909945087349112e-01 9.613872561021727936e-01 8.844308064863166674e-01 9.543276498755863813e-01 9.632969276237013379e-01 1.066945548089352380e+00 6.992652299251737036e-01 7.094471034709232127e-01 4.951558367856533360e-01 6.421995029834693947e-01 7.574175352857551724e-01 8.480604642081959188e-01 9.150102277032902132e-01 1.255523023748823963e+00 9.043122829873915247e-01 1.116932074265499342e+00 1.240600067800233797e+00 6.570031771760734829e-01 1.040530762431865819e+00 6.483296545005523548e-01 6.884145090382353116e-01 1.334708842036107512e+00 7.119123414052144216e-01 1.089093255488293943e+00 1.219707635554122982e+00 1.046245999586237430e+00 7.493666290860381274e-01 9.226086837515795613e-01 7.509746671732816514e-01 9.279091902420427695e-01 8.308429877460995483e-01 1.235631260114789187e+00 4.790431861568509309e-01 8.230278283433776210e-01 1.112070056817446861e+00 1.036592260098691209e+00 1.104938624358944743e+00 9.361410397625703483e-01 8.504745114094253156e-01 4.571737212112977899e-01 8.054285033030834651e-01 9.622701125486856633e-01 1.211664444704125820e+00 7.234064979656135153e-01 5.743718429095392430e-01 2.076843249253811641e-01 1.206142336224487188e+00 9.137327862282483837e-01 1.112511668739506243e+00 8.707679630923658154e-01 7.697425615314598124e-01 9.873031158111097438e-01 6.845243807231453648e-01 1.078401985162232402e+00 7.852246354030011366e-01 8.923187106149685910e-01 7.334192461468694857e-01 2.265506206089543950e-01 9.666504717356567689e-01 6.581939128161685693e-01 6.185578956867905376e-01 8.540292669434393913e-01 6.481407508982849341e-01 3.106055287482002991e-01 5.724499248011537533e-01 6.841476144784932600e-01 7.816501016312131789e-01 5.497568156565406650e-01 8.254379566368127419e-01 8.626718669871469292e-01 8.487487836224871796e-01 5.341459076912649095e-01 6.744477053584965187e-01 5.744488739408690758e-01 4.891926062474297177e-01 9.263658753663379652e-01 6.658764416832304578e-01 8.264009057613697085e-01 1.263065941525717273e+00 2.767077111235505815e-01 5.396609743834608341e-01 5.501743630354262171e-01 4.739317057345237560e-01
4.942141354892930494e-01 7.584960309573068882e-01 7.437647953259612921e-01 7.528389038575711290e-01 7.907895457037045217e-01 9.058428614127651546e-01 8.671964909672921218e-01 9.276541550707481099e-01 9.220128260680577892e-01 9.166727631020468170e-01 9.360627840725548321e-01 9.200681293081185430e-01 9.593680388612093601e-01 9.683760158237920690e-01 9.288855493792080864e-01 9.223966341001526015e-01 9.047444650375709996e-01 9.683202326206589161e-01 1.001049848325030300e+00 9.550745692079878335e-01 1.039172615949437217e+00 1.062926095817053662e+00 1.064385399106920316e+00 1.097667580810274268e+00 1.063385710221792735e+00 1.067214728068466734e+00 1.042204013594122181e+00 9.467124772362374152e-01 6.177648679548728428e-01 1.049551720776516817e+00 9.559257682274757695e-01 5.102249557483804487e-01 7.012587905666719523e-01 1.210569599839120158e+00 1.020599932185757730e+00 1.191214604107022845e+00 1.246946616507077943e+00 1.177125885655123660e+00 1.232081586914320681e+00 1.073520618106946101e+00 1.224182905789234832e+00 9.675134887114614779e-01 1.003966311752063412e+00 7.415073207376970954e-01 9.777524925848983806e-01 9.388497398435764474e-01 1.231908420176164309e+00 6.428210784993906302e-01 7.798712236573160927e-01 4.417337143656098752e-01 1.101051557690569060e+00 6.269574009813887461e-01 1.047348192403357192e+00 7.765521536873628561e-01 8.720768170626955751e-01 8.060113796045369483e-01 9.576396168251627428e-01 1.170823424660964340e+00 9.365045184604826600e-01 1.164267581784735883e+00 6.199617219381953204e-01 5.749830088266321138e-01 7.703450936048186204e-01 9.372884224851919521e-01 1.083931931457459363e+00 9.924982404216694531e-01 1.114664006379603833e+00 1.184151385137313550e+00 1.130558116665945079e+00 6.657265434601021825e-01 8.171517935035750302e-01 1.195228667881104379e+00 8.073875285696452409e-01 9.681453513603425209e-01 3.826005186307260275e-01 5.866281658029767199e-01 8.620546390095598088e-01 1.321006625865411843e+00 1.269652890732562156e+00 5.811996824798589811e-01 2.111012757407881302e-01 9.035327265010164588e-01 7.803482894483261267e-01 6.991288641805222248e-01 7.233274462474523769e-01 2.436488612397654241e-01 6.816533521333513201e-01 5.915281476702853869e-01 8.441399643577008893e-01 6.415536179926372151e-01 8.800167079525549330e-01 3.321882704789666518e-01 5.735502193973106566e-01 1.213469101743356537e+00 6.838816798448960066e-01 7.664308395136205654e-01 5.599486701705785885e-01 8.392172650717726334e-01 8.841469918359083913e-01 8.736476255258940338e-01
3.571720730786931419e-01 8.196164191085233419e-01 8.015521523982075403e-01 8.446660777290727617e-01 8.672974640759271159e-01 9.424157010045645100e-01 8.467170748629297972e-01 8.463306338146607821e-01 9.691951287857148989e-01 9.883993690336039251e-01 9.493646593188989069e-01 9.624750591797356369e-01 1.047842709580638410e+00 1.090504919555287389e+00 1.005197461128786163e+00 7.227803912125552177e-01 7.269885021553842419e-01 7.425308292342613914e-01 7.506016973705551543e-01 5.771101797307389702e-01 6.905936667035497134e-01 8.479826983816546315e-01 9.052959900766709422e-01 1.074676940837973271e+00 9.006408787135655736e-01 1.007844193480296413e+00 9.448335446477196253e-01 1.136983778323884753e+00 1.206909584891071141e+00 9.433313170709196616e-01 1.266797721472747718e+00 1.096313843099114171e+00 1.211955913471319590e+00 8.115917818376143789e-01 8.203158216839201433e-01 1.288950449972300571e+00 7.123881825375386612e-01 9.106544229229671661e-01 1.070521796383300250e+00 9.600201696113385141e-01 1.233975399105869730e+00 9.662747464508875117e-01 4.914314047907371030e-01 5.185274680750722176e-01 6.101967222090542986e-01 1.258319164459988038e+00 8.504085635392010234e-01 9.036082267089891040e-01 3.757416951956583651e-01 8.835602578595949108e-01 1.301919462987874532e+00 1.123181262606831154e+00 1.131230086886782615e+00 8.809486732123639197e-01 9.822844032842235062e-01 1.233362090036076886e+00 8.821907832843236541e-01 8.834278722556719865e-01 1.223810242151179839e+00 8.935534727348141137e-01 4.344879600187988022e-01 9.676868391484207965e-01 7.373646678016182454e-01 6.920695641186073166e-01 5.824031545702852419e-01 6.030030770893193282e-01 5.948456255839473794e-01 2.047488486722526535e-01 1.205466447095855598e+00 8.295041908709047673e-01 9.183095194354696789e-01 7.972185139400954634e-01 7.091763926684516717e-01 2.313783629220411142e-01 6.834760116552616172e-01 1.121217522404329481e+00 6.256827149883897876e-01 8.196415246115799080e-01 6.212364691641286685e-01 3.070889213322454125e-01 5.784861449970444269e-01 6.802857757790428117e-01 7.829288289978749704e-01 5.604792535461531333e-01 1.219968610320043112e+00 8.331267924961059945e-01 8.562914564676434859e-01 8.591827531586857525e-01 5.348934393530092590e-01 6.649656017857494827e-01 5.739690526678161708e-01 4.898646989341356450e-01 9.178661317583161061e-01 9.514958715966685965e-01 1.109710751859467770e+00 6.797616218615680772e-01 8.151585390267481745e-01 8.880372426168667843e-01 2.851967389680727383e-01 5.409672565705505587e-01
5.514323324373655577e-01 5.845989063607905933e-01 6.353720308107553283e-01 5.959788022658150108e-01 6.862610079723862055e-01 6.662375935296399598e-01 7.592947533521130499e-01 6.912618404824614204e-01 7.972629690503859612e-01 9.445786319422935229e-01 8.917404880165206160e-01 9.415634610251938375e-01 9.500853097224923882e-01 9.565848795321133524e-01 9.008473561679727348e-01 9.539526593860285786e-01 9.399620973277873492e-01 1.027427649290209022e+00 1.065926387131122199e+00 1.070565639164247962e+00 1.072869222152028179e+00 1.072070254825485014e+00 9.602691427221390352e-01 1.039443387984842815e+00 1.005858960517860945e+00 1.094325242325292935e+00 6.665972145526924963e-01 1.058299702700127742e+00 1.091161336610816379e+00 8.964460553174763424e-01 9.918458647398030736e-01 1.104136350453950310e+00 1.094385250600891757e+00 1.093097644458758566e+00 1.062426312607424261e+00 1.207493747084144475e+00 1.117439205427242843e+00 1.130042780291007354e+00 1.143711563279583787e+00 1.065117132671619338e+00 1.261239975425355597e+00 1.152333527824437542e+00 1.158053418681814772e+00 9.525943904377313087e-01 1.276267149828097747e+00 1.328918410838434649e+00 1.309711843739042703e+00 1.267444953588134027e+00 1.139408602521548408e+00 9.683499918267211015e-01 7.187044821748463930e-01 8.833313691512396648e-01 1.026514298842422290e+00 3.981105759532353461e-01 9.656397609223579259e-01 7.223564756085041338e-01 1.268748602759049549e+00 4.420974379952593569e-01 6.731517715373008803e-01 4.118096080113483048e-01 1.274327045538229841e+00 1.320527294455833278e+00 1.210151868761431659e+00 1.110331653813111830e+00 7.896349374948372635e-01 6.224052221808156204e-01 5.764303104613789364e-01 2.174686742617561452e-01 8.885204929342395141e-01 9.111490625661168297e-01 8.506400852637304721e-01 8.715711554913747605e-01 9.664891841867515598e-01 8.671865712319379860e-01 7.643752499096923003e-01 7.060897016841077845e-01 7.907643177347792873e-01 7.245408380732326625e-01 9.091547058964729588e-01 7.800098550205361025e-01 7.671056264494350296e-01 7.243243796505371979e-01 2.226718969278749793e-01 6.652159832540385231e-01 6.023467212667245052e-01 8.542014539546471941e-01 6.321909798746790932e-01 3.194228263534212853e-01 5.826496783637142851e-01 6.809687679280513883e-01 7.739797581180738462e-01 8.169458671455764875e-01 5.522611814358396876e-01 8.300685135932700520e-01 1.010503845980940785e+00 8.514874878412926895e-01 7.601868559717028795e-01 8.531614737987605057e-01 5.227182500974986157e-01 9.212964619698642554e-01
5.695511576921288288e-01 6.807926007761150311e-01 7.979247746041321365e-01 8.814705615112701231e-01 9.070341481492687485e-01 9.235519771042312032e-01 1.051418100613506379e+00 9.282320102715903021e-01 1.121924640329446055e+00 9.969264225303166027e-01 8.708023760014336201e-01 9.716839413997055974e-01 6.816064477056894555e-01 9.570386768080952899e-01 9.431478631998034823e-01 9.382205714438038857e-01 9.616788473352352318e-01 9.732639960359810161e-01 9.474180643379969124e-01 9.234516163249391063e-01 7.778008769162252367e-01 8.255394196089220760e-01 8.599864354211689266e-01 1.149870126878174803e+00 1.215116880004950550e+00 1.130546727340168367e+00 1.208200497611655377e+00 8.181091704311120871e-01 8.802781725819494030e-01 1.116256430068604866e+00 1.268437049589410393e+00 9.533013858969793253e-01 6.662542488877654101e-01 9.970412342821000085e-01 1.259798552152300077e+00 8.271257200044945801e-01 9.486628074261308496e-01 9.022178104701925605e-01 1.137169926444109525e+00 1.200119832205876147e+00 1.269391058705561903e+00 6.500403189856565067e-01 7.903097856635860063e-01 1.135446341809871251e+00 1.136441376991993435e+00 1.113331945127180367e+00 7.515653812903235753e-01 5.767825835323172612e-01 3.727701221277691657e-01 8.711965936323567972e-01 9.306743470884591973e-01 8.874228925871910922e-01 4.864761295837695121e-01 7.594346093740186321e-01 3.548461400698990076e-01 4.168016842118208443e-01 7.527692820112897865e-01 6.185742448802444837e-01 6.969502576116164416e-01 8.774921965378763566e-01 9.438330597344463113e-01 1.080247423335696455e+00 8.204981121292849178e-01 8.114738472061825414e-01 1.216209887881927632e+00 1.162405488253146491e+00 1.020961757594444519e+00 8.050389393751659073e-01 1.057249312945412578e+00 7.941392321408000665e-01 1.118693378387256576e+00 5.819011669750214777e-01 2.191375931939118782e-01 9.347738308058675116e-01 7.978351295883396865e-01 7.324554397612325074e-01 2.310550224125521579e-01 6.955643726099569601e-01 6.007810563700058948e-01 1.133187703795855761e+00 8.453262912265274709e-01 8.669184322127064801e-01 6.430282907490091349e-01 3.188653004867615381e-01 1.081234253304624415e+00 9.852592216976296946e-01 5.685905966520089505e-01 6.729554587499849694e-01 8.157687252168925873e-01 7.727991871450700101e-01 5.425939094698164489e-01 8.305686642005052356e-01 8.534730269683996617e-01 8.565009343358305216e-01 5.120709450182532319e-01 6.808481390475110695e-01 5.813754210012552770e-01 4.801494203476334710e-01 9.149595880666370196e-01 6.807362664765733706e-01
5.500907188471937381e-01 8.402017069562633944e-01 9.302915800162471216e-01 7.070440169649306883e-01 9.885458382124122645e-01 9.862185580790638895e-01 9.570157756906728652e-01 9.730598454330767755e-01 9.565109101474977837e-01 9.730969525912530615e-01 9.451270341017449228e-01 9.204829212049612241e-01 8.914932906608143970e-01 9.540329357628754003e-01 9.393195189154065483e-01 9.662265561316056850e-01 1.021842164723586022e+00 9.049052014900677010e-01 6.024426120418139297e-01 1.066995514163728398e+00 1.069134747955889253e+00 9.513921430059907314e-01 1.016197467909510044e+00 9.347250281572428987e-01 1.076602961552955762e+00 8.851896662409036720e-01 5.976797919473022525e-01 1.070484444293386739e+00 1.072629556447239008e+00 1.015645881637475823e+00 1.037698861687079477e+00 1.026273347246013268e+00 1.038512402451982508e+00 1.014515154272979558e+00 1.071890352464557328e+00 1.252207382823190551e+00 9.936158639382288715e-01 1.042613784390353571e+00 1.219434781598951467e+00 1.072751042588859338e+00 6.853464940988481802e-01 1.221541684401810102e+00 1.260536653942164520e+00 1.301337015316960999e+00 1.265292003618693428e+00 1.269403917621761524e+00 1.201635224863547347e+00 1.178422064408056524e+00 1.285103307177078324e+00 1.247111088168565862e+00 9.117402053136987039e-01 9.191299795219467494e-01 5.183859587639408906e-01 1.116243203754799351e+00 7.578121203142840212e-01 8.487469466344587099e-01 5.277073258841912251e-01 1.133435084850364927e+00 1.038953157112961767e+00 8.419047173245820526e-01 7.297810913563599344e-01 7.711740038362269178e-01 9.791910379100425832e-01 1.112610008831967034e+00 1.249442225976774123e+00 7.865716987243243086e-01 3.658290628619574880e-01 1.107259597500061865e+00 5.290382849437976764e-01 1.148263374682551241e+00 9.558224682673379657e-01 1.173097738306156712e+00 8.390502216270446789e-01 8.907222455523048366e-01 9.666175284170117621e-01 1.300461016959088001e+00 5.144255350402924254e-01 7.042246077387382952e-01 7.686363273406772167e-01 5.845728211307854583e-01 7.697216198679345256e-01 2.197182957261982761e-01 9.629840273295078301e-01 8.648128153014676966e-01 7.183077539936175704e-01 7.756281487090107563e-01 1.122391112822824777e+00 1.230031263342740822e+00 7.272872576417579449e-01 6.779311857570036182e-01 2.158848384917886054e-01 6.558505284211033626e-01 6.070776390024739122e-01 8.249363364391547604e-01 6.291205156179205948e-01 3.005878206992673718e-01 5.773507639295425431e-01 6.929370510986148091e-01 7.821022456179693716e-01 8.678453151389698972e-01
4.812347741078250585e-01 6.574801205012149596e-01 6.093328479721694668e-01 6.142038666615616815e-01 8.253773972648055235e-01 8.217762271666038121e-01 7.219983241758745063e-01 8.722114070522527518e-01 9.596369739085865991e-01 9.834358886134422217e-01 1.029605949694443412e+00 1.056353597582700088e+00 1.064294774364179297e+00 9.265938455806789209e-01 8.737122875044983639e-01 7.322397773666827758e-01 6.713424607950644329e-01 9.796137288554079836e-01 7.994625172828170312e-01 1.182510342498490852e+00 1.266527806698421799e+00 1.266378398338767752e+00 9.367406326550834494e-01 1.033728028364602647e+00 1.283933023337034296e+00 1.329204736039148571e+00 9.218551512622753519e-01 9.560488464253874552e-01 1.271618712854829525e+00 4.550246289167170777e-01 9.638433090963213212e-01 9.464696274188653113e-01 1.296104538616487778e+00 6.883838313381588359e-01 6.662951524878674148e-01 8.032042781981357793e-01 6.846377841174401402e-01 9.622456193749718834e-01 8.968560098125105684e-01 7.495996204009904851e-01 8.736959995439788074e-01 3.458121391102454423e-01 7.376058030968303258e-01 8.825151953701625418e-01 8.068879290588185649e-01 5.820077122806763814e-01 9.905842825947409613e-01 9.156071875796291115e-01 1.276951978965134904e+00 8.929800263052404263e-01 2.179181239994038566e-01 9.018761919298197149e-01 7.826271343306555606e-01 1.112776439947352092e+00 7.415086066293170575e-01 2.350746277671865170e-01 1.207472927886487746e+00 7.819662472709236756e-01 1.115263844203854271e+00 6.825389640619070608e-01 9.851982336950824148e-01 5.945414203664223241e-01 8.269437969567354774e-01 6.382806564222001100e-01 8.685316750993641310e-01 2.986848235675758079e-01 5.762540208435740219e-01 6.901367465479192331e-01 7.767093998626052320e-01 5.652571981754330732e-01 8.685204082394557545e-01 8.404402704682355507e-01 8.517134373688022286e-01 8.766596123304108978e-01 1.176517107822467878e+00 1.163884018684378407e+00 8.235527170560636989e-01 5.206692124175387182e-01 6.770141001002256687e-01 5.553319518572695790e-01 4.872710555366500107e-01 8.909609315301455501e-01 6.773648423478068059e-01 8.149972514778429655e-01 2.976654789105429022e-01 5.532941198042836684e-01 5.448556091305462035e-01 4.635113911426707034e-01 5.866275534736338226e-01 4.917627361981501410e-01 1.019421810530125372e+00 8.883766567716053775e-01 6.016116811235741046e-01 7.252976771409882506e-01 6.315311950077643344e-01 5.639605907919602590e-01 6.150527388295468079e-01 1.168686027856832066e+00 3.081695601564970466e-01 8.214474675424306982e-01
5.376107120448151422e-01 6.667912617214398763e-01 6.966361938916716401e-01 6.690335505420014206e-01 7.507909683704283577e-01 6.759656697994076424e-01 6.768834290184626568e-01 6.655708893411511617e-01 7.262088232031405077e-01 6.977137098362747869e-01 7.264848612708947329e-01 7.326394447287571943e-01 7.525549055083599059e-01 7.446948011318732519e-01 7.340872974599126355e-01 7.066715982586128098e-01 6.933538024493547391e-01 8.357036580695976768e-01 8.596846795210152381e-01 8.771000608267188747e-01 9.158932678486060297e-01 8.067976104807490501e-01 6.825019181366649423e-01 7.814353577306776266e-01 5.929452614684300737e-01 6.106235157610166997e-01 7.173324358163351011e-01 4.847811407298421305e-01 9.816574392700851970e-01 9.463734304791044938e-01 9.207513663888642341e-01 9.055094480855864214e-01 9.157946215914737342e-01 8.716197744411965376e-01 9.413961726487287685e-01 9.079201274754301609e-01 9.799995575743342124e-01 9.712234697338866241e-01 9.459141222390369252e-01 7.634181179138923579e-01 9.266982477336338508e-01 9.353263355719159122e-01 9.790915343918303870e-01 9.157026497241785856e-01 9.001139080811138005e-01 9.524116101288921943e-01 1.030826077142994901e+00 1.115534371307522754e+00 1.012105454610084276e+00 8.899388313910698844e-01 1.053988659194766697e+00 8.891056348542616394e-01 8.404966660007114898e-01 1.259908893899880589e+00 8.295938971196313849e-01 1.030685118928272193e+00 8.839005905083477943e-01 9.383167071506304246e-01 8.440009655968752078e-01 1.286525748240505695e+00 1.271130196505108279e+00 1.235293866646882011e+00 1.269249978024970638e+00 1.198569291843925910e+00 1.303794537901532324e+00 1.302668831637647351e+00 1.295174410344707372e+00 1.251084248342545502e+00 1.334245063791837271e+00 1.088259507855077191e+00 1.197671127163841831e+00 1.246839091474474470e+00 1.316356229438246261e+00 1.297658018159283833e+00 9.415318648311030714e-01 6.748758460350132715e-01 1.023204536278480292e+00 9.217788550261569736e-01 5.845475319289259453e-01 2.099040800261260664e-01 9.012709043744181470e-01 8.216813773513972352e-01 3.758242371910737734e-01 5.323021840399606575e-01 9.379977447959428893e-01 8.731484546456074192e-01 8.413081860787831046e-01 1.022881532550129924e+00 7.851836705699648533e-01 7.253227214111105381e-01 7.541983974645540822e-01 2.248349809479396333e-01 1.097243848905026020e+00 6.623488123391043647e-01 6.032480088264570162e-01 8.371970681038606310e-01 9.720521350335578070e-01 6.265489160767773180e-01 1.149513261337165249e+00 8.355194081703358755e-01
2.860383550333450708e-01 6.323373878205531540e-01 6.529087145592764596e-01 6.483019772142558645e-01 6.858408888102607293e-01 7.001992158718141068e-01 7.955011138322201081e-01 7.849290027962758654e-01 8.253636810875257801e-01 1.046690428223273850e+00 9.701956136989882129e-01 1.048709890395974398e+00 1.023801006291344962e+00 1.074399433179796137e+00 1.063807850070749517e+00 8.540402276386763747e-01 1.029739559957052020e+00 9.009437980394706669e-01 1.031305286086704909e+00 1.038436351147601133e+00 1.113174454020200876e+00 6.916424644019734114e-01 9.157766803417284329e-01 4.564642152017440724e-01 1.184983418248370501e+00 1.020045774130483585e+00 8.749899126783430292e-01 1.038640011887031145e+00 9.270426829889838460e-01 6.690160379227960696e-01 1.108101917744078513e+00 6.662030581547035979e-01 6.709865749810033364e-01 1.053882848684323248e+00 1.030971566594854671e+00 1.150040844298959808e+00 1.135581176731165653e+00 9.578980198078429487e-01 1.134286957432129928e+00 1.062482034577623136e+00 9.491998202598053158e-01 8.999575803998856038e-01 1.107203385666388762e+00 9.370644936445138296e-01 9.129373091789593220e-01 4.880251391223627278e-01 1.206226470276194007e+00 1.245303981811963778e+00 4.728012233017646060e-01 1.107189914420846355e+00 9.129635781077674039e-01 9.593431782898899085e-01 7.915180951558207223e-01 8.880144639653130278e-01 1.179303818661752379e+00 1.072707322273780184e+00 1.184692929208125189e+00 8.194304546871015171e-01 9.649668722075063210e-01 8.413692965471989416e-01 8.352148355552050374e-01 7.986028681183979794e-01 9.522195836469762309e-01 9.868885688460041772e-01 9.031835150767922871e-01 5.812154193439701411e-01 9.431586401962375188e-01 1.068658355727156506e+00 2.131462873553188475e-01 7.835623449359816473e-01 7.459958172866145709e-01 2.290653806788481572e-01 6.806902193099915177e-01 6.185267893561740005e-01 8.353625906256334499e-01 6.405054326235563034e-01 8.845270034260774850e-01 3.224614801008190423e-01 5.786858868286802737e-01 6.806639503811834357e-01 7.735982769374818435e-01 5.636415672043383340e-01 8.286510323975196934e-01 8.675529891106960045e-01 8.693103743246591852e-01 5.139784121541475237e-01 6.647286915630030713e-01 5.742041259025341127e-01 4.917205467064281743e-01 1.203565654349798342e+00 9.328514840669420716e-01 1.140809367126238927e+00 6.888503650644719478e-01 7.968588929170430379e-01 2.732339973780619213e-01 5.527091003501302113e-01 1.149437822362126660e+00 5.546354884627184845e-01 4.636323874208167495e-01 5.867081972480864271e-01
5.606106594231275997e-01 8.769499789047877636e-01 9.757611363290343842e-01 9.244330577956498818e-01 9.710446695657760641e-01 9.615116201917044414e-01 8.651613531634146925e-01 8.473736143843274560e-01 9.883386871957280384e-01 9.831819556349646883e-01 9.380206459133652031e-01 9.292197587345324417e-01 7.630701923812881482e-01 9.137801805193845883e-01 9.392541221415907637e-01 7.984101068412705615e-01 8.086775227962154089e-01 8.430481199064752129e-01 9.100581978418397222e-01 9.811135683477708591e-01 1.017953444765984594e+00 1.021344279734919258e+00 1.087319949711416989e+00 1.075463784043528159e+00 7.062201890670679605e-01 1.041137825742361800e+00 7.243171541642916544e-01 9.633160322991980440e-01 1.268603480704795450e+00 1.066765523262556137e+00 1.291779411536241318e+00 1.066025706950531671e+00 1.233701198026143864e+00 1.038897680074500007e+00 1.251960981495629843e+00 1.252944259954369421e+00 1.223779135820563413e+00 1.061157076345576433e+00 8.735233839022309432e-01 5.860588219800000331e-01 9.741150113566660051e-01 7.443704502789685318e-01 9.339746797805213996e-01 7.805646254051530342e-01 7.818014082118299735e-01 1.206182872426983410e+00 3.745948023365109347e-01 1.046715533726330527e+00 1.192885038554302168e+00 1.193429766737696296e+00 8.039128657136752620e-01 1.163332309946475629e+00 6.991487036512303854e-01 7.639798076200834398e-01 5.405277265682569832e-01 7.417779703072343578e-01 1.099366182407324422e+00 4.269126500196689933e-01 1.170002658409815766e+00 8.126570511953605802e-01 5.886755501937108725e-01 1.137316028225312081e+00 7.060503901402972460e-01 1.099778647452664293e+00 6.951127797196092750e-01 5.817428798398961431e-01 2.226465311848476458e-01 4.983973246278682878e-01 7.886063466647273978e-01 7.295413644186364843e-01 6.891209534010748206e-01 2.304588126396582282e-01 6.695723391307701888e-01 6.114132981474172945e-01 8.386280205451535075e-01 6.256277890463366465e-01 3.239530531470534713e-01 5.767934217616855763e-01 6.706362613639621495e-01 7.937968175722814879e-01 5.669286735825951329e-01 8.324348603386918510e-01 8.642916005648386690e-01 1.174956525259294837e+00 8.929265699536100831e-01 5.131698924898558944e-01 1.208440285782313328e+00 7.374342896478995879e-01 6.799527298494697503e-01 8.864361850841318002e-01 9.172297991052322796e-01 8.819991242000133624e-01 1.002962275328601605e+00 7.757762099441105619e-01 9.259554922407637889e-01 7.066896619742266683e-01 5.597691352072565740e-01 8.817344142251017924e-01 1.043834401702379511e+00 4.822355651857697656e-01
5.965420227953632804e-01 4.962682555027986275e-01 6.528288055800353096e-01 6.876849186262363745e-01 7.500967705944456831e-01 7.489955575042744895e-01 8.135821583665298062e-01 9.077786181642989449e-01 9.696578660701022923e-01 9.704518735289685560e-01 1.066090736326741784e+00 1.060904306792850305e+00 1.044968680577064379e+00 1.036007852973880539e+00 9.521743937414743897e-01 9.485010300137513006e-01 1.066574598973457189e+00 1.056518559107662236e+00 9.690392297350266526e-01 1.030616782973610812e+00 1.004829022563196839e+00 1.008258801678336258e+00 8.631966944668987285e-01 1.052833561122425099e+00 8.944505964550153454e-01 9.571954331198634369e-01 9.310244770066975484e-01 9.326317190657952283e-01 9.305015477479084973e-01 1.006361499209533328e+00 7.243259104738942744e-01 8.333439857140128026e-01 8.555691527748242597e-01 1.019332410446069925e+00 1.027446876431574285e+00 1.083723494549155175e+00 1.118127708540337162e+00 8.693746689056578436e-01 1.111016850347754659e+00 4.050941308754404391e-01 1.152517716490764954e+00 1.125705774021509731e+00 1.151934778956377192e+00 1.053415886327470075e+00 1.095820183182913077e+00 1.259460178957444221e+00 1.125917884905871080e+00 1.286281673764448019e+00 8.688732324068026980e-01 1.115496039490660785e+00 7.911710881172308030e-01 1.095443600637063808e+00 1.144146806976477526e+00 7.759932194632145341e-01 6.654136431659086748e-01 7.375663078542168405e-01 1.039251361502926851e+00 1.268596745082024135e+00 6.797256781291430849e-01 9.181162070619337534e-01 8.196687120344022803e-01 8.770434203625057101e-01 1.027372907046958606e+00 8.123485596724355773e-01 3.976030161609516722e-01 9.786787019488847328e-01 4.587583683176445493e-01 8.957401620510454521e-01 1.102208860148544911e+00 9.494607950257255569e-01 6.148450367164539632e-01 8.743994434930383308e-01 8.874863911400441285e-01 7.326138493622263992e-01 6.548821295653950436e-01 8.881575653327357101e-01 1.120210118169481905e+00 1.116681754030144580e+00 1.098035100881849413e+00 5.717906297977133345e-01 7.195611921584198489e-01 6.598679600065706641e-01 1.234105702790026848e+00 5.828480118378616126e-01 6.426885704295991486e-01 5.840197652683284391e-01 2.043436550378590066e-01 1.009360443399047513e+00 7.725415801905354263e-01 7.402650881998689147e-01 4.948171574261261418e-01 1.234310710654011212e+00 8.814509057393647984e-01 8.539291510958844089e-01 8.281342264321591706e-01 7.961022987810245644e-01 7.461875988367933088e-01 2.402562811322036529e-01 6.661549290683560498e-01 1.222905341848324445e+00
6.324412388770995763e-01 7.737548495504471546e-01 8.635412521881172809e-01 7.193980063885517806e-01 9.072930409954234054e-01 8.457004856879396515e-01 8.634369725010309082e-01 9.154618818265721769e-01 9.341698291420859057e-01 9.725284047964221079e-01 9.759033192024428871e-01 9.916940682957120501e-01 1.023678846587447566e+00 9.978392831146289943e-01 1.097097012328612120e+00 1.078421947098809008e+00 1.034879819858492755e+00 6.398954913651491161e-01 9.762170155247820169e-01 7.477790427988457722e-01 1.057181466854225427e+00 9.598375117683680680e-01 7.356154265679148985e-01 1.068163226220532502e+00 1.092529525294467785e+00 1.152925405367230871e+00 1.186216282147253276e+00 1.154862080612778730e+00 1.210167421926739983e+00 7.601748543165831595e-01 1.123142195994757619e+00 8.847045789355023615e-01 8.812134444202097683e-01 9.677015350526489978e-01 1.176270951426644507e+00 1.131347531654740113e+00 9.108551444815515818e-01 3.927083615589256893e-01 1.296786306106810782e+00 9.423819616577738811e-01 6.156669051604196641e-01 9.710161350183995621e-01 1.052825723306836769e+00 1.094165669298547749e+00 8.688095501551468258e-01 9.213742277964054317e-01 9.677682789510190231e-01 9.423669595888741757e-01 7.866515464706311800e-01 1.077703194916178386e+00 1.305975777486612532e+00 5.795612728572104855e-01 8.944142853249846814e-01 8.469830707294613292e-01 3.796171888394542782e-01 8.880541429067293491e-01 1.013341992485024212e+00 9.225235699729241734e-01 1.272991065378012099e+00 9.503315273512501493e-01 7.590236139191015585e-01 5.321519184192267105e-01 1.274156695515050508e+00 1.110817843311330266e+00 1.033326340315696701e+00 8.450649490630015581e-01 7.027832456986171650e-01 6.886193944363510067e-01 5.884262096853046797e-01 2.123011044716244244e-01 7.920712734841461877e-01 7.166022330749932667e-01 1.077111807236859287e+00 2.353637543746440186e-01 6.780607546459493928e-01 6.073573510462851877e-01 8.448066073132555198e-01 1.076206539536398221e+00 6.374903229393908966e-01 3.094138746140909779e-01 1.150875816590862355e+00 5.778484039864720812e-01 6.895899364447592994e-01 1.060952803276803635e+00 7.894245411326359374e-01 7.402053248560073184e-01 5.470108247185553330e-01 8.356246063514365385e-01 8.611800490091753302e-01 8.602276931822495643e-01 5.285565654497820232e-01 8.727372754918873987e-01 9.011810144268885825e-01 6.698341711577703306e-01 6.692011450831378827e-01 8.976627537217080066e-01 5.756235665521814981e-01 4.735391413928262683e-01 1.263165751208600973e+00 8.942208504855800877e-01
5.182302434120555912e-01 3.032219696827821442e-01 5.727879918313381058e-01 5.631521935935371870e-01 6.019179682608648552e-01 6.340644014991112520e-01 7.827081455027138368e-01 8.355948471453742421e-01 9.168908135810336368e-01 8.799705383201044118e-01 9.018205311925551193e-01 9.406708685421296678e-01 9.360084704598444771e-01 9.090015010948933050e-01 8.490943823035885796e-01 9.566275588873096591e-01 9.934185714239643916e-01 9.911408899673864736e-01 1.131983986773692497e+00 9.250223023222690077e-01 9.623791071717119339e-01 1.016915913927469273e+00 1.131113621845773576e+00 1.082462585966370128e+00 1.077341675672163213e+00 1.100452332195661631e+00 9.226539961229500708e-01 9.885233657255299011e-01 7.907337625005713688e-01 7.894149275619533057e-01 7.778403721588387221e-01 1.069413357806883624e+00 1.112337032410926962e+00 1.361332431999503934e+00 1.228938377931632298e+00 1.171520377918989775e+00 1.321470281643813527e+00 1.281083365041305377e+00 8.807404200028625674e-01 6.701411318573382569e-01 1.300777958626944120e+00 1.319647377190166004e+00 1.283954087466428140e+00 1.245436857279360821e+00 1.055167760577347735e+00 1.021795933858201222e+00 9.253789841644758374e-01 1.223226202423974840e+00 7.369725320904607635e-01 5.681361258137498371e-01 9.311234906614354045e-01 1.002879243469712023e+00 9.008750334542692251e-01 4.408428976376399522e-01 6.250975118354334947e-01 6.858926306397310491e-01 8.069322617032405054e-01 9.608634083493694522e-01 5.770435582982375022e-01 1.003653044060264232e+00 1.042027662743383098e+00 1.076618759650001200e+00 2.169605021401296296e-01 7.875604881471492957e-01 9.253087499888515977e-01 7.493357676871588158e-01 7.847873710192759811e-01 7.198651524442077898e-01 2.245764095746900502e-01 6.598585913676251469e-01 7.404320704116624796e-01 6.124137830606907196e-01 8.478351882429634445e-01 6.450679597900236262e-01 3.187464473613154659e-01 1.222151686893151679e+00 5.866228997706282033e-01 6.805118477724209081e-01 7.561195195447938389e-01 5.542542522138635963e-01 8.271142082128490891e-01 8.724669320870216405e-01 8.557396864968064287e-01 5.229108276758231977e-01 6.750632800468578942e-01 5.638275316257601588e-01 4.914580411171508012e-01 9.166226745618021310e-01 6.822730906612439750e-01 8.190997356090312653e-01 2.898336335332283853e-01 5.387843024633105493e-01 5.591893817854516335e-01 4.523202151411108707e-01 5.937993384358293270e-01 4.901726393606520293e-01 1.030139043620323491e+00 8.773502585962050793e-01 6.213332172002981046e-01 7.362791303426238221e-01
5.920084588068125209e-01 7.789164185130189599e-01 8.693539109409355037e-01 8.642093035011604307e-01 9.175796228587992376e-01 9.362858556521529430e-01 8.970452195794494932e-01 8.846179955664241756e-01 8.548550542951992570e-01 7.706799152894858729e-01 9.552255083909989564e-01 9.373509413110964195e-01 9.374026831405667393e-01 8.870750895204555508e-01 9.778481384282506905e-01 1.034643460732154852e+00 9.624236235149367102e-01 9.039982192674467232e-01 9.122073513693547131e-01 8.991831062470561076e-01 9.715816211665162516e-01 8.573398255355272335e-01 6.888071346128671335e-01 9.439100907657761441e-01 7.339274182684959458e-01 1.044056432322094885e+00 1.081165182554751469e+00 1.046919561863366210e+00 9.617566743947106866e-01 1.015136301158360732e+00 1.094087168676795008e+00 1.089749917475560270e+00 1.072855750906485772e+00 1.051749983117327814e+00 1.306187643439236545e+00 1.196998299681924394e+00 1.287582628686255060e+00 1.140893991041419975e+00 1.198764992301898813e+00 8.221767517897582422e-01 1.283862360530870106e+00 1.243427804705488748e+00 1.315081972075787364e+00 1.141437127168522858e+00 1.307125609526605503e+00 1.188416626407829968e+00 7.173157192252754832e-01 9.153122285351810161e-01 1.249863631030519562e+00 1.183845174541190703e-01 1.297709943687556988e+00 1.092464740849994786e+00 1.031100155756851988e+00 1.206643589024539498e+00 6.619799451429749793e-01 8.749706855369777658e-01 1.162948624380249374e+00 1.224770741958365328e+00 1.291133404079540581e+00 1.095817366467936038e+00 5.149883881722349122e-01 7.769732525764369013e-01 1.266502456263628007e+00 1.301218713287923601e+00 1.331103079467834460e+00 1.303798579275195157e+00 9.610836632139905245e-01 1.228591432125976768e+00 8.419372320126871090e-01 7.672213566952326147e-01 7.858058584152289860e-01 3.661557405663649067e-01 3.583558281642797994e-01 1.290515318840873560e+00 1.288662900112900855e+00 9.715965007695473998e-01 6.566376777913297547e-01 1.289677407368125417e+00 7.490106208061084736e-01 6.647931086098702869e-01 1.051627272317021911e+00 7.477449360544492496e-01 8.578403435403680888e-01 7.710452922083610439e-01 5.974711713401952284e-01 8.101129452417110688e-01 7.843353494983883456e-01 4.042633224230692823e-01 7.556660896664175731e-01 1.017623889113665747e+00 8.258880799367376291e-01 9.985873658727818514e-01 8.206708502369012281e-01 4.802349627568288648e-01 5.716311792368365952e-01 6.315105595089105517e-01 2.196278087575594673e-01 8.039752008407767825e-01 7.141321577388936026e-01 2.250704521967304139e-01
4.034613546827460762e-01 7.642735420058458518e-01 7.836220470469089650e-01 8.092068815131042703e-01 8.898248156674322118e-01 8.723529775963183575e-01 9.968754767289920160e-01 9.665156980472967563e-01 9.470951830755151013e-01 9.557342928419683137e-01 9.631004311375825910e-01 9.197266332336142547e-01 1.066913339565918717e+00 1.030790072177635741e+00 9.745027382965550933e-01 1.033350955955279149e+00 1.077176469215463728e+00 8.825831026942839719e-01 1.071766906869039859e+00 1.223599478391372841e+00 1.166768947150254920e+00 1.025138394809051334e+00 9.674409889172687071e-01 1.252340135824719036e+00 1.051427408019517618e+00 1.168098681551175799e+00 1.021889926412327787e+00 8.372639344680993245e-01 1.258550502485714651e+00 1.292912465752240392e+00 7.703876504941462589e-01 1.252456478399859519e+00 1.128603928801191758e+00 1.158912394283956759e+00 1.260425087535898214e+00 1.264700983336980222e+00 1.321357000715387198e+00 7.098126640886012195e-01 1.257401895104407252e+00 7.462517709519234099e-01 8.756049362702958971e-01 7.590054889705533103e-01 8.705071107923141316e-01 1.296819371891324346e+00 1.168121827600335338e+00 7.218998003846108791e-01 1.029252880595359354e+00 9.753062368602354315e-01 6.376582236451988628e-01 7.009147227089277399e-01 4.449182555789402693e-01 1.203473315084897299e+00 9.663191403282437308e-01 6.529480261030869981e-01 4.043126761681025139e-01 5.506942306475010041e-01 8.814113492638171454e-01 9.897223065788189889e-01 8.713445936345223242e-01 9.456160403149403981e-01 8.368661653269876544e-01 1.035199210843720463e+00 5.493950514807882657e-01 8.042325016306399732e-01 7.531048997241026610e-01 1.008282437590970027e+00 8.911753692660095982e-01 5.853342526686123870e-01 1.196271832149573999e+00 2.222562018452515220e-01 1.114422013823311852e+00 1.016783283391809123e+00 9.039549888158419089e-01 9.022472635115833528e-01 1.178158517858896248e+00 1.121170740442536173e+00 8.189170165331265405e-01 6.125624566251333114e-01 8.982989026759889972e-01 8.109605927510104006e-01 7.832160114596689038e-01 7.302478700144101609e-01 2.194744049489433801e-01 1.011382722286725100e+00 6.688769779290361095e-01 6.003128081215327594e-01 8.404605998024180513e-01 6.345835343159746955e-01 3.058562411321655294e-01 5.779384163998702029e-01 6.829420604683014151e-01 8.062064677331671758e-01 5.470007212843984723e-01 8.276450365201608594e-01 8.554098859127504673e-01 8.381925931494569326e-01 5.257359315649040576e-01 6.932474408425026713e-01 5.620992932885163773e-01 4.894352723659989302e-01
3.169626707526757015e-01 8.469209193011626446e-01 8.797336893302922789e-01 8.418323399962578391e-01 9.362767931778789299e-01 9.597070856183422816e-01 9.819080656701113519e-01 9.759455699270991325e-01 1.058804629476237213e+00 9.658683434660416678e-01 1.093029553435834300e+00 1.027214436213030657e+00 1.107584621915243650e+00 1.092738452066246202e+00 1.100614109608041069e+00 1.113071582690603023e+00 7.566286101604345893e-01 2.335773141333628844e-01 1.001498502034532390e+00 9.302415527089368252e-01 9.687154299785306621e-01 8.928363738414091255e-01 9.892446896914004473e-01 1.046022131978493697e+00 8.901428595281055678e-01 6.701975273898141960e-01 6.692645824030566404e-01 2.584784828882725760e-01 1.030981976193683147e+00 1.068543115344833261e+00 1.021152559417674688e+00 1.088579388703779127e+00 1.035442183126961124e+00 1.080547097316084448e+00 9.410833335874696504e-01 9.756455897820397460e-01 9.229760201243518702e-01 1.060091745754895953e+00 1.193249496979162938e+00 1.309449399382699664e+00 1.304278645479985066e+00 8.461651824262241828e-01 6.979542940350782487e-01 7.840165708425035351e-01 1.057584991891159953e+00 1.182815894840570259e+00 9.564401861083993150e-01 1.306428288870974397e+00 1.289632707326097805e+00 5.378347633513619330e-01 1.268753133996186611e+00 1.231441947682785587e+00 9.660017087969131611e-01 9.772760391232312438e-01 1.002781760638331132e+00 3.780392161229444992e-01 8.640350958031212114e-01 8.473754513723559256e-01 1.224716122180983691e+00 8.929296928332586258e-01 9.691032181513539179e-01 1.309755808985858971e+00 1.213291281302194546e+00 1.223121249174611291e+00 1.070111413257726074e+00 8.783095337447049955e-01 1.195721960399699801e+00 1.081377293439112819e+00 1.119918282004682464e+00 1.227874516931374727e+00 7.015083147738809810e-01 9.170841259545696733e-01 1.192528050547423835e+00 7.749668942516731995e-01 8.020738569983109079e-01 1.050841163906678366e+00 5.396110695420189840e-01 7.740431954379924928e-01 7.500077991409304090e-01 6.418352894903456285e-01 5.793667970579231552e-01 1.166693875572822225e+00 1.064533705273757125e+00 6.761025866404676288e-01 2.082100555909137118e-01 7.873876888065985957e-01 7.442702119655449922e-01 2.397877420272927496e-01 6.749675117376371380e-01 8.220909032158915108e-01 6.041093112801018128e-01 1.216083380639696010e+00 8.416937698659722189e-01 6.400165488762293853e-01 1.215894293338625642e+00 3.181657142125619009e-01 5.792428003659971791e-01 6.771857972479591314e-01 7.573312580813483796e-01 5.446631540180902897e-01
8.044016269951336229e-01 4.519231807952106550e-01 8.603515061753727045e-01 7.880306346165851794e-01 9.004271145399787013e-01 9.048058204377240621e-01 9.541327454457589896e-01 9.118162566180799677e-01 1.036721216658294198e+00 8.863612359725676626e-01 1.065338428496123147e+00 1.053572030309895435e+00 1.037936812869708847e+00 1.080781864386131108e+00 1.089325450775100679e+00 9.084202780826654555e-01 1.168772733691778809e+00 5.931503305653486047e-01 7.064011323878784943e-01 1.148818634930642624e+00 1.136867680680481607e+00 1.247644794423788950e+00 1.218082146080608386e+00 1.228605638166730740e+00 1.312193247167984911e+00 1.170981528097286839e+00 1.056886324110974495e+00 1.169995432923570222e+00 1.276766688105990255e+00 9.693218809596836349e-01 1.073751588735066820e+00 1.060059782163199404e+00 8.671983279553205914e-01 1.181862865451367206e+00 1.105242339712995570e+00 7.244175149435837513e-01 1.306276921057423213e+00 1.212117445951961914e+00 9.727711321479256545e-01 7.929499048581934995e-01 7.201378839335106363e-01 6.681674719194824474e-01 9.701505462593548179e-01 4.211000524997850492e-01 8.952926105343604890e-01 9.905640757264271290e-01 5.204972703380680299e-01 9.406648064816355292e-01 6.008174287329708374e-01 2.362805644832176866e-01 1.042758661512870555e+00 7.199289571617321082e-01 9.139568987677294531e-01 1.014479333006423234e+00 5.850667872116579460e-01 2.148564160522480060e-01 8.197219846872296767e-01 8.724615435888046777e-01 8.715484380727551716e-01 6.138531244139805443e-01 7.693702040580762125e-01 7.896201191247403939e-01 7.210600519238341555e-01 2.295090132877388445e-01 6.781329482754707705e-01 6.177442324560189491e-01 8.384015199212354608e-01 6.191246064935929105e-01 3.114622387317738106e-01 5.784563245580479629e-01 1.241627189039920642e+00 6.771910632803076480e-01 7.559849907881709408e-01 5.614282415616932420e-01 8.563405652809396029e-01 1.072235216350447162e+00 1.222715029888568505e+00 8.805660898389547908e-01 8.433175448173266808e-01 5.221612140943131530e-01 6.825199818522788009e-01 5.716821250381612929e-01 4.749110652854689474e-01 9.253615940111390437e-01 6.887987457008701853e-01 8.291398549119123329e-01 9.076947902772635191e-01 2.910968077345819638e-01 5.636652031169721022e-01 5.436710580168139240e-01 4.739879175681968593e-01 6.048751515891972463e-01 1.023758020771477373e+00 5.030115323908715963e-01 1.021524733192255452e+00 8.893291350643998117e-01 6.054718665337990302e-01 7.509520722205306198e-01 1.230668698188641885e+00 6.367227068752012720e-01
6.401115211573046304e-01 9.787151967777182326e-01 1.080333761773037526e+00 1.019908979755292266e+00 1.136848453539116122e+00 1.144691780091608990e+00 1.208136692894131059e+00 1.130712301194473302e+00 1.310410144121622267e+00 1.282775720879058445e+00 1.022418795265742419e+00 9.868829354160499889e-01 7.442716815559677901e-01 1.067110142216708857e+00 1.052065332728892688e+00 7.334590475541543642e-01 7.666529313662702183e-01 7.883674769880838484e-01 7.041424943738628928e-01 8.443537285312878726e-01 7.163576687354612504e-01 8.892203853731106555e-01 6.844709243715151326e-01 9.348458407365860534e-01 8.591350527028781547e-01 1.080976707583024110e+00 8.260418358347259016e-01 1.293731027617754714e+00 2.712207503481912640e-01 1.222335508161873641e+00 9.556677326424011243e-01 3.531484569668632001e-01 1.054265554523600823e+00 9.229500573602152924e-01 9.705982814748426168e-01 8.047348566235094092e-01 5.423718788501011856e-01 8.294947609990249715e-01 8.618324859239758773e-01 8.785435047866058111e-01 9.636284427299172117e-01 9.095941134328979771e-01 9.029487480067458494e-01 8.958531368148001661e-01 5.864694500373114350e-01 1.100217442659746636e+00 1.294234484803441276e+00 1.125517176583913592e+00 8.691784173512763223e-01 8.026953712812978647e-01 1.178228445869849095e+00 5.886146234240978714e-01 9.902126599165687049e-01 9.071239768638640344e-01 1.005316069322495176e+00 7.641669967001909480e-01 2.062528826206140031e-01 9.180805694941801542e-01 8.123562137892211821e-01 9.190131470833320382e-01 8.938173866815799506e-01 7.936782093785725856e-01 5.528681835134011680e-01 7.333905279006900368e-01 1.232596555891652734e+00 9.037816383788825902e-01 2.417565798715736458e-01 1.151728423967838699e+00 6.660714685789264067e-01 6.081688098914225238e-01 8.529723864976901382e-01 1.164094904910053963e+00 6.211531311405675826e-01 8.176316147766278242e-01 3.272305459546276940e-01 5.723484005961101406e-01 6.795705138736664042e-01 7.630659673088225903e-01 5.606575026178551857e-01 8.289879360019526411e-01 1.143850684506278137e+00 8.624189749685522433e-01 8.650284776960175392e-01 5.195877163322071279e-01 6.829282830580873931e-01 5.796465703346687093e-01 4.718061881196425889e-01 9.102646752962467724e-01 6.768547107722832079e-01 7.995711445082376301e-01 2.917242922286616413e-01 1.234796655220492534e+00 5.508694180724887923e-01 5.589070367254661553e-01 4.779424629301540217e-01 5.953847815703218194e-01 4.995184996546161993e-01 1.019489044291969515e+00 8.806721452811354656e-01 6.116593933103064984e-01
6.250146024424123592e-01 6.714968902553297703e-01 6.462314467743620616e-01 6.740285046903853328e-01 6.812152917214804315e-01 6.670498484029230291e-01 6.756135804272721535e-01 7.027956147513425567e-01 6.525201915912417494e-01 6.962398943409827679e-01 7.071304778681403169e-01 7.763120593520336232e-01 7.256647685820233340e-01 8.396079311925073174e-01 8.772271803982932825e-01 8.953205939853284834e-01 8.292647088649183207e-01 9.357582726903583836e-01 1.032503124747176981e+00 1.053139113464504506e+00 1.029475646010286072e+00 6.767525742378968090e-01 7.656838589482848345e-01 9.738591189242914448e-01 1.025331768415521427e+00 9.659720720567195329e-01 9.690817253914201235e-01 9.411825921739447320e-01 8.013435930240347949e-01 1.133749822132586793e+00 1.199498317922889301e+00 1.148566722638996396e+00 9.382879276715168082e-01 1.279767469283533021e+00 1.131886993805785835e+00 1.066208303560567838e+00 1.117318209149096964e+00 1.264296111175491566e+00 1.222714172627488383e+00 1.307479903284375133e+00 8.092334566065837453e-01 9.926802247023627235e-01 1.143465284417891858e+00 4.262983612229275798e-01 4.285143198817468746e-01 6.484948609572518397e-01 9.284787177638222921e-01 1.099481545255516446e+00 1.194328666212991719e+00 9.495298657755983918e-01 9.382756810846598627e-01 9.289413938152754069e-01 8.395898674768933478e-01 9.468297383053920768e-01 6.467471505469055693e-01 5.252818281242506160e-01 8.794294228798329449e-01 9.232589775136802457e-01 2.111830370162914028e-01 8.085297677257871074e-01 8.813005176527622941e-01 9.347199458236972180e-01 9.061114902954710004e-01 9.487245914568237515e-01 9.041377078917466337e-01 7.062423553892789307e-01 1.328604775749029798e+00 7.422678337815097338e-01 3.385765494305256751e-01 7.287212104968308068e-01 7.028842800401864377e-01 8.048843874490320127e-01 5.794821599061149575e-01 6.965482021651049349e-01 8.790277960638612775e-01 2.203568786896170362e-01 9.312772465594236770e-01 7.829952667315734915e-01 5.761736220008586429e-01 7.276636564888043779e-01 2.380610651298732117e-01 6.794639685680115004e-01 6.154762870359922200e-01 8.562343873728903709e-01 6.314495715063632719e-01 3.097380723846598904e-01 5.760118445884790939e-01 6.970405149567516778e-01 7.864579279324238614e-01 5.597562762910568424e-01 8.363521148436697805e-01 8.649251777358796245e-01 8.482521232925062105e-01 4.963684325832879440e-01 6.844948052158860152e-01 5.762913729334875335e-01 4.780670107184885609e-01 9.182733307713075721e-01 6.765301762205757630e-01 8.049987093373410785e-01
