4.900145572255360515e-01 4.179269093481749464e-01 4.648869744340274335e-01 5.149102330478110279e-01 5.251360064285741647e-01 4.374941061447661372e-01 4.805927280047828098e-01 4.192775503425930084e-01 4.161064752300792091e-01 4.143261585975144823e-01 4.344693502360449933e-01 4.241056569830943257e-01 4.237416954376415079e-01 4.297906378088731660e-01 4.349013890759653167e-01 4.322753878761597113e-01 5.118594249749587322e-01 4.163289009199077073e-01 4.257277814583770303e-01 4.082997378239087705e-01 4.265263443516975062e-01 4.169841057297301590e-01 4.153353311717951635e-01 4.216839161390016910e-01 4.222985194340141968e-01 4.268250473614249585e-01 4.134857129354103655e-01 4.165070806391789060e-01 4.177403302972985677e-01 4.159518705839234665e-01 4.027277351262967264e-01 4.187986460795470323e-01 4.198326465086063553e-01 4.167942238908328156e-01 4.343313449469258791e-01 4.112421802828994388e-01 4.213170788901857144e-01 4.466064698224131435e-01 4.432170690327865703e-01 4.302389343381037845e-01 4.141955276368215477e-01 4.118432877027226602e-01 4.527210693417176302e-01 4.261348500819661100e-01 4.241265556590203545e-01 4.229918201953203338e-01 4.127693211302677079e-01 4.221555599628635247e-01 4.219621475574609759e-01 4.277293848883492178e-01 4.381281560278678100e-01 4.192429280129935099e-01 4.266281613341382228e-01 4.650446825620305202e-01 4.610912453008854661e-01 4.043277650886113461e-01 4.391654592449481531e-01 4.449688848825148479e-01 4.059511992901782551e-01 4.241205480014993978e-01 4.169620112167620185e-01 4.295734225518709759e-01 4.312998126282995837e-01 4.776695897723287065e-01 4.208835025454970014e-01 4.289712331842477355e-01 4.199434892134837338e-01 4.264184627671148142e-01 4.244258565872688349e-01 4.414179037306536491e-01 4.182686624914175866e-01 4.218470340060046508e-01 4.478660848400798367e-01 4.024506995448795532e-01 4.380972350986366837e-01 4.190199328769544929e-01 4.034906506868387588e-01 4.101219656975676475e-01 4.268275813970617283e-01 4.142463791834208320e-01 4.219303155142929973e-01 4.218223200404681572e-01 4.063286851831309221e-01 4.383586109092646454e-01 4.178884717289649275e-01 4.518395666078351414e-01 4.080641863989278306e-01 4.050319992171594330e-01 4.292756306560803758e-01 4.122097263391912292e-01 4.266959823778109229e-01 4.313579530863935196e-01 4.683926846121523879e-01 4.286014917597581464e-01 4.288107062975026196e-01 4.580385011109173732e-01 4.338741081121901266e-01 4.008050284687919018e-01 4.066870092110996260e-01 4.515459031970707748e-01
5.416944772272703768e-01 4.755144066993797214e-01 4.733449874711677663e-01 4.443650156485706160e-01 4.537235793953352525e-01 4.786747762231358116e-01 4.227688535315918261e-01 4.385280781015148954e-01 4.730016968231567365e-01 4.347095141753311576e-01 4.926061069296053252e-01 4.435060060400036197e-01 4.426595242480679815e-01 4.437073622200429224e-01 4.379613937051174966e-01 4.422671188643997886e-01 4.337240020910974603e-01 4.496074513518450999e-01 4.300822227409691334e-01 4.440413139502014106e-01 4.437700013031999347e-01 4.415804236791356363e-01 4.408512478065668150e-01 4.430448684987258190e-01 4.429046423693856482e-01 4.426528617274049227e-01 5.131822485219930119e-01 4.442611486597720649e-01 4.268196091501144651e-01 4.405820136382337382e-01 4.652928472205744570e-01 4.466020281419710858e-01 4.369467829195263775e-01 4.374496608680351617e-01 5.329842849358019663e-01 4.431831869832607018e-01 4.366566785475777257e-01 4.300122378016964508e-01 4.418268230544269426e-01 4.382085618327929977e-01 4.486746699867054100e-01 4.257556843226924514e-01 4.234994530196869444e-01 4.366234228888835056e-01 4.190110495160703774e-01 4.233714415115624186e-01 4.303116241468764591e-01 4.272472347819032956e-01 4.151213332858823546e-01 4.068671819921076405e-01 4.348727174592657008e-01 4.150167829616311921e-01 4.225338715528214051e-01 4.257747322984342664e-01 4.257891677598709124e-01 4.049968928582809991e-01 4.221221334703060823e-01 4.136562051308395604e-01 4.387706052425746628e-01 4.070338304256158057e-01 4.142634625697363959e-01 4.216347729310339076e-01 4.195076635562635103e-01 4.219702906382713503e-01 4.232687134151849051e-01 5.229804247432778830e-01 4.048168624388255865e-01 4.086986064220664017e-01 4.263469403230736865e-01 4.117249567801769539e-01 4.134848872384050966e-01 4.230550856693089390e-01 4.226683178031248045e-01 4.253854873412344362e-01 4.258116608851864049e-01 4.283660542240192992e-01 4.140730682292495524e-01 4.871758678661018416e-01 4.364731175616171632e-01 4.150570143364042952e-01 4.132352704920243536e-01 4.167084652915287180e-01 5.271021903042520940e-01 4.212847343454282911e-01 4.106687194765968885e-01 4.040291474958154772e-01 4.193149629586240823e-01 4.090882499916135839e-01 4.154609225335250122e-01 4.231341248033289038e-01 4.354088225941582513e-01 4.101255247363833623e-01 4.076582851400702978e-01 4.052196886881463400e-01 4.164398859863377433e-01 4.329815865941341047e-01 4.093553487366572430e-01 4.212813746127861969e-01 4.186366101603440359e-01 4.140643841745391684e-01
4.626798863389897098e-01 5.217512750978738900e-01 4.274175276711588145e-01 5.117851691891071031e-01 5.145191373904269838e-01 4.258634804903435600e-01 4.172508343347369753e-01 4.488490059440556346e-01 5.033899945412975141e-01 4.200198804226247806e-01 4.500384936608969877e-01 4.234048964764303702e-01 4.177869109973190165e-01 4.091465328112601774e-01 4.510375585649409880e-01 4.566315988309000984e-01 4.562212843639110726e-01 3.949840638879412169e-01 4.002036363258634211e-01 4.049991991154335835e-01 4.460366249995473820e-01 4.276832028006761766e-01 4.322104140635395497e-01 4.059611930711728434e-01 4.094888269284027715e-01 4.162815799398136285e-01 4.310486299048399417e-01 4.519539683515282902e-01 4.108688228749730609e-01 4.231813603664913992e-01 4.966460430701281070e-01 4.280974749188283246e-01 4.535129981866855564e-01 4.226988685923191436e-01 4.016230664225121094e-01 3.899966831423579139e-01 4.579208535238242783e-01 5.153686941918994568e-01 4.160762091639901294e-01 4.416413544236610922e-01 4.106699153136390001e-01 4.138917280835099910e-01 5.052525392066611332e-01 4.695500270904099938e-01 5.221948167512466821e-01 4.654938902051979355e-01 4.198469965531114179e-01 4.704647570106762489e-01 4.484217219799931375e-01 4.500754791922702003e-01 4.514844599509558742e-01 4.257568801597345076e-01 4.166356615935139507e-01 4.065436795999121111e-01 4.288650599382966000e-01 3.948484787452167799e-01 4.390990618168016946e-01 4.450526788923926391e-01 4.132257037956876822e-01 4.778482819931894054e-01 4.686864903844693564e-01 5.114082527423650104e-01 4.452668476121686147e-01 4.068415569126342946e-01 4.338403968965274249e-01 4.319721008244375993e-01 4.426179546747001647e-01 4.236654181177425538e-01 4.518861473078555346e-01 4.813309011274778393e-01 4.427844607466557281e-01 5.079946504887914438e-01 4.693082971740449305e-01 4.675186131513172083e-01 5.262340126116957784e-01 4.385188530729045020e-01 4.171489604076752400e-01 5.186390807235276013e-01 4.341357117013022737e-01 4.512741349931008727e-01 4.232969864195371135e-01 4.247204595842805075e-01 4.185356188749085882e-01 5.115073363829951703e-01 4.569937950931003412e-01 4.408556325423877986e-01 4.533890866912767548e-01 5.177494918534557566e-01 4.038976908381173292e-01 4.451460111262965924e-01 4.503201702289299502e-01 4.751657347846793278e-01 4.346040242648325780e-01 4.166610588945030558e-01 4.685774699074656269e-01 3.943181819616715100e-01 4.417600839585542061e-01 4.007207219573246659e-01 4.526730080815498658e-01 4.046559654120436278e-01
4.245673354982721359e-01 5.014299606846931434e-01 4.141233218573278085e-01 5.408941775230077242e-01 5.020865891100420031e-01 4.859660793918554877e-01 4.179679948922638277e-01 4.121675019026813103e-01 4.174550662181393812e-01 4.150778560677093054e-01 4.000617588025127680e-01 4.559436223916623065e-01 3.996107004591611389e-01 4.433940244427051480e-01 4.178122513536870475e-01 4.628653264974450510e-01 4.373933995824359489e-01 4.120052097326835638e-01 4.112098072658314507e-01 4.025993819504458671e-01 3.986838413346108223e-01 4.350609763764630711e-01 3.768028991677518369e-01 3.988926003153868693e-01 3.786088693521004189e-01 3.979439314009737827e-01 4.447962003191751612e-01 4.132329357625612598e-01 4.126319991766011497e-01 4.125604767325600775e-01 4.122089575868070344e-01 4.196701265601244235e-01 4.037732953134295921e-01 4.041407874253876154e-01 4.366103540983520825e-01 4.364045277655602129e-01 4.099541783716383891e-01 5.056427237501083249e-01 4.198834411105845654e-01 4.104385493183053679e-01 4.378236161944825677e-01 4.547967577236782244e-01 4.707454939924617943e-01 4.021303006345313680e-01 4.081594832222580904e-01 4.310782980524079377e-01 4.561476834412015458e-01 5.033935820524237936e-01 4.532743432798572725e-01 4.160298847147644863e-01 4.296860305400009850e-01 4.200785903269292354e-01 3.979222924449740684e-01 4.063894450937932112e-01 4.929980567563051475e-01 4.095958258713591760e-01 4.199773997353201116e-01 3.906115711604756791e-01 4.206681949332999881e-01 4.912989431533603124e-01 3.707753110294145782e-01 3.898459222581231454e-01 4.094658497738083436e-01 4.222781332596776127e-01 4.185949551700445803e-01 3.474522178621071711e-01 4.175876048236375482e-01 3.710159020533586038e-01 5.072463981681701872e-01 5.177431710005190313e-01 3.994995730311784454e-01 5.210902619367041577e-01 3.939107147257350783e-01 3.859189073011461968e-01 4.787656598383345230e-01 3.989857332431172021e-01 4.051688371415470002e-01 5.180268121579783003e-01 4.317046319393570974e-01 4.333417328499764576e-01 4.706529305109420358e-01 4.691624619995311551e-01 4.283749660572139240e-01 4.380859031190473818e-01 4.612871347973038216e-01 3.780053417858824649e-01 3.787914622795031661e-01 4.765390112659654842e-01 4.077874070683053520e-01 4.237018057305946828e-01 4.271945894797408716e-01 4.093513626131836114e-01 4.176019548681426108e-01 3.869379028225583550e-01 4.504099718963286980e-01 4.564560670365078177e-01 4.430779248512464186e-01 4.664049187250958184e-01 5.195788378047461187e-01 5.283695497903818650e-01
4.784569061029914638e-01 4.330077811198179694e-01 5.200377545058029183e-01 5.211340523502929756e-01 4.657519062831838585e-01 5.223171337972659645e-01 4.386761910608707460e-01 4.442505569602563931e-01 4.194336355488961221e-01 4.520565256140426369e-01 4.211103699157675573e-01 4.209503555306118860e-01 4.363910603626814377e-01 4.318245003666712489e-01 4.218379513389469149e-01 4.350653326399735454e-01 4.233826311295991185e-01 4.185570015801135524e-01 4.164092782525223302e-01 4.303827195062597255e-01 4.234853592259766319e-01 4.070185977394844556e-01 4.069596885290063248e-01 4.224913908655167361e-01 4.121917033666283592e-01 4.154094730684046999e-01 4.619852189067782944e-01 4.174897739646705186e-01 4.110962596914540801e-01 4.341061574429763703e-01 3.922173240572059960e-01 4.041396485329665778e-01 4.286456807856943718e-01 4.199183481632893788e-01 4.154033799939521043e-01 4.122661299863430995e-01 4.148637158202438391e-01 4.157948742636835004e-01 4.164368109768009085e-01 4.073708856376216936e-01 4.250271917855762416e-01 4.206110225337639230e-01 3.935149496094247912e-01 4.205762293703012578e-01 3.838815141768429084e-01 4.125679934225389145e-01 4.129443973676915625e-01 3.993772844574696168e-01 4.202827083210895487e-01 4.077522437648058440e-01 4.586834274166399772e-01 4.231464817860971506e-01 5.201803438369168031e-01 4.534275812551077922e-01 4.022069765667776742e-01 4.030072762710402157e-01 4.045230566665086180e-01 4.082892030690141727e-01 4.457721741793826409e-01 4.711859036916767329e-01 3.861935796807897114e-01 4.998482099457361993e-01 4.463732815992058622e-01 4.029631441897250643e-01 3.942266150110201872e-01 4.049950136857862759e-01 4.198491035040903263e-01 3.991551434907463780e-01 4.026899808425393745e-01 5.160178628718904426e-01 4.172499232208001230e-01 4.069179765940858506e-01 4.236047151517012832e-01 5.309744245357772563e-01 4.608876682806251623e-01 4.030813042784076039e-01 3.917045662169447162e-01 3.993589482894909226e-01 4.145545350002428631e-01 3.989645213717753491e-01 3.952115861213538750e-01 4.639474166589825921e-01 4.016295011646909274e-01 4.701312893097966406e-01 4.063113740183311173e-01 4.056352135879615628e-01 4.663371546260441369e-01 4.122560223161064186e-01 4.772917906839602709e-01 3.977766281043234597e-01 4.118123952458020431e-01 4.072306310359710135e-01 4.126571117544850509e-01 4.925562803861849304e-01 3.951354796353180876e-01 4.109908551978871394e-01 4.077716618805845017e-01 4.917758543546694727e-01 4.133765500968539786e-01 5.082535207360930896e-01
5.068483552670178804e-01 4.348627521505816218e-01 5.353378630684955120e-01 4.551625699693152560e-01 5.134129311818740327e-01 4.391578286657272234e-01 5.207572497927929200e-01 4.271594261762413636e-01 4.300938963882847688e-01 4.278970867973468928e-01 4.405172106594767434e-01 4.353734030398639931e-01 4.761368683520973977e-01 4.295425585672608682e-01 4.134773990207367689e-01 4.147663974628662542e-01 4.097495763481991404e-01 4.087135259127819831e-01 4.054131580381699629e-01 4.351679468471089662e-01 4.075014027090724800e-01 4.070375318259841779e-01 4.247360624104487004e-01 4.855837532061134665e-01 4.323698590024847022e-01 4.486982735321314308e-01 4.458355250703027739e-01 4.191281561292635183e-01 4.222128747239521918e-01 4.325675707267767067e-01 4.200970688564605870e-01 3.994892945270785978e-01 3.860784376570229326e-01 4.217718955785267343e-01 4.421435205644067556e-01 4.355888814859241731e-01 4.297650412017103849e-01 4.473443582220028580e-01 3.967964403421581077e-01 4.145817830014161820e-01 4.127314814295787171e-01 4.008851210783013208e-01 4.428222435027236448e-01 4.242031461743350773e-01 4.050859257732955521e-01 5.300693467287792560e-01 4.006830246181883326e-01 4.974769789805165709e-01 4.383284872047282232e-01 5.159364890084072730e-01 4.673490605421353195e-01 4.042729843631594489e-01 4.080469321787490999e-01 5.040016367160152777e-01 3.896662904510151404e-01 4.581985439683835537e-01 4.143849254464399556e-01 4.124494347215089673e-01 4.364510515209595320e-01 4.598345914035134596e-01 4.114748844768277847e-01 3.985095623218816718e-01 4.118659801342118287e-01 4.094755018870766539e-01 3.926896512165204967e-01 4.141731484007481479e-01 3.999940801203926144e-01 4.035360640221276052e-01 4.137895124887219223e-01 4.025719061707883628e-01 4.122618021951431899e-01 4.180389763624049460e-01 4.214255583932894900e-01 4.103958693248269674e-01 5.038633182314804504e-01 4.441784081253837280e-01 4.256267617006310733e-01 4.645759713861528084e-01 5.347448417848617019e-01 4.047533407140422868e-01 4.074545657582573366e-01 5.063738357397928880e-01 4.059437110725099274e-01 4.080363404792334836e-01 4.132015877486722166e-01 4.132436982959400429e-01 4.016911721892900689e-01 4.099590471367383082e-01 4.129851127717436565e-01 4.000093128065240200e-01 4.151426875187768095e-01 4.277431654866437616e-01 4.057095832630552845e-01 3.719427611779088649e-01 4.059904626063934874e-01 4.076464406588915512e-01 4.022400044469877090e-01 5.164509267149895999e-01 4.078573920075780901e-01 5.255586494060209279e-01
5.234052885609455918e-01 4.636411684869658489e-01 4.682271181264441862e-01 4.985140544191126732e-01 4.794448383336198383e-01 4.903789458556467862e-01 5.262725071755267603e-01 4.585756027766783594e-01 4.603003414590964848e-01 4.671145625926438338e-01 4.647419934288294918e-01 4.601807008102665741e-01 4.716106820924129139e-01 4.749444195149613579e-01 4.615846989146101809e-01 4.602966970033491312e-01 4.715509471849295697e-01 4.643785443849661188e-01 4.681161045877036408e-01 4.577177320605323452e-01 5.201120102916545473e-01 4.639184318468672075e-01 4.504854235192223832e-01 4.455452498644910664e-01 4.294730007126460469e-01 4.400617675803041307e-01 4.349554295213435284e-01 4.364392639844018040e-01 4.204873957614603808e-01 4.242554213364606586e-01 4.316458081458105500e-01 4.662706148363450764e-01 4.072969145748753239e-01 4.075997460696290098e-01 4.530501807790867086e-01 4.186015607460866206e-01 4.126290950009275371e-01 4.224719158051170043e-01 4.225896772814522473e-01 4.169823689187880933e-01 4.126537804941535215e-01 4.103945311262322537e-01 4.525507479801515465e-01 4.134385343168688887e-01 4.037142437413988039e-01 4.001412534935011034e-01 4.248199133649475656e-01 4.300948075022216210e-01 4.488359656258347763e-01 4.552407549340194426e-01 4.203959996446722247e-01 3.499441998962672939e-01 4.554724056524583342e-01 3.975509280987845062e-01 4.144927785587121383e-01 3.758015280065552521e-01 4.160723084574480812e-01 4.056146850520723768e-01 4.005153227091906576e-01 3.938444596591412772e-01 4.422970147904519700e-01 3.939338342418821082e-01 4.415575888860938658e-01 4.027736894354855823e-01 4.238285644570560784e-01 4.001341923604906925e-01 4.070985195151307079e-01 4.415459721833992490e-01 4.071922503613820687e-01 4.146039914036264151e-01 4.054562366439956600e-01 3.975749587288683884e-01 4.079784562719342977e-01 4.321259082458986378e-01 4.608822015970041597e-01 4.117698576138763000e-01 3.633526935645493006e-01 4.576762763764066211e-01 4.185664828595186959e-01 4.093560605444204192e-01 4.210738399413627708e-01 4.139161573259412252e-01 4.072597012650179815e-01 4.091551883936600520e-01 4.524969922578786496e-01 4.405152745423609462e-01 4.619141520197055928e-01 4.071377258867249216e-01 4.461877275515084285e-01 4.163785851017753892e-01 4.292561271233700793e-01 4.838922132377685426e-01 4.097884125797565114e-01 4.180511909836205908e-01 5.147913896236758768e-01 4.104506215779683553e-01 4.513443761831683054e-01 4.821107577127827781e-01 4.559494307430095872e-01 4.386855869233443062e-01
4.996628552042124971e-01 5.628045315866400111e-01 4.806499573489399491e-01 4.761706649846916828e-01 4.800865472682530055e-01 4.627957686428302297e-01 4.409192966287237558e-01 4.743261432918909892e-01 4.475924944082362855e-01 4.575523364086873102e-01 4.724442943999908051e-01 4.557591787640754011e-01 4.524793394253525669e-01 4.545557680873868467e-01 4.445708704536729949e-01 4.429026493076488324e-01 4.624116771738355225e-01 4.573581837232110758e-01 4.581393785071107283e-01 4.501704058755636173e-01 4.610877147343802607e-01 4.523370917619650711e-01 4.820894604245093973e-01 4.347782748052512192e-01 4.333345008831028800e-01 4.464942889189409958e-01 4.448858026804002330e-01 4.317768946634719107e-01 4.400796197190038339e-01 4.271229246741471419e-01 4.298470984006461104e-01 4.303079512188186517e-01 4.534309979323709050e-01 4.431304562641666944e-01 4.386475479164816393e-01 4.392657387226204246e-01 4.866441189947197654e-01 4.396397509936889048e-01 4.490199536964532556e-01 4.570253424131630604e-01 4.466130753984551283e-01 4.888071604253739211e-01 4.742820112105757824e-01 4.393569640055454695e-01 5.530521388406809402e-01 4.343183900456365487e-01 4.350788854597839039e-01 4.700531043450925095e-01 5.374298376120769660e-01 4.546965351906269714e-01 4.315615016343433141e-01 4.404828730529824488e-01 4.359241714146774305e-01 4.733883508000987783e-01 4.282425128686473403e-01 4.249870458277347218e-01 4.359974021973500591e-01 4.417840006993959401e-01 4.399233352065270997e-01 4.475037746886375012e-01 4.308531390207689382e-01 4.402628959818591925e-01 4.323292574876747563e-01 4.342191925157642407e-01 4.644440306991757250e-01 4.236855765135948970e-01 4.399361477462637726e-01 4.226798490888878379e-01 4.201928781813802916e-01 4.343101330755840817e-01 4.646598508129621830e-01 4.431750723747608367e-01 4.695379833030575156e-01 5.341622983115013046e-01 4.578362338169412737e-01 4.442606931028036388e-01 4.880009954251430249e-01 4.511898854262547109e-01 4.488157502853613590e-01 4.927409517922560767e-01 4.990300865750844084e-01 4.365228017434849006e-01 5.086233191052037528e-01 5.099948303032373342e-01 4.408502228033878700e-01 4.425345877494802349e-01 4.567163324270252511e-01 4.396868441952987983e-01 5.083332432055656103e-01 5.059529580455986997e-01 4.588378042843115345e-01 5.328567859292668851e-01 4.439092878462927438e-01 5.025139584910359725e-01 4.326614154622701047e-01 4.643151365494248561e-01 4.423310961461515145e-01 4.932511186522595126e-01 4.946279826446719485e-01 5.071506742601821216e-01
4.939472096999971695e-01 5.008414949707434838e-01 4.531785054826270587e-01 4.763323022915473270e-01 4.608764501902779531e-01 5.007618294458919816e-01 4.465069875694355761e-01 4.353695308056325097e-01 4.429802932984530095e-01 4.481643038205282981e-01 4.562104648859112155e-01 4.367146766441190597e-01 4.354856408879572149e-01 4.291904699752973062e-01 4.394565601477651295e-01 4.356073030708344507e-01 4.241613203501725105e-01 4.267695263558993757e-01 4.238113671814984218e-01 4.096699962402791662e-01 4.253182926883932735e-01 4.325640686325820106e-01 4.353627543957273027e-01 4.378318731645350903e-01 4.252028374692106705e-01 4.317800835622507827e-01 4.394553643107230734e-01 4.357615375769533506e-01 4.380549821898162000e-01 4.104029589301479430e-01 4.455921722322377376e-01 4.353316626326330097e-01 4.248495245678944876e-01 4.684932488129299744e-01 5.566256985347891595e-01 4.656703331135270685e-01 4.387775524863430365e-01 4.435606728762133688e-01 4.355505577559563024e-01 4.353458418432749055e-01 4.515953880727648362e-01 4.230307133714987233e-01 4.302241287366303513e-01 4.251858394998266899e-01 5.015923667439330380e-01 5.207207482906986984e-01 4.267736263686151554e-01 4.411549904152573531e-01 4.457244545869412100e-01 3.952886037213264592e-01 4.409612078698179061e-01 4.216431437903285229e-01 4.377890223371935785e-01 4.602199071818607323e-01 4.351717051920984125e-01 4.555369239081100696e-01 4.388438929698684210e-01 5.051978723704513285e-01 5.069081471191222432e-01 4.270405258074850829e-01 4.206476094527897835e-01 4.477688234273232704e-01 5.199533056327830804e-01 4.448166434381327639e-01 4.314993750527757466e-01 4.279529209982881888e-01 5.630569101471417648e-01 4.434528197639411862e-01 4.853796636842636625e-01 4.311287509866598699e-01 5.081606440591575069e-01 4.357270576089064540e-01 4.229487131171840719e-01 4.604566829161942931e-01 4.285683499903059634e-01 4.343313449469258791e-01 4.777782401092956488e-01 4.365608407503475119e-01 4.840730693542291685e-01 4.508691448481801922e-01 4.275655267412725169e-01 4.304995983409686255e-01 5.776808582794648039e-01 5.238294120985397262e-01 4.315665981779274740e-01 4.237008376720368119e-01 4.340021196203146525e-01 4.777002259784546290e-01 4.287108254321777001e-01 4.328688362444514381e-01 4.360686968629070015e-01 4.342574308288005835e-01 4.317279222893672941e-01 4.443910393403913139e-01 4.526488350899133262e-01 4.179577163881639801e-01 4.215016933516357867e-01 4.400071861610259094e-01 4.587151740428763724e-01 4.346322118522532585e-01
4.627018669627157021e-01 4.767734522708358957e-01 4.644422654159230945e-01 5.005876927947153776e-01 5.430383702840937410e-01 4.704511187739343070e-01 4.673193354499462493e-01 4.322081362786974745e-01 4.735314811051125616e-01 4.408888882010820742e-01 4.771063789978154945e-01 4.505427952249321244e-01 4.453675826468093124e-01 4.546845198755850581e-01 4.020018905140594345e-01 4.301907307163834182e-01 4.464012129358317926e-01 4.105789178091981406e-01 4.428810388239596274e-01 4.369892920791415558e-01 4.589998402035145308e-01 4.570352223049155560e-01 4.207284708146833418e-01 4.409471425484181029e-01 4.897586480985290924e-01 4.205928287273378863e-01 5.268315894650137388e-01 4.393307410075510955e-01 4.489713514623855373e-01 4.507829591642182332e-01 4.353651745421220354e-01 4.410422115932641773e-01 4.837295794000444626e-01 4.393460591106140289e-01 5.282324271428890938e-01 4.136294126866346677e-01 5.089579256985042877e-01 4.203502161693465355e-01 4.740554855080315599e-01 4.188181780845678381e-01 4.265913466366281770e-01 4.369411454020422081e-01 4.110901096723805215e-01 4.181844983415029526e-01 4.750098488845498901e-01 4.072974555487753334e-01 4.052688603684245772e-01 4.421188065988702620e-01 4.141495163830116732e-01 4.052106629657096226e-01 4.144892479922069328e-01 4.241831301400353360e-01 4.136664266903183895e-01 4.524758658034683800e-01 4.356685470107756752e-01 4.518156498669933518e-01 5.385834217453451256e-01 4.301155353442844831e-01 4.822034066112341200e-01 4.172401856906002848e-01 4.411614251574361711e-01 4.125897462677807215e-01 4.322749323191912851e-01 4.486348941689007330e-01 4.177271191452145427e-01 4.259476446402581939e-01 4.087137252189556591e-01 4.887203768228908785e-01 4.467113333420800747e-01 4.474091327284493436e-01 4.377765229928727297e-01 5.055836152334565181e-01 4.350856333973785461e-01 4.127098424735790583e-01 4.290042041198367517e-01 4.170837018719498190e-01 4.132662483658765540e-01 4.146893798628936145e-01 4.491542575852040531e-01 4.855564767326296383e-01 4.106567895784865030e-01 4.208069120301822785e-01 4.221473314651215669e-01 4.140855391012598918e-01 4.363106545577562501e-01 4.298865040784139446e-01 4.248476453953998200e-01 4.218600458519149998e-01 4.062265265329638719e-01 4.227929411062967824e-01 4.523645960139330846e-01 4.217853060367844908e-01 4.082141785307783488e-01 4.584849184676532685e-01 4.272452701924769891e-01 4.269354629816444757e-01 4.127888816075989675e-01 4.230641398640561657e-01 4.166484741332506236e-01 5.125912772447169807e-01
5.328529136950352907e-01 4.688905514340086511e-01 5.322567604572436828e-01 4.677205103052564650e-01 4.638219676588054008e-01 4.497122863992015218e-01 4.976471864528405065e-01 4.428345150685603082e-01 4.124893529008663018e-01 4.452012189364063510e-01 4.215771449745294719e-01 4.270052770870539915e-01 4.441917616390203549e-01 4.338567400027693033e-01 4.123880484200150853e-01 4.233583157764099769e-01 4.564253169411398026e-01 4.267092789468265313e-01 4.385507420606935547e-01 4.399962243214734503e-01 4.336895221230505637e-01 4.171031769323495508e-01 4.172027161299481923e-01 4.258178109042600190e-01 4.271755984486200752e-01 4.286975003908515269e-01 4.386523027923394658e-01 4.224763574855590620e-01 4.293564066010424063e-01 4.326060368182972349e-01 4.228609045115221399e-01 4.384665779107789207e-01 4.350284609978424810e-01 4.304669406007953780e-01 4.276824625206024910e-01 5.243840527075845914e-01 4.958041737924976933e-01 4.600579851518998287e-01 4.199352037711207020e-01 4.500468075755705843e-01 4.180817702451254392e-01 4.374785887355294722e-01 4.295162216800244015e-01 4.235300607535023021e-01 4.317551987628511223e-01 4.111614043379374084e-01 4.338847567563268171e-01 4.713402520870377255e-01 5.079195974782451106e-01 4.223567168367291513e-01 4.297969301894994376e-01 4.277955545380114355e-01 4.259664363652053143e-01 4.349514433978698968e-01 4.300629185144325684e-01 4.329953956647391577e-01 4.355985051268819186e-01 4.280098940916505779e-01 4.323272644259379405e-01 4.287021129051567514e-01 4.373956204226569500e-01 4.228029918319124447e-01 4.260571491465408589e-01 4.327355004142585670e-01 4.136587676387868950e-01 4.180255659041472449e-01 4.270395577489272121e-01 4.071393488084248946e-01 4.137577373901750177e-01 4.171633104521803026e-01 4.218647722554623170e-01 4.598502227019922173e-01 4.132555997217398636e-01 4.348334541430504685e-01 4.136961233101968949e-01 4.183506912180427473e-01 4.159086496165451119e-01 4.450522233354242130e-01 4.244399788532896567e-01 4.244841394069153728e-01 4.222839700833354581e-01 4.329385079883084075e-01 4.591383864665336545e-01 4.206879262444944700e-01 4.239693885049172772e-01 4.355683244777244778e-01 4.157972659377677238e-01 4.535596927759480423e-01 4.230120070634831864e-01 4.083835318337865616e-01 4.268942350760029369e-01 4.110253636382445452e-01 4.282618455674944702e-01 4.183585780480584271e-01 4.228515086490485797e-01 4.232816683164741800e-01 4.170282378110453103e-01 4.185173965961719866e-01 4.189980091978495191e-01 4.292922584854275136e-01
5.437665211534836729e-01 4.542761130534012648e-01 4.493596283610274966e-01 4.454394467585767181e-01 4.718124938294206427e-01 4.602738906826178700e-01 4.433676306108476073e-01 4.310513063020293689e-01 4.380153772058746342e-01 4.356002988824450584e-01 4.253485018098612791e-01 4.170236822413611599e-01 4.257977663976497684e-01 4.200894667495501666e-01 4.209817604891219478e-01 4.410019232738700001e-01 4.285086720274436378e-01 4.356133676729764814e-01 4.318215961909975809e-01 5.030959325181858510e-01 4.272506514591664084e-01 4.226922345439665940e-01 4.224575088159909231e-01 4.319403257258906947e-01 4.203106396577154791e-01 4.301036908631056810e-01 4.235241100406024195e-01 4.090754659241874758e-01 4.192817072999298067e-01 4.117416700264556750e-01 4.226843761862614235e-01 4.297861676561205990e-01 4.305380644324890982e-01 4.338379767501327477e-01 4.188185766969151902e-01 5.091537013056806060e-01 4.275819267921354694e-01 4.273020724519762115e-01 4.271681956478833309e-01 4.124033665230780188e-01 4.122353798909750844e-01 4.251440136756641230e-01 4.112907255723461386e-01 4.280055663004506128e-01 4.161315878079630548e-01 4.174280744677608124e-01 4.182371721159758859e-01 4.081910020700103003e-01 3.988208216205510470e-01 4.614360449813543763e-01 4.154770378612827053e-01 4.383575289614646264e-01 4.210912365230941035e-01 3.935910560954605786e-01 4.055134090435317251e-01 4.119135288927900929e-01 4.112675206392675253e-01 4.366547139581514747e-01 4.144537145486705820e-01 4.056030683493778155e-01 4.077538951588163263e-01 4.172208814640637198e-01 4.073248459115012543e-01 4.132196391935456514e-01 4.183433168896165122e-01 4.121334774916028398e-01 4.066632348318104384e-01 4.107805017677216286e-01 4.017447286053893452e-01 4.081049587476009433e-01 4.068315061870186322e-01 4.052512929528300778e-01 3.971143052168695231e-01 4.967032154696641721e-01 4.095461701618019479e-01 4.094809685706976010e-01 4.695279895220629274e-01 4.847699576266615851e-01 3.988519133836453401e-01 4.106567041615549751e-01 4.046941752527694058e-01 4.152967796633431075e-01 4.207345069445148633e-01 4.147868975264449309e-01 4.185147771436036335e-01 5.051893306772935466e-01 4.067137447106834447e-01 4.168129871434693712e-01 3.956668298943527562e-01 4.100159632854796232e-01 4.927158961589932495e-01 4.055879210801780488e-01 3.979249688421634956e-01 4.072477144222865220e-01 4.156188869123227936e-01 4.025051386026051170e-01 4.203337591738625645e-01 4.054548130284693630e-01 4.066234590140057614e-01 4.356836658076649882e-01
4.475644776546787718e-01 5.283746748062765342e-01 4.423064106529255302e-01 5.284550806112017218e-01 4.840654957196293129e-01 4.909510684633546229e-01 4.612589756821936504e-01 4.242162434371770097e-01 4.205597723748172867e-01 4.638037453800687993e-01 4.509130776233216675e-01 4.426304255467105042e-01 5.247273148832851675e-01 4.330553298783962335e-01 4.447433272385284964e-01 4.490142592343480676e-01 4.491960264647455459e-01 4.617196291941925157e-01 4.505133263835377488e-01 4.259326112603005199e-01 4.345663553980068095e-01 5.119325988130103422e-01 4.491914139504403769e-01 4.167608828152069567e-01 4.413562896506755817e-01 4.695833396937253434e-01 4.302030592268411557e-01 5.374039278094984162e-01 4.610644813289911381e-01 4.343109303002787858e-01 4.948356596776479766e-01 4.239286446285546739e-01 4.401837714309076999e-01 4.218631778060728532e-01 4.238196810961719629e-01 4.208907060400600697e-01 4.300496219454169600e-01 4.308613105738898774e-01 4.321701542164558818e-01 4.351025174775204341e-01 3.961940516683612468e-01 4.344067111528879810e-01 4.151407514016610123e-01 4.405083272985926279e-01 4.265521687373445281e-01 4.347977498656509510e-01 4.128967347198712057e-01 4.235002217720711393e-01 4.161568996920205765e-01 4.336960422821610206e-01 4.785055937539907656e-01 4.787239194311035395e-01 4.309497740426939116e-01 4.301936064197465215e-01 4.201881233055224651e-01 4.242466233925081265e-01 4.345719074985593400e-01 4.394621976652492990e-01 4.244892644228100420e-01 4.981846297863277706e-01 4.233106816009001294e-01 4.248821253634466610e-01 5.120214324218512747e-01 4.159883720860176881e-01 4.639433166462668678e-01 4.688963028407348577e-01 4.180019908310317889e-01 4.207034436537310795e-01 4.288171410396814376e-01 4.712386628830812496e-01 4.850106055952266848e-01 4.151368791674295289e-01 4.665879956817775009e-01 4.228999115769426775e-01 4.143678420601243917e-01 4.237859129358882426e-01 4.590717327875925013e-01 5.085576050125099057e-01 5.036514272965465500e-01 4.643171580834722367e-01 4.287652644899032084e-01 4.549591068382970449e-01 4.852157201202553782e-01 4.287941069404659911e-01 4.206359073331635834e-01 5.334022015097014124e-01 5.087574806324018928e-01 4.386509930660553169e-01 4.231637360062758257e-01 4.532763078692835790e-01 5.157464078633362536e-01 4.186993346604326316e-01 4.059618764066254548e-01 4.503908100313447349e-01 4.352588304623077331e-01 5.064139247530133892e-01 4.227196533790030797e-01 3.888941498618627146e-01 4.457817124034088030e-01 4.089471412206471257e-01
4.427426633948036705e-01 5.426108300692364939e-01 4.354753908561678766e-01 5.318341744244179381e-01 4.969599787659869095e-01 5.232490325207793669e-01 4.358857907400884857e-01 4.329780844999394085e-01 4.376486538463008058e-01 4.313435745695779477e-01 4.950680506761605537e-01 4.221922607711314224e-01 4.805868627088145106e-01 4.288367869339443361e-01 4.431916147871763911e-01 4.295039785864982473e-01 4.129120812952446484e-01 4.170063995488719755e-01 4.190320051366174803e-01 4.248850010668098198e-01 4.517104731519105965e-01 4.507857209783392438e-01 4.196868682787136540e-01 4.253225065903510904e-01 4.235020439999447883e-01 4.207297235963465276e-01 4.313287404957938942e-01 4.182041157634552864e-01 4.241877995989615791e-01 4.361899034888158111e-01 4.299404875791710823e-01 4.123699969751416505e-01 4.170682698796447929e-01 4.178607112262021639e-01 4.209116331882966078e-01 4.339331027395998408e-01 4.224459775302278897e-01 4.554840508274634048e-01 4.163107925304131984e-01 4.220918958765275675e-01 4.310046686573879016e-01 4.560228323595453825e-01 4.425645406201535459e-01 4.478850189265795589e-01 4.184269115933206273e-01 4.247676382028219844e-01 4.241505293444831626e-01 5.096655195596945243e-01 4.172749503817524408e-01 4.259130792552797140e-01 4.109636926136454038e-01 4.161700254271730737e-01 4.055775571591466178e-01 4.767734237985253865e-01 4.419286969814886779e-01 4.325898360736079584e-01 4.302918928356820327e-01 4.224532949140330507e-01 4.186443831011176231e-01 4.283005963821202022e-01 4.203496751954465260e-01 4.334914402587217719e-01 4.235349010462917119e-01 4.177465372609932559e-01 4.531465026055959133e-01 4.213591609651430314e-01 4.193692311824864793e-01 4.296313352314806711e-01 4.149365195182586064e-01 4.364763064603960352e-01 4.301162756243581131e-01 4.536862237239252527e-01 4.414241961112799206e-01 4.402479764911436111e-01 4.247530603798326809e-01 4.743228974484910432e-01 4.242111753659033591e-01 4.255835976778737928e-01 4.242266927751400241e-01 4.165624877554623406e-01 4.298359657272304846e-01 4.204264650169349249e-01 4.067367788098988912e-01 4.185172827069298940e-01 4.161444003476997278e-01 4.163779302386333425e-01 4.292094894787286119e-01 4.239669968308331094e-01 4.148474866032440533e-01 4.651599384750394472e-01 4.147963503335395097e-01 4.196051812198147712e-01 4.221807579576789538e-01 4.236551396136427061e-01 4.280589803549972872e-01 4.202386616567059807e-01 4.966119332421180532e-01 4.073345549693905832e-01 4.136163438961033001e-01 4.179919116331056173e-01
4.865233963980898357e-01 4.833635963205443198e-01 4.250892044779017165e-01 4.916965874421653226e-01 5.573011186850850285e-01 4.198365472151484035e-01 4.325273108796930388e-01 5.045036035505873206e-01 4.320321773996472769e-01 4.551001017200214105e-01 4.199820122496253361e-01 5.166540481782815331e-01 4.090838367834820910e-01 4.128991263939553735e-01 4.268990184241712726e-01 4.162113102774356310e-01 4.236105804476696379e-01 4.149661591935160931e-01 4.059373617472626372e-01 4.339290027268841166e-01 4.180946966741042048e-01 4.193065920993294671e-01 4.078844122302671682e-01 4.267112720085633470e-01 4.257862066395762257e-01 4.180157144847053141e-01 4.178656654082336663e-01 4.143155099533777919e-01 4.425952907155215055e-01 4.178929703540280594e-01 4.193998389163018370e-01 4.200571506771032526e-01 4.256475749596255187e-01 4.247667840335062062e-01 4.940103043401226079e-01 4.260584873451355725e-01 4.208741636276445153e-01 4.083216899753242535e-01 4.149756689452317460e-01 4.220928069904644198e-01 4.305954076658883301e-01 4.282691344789890664e-01 4.299821425694705379e-01 4.633627662346433973e-01 4.100411612802951078e-01 3.975980782450154183e-01 4.500601326168967020e-01 4.276256602611032687e-01 4.096893004668157867e-01 4.163216120084130556e-01 4.126996493864107385e-01 5.225929165970201185e-01 4.105276676502515043e-01 4.134631628654738544e-01 4.881284944316780505e-01 5.218542879173566629e-01 4.235610955719755766e-01 3.984925643524976913e-01 4.186358414079598411e-01 4.227885848427863080e-01 4.213039816273437821e-01 4.208875171412811422e-01 4.227213047730135620e-01 3.927391360922145580e-01 4.179324329764169677e-01 4.652736568832799846e-01 3.867020951467826650e-01 4.684728911109038996e-01 4.039247964777379907e-01 5.032902845098357059e-01 4.833844380518492745e-01 4.102587751496447055e-01 4.014931187972717863e-01 4.202215782703904168e-01 4.018783491586874757e-01 4.173660333031248282e-01 4.431761258502502909e-01 4.882737601599813071e-01 5.125133200584970350e-01 4.147228633000721310e-01 4.242361740545451121e-01 5.266110998923010378e-01 5.421482119678113776e-01 5.072880816307802077e-01 4.109527023017824354e-01 4.041334700415824543e-01 4.151368222228084548e-01 4.461364489202512273e-01 5.358131798204152085e-01 4.378996372635867718e-01 4.822872290934224204e-01 4.011071766280929762e-01 4.151021998932089563e-01 4.205939960920694332e-01 5.181442889112082284e-01 4.790821580421406600e-01 4.408706659223454727e-01 4.116020418156365324e-01 4.164834770937528852e-01 3.991755296650829621e-01
4.345377407259282676e-01 5.229706302684569152e-01 4.520534506045058576e-01 5.635789784329451324e-01 4.354892853437045130e-01 4.880564594860474781e-01 4.269452005118443139e-01 4.219058008549301797e-01 4.381143754295732662e-01 4.210264904889581827e-01 4.253981290471079424e-01 4.267149164643107007e-01 4.217615031851847940e-01 4.402881509212956956e-01 4.399502415399740851e-01 4.336467851849511446e-01 4.441219475336108391e-01 4.313460516605936990e-01 3.980267858246042123e-01 4.084715397456221697e-01 4.094394844142613676e-01 4.128557345927138522e-01 4.350602076240788763e-01 4.160307958287012831e-01 4.228637517425747339e-01 4.311611524760383674e-01 4.186972846540747417e-01 4.121100447800399857e-01 4.136178814008716897e-01 4.143364086293038206e-01 4.126905382470424932e-01 4.091964162993015353e-01 4.238164637250825262e-01 4.174046987008190324e-01 3.977788204722339516e-01 4.239248008666336998e-01 4.196696710031559974e-01 4.249132455988515189e-01 3.981985023293860282e-01 4.229412533718263090e-01 4.003432930089930175e-01 4.007057455219880104e-01 4.115591055713634372e-01 4.089456891328103194e-01 4.161354030975735196e-01 4.047831512231628848e-01 4.201082869468077963e-01 4.058525712065164659e-01 4.037699925254085720e-01 4.076378420211126952e-01 3.963583653724063183e-01 4.132130620898141760e-01 4.137463484659646418e-01 4.031738108153063438e-01 4.165583307981255423e-01 4.007773818552712308e-01 4.144611173494073264e-01 4.155219956396031256e-01 3.907023978310533718e-01 3.990150597229588647e-01 4.019967370258542561e-01 4.010665181686619563e-01 4.133036609819076279e-01 5.243813763103951642e-01 4.001923328185846285e-01 5.318300744117021583e-01 4.168008579391853097e-01 3.899061127225749712e-01 4.017440167976262244e-01 4.187975071871259947e-01 3.962049850356031966e-01 4.178645834604337028e-01 4.052595783951931097e-01 4.071222654221093307e-01 4.037096027547830701e-01 4.199263773548576606e-01 4.989970586948743736e-01 4.078347565207099401e-01 4.126392880880958014e-01 4.096727580544001768e-01 5.266874626291315753e-01 3.963304055634698786e-01 4.155148206173505665e-01 4.071829683881506012e-01 4.705492913006276701e-01 4.398436696816755420e-01 4.537867594523922743e-01 4.878640436115133094e-01 4.191460082679632770e-01 4.071394626976669873e-01 4.303290492009183565e-01 4.127333036574524217e-01 4.154895372056035541e-01 5.324438804820199600e-01 3.957197029749994210e-01 4.112136795000629896e-01 4.119871013431891105e-01 4.572459458751178540e-01 4.250357619510445328e-01 4.101228483391939350e-01
5.352261377219917904e-01 4.607425449138745077e-01 5.252617401518566709e-01 4.304322043819537313e-01 5.306633930155920664e-01 4.591936796935749965e-01 4.409567092447548298e-01 4.641017650543436401e-01 4.450760261870238543e-01 4.686399666290700372e-01 4.135005470091943636e-01 4.396964678362565437e-01 4.229263338811107276e-01 4.211465297501354454e-01 4.329650441817185502e-01 4.355625161263771972e-01 4.238359387854822580e-01 4.405502385396867782e-01 4.407031348472109644e-01 4.352289914808765703e-01 4.281680577766220352e-01 4.319389021103643977e-01 4.374498886465193470e-01 4.273097884481287245e-01 4.295958302602548295e-01 4.293242044178375849e-01 4.372087851209858766e-01 4.312218269697690731e-01 4.316877193869047002e-01 4.400150729910415892e-01 4.155187497962031795e-01 4.221369675440900804e-01 4.465588071745927312e-01 4.242105205027612569e-01 4.177521178338562957e-01 4.208133183000505873e-01 4.058403281129903117e-01 4.104237437168318792e-01 4.101468789692778172e-01 4.205609112672383243e-01 4.107888726270162438e-01 4.318004127919662927e-01 4.236264679969430902e-01 3.977817531202181289e-01 4.256341360290573084e-01 5.443293048433389680e-01 4.134041967103746495e-01 4.196549223463035272e-01 4.148819665712909499e-01 4.101818144942931399e-01 4.174511085669763144e-01 4.290733064174831468e-01 4.148544338470123716e-01 4.157377588087685094e-01 4.373638453241100454e-01 5.348108975452817715e-01 4.182387096207442756e-01 4.167371938528493525e-01 4.144004713279871299e-01 5.518897282911496838e-01 4.148782651709225777e-01 4.214383139884050888e-01 5.280201375956077303e-01 4.060759649549028349e-01 4.228336280380383116e-01 5.532634603294042108e-01 5.241736423327980621e-01 4.094309142487930209e-01 4.356748678637124561e-01 4.134012071177694536e-01 4.106203734933238647e-01 4.213288094821223684e-01 4.845271457624965583e-01 4.078410489013362117e-01 4.173943917244086754e-01 3.945962425462676837e-01 4.231484748478339664e-01 4.112625379849254581e-01 4.547643277619892177e-01 4.039865529192687155e-01 4.174382960272396415e-01 4.127014146696633690e-01 4.029991047179192765e-01 5.234132608078928550e-01 4.235912762211330729e-01 4.100325626425162517e-01 4.192233390633516854e-01 3.984928775479135155e-01 4.080033125990233933e-01 4.122430674148170882e-01 4.147484883795454214e-01 4.146361651145206717e-01 4.687817302631785976e-01 4.129092625365025637e-01 4.990719978161786141e-01 4.142250534228369419e-01 4.192538613802354597e-01 4.299458973181710109e-01 5.000068007153656291e-01 4.126091643835593792e-01
5.276502822818760485e-01 4.027705005367066549e-01 5.185798583176337573e-01 4.895142987295956760e-01 4.578525199785620781e-01 5.050112079026434220e-01 4.291721338073186121e-01 4.246118377196241300e-01 4.142917640463991691e-01 4.293931643539313225e-01 4.053880169879755524e-01 4.106894188463492412e-01 4.232635029823586525e-01 4.090254970192144790e-01 4.210617107370787093e-01 4.133188082511073946e-01 4.387723135812062192e-01 4.085400725970580460e-01 4.325723825472555517e-01 4.186221177542863159e-01 4.162807257704978503e-01 4.224393434818753956e-01 4.200393554830245124e-01 4.272066047947827849e-01 4.255983463347262075e-01 4.137258768746964743e-01 4.251392872721168059e-01 4.318429219515815265e-01 4.132559413894661970e-01 4.205802439660854541e-01 4.209631965426590683e-01 4.140342604700027462e-01 4.454250397694505814e-01 4.137282400764701329e-01 4.023208658088813228e-01 4.230785468531823024e-01 4.073566494823587236e-01 3.991569087739990085e-01 4.113010325487564955e-01 4.227240381148240633e-01 4.136534717890290591e-01 4.029890539923036141e-01 4.125517072609180547e-01 4.199331252924523028e-01 4.033966351174821940e-01 4.145570120912586143e-01 4.146696485516991881e-01 4.252250173991103388e-01 4.126117838361277879e-01 4.163187647773604616e-01 4.187828154748945986e-01 4.125475503035813118e-01 4.099093344825600616e-01 4.132608386268766254e-01 4.145180904427697155e-01 4.063156448649100083e-01 4.022773885907082736e-01 4.187948307899365674e-01 4.112726171828516297e-01 4.122702015267483144e-01 4.338857817595057620e-01 4.093028457960474764e-01 4.074462803158943047e-01 4.572149964735762184e-01 4.294136359451994900e-01 4.236886515231316763e-01 4.273024141197024894e-01 4.137773263398168422e-01 4.228381266631013879e-01 4.177526588077563052e-01 4.115874355203367196e-01 4.003294554660774551e-01 4.104342784717264769e-01 4.186463761628544389e-01 4.152715531962171136e-01 4.071817725511084896e-01 4.207528146401830482e-01 4.081209032414954696e-01 4.127136577631895231e-01 4.090263227162196924e-01 4.112174947896734545e-01 4.267296651211631153e-01 4.205570959776278595e-01 4.182306804291759939e-01 4.114770199001172024e-01 4.193461116663394495e-01 4.290894502175513492e-01 4.196383799338879728e-01 4.112580963044834559e-01 4.174037021699506522e-01 4.218997362527881489e-01 4.108429415447049649e-01 4.265205644726607348e-01 4.375517341012705730e-01 4.142358159562157249e-01 4.051944052763992721e-01 4.175398282865750432e-01 4.036631928886258436e-01 4.255912282570947225e-01 4.311240815277336269e-01
5.152040672924385056e-01 4.461798407214927487e-01 5.334108570921012316e-01 4.748577213294098986e-01 4.679482887894638732e-01 4.585563839670733222e-01 4.398010181605077062e-01 4.287127615492934418e-01 4.345403032338756022e-01 4.494480064128999475e-01 4.476699106205562217e-01 4.296225088152176297e-01 4.381813992485513176e-01 4.204270344631454437e-01 4.363024545323248016e-01 4.155171553468137158e-01 4.831995388672939429e-01 4.232982107288897344e-01 5.031943897679844735e-01 4.531566387481431590e-01 4.304724357567268900e-01 4.330346874532649548e-01 4.323983313130106421e-01 4.276441672629451296e-01 4.289085941010907232e-01 4.278654255880420809e-01 4.314493207308711664e-01 4.346531105281792873e-01 4.111189805952537579e-01 4.188873657991458166e-01 4.701907394941747809e-01 4.864511906185961521e-01 4.366246471982360711e-01 4.319098034090069205e-01 4.539937531499156909e-01 4.266117897555857796e-01 4.260021975872258504e-01 4.027137267495179973e-01 4.329986130358285945e-01 4.276539617377660418e-01 4.319375354394591193e-01 4.448114330053065113e-01 4.287716138151504985e-01 4.348487722461134020e-01 4.236029213961381434e-01 4.237252669144680461e-01 4.111825023200371132e-01 4.142106179614002959e-01 4.680599571913465207e-01 4.191728576567891884e-01 4.182349512757548848e-01 5.231244376899178983e-01 4.610039776691235436e-01 4.378106897655038021e-01 4.304061522178225241e-01 4.312651048817685018e-01 4.402853321625536109e-01 4.087383822398710786e-01 4.362695974859778780e-01 4.305460082071258521e-01 4.161968178713779665e-01 4.234843911674187611e-01 4.157501157915367562e-01 4.284671024540758211e-01 4.991653869947035860e-01 4.286607711102731200e-01 4.713798285986687819e-01 4.375642903902124958e-01 5.271726877451142768e-01 4.259526272946002057e-01 4.278268456072794601e-01 4.615504182527370158e-01 4.571430469448771738e-01 4.588136882372960690e-01 5.557498902630118032e-01 4.281537931490485560e-01 4.227738931305549119e-01 5.265676511464385534e-01 4.251005649298015276e-01 4.344869461239500019e-01 4.203693495620199339e-01 4.882585559461604663e-01 5.181873959893444903e-01 4.254071262972341505e-01 4.189425166646345011e-01 4.680569675987412692e-01 4.373456799899945180e-01 4.288417411159758386e-01 4.204819860224604522e-01 4.599669876474590247e-01 4.751242791005535482e-01 4.267374950065577210e-01 5.113005704639559390e-01 4.770713295835580792e-01 4.306321938910878111e-01 4.752748406786146407e-01 4.421299107999753786e-01 4.176914148678150807e-01 4.395115686517012121e-01 4.330239533921966810e-01
4.589147079950420260e-01 4.269378546557286436e-01 5.059152037618414033e-01 5.266782376005211264e-01 5.180200357480730933e-01 4.555232002544365444e-01 4.337417688128656357e-01 4.271997999125671241e-01 4.238748034893501382e-01 4.401213885985453822e-01 4.261712092225077297e-01 4.254865925159119766e-01 4.218467208105888822e-01 4.247109783048753640e-01 4.177523740846510458e-01 4.307031468889184200e-01 4.320616462410416525e-01 4.239008271811708362e-01 4.169350194663834497e-01 4.403067433400691399e-01 4.289789207080897393e-01 4.314821493049075807e-01 4.223555779443081137e-01 4.095153631218129142e-01 5.127400165949044242e-01 4.300149141988858781e-01 5.282435313439941549e-01 4.224266448313808153e-01 4.202422776401427695e-01 4.267589346563837593e-01 4.291906123368499637e-01 4.273714310004173567e-01 4.278348463265372326e-01 4.318953679475702745e-01 4.310042131004194754e-01 4.293136411906324779e-01 4.267323415183525426e-01 4.323383116824219830e-01 4.069097765686544022e-01 4.184548144576360484e-01 4.276815514066656942e-01 4.405559899464130402e-01 4.305249671696472213e-01 4.246523253451919833e-01 4.502346394081100933e-01 4.138549133859999452e-01 4.419236004379045180e-01 4.345255545770231875e-01 4.150227621468416395e-01 4.214226257453053126e-01 4.521449606105361618e-01 4.323040025482382531e-01 4.384487542443896713e-01 4.362726724955146573e-01 4.173700194265984598e-01 4.290799119935251871e-01 4.186611532920173628e-01 4.050153713878122952e-01 4.626908766508527338e-01 4.453293443337729696e-01 4.348763334427024896e-01 4.199080411868789664e-01 4.131751939168146759e-01 4.173762263902931480e-01 4.183480432931638293e-01 4.158624675288720707e-01 4.307756373915174186e-01 4.142081693426950539e-01 4.512782350058165970e-01 4.184410053870309398e-01 4.505369584012742790e-01 4.933544731394685634e-01 3.985856118632964407e-01 4.244649205973103911e-01 4.462354756162603686e-01 4.194781662425586255e-01 4.201948712431171074e-01 4.010465021343622150e-01 4.248500370694839878e-01 4.081738902113841716e-01 4.119549561046053077e-01 4.224176760535651720e-01 4.239476926042964888e-01 4.534315958508919331e-01 4.673345966083881642e-01 4.110414220213811642e-01 4.190490315783119701e-01 4.199418378194732515e-01 4.146454755600626485e-01 4.297849148744574688e-01 4.622856587274478124e-01 4.206844241502997739e-01 4.088143178920436993e-01 4.176222840978581208e-01 4.150152169845522376e-01 4.135023407647575033e-01 4.302797066867768971e-01 4.172949094714311080e-01 4.027684505303488205e-01 4.382790592736551805e-01
4.461414315745932946e-01 4.940898559757320729e-01 4.969764357614708805e-01 4.619628396707049500e-01 5.289200334420900429e-01 4.599705751585852487e-01 4.686441520587173448e-01 4.537313238637983304e-01 4.508390496159542793e-01 4.480057699955199979e-01 4.603450999312432290e-01 4.565259380865384076e-01 4.406428874381381200e-01 4.389934864893715871e-01 4.538535839651965942e-01 4.473404005708397912e-01 4.515080350240713303e-01 4.327493664294846942e-01 4.208572795475026274e-01 4.382155944934928993e-01 4.251888006201213766e-01 4.313359155180464533e-01 4.294332818394623885e-01 4.211106261665622519e-01 4.420952599980653153e-01 4.212011965863451946e-01 4.143574496667824514e-01 4.204770887850500238e-01 4.285592957955587368e-01 4.340267196966090535e-01 4.263263833148739912e-01 4.439535338168499878e-01 4.369027647274532633e-01 4.145047369291330330e-01 4.175155698780069757e-01 4.227337471727133922e-01 4.293066370022430855e-01 4.282312663059896218e-01 4.307662984736648770e-01 4.232878183355477941e-01 4.258036886382391417e-01 4.154846969128141443e-01 4.395244381360589592e-01 4.083316268116977676e-01 4.175353296615119669e-01 4.201914830381645038e-01 4.152527045266489747e-01 4.154284356272149314e-01 4.160403625250380100e-01 4.162925987239871062e-01 4.297658384264050890e-01 4.544022453890310675e-01 4.174052112024085326e-01 4.202181046485062299e-01 4.618963852979374174e-01 4.213336782472223430e-01 4.322819365075806775e-01 4.209711403172957667e-01 4.279094437801151396e-01 4.230777496284875427e-01 4.184151525290734086e-01 4.197968283419647451e-01 4.240233720056744149e-01 4.229332526525685365e-01 4.242513213237449343e-01 4.326043569519761878e-01 4.224187864736756448e-01 4.279802828887036004e-01 4.185881787601394288e-01 4.192758989485825261e-01 4.126657673368849255e-01 4.111166173934801549e-01 4.372420977243011708e-01 4.191928736910889297e-01 4.122630549768063202e-01 4.141088579235806533e-01 4.116286064813572398e-01 4.094827338539502315e-01 4.101807325464931209e-01 4.200491499578454246e-01 4.436343592158544236e-01 3.943101527701032283e-01 4.152173988615968092e-01 4.130713269280161248e-01 4.048571222859092544e-01 4.117898451758655320e-01 4.108968396285305746e-01 3.956152380676798419e-01 4.112482448850414696e-01 4.148887714535066662e-01 3.948574190507219139e-01 4.077004811042697074e-01 4.002251898649315520e-01 4.212979739698228254e-01 3.931137178094935569e-01 4.117303380468663176e-01 4.058960768970000799e-01 4.122208874849174198e-01 3.878046568995883736e-01 4.100330466717951872e-01
4.740289777869319821e-01 4.403996200170046671e-01 4.719527484310713228e-01 5.395819456754892274e-01 4.721236392388479253e-01 5.020399514654004802e-01 4.182118317596077994e-01 4.501568530557532588e-01 4.347791859191880715e-01 4.549802332927072590e-01 4.495339073737566471e-01 4.631012480624627781e-01 4.489066339005601258e-01 4.357234985700907393e-01 4.428482387222337779e-01 4.219439252787243744e-01 4.736585245546792167e-01 4.507366916596136086e-01 4.434855913933565263e-01 4.614735145420064688e-01 5.204904642431650297e-01 4.426961965840253699e-01 4.500155165063026153e-01 4.806791129949184449e-01 4.339484208426627743e-01 4.420169041994979620e-01 4.493088907036703050e-01 4.509006921682429114e-01 4.524760366373315468e-01 4.417949340666378899e-01 4.386132672546084743e-01 4.376215197343695795e-01 4.463326800843958608e-01 4.527992543064218167e-01 5.196594144435344731e-01 4.463363530124537237e-01 4.449070999686736139e-01 4.438013208447784685e-01 4.091948787945331456e-01 4.318233045296291372e-01 4.317268403415673306e-01 4.195254018057211209e-01 4.248265758856106245e-01 4.119085747107585904e-01 4.157806381084205860e-01 4.251590755279323064e-01 4.285790555790637280e-01 4.212816023912704377e-01 4.173601110625354549e-01 4.176400508196262962e-01 4.404770077570141495e-01 4.184392116314678001e-01 4.285181248345382721e-01 4.188708233867302622e-01 4.231864569100755036e-01 4.166618561191978154e-01 4.825500854641976978e-01 3.899283211247852043e-01 4.066095360541585602e-01 4.222339727060518966e-01 4.181518690736402144e-01 4.819131029331118476e-01 4.247045720350070552e-01 4.292268006435284167e-01 4.252770647827517347e-01 4.178125645491028717e-01 4.318822706847283421e-01 4.218534402758730151e-01 5.212416207394598988e-01 4.763552509738311902e-01 4.041433214610244407e-01 4.202888298678526535e-01 4.061359276408704200e-01 4.198440354328167312e-01 4.505334278347690735e-01 4.176828731746572987e-01 4.224794324950958968e-01 4.169214097019520726e-01 4.226810733982404589e-01 4.315087993875598160e-01 4.181579336757822452e-01 4.111957988890527216e-01 4.218967181878723882e-01 4.202155136682483860e-01 4.288376126309496050e-01 4.247543985784273946e-01 4.110492803790863348e-01 4.074865971075989912e-01 4.325401803640507858e-01 5.519590868395908290e-01 4.549745388306020710e-01 4.096407836496795962e-01 4.175573387575485240e-01 4.585433151765419546e-01 4.360968844503276265e-01 4.173470137996935225e-01 4.531550727710642046e-01 4.262590178281696618e-01 4.320365051908472420e-01 4.361165872892115991e-01
5.107023672198064412e-01 4.387648538358484562e-01 4.440208708312438080e-01 5.061460572555854798e-01 5.022160811783138445e-01 4.533752491483611369e-01 4.660359745253009334e-01 4.438907238998298088e-01 4.408712353685559915e-01 4.353056389408123117e-01 4.407178265594423605e-01 4.410169566538276742e-01 4.655301354564974625e-01 4.242024058942613918e-01 4.185701273152659940e-01 4.251739380740268137e-01 4.324668072198254443e-01 4.308604848768846640e-01 4.290754418407726201e-01 4.275877066711722407e-01 4.310398604331979189e-01 4.297308459567687478e-01 4.086652084018194686e-01 4.144500700929232839e-01 4.226841768800877475e-01 4.220789409752382926e-01 4.380247445960376851e-01 4.214298292398683810e-01 4.185941579453498762e-01 4.166197170996194243e-01 4.212009118632399352e-01 4.253930894481448566e-01 4.189381888734345916e-01 4.518664444689716175e-01 4.242383094778345853e-01 4.393820765834293707e-01 4.181005050254514854e-01 4.368785632635062699e-01 4.557584384840017155e-01 4.239341967291072044e-01 4.210178349065583081e-01 4.302595767632351187e-01 4.362395307260624744e-01 4.304039313776015230e-01 4.393445500781562041e-01 4.253305927265404462e-01 4.179951005318845447e-01 4.209695743402168677e-01 4.148645130449385432e-01 4.223692446533605649e-01 4.338294635292854751e-01 4.130725227650582365e-01 4.168806942979000341e-01 4.274862313564578575e-01 4.235881442669752195e-01 4.148432727012862364e-01 4.173900069885876918e-01 4.285288873679170552e-01 4.298746595972351980e-01 4.221910649340893662e-01 4.251157406713118592e-01 4.241027528074206576e-01 4.324453675699994615e-01 4.167982100143064472e-01 4.101163281800835336e-01 4.359587652719664197e-01 4.506757609150881527e-01 4.111813349553055663e-01 4.474657641540853992e-01 4.527023345613915839e-01 4.344826752773711109e-01 4.187410750676636151e-01 4.329111460978929959e-01 4.190538718711013799e-01 4.162606812638875997e-01 4.218885751070619583e-01 3.989469254838703405e-01 4.055687592151940857e-01 4.344578474225925246e-01 3.943242465638135408e-01 4.063445442600938096e-01 4.209871417558113671e-01 4.152134412104336869e-01 4.007751040704291556e-01 4.086051887712308095e-01 4.254102013067709298e-01 4.032028240997322377e-01 4.048696501025406680e-01 4.011514510709607295e-01 4.003295124106984737e-01 3.995580836293092242e-01 4.256415103574834879e-01 4.089251605969211334e-01 4.162955883165923576e-01 4.218812007786357787e-01 4.099496228019542388e-01 4.131108464950261072e-01 4.048019429481100051e-01 4.120751661996457371e-01 4.867856833226546498e-01
5.160313587470797270e-01 5.018224230129824104e-01 4.579395883041503246e-01 4.491739034794668961e-01 4.435152310686140131e-01 4.433400124696375011e-01 4.399658443661422780e-01 4.439338879225871448e-01 4.413486590714546520e-01 4.510098265344887891e-01 4.281762293297429744e-01 4.274926660986367311e-01 4.193651311697707551e-01 4.230144272098779190e-01 3.888352691236950931e-01 4.248030577571161870e-01 4.321909959477608920e-01 4.372239893348067175e-01 4.319806425175953812e-01 4.116534628084463354e-01 3.730947223894770515e-01 4.299486306599815122e-01 5.236699102149735552e-01 4.047637615796947363e-01 4.261108763965033019e-01 4.111394806588324347e-01 4.373494383349839087e-01 3.966297349640288683e-01 4.721671734016420485e-01 4.026821794294552781e-01 4.814446764803393952e-01 4.108559818629258786e-01 4.178843432439386940e-01 5.065607279860849799e-01 4.117503825534765682e-01 4.083923013054285289e-01 4.344452057167190184e-01 4.040889678202304602e-01 4.063904700969721562e-01 4.188524302741304939e-01 4.050001102293704358e-01 4.358822601735832802e-01 4.416100918267036324e-01 4.914777492634631040e-01 4.201421689963336092e-01 4.150301934198888931e-01 4.164515881059638880e-01 4.000291580069605946e-01 4.051364641244790676e-01 4.002775789162992259e-01 4.171281471486807946e-01 3.939301043692032267e-01 4.220197755139654117e-01 4.144218255608815848e-01 3.981205166708555176e-01 5.042002026096230605e-01 4.140813536716125842e-01 5.126810789121157841e-01 4.366544292350462153e-01 4.009165545091218918e-01 4.107641586614797502e-01 3.975965122679364638e-01 4.020478163509377811e-01 4.283846181704822342e-01 4.013306557934108731e-01 4.955105673263544008e-01 4.519043695865921362e-01 4.058712775145320029e-01 4.517427892243575105e-01 4.256197005676206624e-01 4.918026752711848748e-01 4.600519205497577979e-01 5.096636403871998011e-01 4.418197903937270410e-01 4.146671429883728721e-01 3.978973791732638987e-01 4.809432221473569080e-01 5.252202844677309468e-01 4.058620524859216094e-01 4.186550602175648228e-01 4.024542870560057772e-01 4.218546361129150712e-01 4.446864395620976906e-01 5.447616284063645509e-01 4.105388287959776394e-01 4.379756583326909758e-01 4.031086092242019969e-01 4.592521333470847011e-01 5.402061156668384045e-01 4.133164735216443009e-01 4.075592584440611565e-01 3.684311287591945372e-01 4.123634483437206844e-01 4.044965774177195494e-01 4.468345899743468297e-01 4.029730810260985785e-01 4.176720536966574415e-01 3.992532590728187225e-01 4.052911541875663937e-01 4.051896219282309364e-01
4.626466591526059435e-01 4.793695575445893198e-01 4.428668026686967130e-01 5.645506814465737211e-01 4.420995023723336970e-01 4.598117566104716891e-01 4.320027655028740310e-01 4.196619834793139936e-01 4.352753728747232875e-01 4.290469695302466802e-01 4.254836029233067252e-01 4.297243257976583464e-01 4.292765132977066633e-01 4.253788817651923959e-01 4.288089410142499891e-01 4.301122895008845370e-01 4.836360193876563240e-01 4.240082532087851575e-01 4.317727377061351124e-01 4.297818968095417080e-01 4.353997683994110246e-01 4.262173343655596969e-01 4.275875358373090740e-01 4.381327685421730345e-01 4.227537632070131335e-01 4.183337501932798408e-01 4.207108749267783332e-01 4.304620433633848942e-01 4.208476274342343171e-01 4.067673295990932303e-01 4.222623026550251790e-01 4.421445740398962099e-01 4.366265548430413035e-01 4.589908429533883782e-01 4.543133548355691720e-01 4.214543438992311986e-01 4.293875553087577179e-01 4.116976518343825608e-01 4.182526895252124954e-01 4.271149524271998787e-01 4.478528167433747376e-01 5.033142581952985140e-01 4.216049624219133096e-01 4.173738631885194894e-01 4.268946052160397797e-01 4.295477405277765559e-01 4.054833992282373956e-01 4.206215572886585208e-01 4.218281568641260026e-01 4.321201568391723757e-01 4.511588506077814364e-01 4.244781032770839069e-01 4.307206858322023546e-01 4.385591413922986792e-01 4.672777089319573585e-01 4.362368543288730471e-01 4.157130448432320158e-01 4.427172091491934913e-01 4.129494084943441390e-01 4.300477997175433109e-01 4.256003963410840418e-01 4.226812442321035701e-01 4.232061028043384021e-01 4.227900084583126050e-01 4.502478220878835535e-01 4.396600517510939055e-01 4.273340183843862827e-01 4.375986279967067905e-01 4.132341885442243901e-01 4.057399062737653828e-01 4.211212178660779237e-01 4.404734202458878700e-01 5.184419384454461710e-01 4.448905860285685687e-01 4.328533757798359027e-01 5.071042643940247840e-01 4.334028913729861543e-01 4.307297969715706554e-01 4.358240627708682702e-01 4.361104372701379850e-01 4.247104658032859192e-01 4.186691540112751353e-01 4.331894629332838642e-01 4.119851082814522947e-01 4.220713103960173074e-01 4.203706592883041382e-01 4.057701438675438976e-01 4.471985230474891382e-01 4.277037598088758719e-01 4.294985119028772447e-01 4.413488868499388373e-01 4.715789639384870835e-01 4.108876715445411998e-01 4.479440420262997824e-01 4.341469867362705570e-01 5.388743518142989908e-01 4.222274525469414952e-01 4.376577934579796159e-01 5.305819622074879893e-01 4.396265967862259538e-01
4.559834266817775483e-01 4.727922260346175687e-01 5.408760121888922523e-01 5.051327846685891299e-01 5.176305914846995870e-01 4.910195158978589158e-01 4.568302501414394645e-01 4.517031557681054355e-01 4.412421726300876923e-01 4.371096445357345872e-01 4.272201006699720693e-01 4.499404065511352080e-01 4.310872668302235811e-01 4.805224013977837938e-01 4.437491026272739059e-01 4.351329259051621157e-01 4.433135047485378677e-01 4.439735783234602384e-01 4.286237001619683795e-01 4.395259756408273488e-01 4.381562297260463978e-01 4.267683589911678288e-01 4.281511167518591288e-01 4.325548151316611079e-01 4.335024305705847403e-01 4.365485122398897744e-01 4.350713687698050669e-01 4.333032952307664942e-01 4.476776550890192996e-01 4.309567212864622299e-01 4.187270097462638119e-01 4.199096071639579209e-01 4.300063725057280961e-01 4.268584738539823453e-01 4.503041972627249145e-01 4.433603986439740297e-01 4.386305784194082236e-01 4.281347736456172504e-01 4.256842188232723978e-01 4.309293593960468183e-01 4.259356293252162251e-01 4.349411364214594844e-01 4.345900158880538489e-01 4.294010511839470023e-01 4.399714534113158826e-01 4.200247776600352645e-01 4.242447157477028941e-01 4.370657117605931119e-01 4.246489656125499446e-01 4.241991315785509364e-01 4.289649123313110102e-01 4.144823861653701980e-01 4.275040550228471070e-01 4.276821777974972316e-01 4.121326517945975709e-01 4.290812501921199007e-01 4.147892037835975154e-01 4.229866951794256646e-01 4.229195005265845020e-01 4.085261496372109002e-01 4.117003851761930622e-01 4.153040401025271944e-01 4.362011500514735851e-01 4.046434945400332883e-01 4.178269430659184436e-01 4.432076446980025008e-01 4.055644883686151947e-01 4.213970576104530408e-01 4.057226235812761428e-01 4.044273042862099321e-01 4.181626885516400716e-01 4.196474626009457642e-01 4.191278429338477496e-01 4.425982518358161921e-01 4.103910005597270483e-01 4.190301544364332664e-01 4.067656782050826925e-01 4.062541446741740336e-01 4.030587542084710928e-01 4.133095262778759826e-01 4.193400185918868539e-01 4.141558941805694727e-01 4.084250729348438691e-01 4.141323191074540166e-01 4.129637585388492016e-01 4.256665659907463151e-01 4.234397181122036002e-01 4.004981254336330010e-01 4.242484740926923403e-01 4.161875074258359897e-01 4.147295542930456991e-01 4.194441987761012292e-01 4.101089538516572985e-01 4.141085162558543198e-01 4.189804987268760939e-01 4.197008481831818738e-01 4.694227558623591534e-01 4.217410885385377006e-01 4.006941288192934492e-01 4.115124679267220253e-01
4.518463430177402929e-01 4.860746727842013559e-01 4.493351421739751883e-01 4.942683204181085310e-01 5.138499242038258030e-01 4.692021524004043043e-01 4.682860273369223170e-01 4.561195243260914300e-01 4.482412929481904285e-01 4.482550166018638982e-01 4.446489984737561074e-01 4.638071335850214028e-01 4.602911449027966007e-01 4.427349758709616667e-01 4.254581486776965460e-01 4.137128365564756161e-01 4.318637921551969905e-01 4.110281254523655559e-01 4.216050193665343282e-01 4.377314797976207261e-01 4.327836755636684241e-01 4.037670883497349039e-01 4.000991998908543512e-01 4.434336863712677879e-01 4.171636521199065806e-01 4.318645893798917501e-01 4.344388848637822376e-01 4.145445412192482748e-01 4.228183668795963968e-01 4.092476095136271530e-01 4.066834501722838557e-01 4.135282505673361086e-01 3.866305442304310280e-01 3.900328999213468761e-01 4.235671317018070425e-01 3.955615962346489822e-01 4.192794864597087501e-01 4.232969864195371135e-01 4.096950803458525026e-01 4.351801329960140463e-01 4.122518938310801295e-01 4.214902474828043366e-01 4.070806389041204398e-01 3.974863813708222060e-01 4.183867086908580335e-01 4.289087079903328159e-01 5.305843538815721017e-01 4.282113641609319732e-01 4.079018942289300842e-01 5.268585242707712890e-01 4.160860321111216065e-01 4.043262845284639750e-01 4.182365172528337838e-01 4.056415059685878344e-01 4.359409131332666609e-01 4.282712699022785396e-01 4.110317414358023447e-01 4.044423661384781710e-01 4.126478297812535834e-01 4.406700784946903648e-01 3.968318883687629306e-01 4.214471973492891488e-01 4.237496392122782063e-01 4.131917648015407396e-01 4.193713666057758971e-01 4.929292676540745211e-01 4.752276905323837286e-01 4.042946802637802373e-01 4.236016970867855225e-01 4.255954421590525394e-01 4.633570148279171352e-01 4.087746274911706057e-01 4.999515074883242316e-01 4.132187565519193084e-01 5.150006611060413686e-01 4.219676142410819231e-01 4.101710519609143568e-01 4.160514097815220524e-01 4.104666799611049743e-01 5.278065952666634031e-01 4.106826424364440342e-01 4.630997105576943884e-01 4.375564320325073253e-01 4.170887129986023956e-01 5.167078039005544854e-01 4.290850085371092915e-01 4.062002181180379701e-01 3.940449616698648017e-01 4.900908060731244964e-01 4.166455414852664463e-01 4.098520766660924686e-01 4.114928220324591268e-01 4.219347571947349995e-01 5.177702766401397483e-01 4.191476596619737593e-01 4.037313271277143678e-01 4.213261046126224318e-01 4.130982047891526010e-01 5.099256995332803744e-01 5.038855266336905725e-01
4.737442262093622403e-01 4.681124886042668520e-01 4.912487179975926210e-01 4.448580421776374139e-01 4.297510897695526744e-01 5.098679007429127719e-01 4.650365394812200903e-01 4.411331806253944721e-01 4.255704434704107864e-01 4.432961081668065351e-01 4.422201395520319878e-01 5.312671198879836965e-01 4.882835546348022193e-01 4.354447546500419541e-01 4.381639741945094202e-01 4.327361552774006692e-01 4.331713545437893553e-01 4.476701099267299533e-01 4.661181456134787515e-01 4.103559226731591236e-01 4.306676134453820692e-01 4.590358861486403819e-01 4.146405498503416553e-01 4.239197327953600491e-01 4.248041966495372246e-01 4.207249687204887012e-01 4.072366671658024795e-01 4.147482321287507268e-01 4.225018402034797504e-01 4.024567072024005099e-01 4.228516225382906724e-01 4.211195949443779507e-01 4.125117606092502109e-01 4.212483752048866714e-01 4.142074290626213684e-01 4.177580970190667431e-01 4.156705641559273468e-01 4.076553809643966853e-01 4.184418310840362087e-01 4.243028277334863207e-01 4.226404149388094389e-01 4.058112294116328345e-01 4.199079842422579478e-01 4.098091973664403920e-01 4.304025077620752260e-01 4.051830448244994609e-01 4.446455248518719761e-01 4.156460210242540199e-01 4.010611938465936110e-01 4.191005664603638659e-01 4.177801915320348836e-01 4.219634003391241062e-01 4.155824423548496460e-01 4.111372598186114335e-01 4.058740108563425042e-01 4.154370912096148061e-01 4.023665353949649193e-01 4.246014737985926990e-01 4.236177554699221415e-01 3.998185483260003337e-01 4.434015696049945499e-01 4.221115702431009753e-01 4.248452537213155966e-01 4.387452648862066318e-01 4.229986250775360501e-01 4.150738984165461831e-01 4.137764721705010640e-01 4.171333006368859730e-01 4.091399272352181371e-01 4.150721331332935526e-01 3.993633330253119063e-01 4.090062212649884232e-01 4.144667263945809310e-01 4.296252421570281310e-01 4.238440533939821786e-01 4.167459633244913753e-01 4.082905127952983770e-01 4.199446281059047714e-01 4.251884020077740245e-01 4.183082390030485875e-01 4.261328285479187850e-01 4.336448490678354029e-01 5.220597441101116898e-01 4.025155025236365480e-01 4.227359964852449581e-01 4.172438301463475829e-01 4.173492346399145791e-01 4.168829151381210352e-01 4.124310700812197639e-01 4.188437462194201100e-01 4.156775683443167391e-01 4.338203523899171743e-01 4.104349618071790884e-01 4.233714699838729278e-01 4.131640327710885408e-01 4.197052613913133667e-01 4.210786802341521806e-01 4.184551276530518171e-01 4.149565355525583477e-01 4.092101399529750605e-01
5.452628549608627972e-01 4.311825636535538409e-01 5.357614741045001461e-01 4.468278420367521875e-01 4.502268379950259414e-01 4.676076175940211965e-01 4.245179929841306765e-01 4.342300689383851720e-01 4.271792144320568640e-01 4.327090496377800077e-01 4.154849531636088944e-01 4.218590777933571290e-01 4.323670687160531823e-01 4.210067876500742101e-01 4.322426447190548804e-01 4.213342192211222970e-01 4.324811287920199976e-01 4.599386861707962515e-01 4.262592456066538471e-01 5.013875938866305670e-01 4.227721847919233555e-01 4.242182364989138255e-01 4.313537391844357027e-01 4.182373429498390527e-01 4.301992154649201261e-01 4.641050963146751696e-01 4.181249912125037937e-01 4.597585703344092556e-01 4.290993585816143541e-01 4.411342625731944356e-01 4.364388368997439427e-01 4.321491416512877604e-01 4.309565219802885538e-01 4.218487138723256979e-01 4.219763837127238904e-01 4.285273498631486655e-01 5.247227593136010171e-01 4.593690691264146753e-01 4.546492711551539667e-01 4.336248330335356616e-01 4.298988041165611729e-01 4.400404133474096757e-01 4.198745008050794314e-01 4.587811159140544048e-01 4.339796834396202341e-01 4.153385200705740909e-01 5.022346451247767796e-01 4.167319549477125906e-01 4.539369508904165240e-01 4.348158582551454598e-01 4.238769104403291021e-01 4.393263847440406211e-01 4.298384428182462358e-01 4.408290109320460726e-01 4.304186515621434284e-01 4.701659970563277779e-01 4.177490428243195164e-01 4.264088391261570687e-01 4.403569684958368313e-01 4.282260274008528600e-01 4.134189738395376290e-01 4.480909591486135768e-01 4.571444990327140356e-01 4.290360076906942211e-01 4.222224983649099928e-01 4.472781316277195662e-01 4.087013397638768475e-01 4.192116369437254852e-01 4.392598164820310513e-01 4.228406322264277040e-01 4.441283538034791478e-01 4.148705491747700647e-01 4.078384009764572937e-01 4.199741823642306748e-01 4.344457751629295372e-01 4.285092130013436473e-01 4.076986873487065677e-01 4.457627498445985714e-01 4.322798580289122783e-01 4.578882812005826142e-01 4.231428373303497970e-01 4.283171957391568307e-01 4.015422620052395142e-01 4.339065096015686240e-01 4.524950561407628524e-01 4.031448260031909592e-01 4.135435401980884773e-01 4.397479742459979302e-01 4.323069921408435046e-01 4.071810607433453688e-01 4.387655941159221418e-01 4.944584015631795504e-01 4.411290236680576737e-01 4.159826206792914260e-01 4.531237247571751614e-01 4.273386878433125258e-01 4.201188217017023940e-01 4.144884222952016639e-01 5.358262201386361223e-01 4.272078860487564800e-01
5.048648602265402019e-01 4.765093431183974881e-01 5.277149713713910062e-01 4.527161436319966370e-01 4.359548360931138067e-01 4.755908833254523516e-01 5.298003403389304200e-01 4.756388876409990418e-01 4.459863144268480517e-01 4.453883674334932485e-01 4.522563727616240592e-01 4.273854109048855765e-01 4.497280031146118628e-01 4.818377082548391810e-01 4.467912551177263270e-01 4.552831786767030375e-01 4.404378298577304451e-01 4.489962647340957069e-01 4.394131683465236637e-01 4.452932129717155907e-01 4.301881966807465929e-01 4.168625289637844511e-01 4.329608872243817519e-01 4.501602982053268809e-01 4.246757865290653466e-01 4.445879823122990682e-01 4.212735162550810819e-01 4.286817267308201673e-01 4.223301236986979346e-01 4.217729205817056792e-01 4.304263960306064507e-01 4.254414639037283896e-01 4.212834246191440868e-01 4.246897379612230572e-01 4.290250743234522712e-01 4.300036391639175948e-01 4.268435543632667639e-01 4.273824782569013991e-01 4.219013307021776127e-01 4.282704157329627614e-01 4.152124162072547975e-01 4.412652921462347222e-01 4.176427272168157234e-01 4.248149876552265725e-01 4.339055415430107532e-01 4.270260618737379277e-01 4.235552872206282959e-01 4.271222698110050398e-01 4.254228999572655101e-01 4.253109468322775477e-01 4.177981290876662257e-01 4.243271430866754623e-01 4.196547515124404160e-01 4.164812847258423933e-01 4.177434053068354025e-01 4.216565827208967887e-01 4.216644980232229778e-01 4.100710287340367799e-01 4.210484141680631565e-01 4.247701437661482449e-01 4.289349309883271899e-01 4.173189401015149902e-01 4.227811820420495637e-01 4.228869282033428378e-01 4.377836410705042147e-01 4.176722245305206083e-01 4.014197741253570095e-01 4.127644523651677333e-01 4.081541304278791804e-01 4.312911001012786349e-01 4.274844660732052271e-01 4.123654414054575001e-01 4.121164225775978407e-01 4.077331673167534642e-01 4.295967983188127559e-01 4.053977545181753905e-01 4.227156387832188833e-01 4.317585015508721424e-01 3.984363600115195525e-01 4.031705080272853237e-01 4.087115328510451673e-01 4.098146071054403206e-01 4.234435903464350837e-01 4.104600174404419155e-01 4.058221912511852936e-01 4.065125308921967440e-01 4.206042461238587715e-01 3.998384504710579823e-01 4.044933031020090386e-01 4.156098042452650576e-01 4.165686377745359548e-01 4.091968433839594521e-01 4.125181384068080104e-01 4.150034579203050744e-01 4.110564554013388383e-01 4.126514457646903722e-01 4.219117515678300623e-01 4.006528154967203270e-01 4.011945581490969914e-01 4.036905547790412552e-01
