4.517218051314998983e-01 4.423140981767675339e-01 4.428542748520652994e-01 5.314061786525923203e-01 4.673333438267250339e-01 4.961451581833561386e-01 5.185624332635918599e-01 4.431921842333869099e-01 4.306522383976980617e-01 4.811158782383860855e-01 5.054500800970899155e-01 4.300723997938377119e-01 4.403143739192900696e-01 4.752141377125733701e-01 5.180681539528618762e-01 5.066102698064001153e-01 4.454999504184443126e-01 5.010784984835612299e-01 4.822170733202865711e-01 4.524376559627426020e-01 5.245787463669608908e-01 4.443467079529024311e-01 4.423144967891148860e-01 4.420557404310553329e-01 4.258342678997439901e-01 4.257686107516712171e-01 4.416692288156659485e-01 4.409332765331919757e-01 4.325228691992509811e-01 4.448949707643895524e-01 4.386615278209498592e-01 4.193071330732294211e-01 4.198496729503008451e-01 4.060761357887660017e-01 4.110966583038014877e-01 4.026092333698878534e-01 4.168258281555165534e-01 4.603022491039017172e-01 4.038085155615501187e-01 4.460098610276529985e-01 4.509844292334996285e-01 4.010859078121301047e-01 4.050183040357964726e-01 4.131041839743630484e-01 4.237012362843841640e-01 4.144933764772332219e-01 4.543215833333111298e-01 4.219272974493772366e-01 4.284744483101914914e-01 4.362085813245208388e-01 4.736904135424682138e-01 4.093678765532886565e-01 4.221554176013109227e-01 4.267741388702046001e-01 4.566542627900787577e-01 4.187292875311058871e-01 4.360616926745176092e-01 4.494716384306364776e-01 4.456868996093574786e-01 4.164205248151801042e-01 4.664923287184103984e-01 3.914165972682855377e-01 4.326464390269335047e-01 4.282495170570367327e-01 4.171712826991275658e-01 4.333694933527392212e-01 4.278938409539469467e-01 4.248303911752210893e-01 3.952014499788066293e-01 3.960370838204318455e-01 4.175131782039228079e-01 4.207847605725931195e-01 4.217345399071167344e-01 4.436487092603594862e-01 4.315127570387229383e-01 4.160535167325009609e-01 4.111938627719369799e-01 4.191603583124683396e-01 4.701462942174438053e-01 4.490665059241631396e-01 4.083656512227762936e-01 4.294669361105040162e-01 4.160727355421059981e-01 4.293421704457794363e-01 4.177482455996248123e-01 4.093283000416576001e-01 4.165825607343831005e-01 4.185421675063295543e-01 4.237398447374572941e-01 4.243286521191333427e-01 4.621105540177133930e-01 3.989104239817761188e-01 4.204853172827920371e-01 4.184400942730941431e-01 4.256555472065727819e-01 4.189455916741713359e-01 4.244154357216163298e-01 4.439490067194764022e-01 4.316398574329106674e-01 4.477843693088704446e-01
4.701161989852179479e-01 5.103559730899480673e-01 4.679740562304898210e-01 4.374958999003292215e-01 4.597874412572825475e-01 5.383095181180858058e-01 5.099864024993215894e-01 4.207849883510773048e-01 4.351379370318146367e-01 5.067593508243138922e-01 4.477784470682810714e-01 4.344580752010767100e-01 4.282968380371308115e-01 4.285334429376012055e-01 4.476467056874776085e-01 4.156707634621010228e-01 4.380777030936158778e-01 4.405385079477501242e-01 4.510206744847991556e-01 4.285145088511014833e-01 4.301531187941786682e-01 4.245103624049097468e-01 4.260445074406673527e-01 4.396472107390467232e-01 4.316087371975058096e-01 4.297181188339636582e-01 4.450476392934295533e-01 4.345409865693282137e-01 4.317243347782410701e-01 4.254739508100384704e-01 5.043719475867154411e-01 4.163854184563016148e-01 4.233125038287737785e-01 4.148267587611811913e-01 4.119336018717109082e-01 4.999927923385868445e-01 4.150150746229996357e-01 4.090998666943081452e-01 4.316366970064422492e-01 4.201531308358861239e-01 4.115594472390897707e-01 3.983390985987629862e-01 4.154319661937201369e-01 4.730013266831199492e-01 4.314016296107403003e-01 4.491602652427250097e-01 4.415758111648304118e-01 4.364638925330067698e-01 4.229190449696160758e-01 4.614191039565914698e-01 4.530553342672918871e-01 4.070887819849308698e-01 4.413115596508393468e-01 4.137019886061652496e-01 4.105709455622508774e-01 4.210583510044366706e-01 4.262470594577487670e-01 4.314927979490442711e-01 4.071879795148031778e-01 3.969020726142092892e-01 4.625088246973499961e-01 4.620117551001884926e-01 4.094505886153664287e-01 4.238389283780875094e-01 4.282465559367420460e-01 4.166858298046606235e-01 4.690883770475427483e-01 4.149433813450953412e-01 4.219720559215239808e-01 4.249623888068192468e-01 4.220758944380120226e-01 4.221557023244161821e-01 4.173245206743780300e-01 4.292512868305806695e-01 4.650133060758309678e-01 4.339063387677054573e-01 4.336732074891192501e-01 4.309435670789992789e-01 4.249979791949766716e-01 4.354522713400207912e-01 4.570396355130470489e-01 4.154687239466091087e-01 4.253627094928136843e-01 4.163208147837182960e-01 4.282633261276417858e-01 4.031848580717903863e-01 4.077336228737218904e-01 4.625038135706974196e-01 4.128902430330712581e-01 4.398021570529287438e-01 4.142009658481319856e-01 4.175144309855859381e-01 4.003802785403662301e-01 4.183980691427578447e-01 3.828943791709092936e-01 4.269424956423443773e-01 4.340608295246191073e-01 4.151587459019134285e-01 4.139713366637404746e-01 4.167926294414433519e-01
4.659929813364068196e-01 4.664253618440534210e-01 4.763663551749363068e-01 4.577162515003850296e-01 5.031157492463118608e-01 5.020869877223893551e-01 5.131648234679511145e-01 4.743722114903219378e-01 5.579503443096970328e-01 5.243736887865532159e-01 4.442190096401936739e-01 4.181733941403978361e-01 4.225544285610211559e-01 4.471271144926901031e-01 4.205391299496860080e-01 4.292041366843497574e-01 4.901577729474814182e-01 4.604547183267679866e-01 4.189727827307235808e-01 4.582143745730359874e-01 4.397282998794245223e-01 4.212256258287764843e-01 4.146174303341946255e-01 4.246762420860337728e-01 4.188697129666197339e-01 4.185608453420345265e-01 4.335662654907838642e-01 4.347517955564621506e-01 4.434486343342938786e-01 4.509225304304163018e-01 4.355832439684400592e-01 4.301020394690951987e-01 4.161496392528364896e-01 4.446462081873245875e-01 4.485622328324385677e-01 4.119979208211889121e-01 4.191076560656848415e-01 4.159962873883438772e-01 4.478361319694065812e-01 4.466127337307288503e-01 4.336367344593355377e-01 4.200282512819193959e-01 4.172342349777003467e-01 4.268325925237143048e-01 4.403018461026586561e-01 4.288067201740289880e-01 4.736778857258368558e-01 5.195036709049577484e-01 4.478058089586964829e-01 4.214039763819107942e-01 4.307708255710385181e-01 4.438119694889151590e-01 4.396259703953943609e-01 4.211704749632877443e-01 4.222943624766773985e-01 4.154860351114088579e-01 4.210177779619372340e-01 4.377898765065093567e-01 5.156139546747696700e-01 4.369204745046004201e-01 4.459152760120859149e-01 4.462316603266499038e-01 4.082523883715041824e-01 4.214492473556470387e-01 5.196402810508611303e-01 4.219877726369342663e-01 4.189040790454245378e-01 4.459529164066011742e-01 4.207160284149835672e-01 4.473801763886444682e-01 4.169238013760362405e-01 4.150420948456887138e-01 4.079697152726028397e-01 4.194649550904746005e-01 4.230818496412032670e-01 4.264032016086728993e-01 4.276788750094762115e-01 4.257439537307557420e-01 4.031340349975016113e-01 4.163328870433812834e-01 5.070785823699304196e-01 4.198795119317320079e-01 4.709259514965750681e-01 4.211013726656413492e-01 4.272695001287345473e-01 4.206088586381639960e-01 4.549727166027284220e-01 4.424121568142188043e-01 4.293440496182741595e-01 4.262694386938221114e-01 4.630943577633155339e-01 4.089174730730791296e-01 4.011275912747400141e-01 4.127561953951152107e-01 4.157198781977582414e-01 4.184304136875153235e-01 4.034126935006188130e-01 4.340497822681350648e-01 4.187881113246524345e-01 4.177510358860563322e-01
4.716348835563599629e-01 4.515321225987762310e-01 5.074631863405145715e-01 4.285579291246534583e-01 5.307254626525386154e-01 5.377319288267570219e-01 5.238451288139500672e-01 4.634454213521000954e-01 5.187678894563468868e-01 4.563928585071402311e-01 4.639778535589348385e-01 4.916973846668600268e-01 4.621768375566177589e-01 4.450961845828762531e-01 4.415860611966197502e-01 4.884695357671575699e-01 4.589082163082421340e-01 4.223427654045714408e-01 4.471405249509478042e-01 4.174658572238287291e-01 4.365495372430687193e-01 4.097428568829150075e-01 4.321355888314774574e-01 4.888973607051200210e-01 4.311796594778802283e-01 4.380695600128055034e-01 5.052824920773343331e-01 4.172971872562731832e-01 4.940999351736582446e-01 4.328832717058880841e-01 4.492702537782866101e-01 4.091134764587395778e-01 4.237756059594778302e-01 4.170402531260872792e-01 4.352880999975283771e-01 4.169924765890247742e-01 4.100020972702534960e-01 4.893594093603346740e-01 4.239323745012335554e-01 4.549837353869019552e-01 4.209569611066538708e-01 4.176993301701412697e-01 4.021222429706525214e-01 4.179940470563950350e-01 4.224324531827280960e-01 4.559708419205250607e-01 4.256843896571355090e-01 4.543286729386321054e-01 4.909066516589342122e-01 4.318990978202491560e-01 4.630286151983111775e-01 4.188751796502407365e-01 4.220188074554075408e-01 4.157297296172002277e-01 4.293853344685367168e-01 4.435984271599707207e-01 4.444828340695268776e-01 4.430092211659473200e-01 4.386845049755442871e-01 5.068865081631226399e-01 4.057038033840185132e-01 4.200920292574975012e-01 4.115203832290482144e-01 4.165295168198733244e-01 4.404629993802353649e-01 4.562280323015057149e-01 4.382910461163866400e-01 4.422047075597269616e-01 4.384625917873052892e-01 4.196060069168200402e-01 4.316240553005687430e-01 4.112862838919040809e-01 4.152694747175487144e-01 4.165564516256308192e-01 3.669310366068259111e-01 4.187268958570217192e-01 4.386582535052394038e-01 4.526994588580284251e-01 4.512747329116219008e-01 4.269731033761597350e-01 4.349607253711013088e-01 4.239636370981910152e-01 4.085123690389163564e-01 4.165719405625569194e-01 4.081435956729846382e-01 3.976421249093989863e-01 4.073116632317277386e-01 4.453620020739462171e-01 4.013702323050419296e-01 4.147236320524563258e-01 4.209162457026018322e-01 4.082448147369042712e-01 4.048915737816455862e-01 4.089850093936466258e-01 4.141308385473066456e-01 4.163185085265657115e-01 3.972919724345512216e-01 4.562048273684271016e-01 4.288132688054499542e-01 4.289276136045220289e-01
5.251677245825000506e-01 5.147073963076244096e-01 5.238456413155394564e-01 5.055402234322149413e-01 4.668215255727110602e-01 4.292691104969699190e-01 4.369148369871162507e-01 4.947197204291864381e-01 4.476577529439616510e-01 4.624573467599191190e-01 4.164024733703066694e-01 4.142013359881688284e-01 4.217900039680212432e-01 4.267105317284897170e-01 4.155183511838557719e-01 4.177654428751824689e-01 4.606819273647648760e-01 4.461120196778199931e-01 4.267927028166674797e-01 4.734600725503135266e-01 4.146184838096840797e-01 4.188046252647574796e-01 4.553268552010498182e-01 4.027245462275178545e-01 4.322391141525496749e-01 4.352322088519659515e-01 4.450682817185608320e-01 4.273275266975863906e-01 4.553172030877815080e-01 4.992475011382603856e-01 4.540213143465047785e-01 4.252154507027736119e-01 5.173572573036507860e-01 4.663776422516119902e-01 4.337659702768126846e-01 4.454867677386707969e-01 4.242613435770500319e-01 4.439131031359032087e-01 4.237423218284730453e-01 4.821354147336981977e-01 4.327636310570581735e-01 4.370431332183460915e-01 4.139156163520412157e-01 4.214805668972255726e-01 4.488157218130508497e-01 4.108648082791889200e-01 4.219060571057248743e-01 4.521162605215260366e-01 4.332439019910094280e-01 4.606541668620020569e-01 3.986318508955905004e-01 4.506374087128097172e-01 4.074827818179885264e-01 4.153971160856363976e-01 4.454484440087029262e-01 4.160934918564793694e-01 4.309679963214305132e-01 4.040206342749682600e-01 4.113308145855666398e-01 4.242933464540811772e-01 4.003022074649041362e-01 4.175557727804695696e-01 4.050170512541333423e-01 4.197876887302859350e-01 4.498929716817990365e-01 4.166159018100089595e-01 4.114606198492543054e-01 4.276273970720453899e-01 4.122151645505017226e-01 4.208419329721291846e-01 4.516175395303539952e-01 4.130118197990169659e-01 4.175583922330379782e-01 4.172834636025996580e-01 4.341648673472808251e-01 4.225345833605845813e-01 4.296124865619125321e-01 4.243168645825756147e-01 5.033796306202660276e-01 4.594613763571396836e-01 4.218644875323570576e-01 4.405317600101554820e-01 4.179395795263589619e-01 4.108756277571887217e-01 4.201693315805753448e-01 4.214488487432996866e-01 4.020268607303906783e-01 4.095335569282390065e-01 4.214731640964888282e-01 4.552313021269248083e-01 4.488226405845086586e-01 4.514877342666663296e-01 4.271504858707362295e-01 3.745014538356312150e-01 4.238988341194340204e-01 4.176196077006686935e-01 3.876019909932648666e-01 4.178690536131862698e-01 4.209952278920007229e-01 4.271722387159780365e-01
4.884442523554105020e-01 4.706816590722626703e-01 4.364698717182172172e-01 4.870470591332825561e-01 4.362614259328569388e-01 4.960729524038623994e-01 5.277581923387693053e-01 4.513032052221478407e-01 5.253608807371079603e-01 5.079348586366869700e-01 4.436345585220281551e-01 4.223062354301667098e-01 4.388024372857426414e-01 4.385199919653255396e-01 5.534014940908339453e-01 4.653305445597107348e-01 4.462043838531660755e-01 4.912589680293819039e-01 4.843773244645091514e-01 4.619885786394203886e-01 4.997437165661061109e-01 4.151302735913874886e-01 4.213747068466901502e-01 4.245218082737411414e-01 4.314398963960870970e-01 4.298895221433297054e-01 4.307257539034760052e-01 4.207883480837193990e-01 4.332989674395665292e-01 4.429341681554010424e-01 4.234764758650925165e-01 4.110621213911335170e-01 4.121763852635654257e-01 4.164938694870948810e-01 4.234501674501666146e-01 4.282857623083362042e-01 4.244209593498583510e-01 4.136476064930607599e-01 4.338438420461010470e-01 4.186972846540747417e-01 4.239150633364338061e-01 4.284146564580870731e-01 4.220814180662540438e-01 4.250069195004818057e-01 4.015432870084184591e-01 4.151806411087078374e-01 4.347036773516733121e-01 4.212443036644814565e-01 4.187448334126530614e-01 4.294581096942409748e-01 4.454937719270601892e-01 4.050189019543175006e-01 4.276178873203297370e-01 4.215224211936986487e-01 4.535186926487907444e-01 5.383798447250848218e-01 5.056651599308027434e-01 4.295116091657191770e-01 4.395951064107842532e-01 4.610670438369384172e-01 4.225123464860638389e-01 4.004389884446706849e-01 4.181810247196187658e-01 4.269131976348131685e-01 4.176232521564159916e-01 4.116000202815892073e-01 4.168013704407748099e-01 4.162081213786567035e-01 4.181759566483451707e-01 4.171364895356649005e-01 4.348865834744918279e-01 4.333373481141554739e-01 3.995695579704511835e-01 4.069785371985745193e-01 4.240287817446743435e-01 4.147498265781401350e-01 4.368792465989588814e-01 4.067180725018833543e-01 4.329426080010241318e-01 4.342008563477855465e-01 4.105179016477411014e-01 4.100337584795583634e-01 4.307410720065389387e-01 4.227734945182075599e-01 4.711563494333508295e-01 4.256939278811617267e-01 4.139647026153879250e-01 4.020448552306430945e-01 4.192900781592244219e-01 4.971385001529843861e-01 4.022308078906878803e-01 4.004424620665548162e-01 4.049654024828392984e-01 4.227705903425339473e-01 4.071998809406029984e-01 4.212290994506606157e-01 4.078280655277363720e-01 4.170495066270081819e-01 4.282352809017737627e-01 4.322542898940600065e-01
5.474999243988843967e-01 4.458611216774656105e-01 4.560291247401716541e-01 4.535941157993739203e-01 5.205308949241118643e-01 4.985732768250065727e-01 4.773868312564957805e-01 5.069740889903002756e-01 4.552435452204509625e-01 4.597483203026199172e-01 5.043439308331579829e-01 4.627267517621153625e-01 4.608783293627726207e-01 4.476534536250722507e-01 4.332547214690092297e-01 4.320392954772787619e-01 4.661345456643417040e-01 4.386702118756602986e-01 4.691218035401001907e-01 4.300329656437593129e-01 4.304690475517742865e-01 4.226852873001982758e-01 4.141851067711690426e-01 3.905929502693917255e-01 4.158107618129570082e-01 4.109021354782883551e-01 4.284960303215701316e-01 4.279582453203565340e-01 4.186485400584543659e-01 4.067303155954095084e-01 4.335579515761103231e-01 4.572341013939391074e-01 4.200662333441609886e-01 4.484705519925450967e-01 4.060661420077714134e-01 4.216195402449025575e-01 4.156473876951592428e-01 4.401285351484873765e-01 4.785182924044853459e-01 4.515804970543597641e-01 4.206542150288317683e-01 4.305379505432470055e-01 4.220477922675229254e-01 4.949194821598363325e-01 4.509855111812996475e-01 4.158954954090821055e-01 4.259345473774162616e-01 4.467647758689372584e-01 4.305251949481314067e-01 4.508063064588495039e-01 4.564155509386293996e-01 4.257515273653556531e-01 4.103650338125274244e-01 4.246933539446598460e-01 5.155065571194659135e-01 4.387740219198377756e-01 4.679918514245685057e-01 4.387678434284536522e-01 4.263958272802467198e-01 4.051080487585742018e-01 4.689579738653339991e-01 4.216612521798230317e-01 4.260156365177940607e-01 4.181032383672619868e-01 4.201000015044447089e-01 4.238015727066775096e-01 4.581950988188099316e-01 4.273995046985958890e-01 4.039098485147119000e-01 4.336293031862882286e-01 4.106819021563704042e-01 4.136682773905025479e-01 3.922764610461683121e-01 3.993768004281906814e-01 3.575142469850357552e-01 4.483169154049472249e-01 4.116806823373091451e-01 4.557269196362495056e-01 4.053527967398549703e-01 4.182185512248919323e-01 4.425735948149007726e-01 4.174533009348868062e-01 4.425276405057119167e-01 4.098911122038234600e-01 4.242938020110496034e-01 4.206669421516368579e-01 4.268661898501349139e-01 4.130498018612585032e-01 4.471374214691005156e-01 4.198035478072488780e-01 4.083505324258869806e-01 4.097134165138311968e-01 3.966885587575754157e-01 4.027308386081440705e-01 4.191977424561888488e-01 4.694938796940528736e-01 4.067577059581354848e-01 4.173070956203361881e-01 4.184550422361202338e-01 4.134927740684207764e-01
5.370389697331771073e-01 5.316016125920421942e-01 4.950960104850969934e-01 4.988421123809922975e-01 4.786478414173782614e-01 5.039082475374903058e-01 4.412022544507303579e-01 5.496445157723177655e-01 5.317440880339139309e-01 4.430971436608514002e-01 4.832554584851668777e-01 5.085530494428257553e-01 4.353140667447280010e-01 4.361553950484584052e-01 4.148252782010338202e-01 4.571751067665293933e-01 4.393968821849028039e-01 4.465695127633504957e-01 4.538242574853549316e-01 4.470733587704171508e-01 4.840702790677976486e-01 4.238523103640347012e-01 4.171784577213800693e-01 4.229856701762467197e-01 4.195091441164108259e-01 4.286255793344630471e-01 4.719465984119977642e-01 4.376845004852529253e-01 4.687927205750415660e-01 5.064761652238229939e-01 4.281658084640905249e-01 4.140434000816815563e-01 4.386069179293611842e-01 4.176834426208678175e-01 5.041554441374763718e-01 4.270749488309109609e-01 4.422941106147783574e-01 4.775029128665099765e-01 4.640373891602445067e-01 4.577267008383480440e-01 4.827204637703848000e-01 4.272332833497455851e-01 4.333835302018285152e-01 4.191841326917574717e-01 4.288530161509441219e-01 4.291046829036827548e-01 4.241660752260303369e-01 4.299518480310709490e-01 4.420709446448761737e-01 4.474048334095599433e-01 4.243166368040913738e-01 4.306973954821921580e-01 4.471903230220576342e-01 4.139707672175299558e-01 4.252402216129311796e-01 4.292447666714702681e-01 4.367994387125547218e-01 4.461931657628188663e-01 4.657244589758368636e-01 4.246464315769131193e-01 4.320945887043201039e-01 4.297082104699006533e-01 4.298962700809243476e-01 4.412710720252714935e-01 4.510844809326877147e-01 4.428784763160123483e-01 4.238771097465027782e-01 4.292506034951280580e-01 4.872815570827740417e-01 4.381762742326566484e-01 4.385287044923464883e-01 4.364730321446855799e-01 4.230210327859199038e-01 4.436513856575489689e-01 4.215054516966251774e-01 4.357544479716323749e-01 4.668454423135528497e-01 4.353378980686382071e-01 5.364222025425646745e-01 4.362715336030936197e-01 4.299819432632968619e-01 4.314875020992864352e-01 4.277379550538175090e-01 4.205190569707652481e-01 4.908742501695557148e-01 4.366856348873826010e-01 4.381629491913304753e-01 4.433674882492950053e-01 4.464916979386831519e-01 4.388299984823317290e-01 4.166648741841135206e-01 4.159413643013393780e-01 4.259606849584790522e-01 4.204572151123029400e-01 4.300193558793278803e-01 4.310334256910191009e-01 4.229492256187735721e-01 4.355040624728674370e-01 4.253440316571087121e-01 4.174596217878235316e-01
4.619066922743478298e-01 4.581514222944632064e-01 4.789145130777640591e-01 4.182215692898076931e-01 4.587940423430331705e-01 4.630901153890471522e-01 4.466979228838223737e-01 4.430503921269678402e-01 4.491911292273351175e-01 4.328481938193201595e-01 5.452051131151163244e-01 4.403651115766472612e-01 4.989215501273596143e-01 4.192387141110356374e-01 4.611580982860003508e-01 4.282425128686473403e-01 4.266754538419217369e-01 4.570542702806573709e-01 5.540433738593302238e-01 4.432200016807707477e-01 4.532571175319891066e-01 4.090113462808830924e-01 4.443699128859810443e-01 4.126870646251583064e-01 4.488703317046395802e-01 4.388307957070264886e-01 4.201265376978549071e-01 4.263190944033793395e-01 4.561171895966282808e-01 4.674940130750228073e-01 4.511210963240240845e-01 4.147052104675460482e-01 4.351871087120929293e-01 4.592150054541589421e-01 4.413189909238866560e-01 4.324694836170149270e-01 4.429633807460006123e-01 4.747087826730488347e-01 4.466776221264174285e-01 4.941840993235728230e-01 4.349241099797649945e-01 4.189395555443398145e-01 4.306160216187090994e-01 5.025205071224569942e-01 4.337084562095502860e-01 4.012642298929539053e-01 4.255083168888432188e-01 4.582434732743934647e-01 4.770573212067793500e-01 4.499963261690081429e-01 4.493838582972850548e-01 4.090125990625462227e-01 4.126750493101163930e-01 4.087107071540398984e-01 4.267530408881048953e-01 4.765226112151025317e-01 4.092653192907743098e-01 4.386679910354392420e-01 4.160936911626530454e-01 4.692971929729398139e-01 4.131076575962471797e-01 4.284454065534550327e-01 4.276354832082347457e-01 4.286343772784155792e-01 4.200342304671298432e-01 4.284656218939284500e-01 4.224919603117272549e-01 4.045338476721979659e-01 3.857475039917801496e-01 4.743781337309113111e-01 4.345828123934907805e-01 4.511700686981286457e-01 4.083982804906389763e-01 4.263947738047572100e-01 4.275148460285363994e-01 4.330332638377386578e-01 4.258461123809227367e-01 4.562625122695526114e-01 4.445130431909948832e-01 4.913729142161066821e-01 4.116755288491039666e-01 4.175635741935536660e-01 4.184836853805092849e-01 4.379599700895911996e-01 4.157943048174729817e-01 4.199085536884684666e-01 4.165417599133994786e-01 4.183402418800797329e-01 4.139779422397824593e-01 4.158480035951249154e-01 4.309879269387986711e-01 4.076347954838864251e-01 4.064145007270560384e-01 4.314909472488600573e-01 4.405967053504650788e-01 4.331102529654007327e-01 4.154197800448150568e-01 4.085835498152311507e-01 4.527991973618007426e-01 4.287863055273818946e-01
4.447064271240869227e-01 5.444524191140530656e-01 4.901702438194918132e-01 4.540266956131941978e-01 5.194882389126527222e-01 5.011381764464235555e-01 4.767012464913421566e-01 4.263033492156584892e-01 4.721716150820841063e-01 4.584102355971437781e-01 4.642112410883157958e-01 4.411520292949626110e-01 4.464569332475309960e-01 4.506286392411677499e-01 4.368758868663167871e-01 4.601352874749777278e-01 3.964773226857836175e-01 4.123887887000887709e-01 4.243577508204908200e-01 4.307438622929704586e-01 4.497329857689538746e-01 4.089838989735360975e-01 4.151789612423868459e-01 4.330250068676861352e-01 4.280906130919915342e-01 4.647546066623924332e-01 4.509752611495103092e-01 4.096417801805479764e-01 4.295829892482076473e-01 4.796131096888280321e-01 4.198568479725534042e-01 4.186113267485970235e-01 4.278137768167480370e-01 4.207313180457359358e-01 4.287760839679030656e-01 4.526607934603342209e-01 4.090574429516245503e-01 4.904799656133927432e-01 4.218200707279365913e-01 4.565418256358118598e-01 4.142320291389157694e-01 4.259410390642161537e-01 4.352999729510176885e-01 4.231829832881913722e-01 4.559987732571509911e-01 4.079340679398243963e-01 4.297902107242153047e-01 4.039526993420534118e-01 4.120575703117407285e-01 4.374934512816240351e-01 4.520151838191590055e-01 4.174251987643977091e-01 4.135402943546885313e-01 4.161744671076150759e-01 3.963263055507541543e-01 4.211154379870411524e-01 4.427492974431562200e-01 5.145656042012053399e-01 4.213647700103166360e-01 4.160317069426381353e-01 4.476436591502513385e-01 4.272083700780354154e-01 4.258783999810591414e-01 4.091719870568703010e-01 4.367942852243495433e-01 4.360804274548436554e-01 4.320462427210470802e-01 4.104731716479048664e-01 4.108543019966048315e-01 4.529325047196831044e-01 4.358913143683305069e-01 4.244243190825003897e-01 4.114933914786696456e-01 4.205487820629542628e-01 4.198273791311590286e-01 4.062946607720523962e-01 4.055762759051729227e-01 4.446307761950195614e-01 4.164420214096271611e-01 4.630041005389483599e-01 4.497815025860900651e-01 4.188267197777256201e-01 4.114636663864805755e-01 4.467091409741695829e-01 4.200964994102500683e-01 3.967390401641378572e-01 4.250890336440385497e-01 4.129586904675756065e-01 4.196126124928620249e-01 4.184523943112413158e-01 4.509148429065742980e-01 4.361077039283274837e-01 3.735295230435183855e-01 4.206220697902480210e-01 4.666890723841445321e-01 4.113262020712614153e-01 4.190218120494492160e-01 4.177796790304453833e-01 4.242248990195768843e-01 4.424830528674283392e-01
4.730028072432672648e-01 4.691599564362048946e-01 5.384805228151045009e-01 4.207268763652939336e-01 4.806038891505090005e-01 4.165403078255626168e-01 4.575543579427346352e-01 4.979605527024887901e-01 4.940138349066278689e-01 4.947871428605118416e-01 4.832244236666936033e-01 5.252485289997725904e-01 4.336726380429087313e-01 4.420371764845924534e-01 4.255261974998535424e-01 4.608906294009198490e-01 4.492691148858655725e-01 5.507260649599553526e-01 4.759764553545943744e-01 4.316989374772519095e-01 4.893700010598502903e-01 4.160279770699592539e-01 4.021557833524520564e-01 4.311566538509752355e-01 4.123764886619415426e-01 4.001694126086112746e-01 4.117962799180443501e-01 4.559806648676565377e-01 4.467592522406952371e-01 4.545571917029131437e-01 4.340229328793090979e-01 4.142838487440729245e-01 4.024778621291212888e-01 4.255836830948053762e-01 4.523198944864074145e-01 4.219470002882611537e-01 4.263509264465473181e-01 4.306197799636984902e-01 5.174016741080711412e-01 4.348757355241814615e-01 4.227611375354393131e-01 4.192031806674992866e-01 4.383175253651757086e-01 4.415764090833514954e-01 4.220464255966177025e-01 4.336533907609931848e-01 4.452790907056947689e-01 4.379125067479445188e-01 4.874439061973928622e-01 4.444649534585166095e-01 4.541031722392668279e-01 4.248819260572729850e-01 4.128843207924818848e-01 4.213000524484912246e-01 4.129819523452752383e-01 4.519660690835017869e-01 4.222501734507411730e-01 4.496733647507126230e-01 4.317496466622985918e-01 4.138897919663941938e-01 4.399426394330636647e-01 4.153779542206524900e-01 4.233251455346472847e-01 4.260867318771773271e-01 4.149083604031484906e-01 4.362135355065523412e-01 4.181107550572408238e-01 4.061539221411227807e-01 4.189393847104766477e-01 4.127514689915679491e-01 5.075295268240399560e-01 4.280886200302547184e-01 4.907079149314632627e-01 4.342791267294213164e-01 4.747514057219061057e-01 4.331769920612734692e-01 4.125929921111806675e-01 4.192263571282673906e-01 4.251437574248693729e-01 4.117731604018973202e-01 4.186698373467277468e-01 4.030436354115818354e-01 4.152387530944912641e-01 4.174123862246610361e-01 3.983053589107897752e-01 4.518385985492772705e-01 4.385411468920463185e-01 4.056099586485251152e-01 4.074786248606517280e-01 4.252878842607515919e-01 4.208984220362125828e-01 4.142209249378106528e-01 4.162629021041086008e-01 4.131845043623566527e-01 4.309122190651102358e-01 4.442996432236031024e-01 4.185465522421505380e-01 4.148819950436014592e-01 4.402607320862592100e-01 4.500967764805435811e-01
5.174098171888815711e-01 5.289998128561836932e-01 5.110414724381701079e-01 4.593210363385574757e-01 4.362787086253461788e-01 5.554976255917521977e-01 4.833831852701861442e-01 4.727999989753911558e-01 5.384502282767048564e-01 5.214576116871095790e-01 4.560009086804404643e-01 4.461516531340720682e-01 4.475765783866522685e-01 4.409624037068600177e-01 4.411742661694833534e-01 4.669639725422722876e-01 4.510800392522457125e-01 4.197571379410915959e-01 4.034220608907818084e-01 4.240491963913214368e-01 4.373239271447527110e-01 4.054623297184482000e-01 4.254349722169284975e-01 4.535423816111482931e-01 5.085243493538156301e-01 4.251983673164581035e-01 4.633959649487165988e-01 4.227918876308073282e-01 4.368168922389071285e-01 4.286848017403570021e-01 4.245254527294884950e-01 4.098364168953032016e-01 5.135948123015136035e-01 4.623037101723212472e-01 4.779564767731878661e-01 4.162412631481088865e-01 4.154491065246567749e-01 4.197684414483703885e-01 4.313098064092941719e-01 4.992851984773966634e-01 4.652148330897334372e-01 4.068056533290611010e-01 4.438846592976878336e-01 4.137194136602070915e-01 4.162603680684717755e-01 4.148932700785697425e-01 4.230746461466402542e-01 4.589386532081943249e-01 4.648098429448127566e-01 4.223261945198453771e-01 4.320185106905948813e-01 4.145603718239007085e-01 4.131825967175514203e-01 4.097686527962515202e-01 4.088426193687064725e-01 4.094603546178768316e-01 4.158400313481776522e-01 3.841398719225551095e-01 4.333449786933764036e-01 4.486553088155478264e-01 4.559814620923512418e-01 4.255696462457160822e-01 4.118440564551068550e-01 4.062930093780419138e-01 4.275381079062360867e-01 4.109430786608246344e-01 4.259290806937953144e-01 4.605880541569609132e-01 4.223891752707287228e-01 4.167735245210804629e-01 4.270771981434424713e-01 4.077830223324843684e-01 4.108188539700000641e-01 4.039653410479269180e-01 4.365370663710583798e-01 4.557625954413385139e-01 4.571130656018934091e-01 4.545333888513134468e-01 4.429162875443907188e-01 4.165641106771623137e-01 4.189815522023655481e-01 4.036779130731677490e-01 4.085496962380157915e-01 4.166971617842499254e-01 4.346879321639524618e-01 4.391505112819220624e-01 4.213205809843804106e-01 4.187670702871738038e-01 4.282767365858994868e-01 4.307124858067709061e-01 4.299577987439708870e-01 4.019866578279280844e-01 4.077351034338692615e-01 4.166664116888819103e-01 4.257018716557984250e-01 4.034193560212818719e-01 4.142320860835368435e-01 4.270976412624000740e-01 4.356923783346858814e-01 4.105090467591675507e-01
5.026834256832862780e-01 4.755194462983428072e-01 5.031853925178582099e-01 4.760705848131930318e-01 4.784342990884338787e-01 4.527422812130594276e-01 4.367377676879555803e-01 5.242177174694921948e-01 4.885651457859035984e-01 5.006934389560087073e-01 5.055345859147308829e-01 4.504914881213644140e-01 4.702765835104104064e-01 4.192540322140986264e-01 4.472483211185989682e-01 4.354360421230210609e-01 5.390480329085071132e-01 4.221974427316471656e-01 4.319711897105008025e-01 4.353817169545375898e-01 4.699469880437623925e-01 4.370019337850150620e-01 4.338820518868268250e-01 4.281162096991543708e-01 4.507528354596818110e-01 4.686387992643384348e-01 4.720937433127956884e-01 4.423829442236192344e-01 4.586420002048247624e-01 4.496630577743022106e-01 4.399406748436373582e-01 4.433850841372000140e-01 4.171142241888335933e-01 4.120061208466204161e-01 4.093278160123786646e-01 4.239246015604599682e-01 4.336288761016303672e-01 4.157748867016943239e-01 4.356400177556287168e-01 4.304836823193846085e-01 4.466372483900916679e-01 4.347598247480304323e-01 4.311646260979224987e-01 4.146190817282051078e-01 4.310324006878401559e-01 4.383829262624537315e-01 4.352953889090229733e-01 4.147982295060342328e-01 4.332572270323355457e-01 4.170835879827077264e-01 4.654128295371306456e-01 4.256979994215669416e-01 4.368949063697481483e-01 4.179841671646425949e-01 4.559601363317673517e-01 4.076863873105593949e-01 4.280522039450920802e-01 4.262038384903704125e-01 4.208516989746395320e-01 4.301107519961160919e-01 4.284656788385495241e-01 4.224558289496698760e-01 4.300746491063692223e-01 4.172806733161681381e-01 4.046438646800701311e-01 4.121296337296818657e-01 4.249539040582825389e-01 4.508302801443123120e-01 4.414972275877788732e-01 4.562409302581739712e-01 4.080440280030754874e-01 4.336150670310253141e-01 4.112583810275887153e-01 4.156425474023698330e-01 4.212039014558451866e-01 4.193298539770290989e-01 4.273403677096335729e-01 4.207762188794353375e-01 4.145016619195962537e-01 4.494779023389521844e-01 4.294595333097672718e-01 4.195076635562635103e-01 4.110214059870814785e-01 4.120716356331405317e-01 4.149263549034008514e-01 4.173735499931036652e-01 4.186862373975906992e-01 4.265022852493031147e-01 4.180277297997472274e-01 4.297072993559638010e-01 4.248351460510789157e-01 4.148206656867286513e-01 4.103578872625854301e-01 4.306963135343921945e-01 4.213700943323849812e-01 4.192856080064718549e-01 4.341304443238549471e-01 4.280210552373767130e-01 4.465217077539774815e-01 4.149192368257693664e-01
5.333365443616285839e-01 4.515785324649335131e-01 5.314729177484650569e-01 4.806974491628971391e-01 4.623233275942736364e-01 4.439616768976604178e-01 4.806191503089508599e-01 4.802867645558712706e-01 4.640517392047495693e-01 4.212535571654023592e-01 4.970348609426700759e-01 4.419209525130256555e-01 4.508969907678745392e-01 4.395389020698061144e-01 4.465589495361453887e-01 4.422100603541058161e-01 4.388197484505424462e-01 4.975032873954424728e-01 4.391788412308953449e-01 5.293731417917995064e-01 5.253373626086135229e-01 4.434990587962353015e-01 4.521183105278838710e-01 4.501272987974273554e-01 4.449797328328252144e-01 4.522456956451768595e-01 4.399589825393055431e-01 4.433600000316266776e-01 4.163609607415598712e-01 4.234698133444294577e-01 4.307676651445701554e-01 4.277231779246545851e-01 5.089731299123251285e-01 4.266665420087271676e-01 4.375997099445067540e-01 4.493649242107853325e-01 4.164263331665273848e-01 4.395892411148159540e-01 4.331964955939837658e-01 4.838159074455590791e-01 4.278066587391165521e-01 4.396940192175513018e-01 4.435869812911393262e-01 4.424499110979761562e-01 4.599199513904702052e-01 4.392246816508420526e-01 4.583245908870818286e-01 4.317790585590718933e-01 4.417542756072068699e-01 4.226997227616349218e-01 4.443806184747388088e-01 4.347087454229469627e-01 4.556286616926245592e-01 4.391787273416531967e-01 4.406295054521909282e-01 4.983918512623354280e-01 4.117949417194496364e-01 4.463157675319434636e-01 4.217740310018162075e-01 4.231317900738657545e-01 4.252282917148207941e-01 4.214575612703205798e-01 4.352095164204768385e-01 4.232491529378535899e-01 4.198640229948059077e-01 4.222568929160253060e-01 4.393020693908515351e-01 4.209943167780638706e-01 4.319741793031059984e-01 4.163729760566017846e-01 4.138171306299320840e-01 4.273886567482855225e-01 4.060087133574405982e-01 4.100247612294321553e-01 4.080571252659174197e-01 3.994152665197112095e-01 4.107880754023215397e-01 4.197658504681125446e-01 4.238618770603713726e-01 4.100760398606893564e-01 4.249370199781406510e-01 4.350389672804265695e-01 4.339792848272728820e-01 4.914549714150423521e-01 4.313710218769248872e-01 4.182750972335964046e-01 4.423913150829138496e-01 4.119253733739688950e-01 4.269876811991489829e-01 4.437341831365583245e-01 4.468073135008629460e-01 4.421505247527961480e-01 4.082898579321562749e-01 4.137409671992752225e-01 4.210790503741890234e-01 4.644898141745014142e-01 4.152963525786851906e-01 4.361957972570946751e-01 4.323823868191161157e-01 4.266436787433748323e-01
4.585043081111214169e-01 4.624293869509826793e-01 5.359518399726764804e-01 4.453120616412837296e-01 4.561703758726907143e-01 4.845418374747279544e-01 5.450611001684761980e-01 4.309485782056518555e-01 4.712126961358816257e-01 5.188845120402610922e-01 4.974431538756117765e-01 4.372310789401276376e-01 4.631231717415677518e-01 4.379600270342122736e-01 4.547840021285626255e-01 4.536405541378416562e-01 4.452263030419796874e-01 4.646153770639206981e-01 4.178992627346542754e-01 4.987246356277623693e-01 4.807687438284540815e-01 4.157287046140212827e-01 4.278372949452424745e-01 4.202961757239683238e-01 4.554650597963426084e-01 4.190236912219438836e-01 4.635694182644404804e-01 4.449023450928157875e-01 4.334358623085751705e-01 4.219525523888137397e-01 4.049743427883444324e-01 4.234936161960291545e-01 4.298865040784139446e-01 4.269863714728647786e-01 4.395540493390058812e-01 4.365728845376999900e-01 4.481926907141226546e-01 5.303537851109332291e-01 4.317497320792301752e-01 4.859319126192244154e-01 4.654551678628827127e-01 4.212682773499442646e-01 4.120490570908935113e-01 4.576361304185651013e-01 4.356238739555605144e-01 4.459846345605270601e-01 4.474942934092323577e-01 4.726259477411461907e-01 4.392359566858103359e-01 4.677282547737195428e-01 4.399186372752902918e-01 4.242608026031500779e-01 4.935407959395501920e-01 4.245963772550085391e-01 4.249379595643880125e-01 4.238940792435761939e-01 4.290456313316519665e-01 5.422946735331567458e-01 4.263389396038159140e-01 4.206573754553001310e-01 4.154904483195404064e-01 4.050991369253795771e-01 4.078689232933410680e-01 4.095808494360225205e-01 4.487803022587565915e-01 4.080120251260443420e-01 4.170743060094762589e-01 4.044122139616312395e-01 4.666319569292294855e-01 4.568549071623548841e-01 4.255417433814006611e-01 4.065163746541177736e-01 4.183342057502482114e-01 4.247322755931487448e-01 4.316563429007051478e-01 4.235995047188750307e-01 4.089620891836732164e-01 4.122072777204860428e-01 4.648787174639749109e-01 4.463074536172699225e-01 4.158853307942243505e-01 4.493070684757966560e-01 4.261631800309393925e-01 4.178799585081177104e-01 4.501050049782855389e-01 4.458709161522865227e-01 4.556733347478397200e-01 4.153472041252844749e-01 4.283891452678558198e-01 4.254067276848867429e-01 4.266062091827227398e-01 4.135371339282201686e-01 4.086791598339771792e-01 4.309928241762090995e-01 4.296850340091325493e-01 4.468156274155365426e-01 4.230853802077085279e-01 4.592179381021431195e-01 4.218800903585252504e-01 4.262542344800012706e-01
4.725550232156261465e-01 4.667727809770907399e-01 4.424814584180388755e-01 4.801660989038624150e-01 4.916484122927554656e-01 5.192042560874671198e-01 4.603313762775697038e-01 4.768737886931292413e-01 4.157602519340840019e-01 5.268773729403394279e-01 4.151025415609352343e-01 4.572760126350332577e-01 4.262407955494330603e-01 5.202187814561267665e-01 4.331261974592952591e-01 4.429163444890117929e-01 4.762732791918270481e-01 4.413451285049494466e-01 5.059022203882415081e-01 4.345393921199387499e-01 4.217821740826266375e-01 4.312101533224534378e-01 4.082110750489310602e-01 4.149365479905691156e-01 4.125093689351660431e-01 4.232487543255062379e-01 4.301258423206948400e-01 4.634428873164633256e-01 4.163458134723601045e-01 5.000945523764064315e-01 4.290179277735102215e-01 4.145823809199372101e-01 4.049398628202975914e-01 4.155577568616236617e-01 4.231429227472813803e-01 4.344472557230769083e-01 4.491842389281878178e-01 4.229253088779317826e-01 4.442498736248037816e-01 4.690085976334490980e-01 4.268215452672302623e-01 4.159596435246969981e-01 4.063690304471461179e-01 4.164600159098795218e-01 4.653811113832048152e-01 4.207386923741621709e-01 4.250852183544280849e-01 4.228029348872913706e-01 4.554684195289847026e-01 4.321025609512673671e-01 4.125400620859129841e-01 4.165502731342466958e-01 4.121386879244290924e-01 4.080769989386645036e-01 4.301092144913477022e-01 4.445343689515787733e-01 4.365130357409744977e-01 4.174401182551132905e-01 4.419487984327200025e-01 4.007789193600396205e-01 4.269393067435654499e-01 4.276783055632656927e-01 4.585492943617524020e-01 4.391278757950539124e-01 4.299775585274758782e-01 4.168341135978795853e-01 4.807954508557273909e-01 4.549423081750867404e-01 4.201026779016341917e-01 4.177413553004775126e-01 4.026759724657606454e-01 4.186955763154431853e-01 4.102471584469500887e-01 4.117214262136717484e-01 4.240845590009946209e-01 4.135427145010832639e-01 4.301377152741841514e-01 4.130762526377371180e-01 4.307257254311654404e-01 4.137901388795535151e-01 4.382502737677134719e-01 4.067278669767043220e-01 4.280451143397711600e-01 4.176096708642951238e-01 4.189693091088393939e-01 4.208358114253660798e-01 4.143852671141662891e-01 4.188255808853045825e-01 3.992219395312401886e-01 3.876061194782911556e-01 3.996107004591611389e-01 3.957756225928723004e-01 4.148217761068391796e-01 4.086201367342569557e-01 4.044057222748312919e-01 4.117503540811660590e-01 4.178742071013914483e-01 4.055977724996199796e-01 4.112941422496092514e-01 4.086221297959937715e-01
4.930942362212616947e-01 5.103908801426528807e-01 5.509008280019633830e-01 5.390729746525277921e-01 4.246145710614346314e-01 5.470119659410911384e-01 5.379822573809008857e-01 4.274744438199001295e-01 4.394590657110914456e-01 5.025727253399615568e-01 4.452131203622061717e-01 4.434815767975723855e-01 4.269047698308975347e-01 4.372018948218385770e-01 4.708498450105392807e-01 4.243831481214799251e-01 4.887810797889321490e-01 4.287110532106618854e-01 4.575578030923082573e-01 4.230509856565932147e-01 4.810234001737979104e-01 4.267838194557834197e-01 4.176417022136367785e-01 4.363576338701239954e-01 4.516812320890004617e-01 4.303240950188868541e-01 4.365760164918578434e-01 5.220710760897010472e-01 4.300919033265479530e-01 4.876589290864846160e-01 4.897872912429181991e-01 4.205707057420592365e-01 4.351695412964984300e-01 4.203238508097995041e-01 4.282881255101098628e-01 4.259535668808475672e-01 4.198669556427900851e-01 4.174875531244494620e-01 4.273431864683756576e-01 4.334492158222117975e-01 4.716213022642390951e-01 4.355374604931143701e-01 4.258948000319220939e-01 4.163897747198120891e-01 4.341139019114393927e-01 4.282360211818474482e-01 4.142519597562839273e-01 4.306626023187294927e-01 4.526048453701508323e-01 4.544422205130094761e-01 4.475488463562000141e-01 4.252112652731263043e-01 4.196377250707459261e-01 4.175392018957435059e-01 4.201039306832973219e-01 4.313893865172141462e-01 4.631847858215458746e-01 4.440993689913637632e-01 4.462021345406345652e-01 4.408588499134772354e-01 4.138408195922896327e-01 4.137542068236698123e-01 4.279163340792623837e-01 4.246849830853652308e-01 4.067693796054510647e-01 4.249179720023988360e-01 4.058781678136792470e-01 4.169170819107521631e-01 4.183371099259218795e-01 4.443015793407188441e-01 4.339518944645469056e-01 4.227520263960710123e-01 4.464022094667001728e-01 4.212976607744070567e-01 4.096216787293167072e-01 4.158721481144508902e-01 4.223164569896454834e-01 4.327067718529379325e-01 4.129254348088813309e-01 4.321936154003292452e-01 4.560732852937973147e-01 4.408938423831135767e-01 4.227716722903339108e-01 4.391443897351589576e-01 4.108647228622573366e-01 4.487840890760565471e-01 4.216238965084130319e-01 4.162244075402775634e-01 4.312167873708059873e-01 4.093458389849415902e-01 4.588245646599170002e-01 4.027171434267811101e-01 4.162883278774082707e-01 4.180539243254310922e-01 4.306397959979982315e-01 4.717829395710947393e-01 4.088116984394753461e-01 4.188475045644095007e-01 4.139966485477979963e-01 4.666190589725612847e-01
4.551334997402682880e-01 4.850349209484158264e-01 5.222836503600875036e-01 4.683301024736164497e-01 4.655985259463807369e-01 5.237275381714779909e-01 4.832177042014094703e-01 4.409672155273388627e-01 4.618250336877595119e-01 4.596642130973263574e-01 4.486135399360062781e-01 4.565501964951064751e-01 4.351703954658142082e-01 4.273953477412591462e-01 4.311173335901389847e-01 4.248148737659844798e-01 5.043329405212949590e-01 5.053425117079229922e-01 4.233571199393678652e-01 4.548168022302884750e-01 4.803499161406177831e-01 4.321190748913724122e-01 4.503567286756451904e-01 4.981203962537812946e-01 4.056473997368666984e-01 4.309820616428303164e-01 4.222619609872989010e-01 4.177400455741933083e-01 4.153447839788897977e-01 4.212985434160333442e-01 4.436687537669697368e-01 4.202231727197798805e-01 4.166345227010929131e-01 4.087813469564546831e-01 4.248414384317051318e-01 4.087033043533031540e-01 4.571817977595029614e-01 4.158748529839508268e-01 4.369267099406055621e-01 4.705326634712805323e-01 4.014418971106356593e-01 4.422782230655048497e-01 4.492861128552495531e-01 4.381582797324042322e-01 3.983691084140573158e-01 4.744328005671210602e-01 4.394295399250760514e-01 4.158252542190146728e-01 4.367296815517662245e-01 4.073156208828908609e-01 5.091384401472386356e-01 4.364425952447333334e-01 4.463632593459007092e-01 4.101682332021722721e-01 4.376860379900213149e-01 4.299475487121815487e-01 4.735467137912439117e-01 4.194719308065534835e-01 4.231542262545601729e-01 4.552152437437881893e-01 4.332230033150833992e-01 3.981198902800239248e-01 4.207653424568144618e-01 4.131680188945621723e-01 4.231373137021077757e-01 4.216867633700542850e-01 4.279161632453992725e-01 4.155805347100444136e-01 4.613293877061242498e-01 4.268638835929822739e-01 4.207804327813931544e-01 4.109759641794820673e-01 4.143063703416989263e-01 4.048126485368677696e-01 4.252454035734469229e-01 4.083794887656918560e-01 4.122823307310323759e-01 4.209663569691274310e-01 4.135831451820300431e-01 4.146437102768100735e-01 4.216185721863446867e-01 4.212037021496715106e-01 4.184375032928362437e-01 4.341476415994126037e-01 4.132634580794450341e-01 4.510947309644770531e-01 4.159479414050708534e-01 4.454364286936609574e-01 4.573102932969064782e-01 4.319056464516701221e-01 4.349472294959120244e-01 4.108676270379309492e-01 4.075201944340196003e-01 4.318261517606817312e-01 4.067144849907571302e-01 4.333436689670921993e-01 4.651392675775976038e-01 4.476129090548833789e-01 4.118204244373703249e-01 4.782388082043629307e-01
5.398429798183908002e-01 5.295049116449134230e-01 5.083073334029870605e-01 4.929405426890427488e-01 5.430102396412941346e-01 4.454408703741030151e-01 4.976443961664089866e-01 4.397714639021818028e-01 4.448775172380371457e-01 5.221550694057525144e-01 4.349323954221280264e-01 4.675702049779901781e-01 4.433884153975315434e-01 4.908275555802931733e-01 4.427982128726397626e-01 4.870792328441768682e-01 4.206472393127529408e-01 4.432413274413546378e-01 4.470386225515755596e-01 4.556905320233973766e-01 4.445720662907151066e-01 4.279879134679245856e-01 4.432473066265650852e-01 4.326293841129284501e-01 4.281050770257387450e-01 4.445934205236095615e-01 4.267684444080994122e-01 4.302726170814559770e-01 5.080607062492115134e-01 4.567512394797300090e-01 4.864428767039225554e-01 4.303467305057549486e-01 4.165461446492204622e-01 4.432473066265650852e-01 4.816947203113780551e-01 4.438717043963985032e-01 4.399040309799905346e-01 4.358236641585209181e-01 5.731394108613384608e-01 4.366044318577627092e-01 5.228008214084803873e-01 4.265086345745504048e-01 4.325906902429237366e-01 4.486687192738055274e-01 4.248541370821997121e-01 4.275822969321723122e-01 4.170819935333182626e-01 4.263676112205155300e-01 4.197462615184707202e-01 4.453975355174825679e-01 4.407268807541895872e-01 4.140588036016760731e-01 4.221472175758794187e-01 4.220033469907919499e-01 4.410775742029373614e-01 4.174808051868548198e-01 4.440459834091276536e-01 4.374570067241508320e-01 4.155005844620875965e-01 4.204963930115865889e-01 4.356105773865449060e-01 5.284119165884444413e-01 4.427766593335716316e-01 4.415669278039463519e-01 4.305773846933254045e-01 4.206024238959851225e-01 4.259856836471208053e-01 4.355929245540188788e-01 4.249400380430564117e-01 4.339397083156418256e-01 5.155326947005287597e-01 4.198072776799277595e-01 4.451251693949916377e-01 4.275831511014880904e-01 4.331959546200837563e-01 5.258896684881952943e-01 4.231894749749912643e-01 4.914082768257798661e-01 4.252517813710047223e-01 4.479411378506261698e-01 4.276929688031865795e-01 4.244309816031635041e-01 4.658566274412981878e-01 4.372775172785954290e-01 4.507212311949980177e-01 4.070134442512792772e-01 4.189163506112612012e-01 4.362156994021523237e-01 4.147934461578658416e-01 4.257186987913192944e-01 4.281708765353641200e-01 4.088915347981900150e-01 4.277686197322539408e-01 4.102294771421134967e-01 4.210115425259320920e-01 4.091368522256813578e-01 4.312118331887744849e-01 4.149906738528789107e-01 4.048076943548362672e-01 4.155342387331292797e-01
5.045010410426399305e-01 5.293929585199255161e-01 4.721083211357849918e-01 4.485159938001445079e-01 5.342940681646153323e-01 4.648304284253229612e-01 5.372023438509748727e-01 5.038576807139962810e-01 5.152529257773010851e-01 5.375241948491599198e-01 4.065392094471595441e-01 4.074898714233095021e-01 4.226479316287882759e-01 4.337356187937920216e-01 4.395406104084376708e-01 4.584213682705594040e-01 4.387817094436797793e-01 4.233098843762053698e-01 4.342160036169853687e-01 4.175494519275328442e-01 4.261272195027451803e-01 4.203790870922198275e-01 4.376505614911060382e-01 4.398844989749697287e-01 4.439889533711442460e-01 4.150754643936250821e-01 4.764841735958925684e-01 4.280303941552292546e-01 4.537979490704289742e-01 4.958750129010862095e-01 4.651646648785867644e-01 4.251418497800641405e-01 4.196917085715030638e-01 4.448419837945007949e-01 4.466184851374550568e-01 4.617044819249927490e-01 4.411158694605947228e-01 4.325261719872720012e-01 4.533147170161830330e-01 4.363884409101130846e-01 4.742853139985968025e-01 4.122253861099804961e-01 4.090690881266296208e-01 4.064206222738190877e-01 4.043133011548641909e-01 4.112366281823469083e-01 4.494091701813425765e-01 4.502742728643621684e-01 4.087080877014714897e-01 4.159914186232439581e-01 4.087249717816133776e-01 4.253781984297397845e-01 4.337075166233029799e-01 4.234188479085880807e-01 4.792348835158016795e-01 4.116839851253301652e-01 5.203532277064301104e-01 4.393441799381193613e-01 4.213957194118583272e-01 4.262404254093962175e-01 4.322138307408026625e-01 4.149333021471691696e-01 4.247715673816745419e-01 4.310222360729824009e-01 4.337838224155124434e-01 4.223546098857502429e-01 4.378944268307605747e-01 4.126944104812739766e-01 4.118271439026544578e-01 4.811518102942697883e-01 4.813064718850466051e-01 4.164681305183794424e-01 4.208312558556819294e-01 4.163143800415394780e-01 4.251328240576274231e-01 4.211950465672716359e-01 4.503783106870238861e-01 4.588248493830222596e-01 4.297691696867366740e-01 4.692877116935347259e-01 4.292289075945073251e-01 4.070071518706530611e-01 4.233457310151574893e-01 4.274310235463480989e-01 4.193844353963073202e-01 4.196556341540667034e-01 4.303592298500757973e-01 4.489752521689275855e-01 4.102271139403398936e-01 4.230713148863087247e-01 4.220559638206438646e-01 4.106036887193557083e-01 4.156170931567596538e-01 4.094712025681871981e-01 4.259547342455791696e-01 5.217285541940741567e-01 4.364994259765431206e-01 4.156734113869799407e-01 4.001259923350592440e-01 4.343977708473828470e-01
5.274819539820468917e-01 5.188289340901144353e-01 4.867728138382969028e-01 4.186181885754337584e-01 4.366821612654984697e-01 4.608140958302261447e-01 4.353121875722332779e-01 4.474313126583490119e-01 3.937247051210692739e-01 4.464502422545574278e-01 4.690170254373647873e-01 4.661196831182471412e-01 4.355196937713461947e-01 4.650467610406989194e-01 4.226382795155199656e-01 4.301683230079995091e-01 4.774075875708692074e-01 4.246453211568025909e-01 4.808260870618532579e-01 4.752020369805998734e-01 4.429443042979482326e-01 4.529186102321464680e-01 4.152414294916806914e-01 4.136583120818184689e-01 4.310916230937340554e-01 4.349536357657803887e-01 4.340584378505349394e-01 4.593282967777415626e-01 4.627491309981887624e-01 4.586259133493776341e-01 4.759547309816630767e-01 4.189697931381183293e-01 4.301508694816471579e-01 4.250077736697975839e-01 4.453585569243725950e-01 4.301717681575731311e-01 4.259734405535946511e-01 4.996058536385395987e-01 4.392725720771466502e-01 4.024607787428057248e-01 4.598383782208134152e-01 4.074966763055251628e-01 4.049970352198336010e-01 4.208450079816659639e-01 4.420186125381295184e-01 4.385718685151037688e-01 4.169558611976884599e-01 4.328798550286249713e-01 4.425583336564588577e-01 4.199897851903989232e-01 4.285538860565588082e-01 4.207482021258778238e-01 4.417155532648916472e-01 4.332061761795625854e-01 4.314971826848652547e-01 4.303701347450072379e-01 4.306275244321615681e-01 4.412364212233614857e-01 4.297475307307369596e-01 4.842804047194789185e-01 4.140123937355188466e-01 4.171136832149336393e-01 4.082501960035936350e-01 4.140381327042342852e-01 4.457793492016351444e-01 4.545477673681290742e-01 4.105503885540511821e-01 4.158611862748983756e-01 4.123990956764991278e-01 4.090247282668302842e-01 4.660734440859530814e-01 4.174450724371447929e-01 3.969361824422193430e-01 4.164507339366481098e-01 4.264115155233464960e-01 4.137868360915324950e-01 4.292327798287388640e-01 4.398623190450700604e-01 4.507671000872552902e-01 4.245694424492510444e-01 4.081963263920786456e-01 4.037293910105986261e-01 4.145775690994583651e-01 4.167851981683960982e-01 4.500288415476287329e-01 4.176761537093731658e-01 4.373874773418465201e-01 4.424269054710712190e-01 4.037950481586713991e-01 4.301616604873364502e-01 4.446776416181452141e-01 4.128448012254719024e-01 4.230335890748618266e-01 4.086559549008985659e-01 4.555546336852571709e-01 4.210933434740730119e-01 4.636462365582394440e-01 4.158304077072198512e-01 4.232758314928163901e-01 4.346685140481738041e-01
4.649987851974627384e-01 5.242704481885862577e-01 5.500381169930280700e-01 4.495680741463877750e-01 4.820994826778144948e-01 5.387588681228059340e-01 4.401508859122502115e-01 5.441120611140262131e-01 5.285819532269052656e-01 4.530545370425971829e-01 4.376027564817330240e-01 4.201160598875813279e-01 4.283573416969984060e-01 5.263797338969674611e-01 4.192471419149513268e-01 4.325043621974091756e-01 5.187225045933685497e-01 4.651384703529028997e-01 4.357081235224067317e-01 4.295278099104083980e-01 4.352655499275918105e-01 5.189832540131650296e-01 4.395566118469532157e-01 4.690273324137751443e-01 4.367863699220232987e-01 4.384898397884786081e-01 4.222915721902458785e-01 4.362124820310628870e-01 4.461690781881139656e-01 4.657607896440679185e-01 4.351057063762993060e-01 5.258611961776693544e-01 4.634195115495215456e-01 4.573370003241797876e-01 4.351234730980674814e-01 4.233915429627937432e-01 4.556962264855025646e-01 4.489930188906957609e-01 4.885504540736722023e-01 4.348777570582287866e-01 4.911165495321312968e-01 4.200519402442770001e-01 4.425168210277120595e-01 4.335520578078314591e-01 4.541112868477666931e-01 4.244318642447897916e-01 4.242729318074340839e-01 4.147818294551712803e-01 4.402772175540537458e-01 4.338242530964592225e-01 4.424955237394386787e-01 4.369913705578099550e-01 4.186827068310854938e-01 4.175379206417698108e-01 4.236922959788790299e-01 5.104899637832830406e-01 4.287447074817035131e-01 4.940118987895120717e-01 4.524801935946683451e-01 4.329239016930085948e-01 5.079032543720032322e-01 4.204504102300872237e-01 4.225487910435369865e-01 4.228687628692273104e-01 4.173545304896723596e-01 4.323840097408160887e-01 4.504311552953599862e-01 4.712228892230498900e-01 4.157333740729475258e-01 4.315583412078749515e-01 4.619149207720898431e-01 4.158559758420721231e-01 4.051919851300045949e-01 4.253889324908080583e-01 4.408916215428925756e-01 4.442609778259088982e-01 4.421648463249906458e-01 4.511345637269028042e-01 4.261014520617192325e-01 4.269299393534024545e-01 4.736286286286269798e-01 4.282087162360530552e-01 4.384921175733206833e-01 4.642386314510417167e-01 4.226375107631357708e-01 4.138039764224690775e-01 4.293820886251367708e-01 4.294845319984090248e-01 4.301843813911361281e-01 3.997639384344116031e-01 4.285063372979805441e-01 4.339782028794728630e-01 4.075209631864037951e-01 4.363861631252710094e-01 4.194667773183482495e-01 4.183698530830266549e-01 4.323846076593371168e-01 3.866325942367888624e-01 4.268018424283462897e-01 4.767741925509095813e-01
4.075328076675825972e-01 5.012196641991487622e-01 4.464804513760254334e-01 4.402181944543335224e-01 5.057788213944222067e-01 5.281841950488581627e-01 4.408609283921456345e-01 4.714802219655831461e-01 4.428950756730489213e-01 4.827134026373743891e-01 5.305819622074879893e-01 5.125028422482235113e-01 5.221579166368051084e-01 4.305452963993626758e-01 4.791140470299297127e-01 4.305046948845527299e-01 4.917683376646906357e-01 4.775286518352254150e-01 4.341600270544914153e-01 4.471718729648368473e-01 4.412837706757660738e-01 4.488412614755926122e-01 4.533212941199145085e-01 4.209280901837805788e-01 4.234822272718187786e-01 4.342520495621111642e-01 4.378938858568605652e-01 4.375825696135701715e-01 4.330734952125117609e-01 5.125612674294226512e-01 4.358098266156053002e-01 4.256230033556416270e-01 4.473152595206453808e-01 4.243898106421429839e-01 4.307264372389286167e-01 4.320234648726263837e-01 4.249688520213086296e-01 4.452079953463115025e-01 4.434001744617787621e-01 4.873084918885315919e-01 4.387427877951908806e-01 4.138464001651527280e-01 4.196140076360778126e-01 4.122551112021695663e-01 4.116948900202615502e-01 4.372835534084269504e-01 4.160386257140959443e-01 4.283907397172452836e-01 4.499372745969773546e-01 4.229430186550788839e-01 4.243243243279333776e-01 4.137511318141329775e-01 4.102255194909504299e-01 4.240841888609577781e-01 4.169131527318995500e-01 4.340797920834293389e-01 4.282731490747732073e-01 4.258407026419228081e-01 4.152981463342483304e-01 4.611951407619945820e-01 4.154831024634246806e-01 4.179136697237804121e-01 4.145315578456484351e-01 4.178781932248650799e-01 5.783686354125290308e-01 4.287551283473560182e-01 4.442151374059621904e-01 4.362784239022409194e-01 4.314197949448558278e-01 5.162072037368877764e-01 4.243532521954277437e-01 4.271608497917676606e-01 4.257387717702400542e-01 4.151486951762977662e-01 4.230604384636877935e-01 4.140722140599337742e-01 4.284824205571387545e-01 4.645051892221853662e-01 4.393405639546825725e-01 4.253445726310086661e-01 4.128205428169038349e-01 4.349681851164591273e-01 4.293989442329680939e-01 4.089106397185529040e-01 4.223055805670246077e-01 4.223245431258348948e-01 4.309872436033460597e-01 4.300539782089274343e-01 4.331927657213048288e-01 4.997090372918855383e-01 4.314323227614872414e-01 4.101707957101196067e-01 4.031199981484123174e-01 4.218353318863785062e-01 3.988530238037558684e-01 4.521236063776417069e-01 4.277552092739962397e-01 4.461664587355455569e-01 4.208808261483075741e-01 4.120016506938678491e-01
4.990623741752208131e-01 4.336492622759669513e-01 5.221695333394996696e-01 4.402839085470273139e-01 4.837836198454226744e-01 5.482810337658524658e-01 4.777814859526955948e-01 5.013762049624201911e-01 4.400474744804200866e-01 5.123874724459724916e-01 5.063543606793931007e-01 4.417150122909916377e-01 4.228623850716695109e-01 4.634843999452101238e-01 4.462745965709229989e-01 4.618951325162742871e-01 4.398520974855912313e-01 4.460628195252311912e-01 4.837769573247596155e-01 4.591574913868965435e-01 4.220624270351332474e-01 4.258043435013812439e-01 4.213751624036585763e-01 4.428183997408026151e-01 4.070748874973942333e-01 4.381998493057721045e-01 4.304387245410641882e-01 4.150437747120097609e-01 4.231772888260861842e-01 4.329806185355762338e-01 4.256544937310833276e-01 4.231460262291287244e-01 4.242941152064653720e-01 4.313246404830781700e-01 4.359542666469032879e-01 4.251131496910540153e-01 4.244208454606162584e-01 4.221072709242115750e-01 4.422186020472635981e-01 4.478578278700273141e-01 4.572214596880656012e-01 4.121759866512180182e-01 4.159540629518339583e-01 4.194141035438753162e-01 4.318576706084339412e-01 4.380121313624746882e-01 4.224851839018221034e-01 4.691184722797686057e-01 4.242614005216711059e-01 4.617813571634127312e-01 5.396952085267613386e-01 4.235104718038604776e-01 4.189508590516186071e-01 4.278717464409788063e-01 4.035712557979376225e-01 4.389462793985196010e-01 4.300478281898538202e-01 4.251353865655747577e-01 4.519803906556963402e-01 4.221273723754428442e-01 4.111061111108960664e-01 4.824786769093987182e-01 4.414427031131217261e-01 4.321363291115510874e-01 4.272874376843658895e-01 4.251554880168060269e-01 4.334386525950066904e-01 4.197118384950448422e-01 4.154270120116886345e-01 4.272655140052609157e-01 4.335822669292994092e-01 4.263246180316213607e-01 4.369915983362941403e-01 4.075242090298037412e-01 4.298631283114721646e-01 4.523386862113544793e-01 4.062397376850478969e-01 4.096361996076849366e-01 3.971637331479425104e-01 4.275565010188357995e-01 4.681838686867553223e-01 4.153390325721635357e-01 4.201525613896756051e-01 4.235829623064594762e-01 4.116224279899731164e-01 4.221723301537633199e-01 4.136793531192971551e-01 4.691028979259109777e-01 4.361222817513167871e-01 4.062731357052948300e-01 4.013702038327314203e-01 4.125525044856128143e-01 4.218096498622841417e-01 4.152131280150179182e-01 4.423285621105146892e-01 4.087112196556293431e-01 4.021262575664366623e-01 3.959300279328543670e-01 3.925551764939065880e-01 4.187471111974951365e-01
4.204303657234769731e-01 5.193782219047805571e-01 4.964215673739417189e-01 5.045823010168809519e-01 5.317317310511456840e-01 4.666479014231240119e-01 5.318701634249226595e-01 4.352980368339018913e-01 4.162993466615818039e-01 4.567909014082925934e-01 4.558478984836741299e-01 4.300419059492644469e-01 4.382433834685662277e-01 4.376300614275273615e-01 4.522028732901458570e-01 4.390406366356024992e-01 4.695809195473306108e-01 4.632018976801719479e-01 4.131643744388148187e-01 4.441897401049730298e-01 4.212111049504082549e-01 4.273590740176491098e-01 4.206945887651575289e-01 4.262724567587378721e-01 4.361008705738012581e-01 4.238289630694034305e-01 4.608679084971201712e-01 4.216929133891278436e-01 4.391845641653110421e-01 4.922750878474309588e-01 4.431276090331141004e-01 4.356089829371554978e-01 4.261188486434505651e-01 4.291071884670090153e-01 4.729073965306949123e-01 4.495530122941195361e-01 4.604702642083151609e-01 4.464881388998674372e-01 4.981899825807066251e-01 4.860000183860023748e-01 4.727301563976710752e-01 4.300137753064648405e-01 4.663921631299802195e-01 4.408193588187777623e-01 4.380679655634160397e-01 4.300160530913069157e-01 4.442741320333718491e-01 4.333678989033497575e-01 4.300441837341065221e-01 4.531370497985012791e-01 4.376549746992375867e-01 4.429994836357474819e-01 4.281880168663007580e-01 4.249089178076515538e-01 4.300729407677376659e-01 4.316668776555997455e-01 4.178246083364552943e-01 4.251189010977802218e-01 4.240787221773367754e-01 5.194252012171483024e-01 4.953874530556403033e-01 4.200665465395767573e-01 4.120121569764518821e-01 4.147265362281299383e-01 4.153353026994846542e-01 4.223361598285294560e-01 4.575953011252709146e-01 4.151426875187768095e-01 4.459347510724856467e-01 3.974523854320543004e-01 4.171032908215916435e-01 4.197175614294605950e-01 4.179135558345382639e-01 5.162069759584035911e-01 4.235215475326550849e-01 5.514264268542719005e-01 4.573012391021591960e-01 4.462577409630916758e-01 4.130889228159211335e-01 4.108684242626257088e-01 4.053452515775656240e-01 4.218745097856621551e-01 4.201302960428442979e-01 4.112316740003153503e-01 4.173540749327039334e-01 4.994793796351834625e-01 4.124324082798144775e-01 4.326837662260329953e-01 4.311129773266285103e-01 4.382887398592340000e-01 4.106549388783023447e-01 4.323965090851369930e-01 4.480588139100297740e-01 4.127982205254515091e-01 4.061637450882542577e-01 4.083082510447559876e-01 4.171298839596228603e-01 4.014995250671401505e-01 4.154791163399510490e-01 4.182032046495184896e-01
4.716541593105860186e-01 4.629598260960805511e-01 5.022480271107239158e-01 4.734907657010604676e-01 4.893955122500814880e-01 4.214272097872999723e-01 4.443656135670916441e-01 5.392841253073880070e-01 5.202641093744839740e-01 4.543020228559798701e-01 5.295850896713544254e-01 4.358502288242415701e-01 4.398641128006331447e-01 4.854271554982209080e-01 5.216467817182437461e-01 4.823808460504316331e-01 4.925434678464482574e-01 4.399242463204638964e-01 4.558564401768319119e-01 4.750973442947960534e-01 4.587570852839705782e-01 4.428509151194232052e-01 4.959769437727689634e-01 4.574839743911145451e-01 4.331330877584425032e-01 4.371701766679127465e-01 4.281640431808378944e-01 5.065057764267699714e-01 4.263949446386203768e-01 4.449787647742673435e-01 4.917728932343747861e-01 4.373067013968844896e-01 4.637642258130588724e-01 4.446612700395928264e-01 4.219125487925248219e-01 4.239437634254439313e-01 4.111190375398748320e-01 4.125327447021078231e-01 4.335237848034791952e-01 4.173769097257457594e-01 4.668341103339635478e-01 4.214135715505580304e-01 4.160232221941014275e-01 4.367818143523391483e-01 4.055986551412463226e-01 4.136053251119297669e-01 4.172267182877215097e-01 4.216969564572225493e-01 4.314873882100443425e-01 4.146329762157417997e-01 4.095994133824854555e-01 4.272347639098929561e-01 4.581770189016259875e-01 4.266793830207743499e-01 4.014982438131664555e-01 4.947975637261643467e-01 4.322726545343492099e-01 4.456282181773635886e-01 4.382769238503657627e-01 4.512127771639175000e-01 4.564119918998136849e-01 4.085482156778684759e-01 4.099452380661332551e-01 4.172741531570576812e-01 4.210840045562205258e-01 4.502596950413728649e-01 4.172563010183579224e-01 4.064315271687505282e-01 4.700377008250979372e-01 4.241365779123254520e-01 4.617298222813608355e-01 4.113462465778716659e-01 4.267871222438044398e-01 4.333679273756603223e-01 4.405307350069765371e-01 4.369816330276100613e-01 4.275287689883836006e-01 4.605356935779037486e-01 4.287284213200827088e-01 4.197744491058913452e-01 4.257787468942184073e-01 4.057199471840867155e-01 4.406039942619597305e-01 4.172438301463475829e-01 4.203243633113890043e-01 4.469452333730505322e-01 4.333000778596770575e-01 4.523120930733233180e-01 4.168710706569422331e-01 4.236495590407796108e-01 4.384315569688320147e-01 4.183527127520900724e-01 4.123246975290948968e-01 4.115257929680481430e-01 4.220645624584226652e-01 4.573519482872058783e-01 4.033805482620350102e-01 4.257112390459614759e-01 4.066411403188423535e-01 4.135186553986888724e-01
5.230517194088347699e-01 5.102939603976226479e-01 4.830327480722331202e-01 5.418571680096154752e-01 4.720335528483439180e-01 5.214434894210886462e-01 4.368168637665965637e-01 4.481031737698291662e-01 5.139206494231721711e-01 5.127444582753464264e-01 4.312733903241315336e-01 4.319779376480954447e-01 5.140813471437805093e-01 4.209305103301753115e-01 4.423129592843464963e-01 5.096468417239894411e-01 4.743580892243010605e-01 4.395276839794589052e-01 4.231755804874546278e-01 4.325246060101931023e-01 4.679198164789379333e-01 4.103075766898860999e-01 4.167183451832812136e-01 4.179532177631009038e-01 4.325236664239457407e-01 4.141454163702959490e-01 4.172727580138419490e-01 4.187211159779849479e-01 4.328806522533197310e-01 4.308463910831742960e-01 4.380554662190951354e-01 4.253092384936459913e-01 4.477161781251608463e-01 4.204098371875877871e-01 4.343819117704199040e-01 4.346792481092420779e-01 4.669521565334039948e-01 4.171915834565325110e-01 4.371921572916387388e-01 4.169544945267831815e-01 4.351637898897721679e-01 4.469428416989663644e-01 4.333837010356916819e-01 4.252098701299105721e-01 4.296308227298912263e-01 4.228205877198174534e-01 4.314816368033181360e-01 4.273811685306171948e-01 4.536418353918153512e-01 4.225848369886628375e-01 4.914344713514636753e-01 4.174937600881440947e-01 4.249986055858082090e-01 4.086110825395096735e-01 4.471510312335318926e-01 5.139532786910349094e-01 4.181589871512716994e-01 4.511278157893081620e-01 4.106650180762285163e-01 4.302196585838777287e-01 4.478209277555857404e-01 4.211008032194308304e-01 4.264531420413353868e-01 4.144521200992811183e-01 4.584334405302224469e-01 4.206874422152155346e-01 4.049185370597136457e-01 4.349836455810747182e-01 4.274239339410271232e-01 4.228530461538169694e-01 4.403806859305049448e-01 4.351718190813405052e-01 3.986961983173790691e-01 4.361837534697421970e-01 3.985624354025283367e-01 4.138405918138054473e-01 4.071318890630670762e-01 4.094688393664135395e-01 4.129248368903602473e-01 4.233671706649835276e-01 4.290612056855096501e-01 4.131943273094880742e-01 4.334118316784912883e-01 4.199661247003518838e-01 4.209528895662486558e-01 4.272374403070823834e-01 4.762922702229478444e-01 4.240318282819006135e-01 4.445840531334465107e-01 4.191122401076795012e-01 4.234923064697449502e-01 4.115154290470167120e-01 4.492328696345661010e-01 4.003180380695565699e-01 4.275033716873944400e-01 4.325366213252350156e-01 4.199690004037149871e-01 4.350238484835373121e-01 4.050199554298070104e-01 4.224751616485170058e-01
5.543738804399150899e-01 4.088762166951270816e-01 5.169973103539821091e-01 4.791080109000981913e-01 4.409597842542916091e-01 4.192599259823774904e-01 4.280114315964189675e-01 5.287180508712191473e-01 4.210975573760308843e-01 4.980971628483921165e-01 4.610799702659172383e-01 4.379779361175330510e-01 4.327192996695693461e-01 4.576701263573330070e-01 4.261103069502927831e-01 4.798237478420988023e-01 4.170256753030979757e-01 4.306196945467669068e-01 4.509120526201427781e-01 4.714262954094470826e-01 4.407505697165471359e-01 4.179378142431063869e-01 4.153498520501633928e-01 4.350044873123796729e-01 4.838500742181901515e-01 4.178221027731290338e-01 4.337352771260657436e-01 4.437329588272057035e-01 4.270913773540844227e-01 4.979106692144473767e-01 4.441994776351729235e-01 4.261499119342343489e-01 4.198834695828951302e-01 4.240058900070114989e-01 4.275516037814253711e-01 4.696399995916719083e-01 4.075901509009817736e-01 4.286939982966568308e-01 4.436086487194495498e-01 4.590545924566559188e-01 4.625760762948122329e-01 3.980053461747781740e-01 4.328620883068567959e-01 4.196473771840141809e-01 4.434137557538996299e-01 4.140035673192558052e-01 4.262684706352642405e-01 4.234139506711775969e-01 4.479190718099685942e-01 4.571598456080874784e-01 4.284372634726446583e-01 4.221513460609057078e-01 4.209903021822797298e-01 4.362701384598778875e-01 4.137209796372860460e-01 3.999215326731725972e-01 4.009045961387010526e-01 4.569253476585959928e-01 4.257688385301554024e-01 4.104715202538943841e-01 4.390553283478338953e-01 4.073087021114330519e-01 4.357671750944374645e-01 4.062342425291164405e-01 4.496305708679921298e-01 4.136216397458610805e-01 4.339328180164945814e-01 4.153591909680158789e-01 4.384527973124843769e-01 4.978414814998693982e-01 4.016123608337543449e-01 4.040976518749408442e-01 4.321360443884458280e-01 4.214083611177318334e-01 4.251667061071532361e-01 4.336739192968823708e-01 4.757018683918823876e-01 4.212379258669236570e-01 4.219764976019660385e-01 4.707428175952723670e-01 4.675808251498163037e-01 4.139953103492032827e-01 4.309201628397469896e-01 4.195613053892943145e-01 4.436719996103697383e-01 4.193492436204973028e-01 4.164547200601217414e-01 4.452175905149587387e-01 4.186718873530856366e-01 4.051382578800422074e-01 4.201217543496865159e-01 4.167724425732804439e-01 3.991311128606625513e-01 4.254325235982232556e-01 3.986600669553216902e-01 4.137702082621853572e-01 4.286071292772422603e-01 4.236709417459845750e-01 4.433511166707426177e-01 4.143833594693610567e-01
4.679624680001057691e-01 4.610542028248912350e-01 4.182002720015343122e-01 4.832944655505873599e-01 4.500238873655972305e-01 5.357545838053529019e-01 5.186664141416325036e-01 4.640701892619704116e-01 5.109268998606137924e-01 4.876098428231379067e-01 4.288447591808915993e-01 4.097025970358313951e-01 4.498920036232411657e-01 4.561068256755968497e-01 4.905832631559807755e-01 4.373931148593306895e-01 4.247355783811697649e-01 5.257194610158713033e-01 4.324353737890048732e-01 5.005638329984947177e-01 5.529061897769250722e-01 4.169240860991414999e-01 4.232604849174428918e-01 4.412996297527290168e-01 4.351557037535828121e-01 4.339193790859263156e-01 5.076823661869430682e-01 4.291705963025502224e-01 4.499332884735037230e-01 4.781570926731535387e-01 4.310611861937818645e-01 4.233519664511626868e-01 4.121910769757967663e-01 4.365668484078684686e-01 5.526294389186130473e-01 5.059560330551354790e-01 4.562811901052575836e-01 4.198234784246169804e-01 4.562968498760468505e-01 4.362136493957944339e-01 4.997677471961899931e-01 4.115124109821009513e-01 4.385354809022516398e-01 4.045415351960399697e-01 4.206579733738212146e-01 4.536864230300989287e-01 4.297546203360578798e-01 4.279794287193878222e-01 4.133135124013496142e-01 4.119076635968217937e-01 4.638418982761735587e-01 4.151593153481239473e-01 4.050837618776955695e-01 4.166989270675025558e-01 4.211172602149148014e-01 4.278921610876258996e-01 4.464590686708204692e-01 3.996095046221190272e-01 4.325327206186929674e-01 4.233838269666411747e-01 3.968130681715052455e-01 4.348819994324971683e-01 3.947353013108762521e-01 4.043446491687532340e-01 3.898722876176701768e-01 4.015959892552019572e-01 4.339502430705364233e-01 4.312520930358581528e-01 4.160604070316482606e-01 4.341912327068278010e-01 4.311932692423116054e-01 4.093960641407093370e-01 4.238076657811300496e-01 4.012766438203432262e-01 4.150843762268197068e-01 4.230144556821884283e-01 4.224072836602231762e-01 4.111754696593372116e-01 4.258363179061018244e-01 4.387226578716490466e-01 3.926963991541151389e-01 4.133172992186495698e-01 4.271054142031736611e-01 4.147591085513716025e-01 4.107906094379583650e-01 4.171892771993799265e-01 4.249407498508195324e-01 4.181582183988875046e-01 4.224449240547384354e-01 4.141385260711486493e-01 4.216400118361707250e-01 4.078072237964314173e-01 4.175948367905111258e-01 4.345331282116230431e-01 4.177259802527935051e-01 4.152648906755540548e-01 4.241219431447151300e-01 4.310117867350193865e-01 4.529953715813243020e-01 4.576747673439487407e-01
4.420695779739709508e-01 5.139115952284250000e-01 5.198572400570685703e-01 4.897360980285925813e-01 4.471123943081481977e-01 4.876604096466319316e-01 5.120490505630613809e-01 4.863928223820179753e-01 5.212682138774911156e-01 4.324515745336940942e-01 4.360836163536225829e-01 4.658034411652357543e-01 4.379613652328069873e-01 5.332124050877355970e-01 4.011131558133033681e-01 4.482359970984325925e-01 4.530682606962707082e-01 4.285161887174224749e-01 4.645414629457954026e-01 4.715297353135877723e-01 4.244889512273942733e-01 4.309388122031414525e-01 5.157089383026841611e-01 4.324478731333257220e-01 5.312529406773417451e-01 4.279319938500516507e-01 4.152881525532537421e-01 4.363850242328499718e-01 4.362471613052834596e-01 4.340929462908923453e-01 4.891951810732211303e-01 4.248139341797371182e-01 4.233784172276412461e-01 4.274646778173897266e-01 4.072605839066442690e-01 4.235288364441496811e-01 4.712706088154913764e-01 4.292225297969495257e-01 4.392980263227568294e-01 4.240269025721796203e-01 4.515577476782495769e-01 4.264461093806354852e-01 4.254670320385806614e-01 4.146752860691833020e-01 4.055278160326578063e-01 4.291397892625611887e-01 4.291910109491973158e-01 4.587505366525496120e-01 4.221330098929270136e-01 4.491456589474251970e-01 4.313725024370722583e-01 4.144784285142070757e-01 4.223461536095240443e-01 4.222677123940251076e-01 4.434959268420774481e-01 4.313780545376247888e-01 4.975557333914312208e-01 4.327865227947210180e-01 4.273853254879539931e-01 4.412096572514671022e-01 4.074206837087315236e-01 4.038113343202922034e-01 4.278245108778163108e-01 4.441561143062419115e-01 4.411955919300672990e-01 4.137357282941384606e-01 4.122804230862270880e-01 4.442438659672828249e-01 4.199874504609357739e-01 4.026470445982662794e-01 4.307176677672866494e-01 4.160178124551014989e-01 4.138775488728680951e-01 4.152252287469914704e-01 4.154772086951458165e-01 4.149139694483220953e-01 4.591181141814392186e-01 4.344584168688030434e-01 4.345043711779918993e-01 4.110975978900487937e-01 4.134889018341892375e-01 4.228585128374379720e-01 4.274055408284274105e-01 4.090165567137093450e-01 4.323621999509532632e-01 4.474597280242538777e-01 4.062455460363952331e-01 4.004111994695973564e-01 4.126347040461011417e-01 4.524932339128892034e-01 4.206729213368473053e-01 4.115145179330798597e-01 4.006684752675095940e-01 4.083359261305872234e-01 4.457810575402667008e-01 4.168261698232428869e-01 4.070370477967052425e-01 4.428678276718756024e-01 4.426611756420785193e-01 4.638128849917476648e-01
