5.334893837245318071e-01 4.781881274916267577e-01 5.547513093882467938e-01 4.217851636752318334e-01 4.761634045455075404e-01 4.977570326268495049e-01 4.496180999959817903e-01 4.685453531411923889e-01 4.721081218296112603e-01 4.458308271390660216e-01 4.608768488026253052e-01 4.520310998407429670e-01 4.900736657421878584e-01 4.513579290029786639e-01 4.709442307199327438e-01 4.769446847463387762e-01 5.107691632603001963e-01 5.350196565260578740e-01 4.499188814843776418e-01 5.251165313681744884e-01 4.948654986590791394e-01 4.415217707194522556e-01 4.988182525847715820e-01 4.673185382252515452e-01 5.534887901949063771e-01 4.598478595002185587e-01 4.147110472912038381e-01 4.629848247847223042e-01 4.753951077182761442e-01 5.101560405254350616e-01 4.269560484621546803e-01 4.151154679899139999e-01 5.469214809382397791e-01 4.473161991068927423e-01 5.100467068530155634e-01 4.608323181089627463e-01 4.996610329763388481e-01 4.598309469477661615e-01 5.028510706476628789e-01 4.904282029528566067e-01 5.391813972110105491e-01 5.566951709724723418e-01 4.549993097407596387e-01 5.106388739673336508e-01 5.390477481854019093e-01 5.172218999394104788e-01 4.569257462709434003e-01 5.027800607052113069e-01 4.590770001650397725e-01 4.672744061439363938e-01 4.909775477121437470e-01 4.651831149358075512e-01 4.782818013932570445e-01 4.917834849338904024e-01 5.341445315897331847e-01 4.849019552582597425e-01 5.144743789182802951e-01 4.401966409152653914e-01 5.200128127617822393e-01 4.419212087638203501e-01 4.614722048157222645e-01 5.413194968976440258e-01 5.274094065348268190e-01 4.584328141393908540e-01 4.869594213614837908e-01 4.395215909050063652e-01 4.893353217856297177e-01 4.744663409489205952e-01 4.749566056638664380e-01 5.337460900762334148e-01 4.589371157034259352e-01 4.721440823578055279e-01 4.489561472485646965e-01 5.495887100436869233e-01 4.871348107943234695e-01 4.813568678746774632e-01 4.806100391695825591e-01 4.495764734779928995e-01 4.947979623385116987e-01 4.540571609854569535e-01 5.277501062025800049e-01 5.096599389868313734e-01 4.233421435040312653e-01 4.730629407630980166e-01 4.711543278993035044e-01 5.170003284188977588e-01 4.467476640103111851e-01 4.299392063251974427e-01 4.550503036489115249e-01 4.416181779628929882e-01 4.662645502342030457e-01 5.033454638476350107e-01 4.647363843836558872e-01 4.359478034324139051e-01 4.749626702660084687e-01 4.666989807482075370e-01 4.303264012760394386e-01 4.485753016229699908e-01 5.162654011396027309e-01 5.214761756335724030e-01
4.503574689557188759e-01 4.453395658932517986e-01 5.146038709865521366e-01 4.484117281989985493e-01 4.596443963692003476e-01 4.436162508263599702e-01 4.662853919655080004e-01 5.324442790943673121e-01 4.332718048553247936e-01 4.679226921823010366e-01 4.302873372659978823e-01 5.248897778871460806e-01 4.632261560887400154e-01 5.372989219282787721e-01 4.503244980201298597e-01 4.731453965743810941e-01 5.204398974196710048e-01 4.472246036839308547e-01 4.678061550153184700e-01 5.140952985759381644e-01 4.431747022347239939e-01 5.366576685506140310e-01 4.579502369482870150e-01 4.982444785830532630e-01 4.598753068075655537e-01 4.250839655727649546e-01 4.554319749715114996e-01 5.308385546699475599e-01 5.195573127379885525e-01 4.635792696838824667e-01 4.776886092757600122e-01 4.800674708202006258e-01 5.154969334785082236e-01 4.665750977251092446e-01 4.436099299734231893e-01 4.217163745730012070e-01 4.678026244488132646e-01 4.865437825724264198e-01 5.316302557364313008e-01 5.185804277638442761e-01 4.428242365644604606e-01 4.853573983374323553e-01 4.354208379092002201e-01 4.607327789113641603e-01 5.541863048581703310e-01 4.568555904978074955e-01 5.409769750020171353e-01 5.486573238217630211e-01 5.240265543766211565e-01 5.437997198675568189e-01 4.803211591069865838e-01 4.365252218898795777e-01 5.309728870310088666e-01 4.525570118884672532e-01 4.930977098431458261e-01 5.153906178710043751e-01 4.768423552623086148e-01 4.624635537236137517e-01 4.336374462670986585e-01 4.787498861783031634e-01 4.451436194522124246e-01 5.349872550366793211e-01 4.385174579296887143e-01 5.437274001988210426e-01 4.403147725316374217e-01 4.495727151330034532e-01 4.325204775251668132e-01 4.661852548493883308e-01 5.402256476718592104e-01 4.477847394489072874e-01 4.736394481066268369e-01 4.474376619835963020e-01 5.339926033407669248e-01 5.334050487407540064e-01 4.325443657936980935e-01 5.022785494276077456e-01 4.559542710357989970e-01 4.329686316928448298e-01 4.371197522059713236e-01 5.156075768772119261e-01 4.642396279819101523e-01 4.824979811359352833e-01 4.956467219152893566e-01 4.735034928238655572e-01 4.456433654465633554e-01 4.232501494687220256e-01 5.209106016572855324e-01 4.634629887676945947e-01 5.275929390484769277e-01 4.332069449319467802e-01 4.714196898334050423e-01 4.430200121716366679e-01 4.860082753560548974e-01 4.432420961937388326e-01 4.997265762351694729e-01 4.642787774088832919e-01 4.345231629029389642e-01 4.511070879472452999e-01 4.803011146003763332e-01 4.707044084483729129e-01
5.270472956895581040e-01 4.400208813423888699e-01 5.274907234536888589e-01 4.564666017914024154e-01 4.965789623065290370e-01 5.076726286567432300e-01 4.395152700520695843e-01 4.689041611984400282e-01 4.934724623942879917e-01 5.067691452991347489e-01 5.157560884489150732e-01 5.135511357771668228e-01 4.592534430733689055e-01 4.775727269719195478e-01 5.451678143883272876e-01 4.536498361110731237e-01 4.405053092336768672e-01 5.289535738238895224e-01 4.759653511534892578e-01 4.545036068145033581e-01 5.378574347715552317e-01 4.560571699660396772e-01 4.396797261176673133e-01 5.031803244465846703e-01 5.328135080172674565e-01 5.171206524031803919e-01 4.337902856300018262e-01 4.819018848427646384e-01 4.468353302544204597e-01 4.595378529832123138e-01 5.037145788812930070e-01 4.938582052572931813e-01 4.674813998414598104e-01 4.682057354212392219e-01 5.277099033001173556e-01 5.037974902495444551e-01 4.791509471443712864e-01 5.109229706817611794e-01 5.319576873074793877e-01 5.372549037362057689e-01 4.748156392544525817e-01 5.242896954705017487e-01 5.135033022954832438e-01 4.539159952698694211e-01 4.295329918709241412e-01 4.127286911431471972e-01 4.347539025074410590e-01 4.673236062965251403e-01 5.321414475996136817e-01 5.182529961927961892e-01 4.964809606136988407e-01 4.913177348783074327e-01 4.501256189311063083e-01 4.534747883459597784e-01 4.377495027701835961e-01 5.250964868615641823e-01 4.935005360924665796e-01 3.994892091101470144e-01 4.390719561771810331e-01 5.290215087568044261e-01 5.256585302713459029e-01 4.404625153509564295e-01 5.229763816751831218e-01 5.401917086777122678e-01 4.514910370546873497e-01 4.606414397391969673e-01 4.230831024228664528e-01 4.895214737518481796e-01 4.806712546372133299e-01 5.313814646870558267e-01 5.350029148074686436e-01 4.279884544418245396e-01 4.706810042091206236e-01 4.889545331046560861e-01 4.339443208299470500e-01 5.029615432125035257e-01 4.513732471060415974e-01 4.432480753789492800e-01 5.407300631251363843e-01 4.804248552619220236e-01 5.230655000071292582e-01 5.320046666198471330e-01 5.111211949076426286e-01 4.581675091499103347e-01 5.410696239004685326e-01 4.867217345132134332e-01 4.559841669618511784e-01 4.691306869009842506e-01 4.400497807375726711e-01 5.355036288603773897e-01 4.368000366310757498e-01 4.441343045163790859e-01 5.150763974520403687e-01 4.950624131586764398e-01 4.732711872422846189e-01 4.160582431360482780e-01 4.736286571009375446e-01 5.275794431732876433e-01 4.291274892244140160e-01 5.351861625980134374e-01
5.496056795407603390e-01 4.357505472650903267e-01 5.158146275193563612e-01 5.531805489611527626e-01 4.401198510937769925e-01 4.721285364762583536e-01 4.458351549302659866e-01 5.325091959623664550e-01 4.707446682954565809e-01 5.242426022688918552e-01 5.135642899846297738e-01 4.684428528232990607e-01 4.385203051607413083e-01 4.430309740111891270e-01 5.017300018930153094e-01 5.388885879695619607e-01 4.453400499225307341e-01 4.679698992731530227e-01 4.228638656318168265e-01 4.914163629619692220e-01 5.296700510459637634e-01 4.340103765903671751e-01 4.440242305638858467e-01 5.237144409086360586e-01 4.434434808460887001e-01 4.544204676677676691e-01 4.350570187253000043e-01 4.378887038963448219e-01 5.155486961390443046e-01 5.478424462945111761e-01 4.797479545514787835e-01 4.335604571394365836e-01 4.593612677133305788e-01 5.110547405348752070e-01 4.871378288592392303e-01 4.773801402635222124e-01 4.628237853963876880e-01 4.693927745193753331e-01 5.037643484800923277e-01 4.479906796709412498e-01 5.268092671735614685e-01 5.478218323416904623e-01 5.167769916151324638e-01 4.454310758992821029e-01 4.631466898700621893e-01 5.144267162704598828e-01 4.743286488552172497e-01 5.292934193223268746e-01 4.991284299356409382e-01 4.711135840229409011e-01 4.195346268343315699e-01 4.686791730006641954e-01 5.366133086908146943e-01 4.527726611683906000e-01 4.462970612239279822e-01 4.523333618892861341e-01 5.020043610772431109e-01 5.088380572711902472e-01 4.346531390004897966e-01 4.727189383073238660e-01 5.288062011446074129e-01 4.969086716624191991e-01 4.480392819050090236e-01 5.402763853292164020e-01 5.400411470996512309e-01 5.152050353509964875e-01 4.515234670163763564e-01 4.827654500210157851e-01 4.683879866809156356e-01 5.321593282106239498e-01 4.174279036338976456e-01 4.057206874641604011e-01 4.434819754099197375e-01 5.017009031916578321e-01 4.504048468804340288e-01 4.432418114706335732e-01 4.728996235899213252e-01 4.524536004566371283e-01 4.513908714662571708e-01 4.824038516773365703e-01 5.123637834836148874e-01 5.043763892671574434e-01 4.430795477729463916e-01 4.906211313289802756e-01 4.579861974764812826e-01 4.830115646732018320e-01 4.663882908957486806e-01 5.021860713630195150e-01 5.323393871023898161e-01 4.829273435786661794e-01 4.549264206258132881e-01 4.625683887709702291e-01 4.312300554675110864e-01 4.605077337689672534e-01 4.287395255211878253e-01 4.915138521532099736e-01 4.301649063307363963e-01 4.867987805854965822e-01 4.617788516000864707e-01 4.489788681523643743e-01
4.708681527062074657e-01 4.761694406753390618e-01 4.415020678805682830e-01 5.200558059506763531e-01 5.245092169846565788e-01 4.244368468991318033e-01 4.818665222330914544e-01 5.008574394646380101e-01 5.244594473858572581e-01 4.518475388547824045e-01 4.757399073987449989e-01 5.100352040395630393e-01 4.632600950828869024e-01 5.091575735399120894e-01 4.543878953445260049e-01 5.378747459363549810e-01 4.631657947904250783e-01 4.742531118153919811e-01 5.324174012332308914e-01 5.376051131556744966e-01 4.319204520531436109e-01 4.639139332218041312e-01 4.353837954332059890e-01 4.409994177105436841e-01 4.406848271515428350e-01 4.335699668911522364e-01 4.961803499591661559e-01 4.871424983181654733e-01 4.519966198726961260e-01 4.937063339529478845e-01 4.575971233531445637e-01 5.166050758041770274e-01 4.509751757325787258e-01 4.924248522007972917e-01 5.415408975842935790e-01 4.972277893187936892e-01 5.461439021377768599e-01 5.062394464341105627e-01 4.896991409695299335e-01 4.362069584028208658e-01 4.984048346359352122e-01 4.747456258428693343e-01 4.795391955707027365e-01 4.529772062472087746e-01 4.682123694695917715e-01 5.259549839685417894e-01 4.990175587584530503e-01 4.895173737391324553e-01 4.350864875666943243e-01 4.867851708210651496e-01 5.147372922336765910e-01 4.217123884495275754e-01 4.351232453195832961e-01 4.236583000401110688e-01 4.323885368381897298e-01 5.153234232181632679e-01 4.848883454938283655e-01 4.575868163767342067e-01 4.643697749133240960e-01 4.749558369114822431e-01 4.804372691893112890e-01 5.388786796054989559e-01 4.497393350942011647e-01 5.235391653650385280e-01 5.516687831614685011e-01 4.511205838224345843e-01 4.485953176572696766e-01 4.595939434349484154e-01 4.993834279487111005e-01 4.602447065643288093e-01 4.237649573153411398e-01 4.727016840871451353e-01 4.724473409372170751e-01 4.702173611045165069e-01 4.487312444677204470e-01 4.415739319923357442e-01 4.773152233955231249e-01 4.723969734198967263e-01 4.898888804468746749e-01 4.713039214188066706e-01 4.613685086607868802e-01 4.495702949866087761e-01 4.770431419961373987e-01 4.252149382011841672e-01 4.659775493441017935e-01 5.208793960049491467e-01 4.427367696265248065e-01 4.467985440292209787e-01 5.053895479649118672e-01 4.360066272259604525e-01 4.900510587276302732e-01 4.910636479791741227e-01 5.210898063797356761e-01 4.565152894424017171e-01 5.210604798998940135e-01 5.089298520003258108e-01 4.605592117063981306e-01 5.162508233166135385e-01 5.266919612541947071e-01 5.196444949528189472e-01
4.378837212420028102e-01 4.340825254252398402e-01 5.444356773954638351e-01 5.138376811102997044e-01 4.519932601400540317e-01 4.608787279751200283e-01 4.750656261408701675e-01 5.034551961324018610e-01 5.451424740319592566e-01 4.602707587284600166e-01 4.040981643765303444e-01 4.899080138395480732e-01 5.233342786184940199e-01 4.918433337306158948e-01 5.129559505979329748e-01 4.981482421734756416e-01 4.709169827187594248e-01 4.683191121617534258e-01 4.318897589023966699e-01 4.895678836180054616e-01 5.152200117863330320e-01 4.478234333189120009e-01 4.751378603926744160e-01 4.830920843673691123e-01 4.740364375322897450e-01 4.649579559041685517e-01 4.169298375058677619e-01 5.236874491582574898e-01 4.362276862448837278e-01 5.354601801145149054e-01 5.257722486795863848e-01 4.352358533077133051e-01 5.111928312409258490e-01 4.555562850792676532e-01 4.750565150015018667e-01 4.528851267949679515e-01 5.345883579662111806e-01 4.498962175251989826e-01 5.554738227401524453e-01 4.595709093357329134e-01 5.139122216192565373e-01 4.544492247013988684e-01 4.770180294182535530e-01 4.316683297434365518e-01 5.095104024119493369e-01 5.132424959310658563e-01 4.977807785338281277e-01 4.839548523209255548e-01 5.699494870792565226e-01 4.960498328877153140e-01 5.380952355090676820e-01 4.714581274526150612e-01 4.346493521831898410e-01 4.843899661703826576e-01 4.443342655532026009e-01 5.331300631656946676e-01 4.760492305802986324e-01 4.357353430512694858e-01 5.295560479146179667e-01 4.707278126876252022e-01 5.131812235188140114e-01 5.339831505336722905e-01 4.761056911720715212e-01 4.606652995354177382e-01 5.292133551851280204e-01 4.322155390794342189e-01 4.697405068478284207e-01 5.516934401823839762e-01 4.533755908160874704e-01 4.276777645893657387e-01 4.447069396256763674e-01 4.578420991129095730e-01 4.985401350555543898e-01 4.952471984539896233e-01 4.577176751159113266e-01 4.285058817410121179e-01 5.232430533355689750e-01 5.099719955101954527e-01 5.101162362353197643e-01 4.778200944057687249e-01 4.482960736736422702e-01 4.249074372475042383e-01 5.507652998038600201e-01 4.292548173970859304e-01 5.440304594720589693e-01 4.448429518530587212e-01 5.203992959048611144e-01 5.011447250778444662e-01 4.722387527903041948e-01 5.192682048969083919e-01 4.944841974765160630e-01 5.603750462740844096e-01 4.352301303732976079e-01 5.037747693457448328e-01 5.198496664224687702e-01 4.737554158273989402e-01 4.253377108041719312e-01 4.807952800218642242e-01 4.663171385917443956e-01 4.753576381576239962e-01
5.204562405259128832e-01 4.836004289994988992e-01 4.323747562398951860e-01 4.691345591352157895e-01 5.044333338882093232e-01 4.574959897061565139e-01 4.322580197667388879e-01 4.992170357659976299e-01 4.333632863890445885e-01 4.483146091477946404e-01 4.915892468314825847e-01 5.383409515489063768e-01 4.688677451132773899e-01 4.524064787827167256e-01 4.729123507127264148e-01 4.577931552111155211e-01 4.649827837589471935e-01 5.489540052974430928e-01 5.384263115358631779e-01 5.538485093660908687e-01 4.714971914626566174e-01 4.842265351079638735e-01 5.389058991343617100e-01 5.351327485434668185e-01 4.371135452422766909e-01 4.763890191341149660e-01 5.233498245000410831e-01 4.730258128701722020e-01 4.768991859941184019e-01 5.183400645183844357e-01 5.053172282961759798e-01 5.386919012484489011e-01 4.819225557402064264e-01 4.788103044212391746e-01 4.678396384524969309e-01 4.944305556434852034e-01 4.569344587979642935e-01 5.124987422355077316e-01 4.548841961893033137e-01 5.118554388514851006e-01 5.164824740350523191e-01 4.963249323520168010e-01 5.473728809493176861e-01 5.049997620338120274e-01 5.223937243125806873e-01 4.476506063940196567e-01 4.643119761229564935e-01 4.918803477342996167e-01 4.830850232343587014e-01 5.416490923642920396e-01 5.059241440673465373e-01 4.276502033927766511e-01 5.458560470783598850e-01 4.845568139100645544e-01 4.396967810316723124e-01 4.958066224112029352e-01 4.963337587682797869e-01 4.133038887603918132e-01 5.182530531374172078e-01 4.758522021914592393e-01 4.769475319773913702e-01 5.096384708646948258e-01 4.619094540884688405e-01 4.267808013908676590e-01 4.975356319401999516e-01 5.193145578184445998e-01 5.240902754075782433e-01 5.097742837859035037e-01 5.288141733915546761e-01 4.490214912012216453e-01 4.414464899304216816e-01 4.683443955735004383e-01 4.308288236675797966e-01 5.348282087100815207e-01 5.151673949564812283e-01 4.831478900959999545e-01 4.783379487896141646e-01 4.715799035247344451e-01 4.548623579271299788e-01 5.117990067320227210e-01 4.331513385094896140e-01 4.092952152168264912e-01 4.598157712062558300e-01 5.434673910590983592e-01 4.726127365890621657e-01 4.942758940527083866e-01 5.315009345020225151e-01 4.500579117766757009e-01 4.298510275794986679e-01 4.491368325311621557e-01 4.651393814668397519e-01 4.593891705776459999e-01 5.009253174529317842e-01 4.689179417967345720e-01 5.197053118081023104e-01 4.811223699251859776e-01 4.558969847470208392e-01 4.820722631489517407e-01 4.287368491239983426e-01 4.268719127845506112e-01
5.266513027947636871e-01 4.954847144683968696e-01 4.959438020033167804e-01 4.464725930183202629e-01 5.278043174818213279e-01 5.289756683368576073e-01 5.011327097628025529e-01 4.970315581546490558e-01 4.589493587969520894e-01 5.107885813760788540e-01 4.664351847911848981e-01 5.140769054633383961e-01 5.408559107376609276e-01 4.754705878134803387e-01 4.344128042273405210e-01 4.571596747742243116e-01 5.354261841757469442e-01 4.762935799492320488e-01 4.800854083758319679e-01 4.673131284862516166e-01 5.318107132405445192e-01 4.855123446513144314e-01 5.124512504215504860e-01 4.315146646835281707e-01 5.188384438418301992e-01 5.132137388974346015e-01 4.313250960400465961e-01 4.605616318527928632e-01 4.302412121229458597e-01 4.700158625629246023e-01 4.520461047483901318e-01 4.296475644484804568e-01 5.112661759128406258e-01 5.104146260496315035e-01 5.140195622299392753e-01 5.048173684125829563e-01 5.186543988265905902e-01 4.606417244623022267e-01 4.500729736289438843e-01 5.213493599624899888e-01 4.506068863959259430e-01 5.271231459247992523e-01 5.069869584746580227e-01 5.325640905770604450e-01 4.984528958961029765e-01 4.446092511282619397e-01 4.471322964532058464e-01 5.247890428525052720e-01 4.536721584025254494e-01 5.212137748197654963e-01 5.398531159609379904e-01 4.747059639143067500e-01 5.494751055246884786e-01 4.278138337613691111e-01 4.657301819102525609e-01 4.426077046429108264e-01 4.637397111536960548e-01 5.219726757845234433e-01 5.287367287069241195e-01 4.674871512481860725e-01 5.176933444570986920e-01 4.819344002213852285e-01 4.301337006784000105e-01 4.604503051186364937e-01 4.464361484608470598e-01 5.073655263154106532e-01 4.601990939228662869e-01 4.271601095116939750e-01 4.965586330768135270e-01 4.591029384399288871e-01 5.016265904611851845e-01 4.932948521212273119e-01 4.522052364919195155e-01 4.285698874950743531e-01 4.326505959842703031e-01 4.979541179603099166e-01 4.851827491846663620e-01 5.261503040187495150e-01 4.543790119836419450e-01 4.743510850359116682e-01 5.333290846162708210e-01 5.486281681757845252e-01 4.865866618720784409e-01 4.705550427073539321e-01 4.788483434281017859e-01 4.346375646466321130e-01 4.919003922409098672e-01 4.520333206809640236e-01 4.508300523658281267e-01 5.111271740928531315e-01 4.856309033523443786e-01 4.465414960097929820e-01 5.502280273042359227e-01 4.447928975311541411e-01 4.720245840705282192e-01 4.421500407235171570e-01 5.295672090603441573e-01 4.515348559405867324e-01 4.319815821038427428e-01 5.091061525471022309e-01
5.347143194679778722e-01 4.545340721867661138e-01 4.478835953110532619e-01 5.269191133475704669e-01 5.169461171396564358e-01 5.521236567944306506e-01 4.284750177564020102e-01 4.542839144664853612e-01 4.603807472640216725e-01 4.907272191579998277e-01 4.828544544637198288e-01 5.484577898695973674e-01 4.210020043019058744e-01 5.291441105259290234e-01 4.992809845754388465e-01 4.630058942945114997e-01 4.632892507288654538e-01 4.667631003915119203e-01 5.419453752276247593e-01 5.040896731001615061e-01 4.494008277943585261e-01 4.733697299090148247e-01 5.258552169924589625e-01 4.482916319932002125e-01 4.527608166872117978e-01 4.202725437062317937e-01 4.741013828725993418e-01 4.393749300334873209e-01 5.047572918373732787e-01 5.285796754420631904e-01 4.995704340842453406e-01 4.862906067872299620e-01 4.405195453889398371e-01 5.044209769054410764e-01 4.636257934392818414e-01 4.891427920218534564e-01 4.467048701275906919e-01 4.931237904795875981e-01 4.895493766161636007e-01 4.726245810702409678e-01 4.975276596932526885e-01 5.255179340019688894e-01 4.746137990451343436e-01 4.549036997220136103e-01 4.567213150813672629e-01 5.347496251330300376e-01 4.658766150032873643e-01 4.804771873686686234e-01 4.583862903839914793e-01 4.563264041343727540e-01 4.477123058909293629e-01 4.369898899976625839e-01 4.619214978758213186e-01 4.261919370645705918e-01 4.933064688239218731e-01 5.377781678590510817e-01 5.390186494840443210e-01 4.500226915285551188e-01 5.422388678045259036e-01 4.241471126672200498e-01 5.408978219787551334e-01 4.576250262174599848e-01 4.580879575143009252e-01 5.117376204305288390e-01 4.986574409749212067e-01 4.955312382237962443e-01 4.528534086410420656e-01 4.736428078392688756e-01 5.438950451631976435e-01 5.344182643831293378e-01 4.487365972620993015e-01 5.119762753373571229e-01 4.677522854038034250e-01 5.031293020661221638e-01 5.462700914180277367e-01 5.316594113824097967e-01 5.204995184379123119e-01 4.752693170503726194e-01 4.784975645624224838e-01 4.554046984980276713e-01 4.434804948497723665e-01 5.382888472206439623e-01 5.211769885945660707e-01 5.123034791299210244e-01 4.623607117379941456e-01 5.346577165146523258e-01 4.361012122415275916e-01 5.113416275357343110e-01 5.350460218856049055e-01 5.026551811512445234e-01 5.305793427549195806e-01 4.540613748874147704e-01 5.165033157663573293e-01 5.219151047726400261e-01 5.509479781481942950e-01 5.166145286112715507e-01 4.945089114420525567e-01 4.409117799387449188e-01 4.683890971010261639e-01 5.390435912280651110e-01
4.780725299108915527e-01 4.798569465561720038e-01 5.255163395525794812e-01 4.202653402116687809e-01 4.847050977032835717e-01 5.333411568759338639e-01 4.857695065599845763e-01 4.249750874573138271e-01 5.106581212492491417e-01 5.025656072623300163e-01 4.544137766747941010e-01 4.764294782873722545e-01 5.011890849376439139e-01 4.914389130319057331e-01 5.111895853975259030e-01 4.652410845600383205e-01 5.000228021538811740e-01 5.411221837856993178e-01 4.241295452516255504e-01 5.208635654002967685e-01 5.271545224109988048e-01 5.001343566665217288e-01 5.661509391873724706e-01 5.099717677317112674e-01 4.914241643750533184e-01 4.717616707551318678e-01 5.026467533473288896e-01 4.677438006552666616e-01 4.664987065159681978e-01 5.084623366614902107e-01 4.301422993161788111e-01 4.512782634781271618e-01 4.785269479868852205e-01 5.606082914419127095e-01 5.439321730561234025e-01 5.018379119499085661e-01 5.042863028766534361e-01 4.783413654668772774e-01 4.200379318674982154e-01 4.574598868164096444e-01 5.373571193309938376e-01 4.336594838354457249e-01 4.841269959103652876e-01 4.597161181194150958e-01 4.720362861901543639e-01 4.345400754553913614e-01 4.486446886437216452e-01 5.496426935444440609e-01 4.588373771996536732e-01 4.912091984305826387e-01 5.071023852215301719e-01 5.107884674868368169e-01 4.460950217084360125e-01 4.655872509114124536e-01 4.500796930942280172e-01 4.738357931600135631e-01 4.675145416109119934e-01 4.754863330012011891e-01 4.601511180796301059e-01 5.297224400973314928e-01 5.413954040775060816e-01 4.885267651113146536e-01 4.145036549813330695e-01 5.241081560185885113e-01 4.726955340680715212e-01 4.557709663006331291e-01 5.104278372017154730e-01 4.875614398952438644e-01 4.842993672782892056e-01 5.306892458735495977e-01 5.039204336863953859e-01 5.172691070302625205e-01 4.839291133522101163e-01 4.508641621938381805e-01 5.066061697936843355e-01 4.623459061365206568e-01 4.557860281529013124e-01 4.632260137271873579e-01 5.243877541079530191e-01 5.127268623874413622e-01 5.146695850792459836e-01 4.715978126080552224e-01 4.656892956723373556e-01 4.368708472673537013e-01 4.588002208344173494e-01 4.446850444188819584e-01 5.247457079958848247e-01 4.666681167635974292e-01 5.191491336942889445e-01 4.500417679766074985e-01 4.430425337692626697e-01 5.191691782008992506e-01 5.418238554063000700e-01 5.131593567843301118e-01 4.303917167563858781e-01 5.208209708237500069e-01 5.246556785500019471e-01 4.983789248333566624e-01 4.401249191650505876e-01 4.277300682238018292e-01
4.700486626646504518e-01 4.900327225596515790e-01 4.880970040562364054e-01 4.352269984191397545e-01 4.631038390427206775e-01 5.028168469304107324e-01 5.392399362814518371e-01 4.341943646609856544e-01 4.593722580251936027e-01 5.126931511717787160e-01 5.097938727355453281e-01 5.256830734030192298e-01 4.379507165886702968e-01 4.773930666925009780e-01 5.179746508850947562e-01 4.620300912681671868e-01 4.990641964030944622e-01 4.088886306225163469e-01 4.326023354179288627e-01 4.547046213268163828e-01 4.712803178733807052e-01 4.322495919628231986e-01 4.577156251095534367e-01 5.094252132588557025e-01 4.180870945671937844e-01 4.240929868049103102e-01 4.524570740785212597e-01 5.072810774423908153e-01 4.497987283339582310e-01 5.036876440755354567e-01 5.301762887271146418e-01 4.646829418567987036e-01 4.593950074013037899e-01 4.947242190542495699e-01 4.403256489542583529e-01 4.129607404739334409e-01 5.002462528468886171e-01 4.304786996650425968e-01 4.911036231031525312e-01 4.415729069891567993e-01 4.967161988432639563e-01 4.708391963664025903e-01 5.100598041158573848e-01 4.574246950405996270e-01 4.613129307106402788e-01 4.367273468223030752e-01 4.424781556300179108e-01 4.253077864058091850e-01 4.509811264454786639e-01 4.953758932975668161e-01 5.335933076579513212e-01 5.120335616261352252e-01 4.547287089015212835e-01 4.517517295298626445e-01 4.918509643098368800e-01 4.861676064057579572e-01 4.751224853449904639e-01 4.710549310632575204e-01 4.800840417049267450e-01 4.941131463257422696e-01 5.420577839095810369e-01 4.355682675331034037e-01 4.539277258618061306e-01 4.579233021425295203e-01 5.077012718011323367e-01 5.486596016066050963e-01 5.283556553028452285e-01 4.356799359349860512e-01 5.122970443877421509e-01 5.376630258352842473e-01 4.369230939571687733e-01 5.307972128750638729e-01 5.137833559418162332e-01 5.539263526630687773e-01 5.183357936718056003e-01 4.903935806232571082e-01 5.062799340596784159e-01 4.296573589233013690e-01 4.813180316431200922e-01 4.573902720171737490e-01 4.745855829854031538e-01 5.006024414515678478e-01 4.782392637613313013e-01 4.435019629719089140e-01 4.295755295028498844e-01 4.419949235757719697e-01 4.572288624888023456e-01 5.048248281579407193e-01 4.562534580748053292e-01 5.223396269225815125e-01 4.581898029690520957e-01 4.295596134812658673e-01 5.168873502907309625e-01 4.352668027092549408e-01 4.853117287513488143e-01 4.896969770739299510e-01 4.422692258153786971e-01 4.743306988615751396e-01 4.879241201867230426e-01 5.329498334400655235e-01
5.102061517919607159e-01 5.135518760572405084e-01 4.985800532349117242e-01 5.073440581932741056e-01 4.286260918360525474e-01 5.134873008569676989e-01 4.796655556848167801e-01 4.846827184672101718e-01 4.843657077618145901e-01 4.797756296373099638e-01 4.388808500289310688e-01 4.331630406291158142e-01 5.208823571252438889e-01 4.455380178976174332e-01 5.346040177370005031e-01 4.550526099060641649e-01 4.584549940692905223e-01 4.785484730536428422e-01 4.582527267753144229e-01 4.626897662307422054e-01 4.668305228228372683e-01 5.414001874256744173e-01 4.711567765180087464e-01 5.302457611647979352e-01 5.014865066933976712e-01 4.761281558250764490e-01 5.408482801584399979e-01 4.849900485870269895e-01 4.596211060191900954e-01 5.104364927841154032e-01 4.685722879469498836e-01 5.208408444964970352e-01 5.334020876204592643e-01 5.458214816933814051e-01 4.502136268429419164e-01 5.160896130944157001e-01 5.264588299756084444e-01 4.280300524875029211e-01 5.401778141901756314e-01 4.760198756281464050e-01 4.887231101647013798e-01 4.591493767783966784e-01 4.926594070949098514e-01 4.512383452987698274e-01 4.410413289516378343e-01 4.400088660273469565e-01 4.332677617872301434e-01 4.503230174599825442e-01 5.274164107232162113e-01 5.223933257002333352e-01 5.352036445966763534e-01 4.615351286219845917e-01 4.649330141601478728e-01 4.679269915011904368e-01 5.201765285473063383e-01 4.451516486437807063e-01 4.737366241024518199e-01 4.663015072932656935e-01 4.372327588064486847e-01 5.495559099419610183e-01 5.134179423085265537e-01 5.030787352426281389e-01 4.612889570251774707e-01 5.226175736179354825e-01 4.345629387207436967e-01 4.195566644026785807e-01 5.367920009116753377e-01 4.683554428299844807e-01 5.052729253809976617e-01 4.548226675262568297e-01 4.854324513479786884e-01 4.808744330451262816e-01 5.157056355146631965e-01 4.736742127977789929e-01 4.551140531521790655e-01 5.269639287643382852e-01 4.583129172397661932e-01 5.078743834491299403e-01 4.106686910042863792e-01 4.500700694532702717e-01 4.516175395303539952e-01 5.031966675528265487e-01 4.970559304524592714e-01 5.259761673675730220e-01 5.520781010975891467e-01 4.645866200302894988e-01 4.330817806548747928e-01 4.549953236172860072e-01 4.706414276974895672e-01 5.098661924042812155e-01 4.517706066717413482e-01 4.415932931634933278e-01 4.374570067241508320e-01 4.541559029583608353e-01 4.298309830728884173e-01 5.577997827316359958e-01 4.176478807050209019e-01 4.550397973663274920e-01 4.337930759164333461e-01 4.352292762039818297e-01
4.445523634518311340e-01 4.295605530675132289e-01 5.455720642531742826e-01 5.224847787616425654e-01 4.465135931454775609e-01 4.697076498014814971e-01 4.703863157951773122e-01 4.530840343563020678e-01 5.064942736133175583e-01 4.420340730027451093e-01 4.573040293885907714e-01 4.721649810337315567e-01 5.223625756048653201e-01 4.446554901605560550e-01 4.197174475402185023e-01 4.171247019991071725e-01 5.131382872745409163e-01 5.394780786866906208e-01 5.035360005496744007e-01 4.640996296310541669e-01 4.314551575545290119e-01 4.621387985497551476e-01 4.949340599828255804e-01 5.137275502131853910e-01 4.347917706804405036e-01 4.257132036353877824e-01 5.323138759121586183e-01 5.249788392744710874e-01 5.095225316162332874e-01 5.320306903116678310e-01 4.640442794593918063e-01 5.182805573893852769e-01 4.716835712073593201e-01 4.779534587082721608e-01 5.263294517965786401e-01 4.978058341670908993e-01 4.288158882580183073e-01 4.948821264884262772e-01 4.769548778335070960e-01 4.511261074506766056e-01 4.389968177497031165e-01 5.143874244819340857e-01 5.213441780019743010e-01 4.520416630679481296e-01 5.002395903262255583e-01 5.298804044761292742e-01 4.766858144990371304e-01 4.558758013479895510e-01 4.780561298600286002e-01 4.714777164022568856e-01 4.508529441034909713e-01 4.290337583781626551e-01 5.183605645819631125e-01 5.212456068629335304e-01 5.226550431785875750e-01 5.154207415755408528e-01 4.304244029688696349e-01 5.391063442004642159e-01 4.408115289333831566e-01 5.180148537875574055e-01 4.810393446676923812e-01 4.614401734663806098e-01 4.986461659399529234e-01 5.415576962475038281e-01 4.092423136638693171e-01 4.670374595757396663e-01 5.412886898576548811e-01 5.266434444370584611e-01 5.080944744094952892e-01 4.354014197934215069e-01 5.291485522063710256e-01 5.006356971102621234e-01 4.142875501444412967e-01 5.239530388708432129e-01 4.966493458581491272e-01 5.177802419488237717e-01 4.488476392731504117e-01 4.400535675548726267e-01 4.834375104386696154e-01 4.769821543069909242e-01 5.111047379121587131e-01 4.249803548347610982e-01 4.695511375105205221e-01 5.437959045779463541e-01 4.676919525777989972e-01 5.433668838029418469e-01 4.345501831256280978e-01 4.484936715086921821e-01 4.782046414317318028e-01 4.696984817174921223e-01 4.461493753492299930e-01 4.688378776595357178e-01 4.664830467451789309e-01 4.795116343741136489e-01 5.034119751650235619e-01 4.822878554842540133e-01 4.204648172192133604e-01 4.717980868402945616e-01 4.857436537020269895e-01 4.395728410639530015e-01
4.138109236662373958e-01 4.325082344316406591e-01 5.410226445881006763e-01 5.195538391161044212e-01 5.268006115911615383e-01 4.357157541016276614e-01 5.393614561027764154e-01 4.311487954932701205e-01 5.110499571867068713e-01 4.648675278459382665e-01 4.816228561996105939e-01 4.881527528402461735e-01 4.729192979564947330e-01 4.774668953936946902e-01 4.652520179272802703e-01 5.211206703643458393e-01 4.485685821576858578e-01 4.733953834607986799e-01 5.165773437737247731e-01 5.051231610276313289e-01 4.779218544435883675e-01 5.156913424147792080e-01 4.755895166545471286e-01 5.047366778845524538e-01 5.332870594859345781e-01 4.219897087540500635e-01 5.223683270115916377e-01 4.666957918494286095e-01 5.274923179030782672e-01 4.752029196222261609e-01 5.044382311256198070e-01 4.630716938041368747e-01 5.294722823770507958e-01 4.910724174508160900e-01 5.220676594124379344e-01 4.674824248446387553e-01 4.573241593121325499e-01 4.548321203333514084e-01 4.572658764924860120e-01 5.377200843455781643e-01 5.229090161884788479e-01 5.023973928517428966e-01 4.649301954014057880e-01 5.139748037577924755e-01 4.231123150134660227e-01 5.482992560445890673e-01 4.423052717605044926e-01 4.614560040710330435e-01 4.906902051543161614e-01 4.428548442982758182e-01 5.126697469325264267e-01 5.106131349986181567e-01 5.439745398541859789e-01 4.787833126708606057e-01 4.633596342804855439e-01 5.027215216347700188e-01 4.652058073672967198e-01 4.796416958885960646e-01 4.683656359171528005e-01 4.471567541679475899e-01 4.981130503976656243e-01 4.474263300040070002e-01 4.650483270177778183e-01 4.715963889925289254e-01 4.911867622498882202e-01 4.622246140936802639e-01 4.799206675871289796e-01 4.620511038333353082e-01 4.660087549964381792e-01 4.500537263470283933e-01 5.374317167845716892e-01 4.831751665694837827e-01 4.644216514631023252e-01 4.847619853797143219e-01 5.436426096580748712e-01 4.299694723912865224e-01 4.402006555110495323e-01 4.502651617249938676e-01 4.656112815414963357e-01 5.184644885153827376e-01 4.155460547419975170e-01 4.279631995023880919e-01 4.427969600909766323e-01 4.842948686532260738e-01 5.243762512945004950e-01 4.796714779254061534e-01 5.293989946497570376e-01 4.580821491629536446e-01 5.049431590804864811e-01 4.559349098646413578e-01 5.133854269299059636e-01 4.607406372690692753e-01 4.171912133164956682e-01 5.094296549392978157e-01 4.410788554569110009e-01 4.988854472376127447e-01 4.957350999671618075e-01 4.666756334535762663e-01 5.257477624925340765e-01 4.484553477787242559e-01
5.390850469121908350e-01 5.487147239997832715e-01 5.411990590241193555e-01 4.729411931632891974e-01 5.187686297364205723e-01 5.272077656316822569e-01 4.553586872442177969e-01 5.002173249793941956e-01 4.266691899336060301e-01 5.198429469571845818e-01 4.731085534045605390e-01 4.389727871196192344e-01 4.926443167703311032e-01 4.442932084814242288e-01 4.409489647762917519e-01 4.538304644490495643e-01 4.670952014214862502e-01 4.882538864872342232e-01 4.479082808042792463e-01 5.271509918444935439e-01 4.519988976575382011e-01 4.931309085572190831e-01 5.146607017183618682e-01 4.333542606666078711e-01 4.818871361859122238e-01 4.405244995709713396e-01 5.407469187329677629e-01 4.775130774813677315e-01 4.497200023953540904e-01 5.201413367714962099e-01 5.453594330381668076e-01 5.182098321700389087e-01 4.260443935514252600e-01 5.650359065625564225e-01 4.626886558106316771e-01 5.072099536106970952e-01 4.685382920081819780e-01 4.258834111077117179e-01 4.634266865717740491e-01 4.875905955412224158e-01 4.866712246343404269e-01 4.549757346676441827e-01 4.519547371039124850e-01 5.106290794925126830e-01 4.754031084375339167e-01 5.246844355836330909e-01 4.405637628871866274e-01 5.078874807119718726e-01 5.105639348460293547e-01 4.796846890774901784e-01 4.722744855400142217e-01 4.762368346343539005e-01 4.426320199960999680e-01 5.059591650092933879e-01 4.997772000032845718e-01 4.608708126727937837e-01 5.323979261728311041e-01 4.788104183104812672e-01 4.473679902397393882e-01 5.352403738772547603e-01 5.247557302491899778e-01 4.279753856512931720e-01 5.178810339280855990e-01 4.473469492022607574e-01 4.729096458432264782e-01 4.447312265065549997e-01 4.602060981112556792e-01 5.130364133474791810e-01 4.234931606390607284e-01 4.905162962816238537e-01 4.596693381132210265e-01 4.618723546678535907e-01 4.497965644383582484e-01 5.183561229015211103e-01 4.173953028383454722e-01 5.004127589188441805e-01 4.474888836702324291e-01 4.403950644473205167e-01 5.028389983879999470e-01 4.539947496807841265e-01 5.260690440445086047e-01 5.216233205343704382e-01 4.897554591997502205e-01 4.453089012148153669e-01 5.274464774831315594e-01 5.120226282588933309e-01 4.763653871163784359e-01 5.043296377332738833e-01 4.604949212292305805e-01 5.057545060412330651e-01 4.633095230139598897e-01 5.176197720066997299e-01 4.971759697136365341e-01 4.464086442088790463e-01 4.506055197250207200e-01 4.487561292671201074e-01 4.481649871559809650e-01 4.686433263617120759e-01 4.804512775660900736e-01 5.315494513191587611e-01
5.183738326786682116e-01 5.235114333345862736e-01 5.254920241993903396e-01 4.375498549287758498e-01 4.777686164683378478e-01 4.636045530956294791e-01 5.081837066306834627e-01 4.874686201629293558e-01 4.651401217469133820e-01 5.350807011598254226e-01 4.758072728854493283e-01 5.312596031980048039e-01 4.639816403762347941e-01 4.631745073174459715e-01 4.120351626033568193e-01 4.807909522306642591e-01 4.390145275268502179e-01 4.927264309138878473e-01 4.880591358832369053e-01 4.652321442545331864e-01 5.329898085640439875e-01 4.624289598663247625e-01 4.610509285091807796e-01 5.397811379599285475e-01 4.407607058590943816e-01 4.971519390835526520e-01 4.628250666503613830e-01 4.526890664646864848e-01 5.497393285663690898e-01 4.454037424811772006e-01 4.325919145522763576e-01 5.505874048076940808e-01 5.277610395698218992e-01 4.404273235751464122e-01 4.394156169652288502e-01 4.726267449658408948e-01 4.672659783400207045e-01 4.396832566841725187e-01 5.355388206361875181e-01 4.347875567784826867e-01 4.280984429773861955e-01 4.819578614052585919e-01 4.910731577308897755e-01 5.572110322945810212e-01 5.164610628575369011e-01 4.832588182178089165e-01 4.221571259399424791e-01 4.422291083298476866e-01 5.439940149145857662e-01 5.312028294108162019e-01 5.252426067591832171e-01 4.621331610322709782e-01 4.541648717361764787e-01 4.609923040218079082e-01 4.257013591542089803e-01 4.766245705590958504e-01 4.601446548651407231e-01 5.267537461680359412e-01 5.596758802168099178e-01 4.759421462204106446e-01 4.498348312237051005e-01 5.334641003127847947e-01 5.229020120000894556e-01 4.473267053894768308e-01 4.622308210573748966e-01 4.611276898583586692e-01 5.111666367152420953e-01 5.110487044050436856e-01 4.877629099645252597e-01 4.773368623515228393e-01 4.447937517004699193e-01 5.415944255280822350e-01 4.731069589551710752e-01 4.598659109450919935e-01 5.122184608106905568e-01 5.538149120396702596e-01 4.777250538332332153e-01 4.289415650366797395e-01 5.207457469793405069e-01 4.405227342877187646e-01 4.885493721258722388e-01 4.595330696350439781e-01 4.834608577333008306e-01 5.236194572807215675e-01 4.388106373111741454e-01 4.696465482230928745e-01 5.484403648155554700e-01 4.748191413486472778e-01 4.958695462174652069e-01 4.262887429203587319e-01 5.031519090806797490e-01 5.270086872364849739e-01 4.440088270438913298e-01 4.714826136396673695e-01 4.209548541556749623e-01 5.446107251605771804e-01 5.270015122142324149e-01 4.344923558629499305e-01 5.361149293673689309e-01 4.506535809851884289e-01
5.053854479521960874e-01 4.928264256684548594e-01 5.142410768058308657e-01 5.231044501279287218e-01 4.608785001966357875e-01 4.499348544505826775e-01 4.244511399990158473e-01 4.481380523502234148e-01 4.844430955018240170e-01 4.554930196052791036e-01 4.448916110317475137e-01 4.611502968729162544e-01 4.847803215476930161e-01 4.174715232136233523e-01 5.430732203921775358e-01 4.747902419534634766e-01 4.457841325498035356e-01 4.286570697099047478e-01 5.311589820526062544e-01 4.415325617251415480e-01 4.875290384058653670e-01 4.469327625010401928e-01 5.239292929638647012e-01 5.093457185678673671e-01 4.757104670296611881e-01 4.458438105126658613e-01 4.301935494751255029e-01 5.306158442570138023e-01 4.625141490194183413e-01 5.355218511391139913e-01 5.280324376337549586e-01 5.202170161728741915e-01 5.125199825791600938e-01 5.303068057985654837e-01 4.445342265900261713e-01 5.236108586429427669e-01 5.012067377701699966e-01 4.663019628502341196e-01 4.249605096343245236e-01 4.341561832925703857e-01 5.010434205969932497e-01 4.863337138653661684e-01 5.197391369130071048e-01 4.571579094909717367e-01 5.185555429644446157e-01 4.619361895880526592e-01 5.383032542097700990e-01 5.131840138052455869e-01 4.402302951863070191e-01 4.347362496749149763e-01 5.256006175917361523e-01 4.776512536043500123e-01 5.172213874378210896e-01 4.790349509512886739e-01 5.039482796060897885e-01 5.111680603307683368e-01 4.893720510662081802e-01 4.382497327938135179e-01 4.778652514902628212e-01 5.171535094495272045e-01 4.341193116504393212e-01 5.283965984853814524e-01 5.206421077690260857e-01 4.278808006357260330e-01 4.275432898667517745e-01 5.281314643297640998e-01 4.749317493367772869e-01 4.777646303448642162e-01 4.778780070853784756e-01 4.573264655692851899e-01 5.034403335863073536e-01 4.712744810497228598e-01 4.963883117152474989e-01 4.479186447253106773e-01 5.147661631565498830e-01 4.273432718853071854e-01 4.522372678412611702e-01 4.666063318497561951e-01 4.728784971355111111e-01 4.906443077897483795e-01 4.580045336444599768e-01 4.271592553423781968e-01 5.385079701224514404e-01 4.967516183975582145e-01 4.602936789384334260e-01 4.484217504523037023e-01 5.338114625012009284e-01 4.841596251782279703e-01 5.150491209785564850e-01 5.256968540013137181e-01 4.459062218173386327e-01 4.615486814417948946e-01 4.842218656490376305e-01 4.378918358505026753e-01 4.729651953210625148e-01 4.594280068092033154e-01 5.033589597228242951e-01 4.593488537859412579e-01 4.501938101148159066e-01 4.094672449170241313e-01
5.022587326994816248e-01 5.292192204810963752e-01 5.485803346941009462e-01 4.910764035742897216e-01 4.621590708348495835e-01 4.786284802462206778e-01 4.371360098952816187e-01 4.884369064992948317e-01 5.413839582086746871e-01 4.418178258043007345e-01 4.909877977439330854e-01 4.383501831053489561e-01 4.981006364702763034e-01 4.479954914914201503e-01 4.280155316091346918e-01 4.281458209021012928e-01 4.321292679785406765e-01 4.386092241865137686e-01 4.708997284985806941e-01 5.279742971756610226e-01 4.529708284496509751e-01 5.101734655794769591e-01 4.405600330145076904e-01 4.480273520068986381e-01 4.670301706642450146e-01 4.447057722609448205e-01 4.951116702558862603e-01 5.420468505423391425e-01 4.448720220821056892e-01 5.284552514450648886e-01 5.224073340770121199e-01 4.626322806357903716e-01 4.140744064278442660e-01 4.684613882974514310e-01 5.296388453936273777e-01 4.236893918032053619e-01 4.833180406237028159e-01 5.107462145780162777e-01 4.733218679550207364e-01 4.549044969467083144e-01 5.327004729444795306e-01 4.744174255194371082e-01 4.752484753190676092e-01 4.758201993144280939e-01 5.103953218230948830e-01 4.584504384996063719e-01 4.791820389074655795e-01 5.270190511575164605e-01 4.473579679864342906e-01 4.074173239760894294e-01 4.558189136715587453e-01 5.444526468925372509e-01 4.653229709251108792e-01 4.785875940083054170e-01 4.725446877669052248e-01 5.153807095069413702e-01 4.381204969763363710e-01 4.608481202413046707e-01 4.725821003829362987e-01 4.528986796147783100e-01 5.270292442446846692e-01 4.956041842833636135e-01 4.913122112500654115e-01 4.740000783917481253e-01 4.460358847194736964e-01 4.933947329865522313e-01 4.586438793773194855e-01 4.854926987570515329e-01 4.930969126184511220e-01 4.243901523098693174e-01 5.283709164612870879e-01 5.360660708825064624e-01 5.277550034399903778e-01 4.735403929383071864e-01 5.188305854841249731e-01 5.297394095944049086e-01 4.277847350600115783e-01 4.082065479515574191e-01 4.397141491410931358e-01 4.199787379339148252e-01 4.680868635247935061e-01 5.194016830886538649e-01 4.590177208145247989e-01 4.866266369960568494e-01 4.614436755605753060e-01 5.211560899186400420e-01 5.235230500372808349e-01 4.717643186800107857e-01 4.603009963222385870e-01 5.388379072568257877e-01 4.462755076848598512e-01 5.108345356852677099e-01 5.396264194245307122e-01 4.841632126893542498e-01 4.623595728455731080e-01 4.487655251295936676e-01 4.403778386994523508e-01 4.441002801053006155e-01 4.436195820866914996e-01 4.536964452834040817e-01
4.197873755348701108e-01 5.054488842600478593e-01 4.423600524859563898e-01 4.214785168908676827e-01 5.021648310193671527e-01 4.600671817081997128e-01 4.496134590093660566e-01 4.805889127151723450e-01 4.900046488614730467e-01 4.620471177098616766e-01 4.891743962865371942e-01 4.534186978942237323e-01 5.248442791349255954e-01 5.109882861621076744e-01 5.243995416445107471e-01 4.385856491133983126e-01 4.437177830856953720e-01 5.460203323100943917e-01 4.790665552159724672e-01 5.307581488650223722e-01 4.398403668936545774e-01 4.379195963532654390e-01 4.983932179332406509e-01 4.552999488676028328e-01 5.260057216258989810e-01 4.398027264991392626e-01 4.354768714163151921e-01 4.773549707410172926e-01 5.317183490651984368e-01 4.561207771077545603e-01 4.246655934418970824e-01 4.846763406696523724e-01 4.381273872754836152e-01 4.590798473960923665e-01 4.880545803135528105e-01 4.539779794898843313e-01 4.739196156422019190e-01 5.165024615970416066e-01 5.001775206892790093e-01 5.253203931115399961e-01 4.569143573467330244e-01 4.359533840052770004e-01 5.210382714976837804e-01 4.656929686003952185e-01 4.936268962065805677e-01 5.011708626589073123e-01 4.742824667675442085e-01 4.963715130520371943e-01 4.412280503640668150e-01 4.634896957949679042e-01 4.265325228430816296e-01 4.642297480901576567e-01 4.621597541703021950e-01 4.409836440505123245e-01 4.315525613288381801e-01 4.476335230077040928e-01 5.085718411677728756e-01 4.609626358742399121e-01 4.574747493625041517e-01 5.066780908500728708e-01 4.358191655334578418e-01 4.388800528042363092e-01 4.880495691869002339e-01 4.530525439808603672e-01 4.927518851594980265e-01 5.166262022585872415e-01 4.511972312823703812e-01 5.261466595630022169e-01 4.480837841263610177e-01 5.159979891991433032e-01 4.844645066793395460e-01 4.458162208437662088e-01 4.861934023190944698e-01 5.172272527337893333e-01 5.039688935589105023e-01 4.812381952844054234e-01 5.439391772445127948e-01 4.494147222818951626e-01 5.257414416395973511e-01 4.786698789857253278e-01 4.392262761002315163e-01 4.863092846229349342e-01 4.213809138103848384e-01 5.329970974755385837e-01 4.919405951433724611e-01 4.982698758840423681e-01 4.760857890270138726e-01 5.083567043894390292e-01 4.580206204999071051e-01 4.317604946126089582e-01 4.884279092491686236e-01 4.223285861939295449e-01 4.847708117959773633e-01 4.364476917883174933e-01 4.679253685794904638e-01 4.196238875278303082e-01 4.198386826384378212e-01 5.158402525988297072e-01 5.262577015740533826e-01 4.694427434243483299e-01
4.368718722705326463e-01 4.960105980438105910e-01 5.559454380917038252e-01 4.579604869800763534e-01 4.218195582263471466e-01 4.956161426537845083e-01 4.603199019364278000e-01 5.273009270317230435e-01 5.184958080569612715e-01 4.581473222817474267e-01 5.120299741150089456e-01 4.750126961156024841e-01 5.453022606386307425e-01 4.945212114801997294e-01 5.409511221440596040e-01 5.270580012783159241e-01 4.642505898214626114e-01 5.446229113094822605e-01 5.167143525319755071e-01 5.302227555378929980e-01 5.110540571994225401e-01 4.284862358467492194e-01 4.408675339681876193e-01 5.370334461049350860e-01 4.642302890640576107e-01 5.159118319874919090e-01 5.055909041449511143e-01 4.365404545760109278e-01 4.658189870467829286e-01 4.312916126028681352e-01 4.710791894718255879e-01 4.962204959170076757e-01 4.878612533250817895e-01 5.198061607319851563e-01 5.277915618867057290e-01 5.155010334912238923e-01 5.017389421985204434e-01 4.597542425432093460e-01 4.151976390780918180e-01 4.326816877473645961e-01 4.500451846538706113e-01 5.048724908057611316e-01 5.054143758196903979e-01 4.919563688034038207e-01 5.035934576723157807e-01 5.143670952522185758e-01 5.231078098605708160e-01 4.060891761069868600e-01 5.118128442749383389e-01 4.539858947922105759e-01 5.209315572778325798e-01 4.539159383252483471e-01 5.194110789511274806e-01 4.343056344505209498e-01 4.947694900279857588e-01 5.169473699213196216e-01 4.806659018428344199e-01 4.649864566870050009e-01 4.668231769667215980e-01 5.026517644739814106e-01 4.214652487941625836e-01 4.823567015311056583e-01 4.708199490844870994e-01 4.949743767745302669e-01 5.190908793469529714e-01 4.571692984151821126e-01 4.775980103836665602e-01 4.594878556059288077e-01 4.781189967216698533e-01 4.647493392849451621e-01 5.121547967243545996e-01 4.361727346855686638e-01 5.050500441342007374e-01 5.048509657390035654e-01 4.173203067724202131e-01 4.344256167670771940e-01 4.764594026857350006e-01 4.942593231679823229e-01 4.383984151993798317e-01 5.427912306287288047e-01 5.116972466942031339e-01 4.302006675527569879e-01 4.471379909153110344e-01 4.947549122049965109e-01 4.461646934522929819e-01 5.146673072944039085e-01 4.649180946694322913e-01 5.185562832445183012e-01 5.245928116883606940e-01 4.272197020576247173e-01 5.213746433742370012e-01 4.731278861034076133e-01 4.716312960452336833e-01 5.368192204405380918e-01 5.337350997643705020e-01 4.466771096248279282e-01 4.657711250927888402e-01 4.326945572317222877e-01 4.760742862135614040e-01 5.407604715527780659e-01
4.788874074381433421e-01 4.331113633855112610e-01 5.232094560091483659e-01 5.387759515091213869e-01 5.296541065520692371e-01 4.903794583572362864e-01 4.304037320714278470e-01 4.483350807390628079e-01 4.638022648199214837e-01 5.330674810271587294e-01 4.216701355407071472e-01 4.584674934136114266e-01 5.091802374990906932e-01 4.850397042965841621e-01 5.057646991284013849e-01 4.816508160085470891e-01 5.032149467761841688e-01 5.089992674933879746e-01 5.078351486052251618e-01 5.093351268683516953e-01 4.859880600155815356e-01 4.719508123139555811e-01 4.388145095454056288e-01 5.112166340925256014e-01 4.782462110050996751e-01 4.454043403996982842e-01 4.656118509877068545e-01 4.253895019370185770e-01 4.595222216847336116e-01 5.066893658850410986e-01 5.143701133171343365e-01 4.361556512992531554e-01 4.528034682083796336e-01 5.236158128249742694e-01 4.446802610707135672e-01 4.385542726271987601e-01 5.009758842764258091e-01 5.254727769174747376e-01 5.306244998394137324e-01 4.435691006801290581e-01 4.938251773770830910e-01 4.552233298799775452e-01 4.351151591833939403e-01 4.210116848874846940e-01 5.423493403693665504e-01 4.678160064347604008e-01 4.548821461829454793e-01 4.311486816040279724e-01 5.395294427348793498e-01 5.080195352881911042e-01 4.474024986800967940e-01 5.288454929331330989e-01 4.328481938193201595e-01 4.321134943185093169e-01 4.368694521241379691e-01 4.799450968295602693e-01 4.785542244603690487e-01 4.676814462952149087e-01 4.445138404156895873e-01 4.716099987569603025e-01 4.625825110369910509e-01 4.324209383275682272e-01 4.736104063498903782e-01 4.733985154149565333e-01 4.677116554166829143e-01 5.417705552409955994e-01 5.105168416444194612e-01 5.196766117190921852e-01 4.344589293703924882e-01 4.251052913333488448e-01 4.468537803116413021e-01 4.626274972876220359e-01 4.809097956547994657e-01 5.221476666050157700e-01 4.781982636341740034e-01 4.830112799500965726e-01 4.447640835529019232e-01 5.080772201893165585e-01 4.323090421472013389e-01 5.347973447254714685e-01 5.365488473797839220e-01 4.422587480051051734e-01 5.336519606176347574e-01 4.937985842390518743e-01 4.855326169364088673e-01 5.135558621807141400e-01 5.479120326214365067e-01 4.342565766594848053e-01 4.260873013233878459e-01 4.340485294864718790e-01 4.783266168100248628e-01 4.416566155821030071e-01 4.655602022164128106e-01 4.367318169750556422e-01 5.222894587114348397e-01 4.245126401897518220e-01 4.497802782767374441e-01 5.095998624116216957e-01 4.116558544825305588e-01 5.224539147770325132e-01
4.458012728807401182e-01 4.528521558593789353e-01 5.408124050471773137e-01 4.191183616544426060e-01 5.338670973959686039e-01 4.421786838679062637e-01 4.815458101273274449e-01 4.746488484593917589e-01 4.643156775233248656e-01 5.226385861831036594e-01 5.327078188005952564e-01 5.271251959311570312e-01 4.910338089977429599e-01 5.176307053739416242e-01 4.646071770384892496e-01 4.996206022953920134e-01 4.763369148058524960e-01 5.366465074048878403e-01 5.056386806820136748e-01 4.805768404555093576e-01 4.821761301377502917e-01 4.639322693897828254e-01 4.404064533715308927e-01 5.345228716520016299e-01 4.534037784035080954e-01 4.297718176116155364e-01 4.994660545938573448e-01 5.360795098130747283e-01 5.012204044792224478e-01 4.316173358352846656e-01 4.363674283449449076e-01 4.725955393135045091e-01 5.192410992572876749e-01 4.673119326492095604e-01 4.770849393479894562e-01 4.271823748585252267e-01 4.628747508322291204e-01 4.435093942449561677e-01 4.717673936895476205e-01 5.307532516276118884e-01 4.316306608766107833e-01 4.561448362101489518e-01 5.205723506082375884e-01 4.600282031150897399e-01 5.218820768924299358e-01 4.789504451336477620e-01 4.710033677088950599e-01 4.355632564064508272e-01 5.080697034993377770e-01 5.299441824517073796e-01 5.066988186921357329e-01 4.958624850844547960e-01 5.054878343808473229e-01 4.518651347426874132e-01 4.321529284685877159e-01 4.316730846192943782e-01 5.237059561600992952e-01 4.435982847984181188e-01 4.525858258667194711e-01 5.293876626701676802e-01 5.036841704536513253e-01 4.928079756112340726e-01 5.242892399135333781e-01 4.299685043327285960e-01 4.954179753725241331e-01 4.623285095547893242e-01 4.619792397215678470e-01 4.535181232025802256e-01 4.744304373653474016e-01 4.608028207952579169e-01 5.119000834343897521e-01 4.968102144126205766e-01 4.491564784254250542e-01 5.334170071111749012e-01 5.047282500806368200e-01 4.599646529179958754e-01 4.658406260027826429e-01 5.176900416690777273e-01 4.432000995357130990e-01 4.754023112128391571e-01 4.747680335512532435e-01 5.180413330363464741e-01 4.948801903713105355e-01 4.733113901447472127e-01 4.863439638971555068e-01 4.685102183100033901e-01 4.729882294202780169e-01 5.402712603133217328e-01 5.246899592118751121e-01 4.644794217811594184e-01 4.680081091138788008e-01 5.183770215774471390e-01 4.677760313107820478e-01 4.887521519214378385e-01 4.836866431557714230e-01 5.303007127241129437e-01 4.735237081643389745e-01 4.584991830952267478e-01 4.572510708910125232e-01 4.956595913996470482e-01
5.140216122362970541e-01 4.783031556261514994e-01 4.357120811735698540e-01 4.813777665506034920e-01 5.121386813965969065e-01 5.068553025107861432e-01 4.535872539725371300e-01 5.441748710310463366e-01 4.721766546810471921e-01 5.407997633413038630e-01 5.071560270545609761e-01 4.628480153326452462e-01 5.098756452113757387e-01 4.405129113405872876e-01 5.026231213295924150e-01 4.483334293450522701e-01 4.425429586087749056e-01 4.577042931299641348e-01 4.822377442177283591e-01 4.821430453129191829e-01 4.675865196119214917e-01 4.804383511371113080e-01 4.594872861597182889e-01 4.953272056465674589e-01 4.354014767380425810e-01 5.398506103976117299e-01 4.707962885944400599e-01 4.565444166160697037e-01 5.208442042291391294e-01 5.481338888650545416e-01 4.238990049532971871e-01 5.038113277924600730e-01 4.795874846093546862e-01 4.555296349966154179e-01 4.651252876731293839e-01 4.946705202765976916e-01 4.982928245663262867e-01 4.180702389593624058e-01 5.161506577281832486e-01 4.179160044532435059e-01 4.934008260610047714e-01 5.203140498071464615e-01 4.817417565683668745e-01 4.613431113597977751e-01 4.643752700692556079e-01 4.429364459402431176e-01 4.586922823052135834e-01 5.397356961523291918e-01 5.033502471958033464e-01 4.475799381192943627e-01 4.914927826434207780e-01 5.186044014493070842e-01 5.304746785414262700e-01 4.541882475031182587e-01 4.734338210800086433e-01 4.659481374473284920e-01 4.472719246640249335e-01 4.278789499355418746e-01 4.744086560477950854e-01 4.335986669801623616e-01 5.407696965813884038e-01 4.408263630071671546e-01 4.719271233515980324e-01 4.402004846771863655e-01 4.773883402889536609e-01 4.584354620642697720e-01 4.344378883329138574e-01 4.461524788310773371e-01 4.639191436546303837e-01 4.420977655613915758e-01 4.913005945473708502e-01 4.936484782179592634e-01 4.609025308267196697e-01 4.972387226860356391e-01 5.301083537941998491e-01 4.985936629993431568e-01 4.969595232090184833e-01 5.024278012793845782e-01 4.558836597056947215e-01 5.606012303089022986e-01 4.424255103278554868e-01 4.473520742181554266e-01 5.095500928128223750e-01 4.839733593227674158e-01 4.307014100779762988e-01 4.526272246062241766e-01 4.871056551483449182e-01 5.129742298212905949e-01 4.629854511755538971e-01 4.708221129800870819e-01 4.678590850405861534e-01 4.580617629886170605e-01 4.118300480783281259e-01 4.770033377060222124e-01 4.454221355937769689e-01 4.807416381888333645e-01 5.077281496622687573e-01 4.887248754479540103e-01 4.721882144391206793e-01 4.552965891349607386e-01
4.916897540876390971e-01 4.327384045899322351e-01 4.605031497269725937e-01 4.332984264656665196e-01 4.634297615813108839e-01 5.079313280701817090e-01 4.959941410483266200e-01 5.164688642706209976e-01 5.372254633671219581e-01 4.716691926905436927e-01 5.548280707374245724e-01 5.294632281823035136e-01 5.349755244447427227e-01 4.793725756095050250e-01 5.223150837909081856e-01 4.335104028175320034e-01 4.368834889732272075e-01 4.414933838258578991e-01 5.160737255451423033e-01 4.615408515564002889e-01 5.122759748779529554e-01 5.447667534222592201e-01 4.542864200298116217e-01 5.242182869157027136e-01 5.359659052940762836e-01 5.269388731310754581e-01 4.899026610451692187e-01 4.529901896208086143e-01 4.904879378603400064e-01 4.169317736229835036e-01 4.671606307910747824e-01 4.553846539914174207e-01 5.543531525978522279e-01 4.451499972497702240e-01 4.296731325833327286e-01 4.682919495775116903e-01 5.493717510374793722e-01 4.925711429322794932e-01 4.323280616506326446e-01 5.271295237223569963e-01 5.530122776059446243e-01 4.510048723524572312e-01 5.318719287081753455e-01 5.103952648784738644e-01 4.966984321214957809e-01 4.955451896559539549e-01 4.868319792995697837e-01 4.671308202819541289e-01 4.580324649810859072e-01 4.491837264265983731e-01 5.096769084839049002e-01 4.538814014125804319e-01 4.350487048106264076e-01 4.420263000619715221e-01 4.816275826031579110e-01 4.484975437429236655e-01 4.694463878800956280e-01 5.553331695261544132e-01 4.636954651831387553e-01 5.263125961887472615e-01 4.329549080391713045e-01 4.712687865876176718e-01 4.871352663512918957e-01 4.456190500933742138e-01 5.390528162566754489e-01 4.475810770117154003e-01 5.051761764698305957e-01 5.352908837561277666e-01 5.020938210769155807e-01 5.123718696198042988e-01 5.010364733532249870e-01 4.894143609196496825e-01 4.558959027992208757e-01 4.589849776574200235e-01 4.426212574627211849e-01 4.452031835258326575e-01 4.503594335451451824e-01 4.196409424418353074e-01 5.090451079133346823e-01 4.372688901685060636e-01 4.600084148592742395e-01 4.465574689759980176e-01 5.259001462984688180e-01 4.479220044579527160e-01 4.507274381586927059e-01 4.731629924622861028e-01 4.405959081257703747e-01 4.513069066225162129e-01 5.145502860981423510e-01 4.768163315704879723e-01 5.294198363810620478e-01 5.222294960254671992e-01 5.300273215984430131e-01 4.597034764135415896e-01 5.368277621336958738e-01 4.645437976752585518e-01 4.766606734488427199e-01 4.597489182211410008e-01 4.435802048812341192e-01 4.830190813631806690e-01
5.131241080638990759e-01 4.352262581390660690e-01 4.369017681965848832e-01 5.476331178675246658e-01 5.344924632243599483e-01 4.384079534234060493e-01 4.963917283925105561e-01 5.109759291793394276e-01 5.169547727220563660e-01 4.964338674120889472e-01 4.924917051859121764e-01 4.531495776151326926e-01 5.194378998676428827e-01 5.309844467890824093e-01 4.506729136840355587e-01 5.304843591270050895e-01 4.093737133769464465e-01 4.874721507294345613e-01 5.448193702521111348e-01 4.285940889590214020e-01 5.221895209014888461e-01 4.365516441940476278e-01 5.363349633831132612e-01 5.192307353362562994e-01 4.328569632909621268e-01 5.229544579960782036e-01 5.049925300669384498e-01 4.535476774609061290e-01 4.488918852437076557e-01 5.391839027743368096e-01 4.651213584942768264e-01 4.425183015878594306e-01 4.584417829172064973e-01 4.651547280422131947e-01 4.448805353029529064e-01 4.574935695597617813e-01 4.822532331546544593e-01 5.041778803181707902e-01 4.815059488925911846e-01 4.707895691291559270e-01 4.813149566335833129e-01 4.624097410567197808e-01 4.623558145005836617e-01 5.106347739546178710e-01 4.359305207399246651e-01 5.189863290227018089e-01 5.569340536577848111e-01 4.740446660300317583e-01 4.579533973747554332e-01 5.431767457132496979e-01 5.459314987012535703e-01 4.407308668776632188e-01 5.096088027171268298e-01 4.727335730749341880e-01 4.317841266303454884e-01 4.687048550247586154e-01 4.508013807491285108e-01 4.782911972557306046e-01 5.020553834577055063e-01 4.612013477256892147e-01 4.643706290826398742e-01 4.735893653124117475e-01 4.781115939209331089e-01 4.959775701636005563e-01 5.137228238096380739e-01 4.588350994148115980e-01 4.721720991113630417e-01 4.740692661063261593e-01 4.468942109925880812e-01 4.597679661968828158e-01 4.706747972454259354e-01 4.611518913223056626e-01 4.941050032449318397e-01 5.022860091729655085e-01 5.564529285545177784e-01 5.144908928583853402e-01 4.433060165308695399e-01 4.611608885724318707e-01 5.037234622421771224e-01 4.529606923071037294e-01 5.012554823657903169e-01 4.576164845243022028e-01 4.920551107763077026e-01 4.988069775498032987e-01 5.089717062967988870e-01 4.637346146101118949e-01 4.913088515174233173e-01 5.074618766142303672e-01 4.099122101859231648e-01 4.691393140110736160e-01 5.055559970922463009e-01 5.242013174186292979e-01 5.024033720369532885e-01 4.391707550947059890e-01 5.230755792050554298e-01 4.912823722686342487e-01 4.965452510908663353e-01 5.024501805154579781e-01 5.090496634830188327e-01 4.443325572145710445e-01
4.234992537135132684e-01 4.736982149555523658e-01 5.372860524439211360e-01 4.692108079828041789e-01 4.221283404340007706e-01 4.522329969946822792e-01 5.211140078436827805e-01 4.544858400927351827e-01 5.194348248581061034e-01 4.434351099867940849e-01 4.432994109548274997e-01 5.231940809614643584e-01 5.249511641886399627e-01 5.488880634262650604e-01 4.618448504158855217e-01 4.535153898607697243e-01 4.759409503833685329e-01 4.625625804196228930e-01 4.724430985629487489e-01 4.391656585511218291e-01 5.277640006901166414e-01 5.274780817478152972e-01 4.186738804148224524e-01 4.578232504433414340e-01 4.930970265076932146e-01 4.286117417915474848e-01 4.720684599010486759e-01 4.842966908810997784e-01 4.413413986322705096e-01 4.636161697983240404e-01 4.517826789314043356e-01 4.390258879787500845e-01 5.508045915923858171e-01 5.264526799565348858e-01 4.654365184994882498e-01 4.620455232604722129e-01 4.661869062433988686e-01 4.411702515736992125e-01 4.869258240350632372e-01 4.762119213626437308e-01 5.025532502795617695e-01 4.500791805926385725e-01 4.632916708752601309e-01 4.857576620788057742e-01 4.367712795974446061e-01 5.293923890737149973e-01 4.361652749402109008e-01 4.950803507143077820e-01 4.602122766026398026e-01 5.316914142594409975e-01 5.372065577529326896e-01 5.173516767307876352e-01 4.519916087460435494e-01 4.352335185782501559e-01 4.684342541855202602e-01 5.306988125698863801e-01 5.092166820565638963e-01 5.104020412883789604e-01 4.470877657595432875e-01 4.771266228105994212e-01 4.859374362474664366e-01 4.416607155948187313e-01 4.603539832921272890e-01 4.462303506003657549e-01 4.794611244952406426e-01 4.622456836034694039e-01 4.931647906067448961e-01 4.481758635786018408e-01 5.345654662285483916e-01 4.354362699015052462e-01 4.718764995834829334e-01 5.267356947231625064e-01 4.748979811764935666e-01 4.610395395849704037e-01 4.556427554863348717e-01 5.247605135973583135e-01 4.616109503849151197e-01 4.575621308835082224e-01 5.045561634358181058e-01 5.277023866101384630e-01 4.594483929835398994e-01 4.676813039336623068e-01 4.613662878205658791e-01 4.277611599868961223e-01 4.885539846401774078e-01 4.718329654206888102e-01 4.361775180337370550e-01 4.464260977352314530e-01 5.388401850416678629e-01 4.439624171777341033e-01 4.683111968594272367e-01 5.387441764105744824e-01 4.996039175214238015e-01 4.386532993232079014e-01 4.266398634537643675e-01 4.569877589632688197e-01 4.576685888525646173e-01 4.641006261619226025e-01 4.091108000615500950e-01 4.324847732477672957e-01
5.191119488567421669e-01 4.492492127408079794e-01 4.368355131299910821e-01 4.583010158139663726e-01 4.861911245342523946e-01 4.294726021002986394e-01 4.644265487005128090e-01 5.106445114848177091e-01 5.319794970973422688e-01 5.323533954791686007e-01 4.873707323593412521e-01 4.518210596059932804e-01 4.398211480840495402e-01 5.186487613091064208e-01 4.971673141312366595e-01 4.316450109211158459e-01 4.659345561552076243e-01 4.708359505230026443e-01 4.439406073878712222e-01 5.411599380694567252e-01 4.750464358035756951e-01 4.570287021458050991e-01 4.697484790947756839e-01 5.070022196330998820e-01 4.987044772319100261e-01 5.067458549491244968e-01 4.529493603275144276e-01 4.593115550591523322e-01 4.717223504942956169e-01 4.429892905485792176e-01 5.271464932194304120e-01 4.603029324393543287e-01 4.635844231720876452e-01 4.458167902899767276e-01 4.590976710624816159e-01 5.038514168056805742e-01 4.284177884122449265e-01 4.540353511955940724e-01 5.324435957589147561e-01 4.356834665014912567e-01 4.481281439861604099e-01 5.253441959631397484e-01 5.089439173217256140e-01 5.282582800008466251e-01 5.080958410804005121e-01 4.491149942689887653e-01 4.830677120695589521e-01 4.494878961199467726e-01 4.683329497046690437e-01 5.105856876912712172e-01 4.522435032772663677e-01 4.798324603691196955e-01 4.558547033658898462e-01 4.474888836702324291e-01 4.358805518349517238e-01 4.179717532372532740e-01 4.301573896407575592e-01 5.254502268475382820e-01 4.185337966470349391e-01 5.168722030215311403e-01 4.371448363115446600e-01 5.279365428919037262e-01 5.588033747330535261e-01 5.278339856293893240e-01 4.361816749910738533e-01 4.960805260384622550e-01 4.345937742330432951e-01 4.558939666821050785e-01 4.835542469118258579e-01 4.743485225279643336e-01 4.464671263346992602e-01 5.169698061020140401e-01 5.374177653524140341e-01 4.100118632727638990e-01 4.669573669662302473e-01 5.341663983242170843e-01 5.066598116267152507e-01 4.439149538360873670e-01 4.614253109202861025e-01 4.469234805278087252e-01 5.186651044153482992e-01 4.474505599402645584e-01 4.379517415918492418e-01 4.982058701299800774e-01 5.463778306410578267e-01 4.774221084492374367e-01 5.132764349252126879e-01 5.476664874154609786e-01 5.174257616827760975e-01 5.096123332836320907e-01 4.596426026136372078e-01 4.545901056938810858e-01 4.519101209933183427e-01 5.071971410709603667e-01 4.738643224151605771e-01 4.706268498745003193e-01 4.527780993797010378e-01 4.721118517022901973e-01 4.460785931852625508e-01 4.164458082269271166e-01
4.256576256852411810e-01 5.102580852863599636e-01 4.533312879009091523e-01 4.609573400244820762e-01 4.348990828188127322e-01 5.250638575937015551e-01 4.850090680904582952e-01 4.241327626227149872e-01 4.662363626467823652e-01 5.176352039990047560e-01 4.799975997701700359e-01 4.979943778073935845e-01 4.671937725605269653e-01 5.167594526718485293e-01 4.734616669997029903e-01 4.301118908885371295e-01 5.333124567869237387e-01 4.020950234417897673e-01 4.773400227779912020e-01 4.712238003369867423e-01 5.137565919699218497e-01 5.094129701653296038e-01 4.650527686982198761e-01 5.179042103888537030e-01 5.188482952612720744e-01 5.399711052157574187e-01 4.749545841298191129e-01 4.921552763647378814e-01 4.563649556428248655e-01 4.823831238352737083e-01 4.459571587808695003e-01 4.901581146152077517e-01 5.251905024309208025e-01 4.848783232405232679e-01 4.670672700848603198e-01 4.801947420482515216e-01 5.009024257152688842e-01 5.123390695180783938e-01 4.393805390786609255e-01 5.255708355549260080e-01 4.415413027244730060e-01 4.769812716653645812e-01 5.182680295727538633e-01 4.652624957375537940e-01 4.547077248086636714e-01 4.498947939096726856e-01 4.911618205058674858e-01 4.264038849441255108e-01 5.262625988114637554e-01 5.461435604700506374e-01 4.935869210826022146e-01 4.535692025276636952e-01 4.609737685476555380e-01 4.636562872838551064e-01 4.636365275003501152e-01 4.947640233443648117e-01 4.693481299364706816e-01 4.764986090573292143e-01 4.654624852466878737e-01 4.723416232482343657e-01 4.794997898929348468e-01 5.462890539768380238e-01 5.309879773555875593e-01 4.618152107406280349e-01 4.276356540420978569e-01 4.460767140127678831e-01 5.167881527608586545e-01 4.921112012280437487e-01 4.756618363232829605e-01 5.124253975635929548e-01 4.816909050217675348e-01 5.077380580263317622e-01 5.148034618833389198e-01 5.335016268180579058e-01 4.606299653980550635e-01 4.900398975819041381e-01 4.400561585351305260e-01 4.627661574398832522e-01 4.400768579048828233e-01 4.424859000984809332e-01 5.159816460929014248e-01 5.052860795884606127e-01 4.951802315796327014e-01 4.504448789490334559e-01 4.866965080460874393e-01 4.849412470467855396e-01 5.446135723916297744e-01 4.324323557240891125e-01 4.716802114747172259e-01 4.500432485367548141e-01 4.378598899180926041e-01 4.529963396398822284e-01 4.336685949748140256e-01 5.133335503801277344e-01 4.558195970070114122e-01 5.272143142631031676e-01 5.272457476939238497e-01 5.186742155547166000e-01 5.341874678340062799e-01 5.419937781555188572e-01
4.718690398381251150e-01 4.789136019638272068e-01 4.600005565015690689e-01 4.593595309023885132e-01 4.871417580380917878e-01 4.382923273703602796e-01 4.391471230769694589e-01 4.304270224214380436e-01 4.981304754517074662e-01 5.065684724545480577e-01 4.524235906413427988e-01 4.636259073285239340e-01 4.463297759087222483e-01 4.381395734243886952e-01 5.146212960405940340e-01 5.264468146605665311e-01 4.980978461838447835e-01 4.544614108503039485e-01 4.869312907186841843e-01 5.105351778123982109e-01 4.099531533684594442e-01 4.680007917300736398e-01 4.550356119366801844e-01 5.050888803657581638e-01 4.195737762613047095e-01 4.324272591805049526e-01 4.692789706942032679e-01 3.959455168697804672e-01 4.621702889251967927e-01 4.919823924952245187e-01 5.168105889415530729e-01 4.585135331397318104e-01 4.593997338048511070e-01 5.297896916947937296e-01 5.394751175663958787e-01 5.006515277149145016e-01 4.551597512105731713e-01 4.082998801854613724e-01 4.589057392172263827e-01 4.458985912381177030e-01 4.438836342945088886e-01 4.751980793294367511e-01 5.169991895264767212e-01 5.198018898854062098e-01 4.867656957606654178e-01 5.037249997469455121e-01 4.328333028009150873e-01 5.258305030269224689e-01 4.858385234406993880e-01 4.953258389756622360e-01 5.413324233266227914e-01 4.725229918662844919e-01 5.257699139501232910e-01 4.695773605085148961e-01 4.822054566175920098e-01 4.753610548348871090e-01 4.855092696417776521e-01 4.624878406044923840e-01 4.583022685956295028e-01 5.269917746840325767e-01 5.549450349890651113e-01 4.535000148130857167e-01 5.544097555511777742e-01 4.690665672576798673e-01 4.347015988730049130e-01 4.882444906247606631e-01 5.072871705168433554e-01 4.516255402496117677e-01 4.347938206867983935e-01 4.461452183918932501e-01 4.386819994122180266e-01 5.096935932578730011e-01 4.406430582720012867e-01 5.374509640664871801e-01 5.217245680706005251e-01 4.661211067337734382e-01 5.160900117067630521e-01 4.667678267950591819e-01 5.244893433119094395e-01 4.538127546719024630e-01 5.208006415940344969e-01 5.471029634455319979e-01 5.068645275393965921e-01 4.602590850811444367e-01 4.284633441090863748e-01 4.836983168030870028e-01 4.551010697785792813e-01 4.504564387071069986e-01 4.337866411742544726e-01 4.574575520869464951e-01 4.333437259117132734e-01 4.533807158319821395e-01 4.849997291726057536e-01 4.832120097393042824e-01 5.145971515212680591e-01 5.078931751740770606e-01 4.405496121488552408e-01 4.486079024185221642e-01 4.304120744584118974e-01 4.494533876795893668e-01
4.456935621300205375e-01 4.291651580912397845e-01 5.043598183824313796e-01 4.311341322533492337e-01 4.377735618725780431e-01 4.571920193189817905e-01 4.319482410282168838e-01 4.480709715866243448e-01 4.389546502578142162e-01 4.569494921779219676e-01 4.306105264627775875e-01 5.535464750960319424e-01 4.577283807046690356e-01 4.891647157009584301e-01 4.535051967736014600e-01 5.354802815657462300e-01 5.059217523932623140e-01 4.651422856425133645e-01 4.991497841685353931e-01 4.672484393967367144e-01 4.278778395154313463e-01 4.356389358078287533e-01 5.097710948871245762e-01 5.648813019164006244e-01 5.274617955861944374e-01 4.808472135162634720e-01 4.808877580864523993e-01 4.624617599680506119e-01 4.465678044247189393e-01 4.420457751223712539e-01 4.956491705339945986e-01 4.555795754292779054e-01 5.066596977374731026e-01 5.175465981686481198e-01 4.362209383072890856e-01 5.017292046683206053e-01 5.070830809949935514e-01 4.605686075688716907e-01 5.326301463374805145e-01 4.549994236300017314e-01 4.618121072587807463e-01 5.299536922034230324e-01 4.658194995483723733e-01 4.200539333060138159e-01 4.692199191221724797e-01 4.739466073925804879e-01 5.144506899559226909e-01 4.356894456867017040e-01 4.536502347234204757e-01 5.474605756657375810e-01 4.637660480409325214e-01 4.806959686027498235e-01 4.951733982251064758e-01 4.421639067387432842e-01 4.575336585729822825e-01 5.227116461319131213e-01 5.037753387919553516e-01 5.386870040110384172e-01 4.676904435453411168e-01 4.950092838272350804e-01 4.499059835277093855e-01 4.821017604626565700e-01 4.489422812333385693e-01 4.779716809870087069e-01 4.298809519778614141e-01 5.108096508858680496e-01 5.275802403979823474e-01 4.143530934032719770e-01 4.576765326272013712e-01 4.839358897621153233e-01 4.691571092051523006e-01 4.939919681721439138e-01 5.086989415619606048e-01 4.780713340738494410e-01 5.043032723737269629e-01 4.574499784523466395e-01 5.159533446162386516e-01 5.431416108820606992e-01 4.690920784479111205e-01 4.821481703288138521e-01 5.125237978687705587e-01 4.757975922998705087e-01 5.573557855212947221e-01 4.446131233624934787e-01 4.922406363516945715e-01 4.520420047356744075e-01 5.308001739953586151e-01 4.596998604301048008e-01 4.654286601417830793e-01 4.796370264296697661e-01 5.528818174791148010e-01 5.067359465850614919e-01 4.543915967448943771e-01 5.367539619048127264e-01 5.505359268702632036e-01 5.195907392305459949e-01 4.680899670066408502e-01 4.541841474904025344e-01 4.571334233039194284e-01 4.162727535235505871e-01
