4.669526199209704242e-01 4.214274466498829086e-01 4.403029160975137080e-01 4.130329667573291452e-01 4.138007721511187120e-01 4.238885113836086682e-01 4.272571928695312327e-01 4.099370955322227394e-01 4.239144871223196054e-01 4.177922473243333990e-01 4.121640145931835253e-01 4.105892191827440474e-01 4.228286544410688186e-01 4.220089495733381768e-01 4.245185855582271350e-01 4.296990943205442615e-01 4.146453346827209119e-01 4.159131275436506181e-01 4.142893968576815689e-01 4.170755093487903409e-01 4.061029828922199658e-01 4.161925422465414526e-01 4.547838573931925477e-01 4.006905126033358244e-01 4.066272819866821320e-01 4.116877147115946545e-01 4.148868908515144782e-01 4.095228878068317702e-01 4.176891504234435670e-01 4.173673268818764992e-01 4.032426874356033197e-01 4.259981365933931396e-01 4.223895890518063467e-01 4.150142733779859094e-01 4.024956054289534624e-01 4.068720103678107880e-01 4.402508606131300128e-01 5.031548431514653030e-01 4.132015100389351270e-01 4.137416701950726861e-01 4.098927105612721888e-01 4.074618338482104973e-01 4.106706046303569280e-01 4.055581424228011378e-01 3.995514283576405701e-01 4.025169008543831861e-01 4.032528021126389195e-01 4.019859973178463441e-01 4.034925901630818101e-01 3.955481483942609455e-01 4.076606431557019961e-01 4.012889686615654372e-01 3.937620108374323968e-01 4.006079310756621714e-01 4.134726561883624307e-01 4.030749762096917377e-01 4.052242800754050633e-01 4.067025830270294406e-01 4.919510572153200645e-01 4.160180705681125191e-01 4.057533894918508022e-01 4.183466824359787783e-01 4.057418447190903610e-01 4.216868140108857022e-01 4.087223462218138592e-01 4.148275028763234729e-01 4.211777519363280597e-01 4.180323993991426068e-01 4.263947931439793781e-01 4.016505488642826971e-01 4.233033942182305998e-01 4.224366001985425112e-01 3.922425991341543794e-01 4.033330174819315106e-01 4.293615137242636215e-01 4.366070807132315101e-01 4.292388635145543696e-01 4.209540069597436651e-01 3.879882463649759750e-01 3.878837193683613016e-01 3.854644394315410172e-01 3.914350890826954754e-01 3.768070039378021430e-01 4.143560393184585466e-01 4.086345903477903718e-01 4.159031428753173221e-01 3.828942453931407086e-01 3.720308222395043996e-01 3.697169533584740986e-01 3.853148774204644966e-01 3.886784105617777096e-01 3.776506564084884943e-01 4.270714364357463544e-01 3.993710802858695952e-01 4.002616658980707731e-01 3.938930856110479661e-01 4.019021157031500979e-01 4.286014568491285370e-01 4.115671706428619125e-01 4.152496151308116001e-01
4.601940395289169650e-01 4.196810397524641245e-01 4.334295900248481548e-01 4.408284632755175569e-01 4.263367832610323038e-01 4.158584718852217921e-01 4.011040702852154971e-01 4.077382323492089733e-01 4.043528577459166162e-01 4.087397673879162863e-01 4.091402461943488555e-01 4.034030661707075915e-01 4.132913460521947524e-01 4.142154219060973364e-01 4.047611630762250612e-01 4.116447338346284623e-01 4.047685995739941922e-01 4.020787715277769347e-01 4.086027122139969103e-01 3.941633216995594213e-01 4.206193125566531910e-01 3.861521594647402966e-01 3.793118296007075840e-01 3.739800427124441717e-01 3.873916104285780038e-01 3.864549237305564544e-01 3.713277611794387756e-01 3.702623658661828299e-01 3.811765704189207238e-01 3.737504473442582742e-01 3.827257801167560647e-01 3.610269116822091284e-01 4.096390635831687055e-01 3.971006603131336243e-01 4.274983590122179988e-01 3.700794436221071515e-01 4.394680522150999358e-01 3.934064630384998540e-01 4.333102680379166682e-01 4.017547378382714807e-01 4.206828608103164169e-01 4.094417883783638690e-01 4.331500973167359825e-01 3.773845285949683492e-01 4.220937152472097886e-01 3.791343417203862920e-01 3.993682460961603953e-01 4.297340666614514193e-01 4.077458768609016904e-01 4.230519053845845923e-01 4.143190128400557337e-01 4.696615852481598741e-01 4.161896820550918252e-01 4.057130087889297410e-01 4.309031829173680661e-01 4.278604072462633967e-01 4.421643806964299928e-01 3.637853843232181084e-01 4.339819970007383065e-01 4.020461393435104114e-01 4.298627492749454437e-01 4.895085057207957391e-01 4.185467918304928148e-01 4.171052553398667539e-01 4.118325704076494231e-01 3.819016809548891334e-01 4.139693414344652322e-01 3.979018519416628319e-01 3.756088177360608071e-01 3.867048524597754278e-01 4.054877817131396500e-01 4.077277276460666289e-01 3.935481205204791055e-01 3.916954185080949724e-01 4.107934368522493940e-01 3.704272169006447291e-01 3.783054062347954161e-01 4.023332245598344459e-01 4.326834180791141460e-01 4.204316579958153333e-01 3.727723658754381053e-01 4.065720802917037746e-01 3.783304459108500772e-01 3.822869487431576618e-01 3.801876202225918933e-01 4.279612939992148979e-01 4.251273123039350788e-01 4.201361742173255753e-01 3.615180325558553509e-01 4.049419011741027807e-01 3.795441031481600058e-01 3.859709273337939561e-01 3.811628414999623793e-01 3.879138033820636045e-01 4.105413759803134277e-01 4.247493770064738605e-01 4.533680626256134105e-01 3.668124289413496331e-01 4.027893210890925446e-01 4.030417459853948281e-01
4.114062458712081649e-01 4.310890953615956200e-01 4.470511998003484644e-01 4.529205726724446768e-01 4.046971987947146077e-01 3.882924147247765467e-01 3.879152334777884459e-01 3.756155781885781586e-01 3.855026879917450300e-01 4.051570395745977549e-01 3.807758055933431751e-01 3.827875862538090423e-01 3.884586178497419495e-01 3.888129175651328095e-01 3.849097703042315688e-01 3.889591253516910818e-01 4.076683136691351406e-01 4.260236182990355114e-01 4.143608496404420638e-01 4.282420087891282701e-01 4.559753611476378699e-01 4.283119794726830132e-01 4.243968194076931932e-01 3.820471866944551986e-01 3.849153866801690582e-01 3.855087723990106574e-01 3.853078569505426487e-01 3.712480398432148054e-01 4.191873447065132541e-01 3.757370323182266936e-01 4.605902540499154929e-01 3.941093160846418364e-01 3.882719513550412782e-01 4.123222611855708042e-01 4.030478043909200281e-01 4.017825076970736320e-01 4.236375165830312262e-01 4.149069381934025191e-01 3.736754583247963724e-01 3.845536764687495501e-01 3.793554085177041624e-01 3.991226336558564292e-01 3.835502953064701681e-01 3.779854028150599343e-01 3.810363430326663137e-01 3.675283088594577530e-01 4.063078766069770364e-01 3.751455187246976464e-01 3.702352720526324581e-01 3.924877695448707460e-01 4.126259355123028105e-01 3.949595729974028635e-01 3.996106603223888998e-01 3.894397675239353873e-01 3.862959750911770240e-01 3.951331606166564869e-01 3.789036542791013873e-01 3.989752557909778119e-01 4.062720202068945685e-01 3.864812894953741917e-01 3.971694349166275950e-01 3.846799409203816023e-01 4.114740844120458596e-01 3.908092011882896566e-01 3.711085145039525468e-01 3.942302501794813785e-01 4.813295022513627286e-01 3.745353098797840063e-01 3.810811440314640364e-01 3.695995294985955359e-01 4.087463978317313895e-01 4.630255770605943288e-01 4.695545620844618906e-01 3.790993173759982238e-01 3.794558272393274700e-01 4.265730350747737876e-01 3.749294442615464518e-01 3.785465463757417548e-01 4.033310933531381037e-01 3.780062822126423749e-01 4.081587324957891560e-01 4.221923398487419932e-01 3.769007402121294370e-01 3.824138892400414380e-01 3.778548740779938409e-01 3.888349150375547403e-01 4.199320605547819940e-01 4.137110661465613903e-01 3.756337794068941860e-01 3.694755271983827805e-01 3.867131990184602963e-01 3.940030469714169703e-01 4.037711988120186168e-01 4.150122452422307373e-01 3.807808759327311887e-01 3.837188645898166328e-01 4.057691985500452292e-01 4.088936716896481860e-01 3.616506934356384373e-01 4.276617539492146847e-01
4.362015055656704998e-01 4.251542761087831468e-01 4.404054669618540641e-01 4.276664342624958981e-01 4.155403665925392342e-01 4.121740512649977872e-01 3.938450343946937604e-01 4.072850480148814123e-01 3.927484889963769876e-01 4.079507185721779061e-01 4.028100184744918821e-01 3.991668366146238212e-01 3.890805274778587064e-01 3.813425135264816301e-01 3.716020275377202586e-01 4.033151542862413730e-01 4.060859517522242834e-01 4.199996130764747648e-01 3.992441397889858190e-01 4.230989685348016671e-01 4.206396719194266387e-01 4.135905740813095588e-01 4.428264370118037419e-01 3.824914524318079878e-01 4.130764936708447577e-01 4.116934090927534817e-01 4.326366409480420505e-01 3.994099528878444771e-01 4.083734028649559922e-01 4.199490136895563386e-01 4.353014813216854462e-01 4.235713681553228138e-01 4.264944838168700514e-01 4.360953144576669160e-01 3.739806147507341305e-01 4.209692179779077614e-01 4.286624049287466320e-01 4.239636824152536732e-01 4.026056707962842873e-01 4.141610262650730068e-01 4.338762739240629163e-01 4.425188364222635840e-01 4.078181616993565850e-01 4.879696707174005499e-01 3.837177205132367708e-01 3.872034618346715806e-01 3.989999574444066943e-01 3.826766368273029073e-01 4.127852221743081307e-01 4.052372289421498630e-01 3.917444317888458816e-01 3.897082094923556839e-01 3.881096484911435995e-01 3.744608928986120633e-01 3.764149236935353526e-01 3.818399788247979210e-01 4.086543776722738608e-01 3.751920098366247625e-01 3.829394364180452870e-01 3.851029632357855226e-01 3.818254178501451768e-01 3.662649622961451912e-01 4.368578414981449387e-01 3.708085584261051060e-01 3.727295670106550718e-01 3.771537631484621067e-01 4.083439428930245030e-01 3.828193863823811105e-01 3.918064719415629282e-01 3.772073007320515536e-01 3.746747052103440168e-01 3.834425180922991228e-01 3.790444537036457562e-01 3.902048687367180579e-01 3.713711320825117679e-01 3.777562494764616918e-01 4.573142427669617538e-01 3.831771183275115567e-01 4.089851978160371493e-01 3.851918631863889275e-01 3.895016256644692754e-01 4.119494742327189374e-01 3.903796264342919708e-01 3.736629514876392832e-01 3.964949757710585221e-01 4.345426465283515616e-01 3.786231475031116012e-01 4.048457467379135144e-01 3.894179780654370981e-01 3.838158250799599824e-01 3.848147339428816815e-01 4.241933037851800536e-01 3.759847248977667977e-01 4.206179344644092599e-01 4.107326187813335472e-01 3.888022568515477340e-01 4.672258982131147209e-01 3.778199537405675934e-01 3.921793629013765603e-01 4.001510804959309553e-01
4.308132168954061925e-01 4.293304676461646707e-01 4.371803670867041580e-01 4.337720589483336497e-01 4.168981254754308696e-01 4.133870064553155088e-01 4.101370489162940447e-01 4.197681975864572257e-01 4.091519469775520279e-01 4.041164239199919739e-01 4.079195164836361687e-01 4.078891204490485145e-01 4.082048075798690445e-01 4.190559059085313676e-01 4.274441453833768279e-01 4.158543376084899990e-01 4.117805669267466384e-01 4.065830530261743125e-01 4.082110479975774031e-01 4.118742251958525946e-01 4.046090528945843201e-01 3.991778613525752140e-01 4.219043445715021656e-01 4.013038416571036437e-01 4.042551952087811151e-01 4.171419437956437326e-01 4.105924954020409023e-01 4.019747125624903994e-01 3.934624707874321836e-01 3.921137345084772519e-01 3.954697011433190301e-01 3.869292474798710635e-01 3.708910099450765108e-01 3.834960296741480867e-01 3.769227116828108848e-01 3.879522079527103484e-01 3.764636509551412824e-01 3.819040471132701953e-01 3.916527236502737597e-01 3.854543247545054174e-01 3.752641646663774089e-01 3.834459243202982259e-01 3.915347277521052938e-01 3.942436410758138332e-01 4.227663542709472755e-01 3.937249323555487290e-01 4.008810533573637369e-01 3.823603516564519911e-01 3.874253606876839062e-01 3.794088940978126989e-01 4.595322432309477123e-01 4.498113365527462437e-01 3.860776384766065328e-01 4.575740521575522024e-01 3.834846669135708042e-01 3.637390492217336679e-01 4.461811815648443202e-01 3.914346470531078204e-01 3.900802423947344333e-01 4.308433789143298331e-01 4.338031570299135664e-01 4.524557655601353368e-01 3.942706828858832946e-01 4.315852605728893732e-01 4.179378570708612850e-01 4.224898777647274062e-01 4.360856418102190268e-01 4.204658762862494292e-01 4.411298754508302666e-01 4.778178111929574645e-01 4.674334441053978884e-01 4.227030140312076356e-01 4.343812537253696759e-01 4.116981934129965714e-01 4.136213341402635857e-01 4.463094221487506896e-01 4.511349811521656039e-01 4.515864233698829722e-01 4.288384367116026552e-01 3.826121265092429224e-01 4.168817963824273942e-01 3.742484586791240408e-01 3.920697915671143563e-01 4.236036883187039304e-01 3.883472003919076765e-01 4.091608915762672827e-01 4.018068453261361417e-01 3.748784808502616528e-01 3.862779298833037278e-01 3.780343640923299331e-01 3.765159924586699569e-01 3.736850009635420689e-01 3.933188371731786148e-01 3.821981007960351673e-01 3.884086425045943369e-01 3.978582470229258261e-01 3.648905883011051565e-01 3.746652925803005685e-01 3.783908999573996068e-01 3.764208260886178214e-01
4.236696027307482737e-01 4.520032312693190168e-01 4.024300290395350088e-01 4.492611917282753886e-01 3.955037114198294845e-01 4.174017271844937538e-01 4.333322135068576331e-01 3.958838048617481786e-01 4.198189529838183831e-01 4.110672351792026835e-01 4.182198459460568229e-01 4.160518988324398149e-01 3.958650836086231584e-01 4.075007584536662897e-01 3.952998577746904552e-01 3.908546522305987314e-01 4.044269367044626695e-01 3.927711885157910698e-01 4.042149705163027851e-01 4.030435661072264142e-01 3.866494167491330014e-01 3.857933354465108433e-01 3.840696800719870518e-01 3.878136186761043103e-01 3.867230536780913996e-01 3.924337119264722507e-01 3.874019071177967621e-01 3.836404953440961108e-01 3.828022772371640903e-01 3.854482923507207004e-01 3.781537640844827575e-01 3.884292878865127641e-01 3.858126547396662498e-01 3.795818576752954532e-01 4.231140755460039427e-01 3.821876480963737333e-01 3.781017606035799727e-01 3.788661857711109193e-01 3.850133612381899662e-01 3.918085520807990663e-01 3.824765274327888709e-01 3.825583809117298895e-01 3.892668039464525775e-01 3.772905063014960758e-01 3.807609585995454515e-01 3.897619030863878620e-01 3.999200030285393059e-01 3.704429999570987286e-01 3.941769726132964280e-01 3.813158097390380030e-01 3.890567878888265829e-01 3.908982831510761646e-01 3.812907440612428589e-01 4.079814786311318775e-01 4.396356594340496970e-01 4.053192644332740957e-01 4.217977374356514098e-01 4.662673700531140275e-01 4.441235598359626335e-01 4.677055783209623230e-01 3.799867567776047395e-01 4.183747383139258536e-01 4.364282407424067700e-01 4.166276553712553454e-01 4.283099253351873581e-01 3.984590952412769282e-01 4.197044933223512686e-01 4.157983038578172419e-01 3.776079875524077645e-01 4.302611219404014475e-01 4.456272924897484722e-01 4.156122094014064738e-01 4.113419175653313942e-01 4.168939391952181661e-01 4.015398854569215414e-01 3.877841327024324491e-01 3.871400955931915133e-01 4.611083647301502664e-01 4.686082547424733624e-01 4.189530950267865150e-01 4.387968952905682007e-01 4.172671161741767776e-01 4.217095915355211222e-01 3.868864486150880300e-01 4.136094773466177377e-01 4.064201781239866751e-01 4.217495302088545284e-01 4.656992840277316970e-01 3.806170649678873308e-01 3.953158228433276133e-01 4.064165378803235029e-01 4.165294727993107959e-01 4.182994112718381174e-01 4.156269003847615218e-01 4.149152327486065328e-01 4.147709230891011845e-01 4.157337935397572570e-01 4.143898935845262699e-01 4.161457651154693571e-01 4.228743394990419624e-01
4.562481714084540285e-01 4.277458435778345169e-01 4.107057329817067615e-01 4.293157766628096228e-01 4.096434838790454225e-01 3.899213457588359133e-01 3.850921205100172884e-01 3.735341128637025276e-01 4.157706900094578217e-01 3.887819234905147692e-01 4.069901622764219851e-01 3.917130216863805581e-01 3.895604416013703775e-01 3.921575994446187541e-01 4.150261301716317575e-01 3.810878784822409604e-01 3.765770185435094453e-01 3.794862752773960901e-01 4.244544912680144333e-01 4.233946083237341562e-01 3.846926297697218500e-01 4.050905531242635083e-01 4.164394287721275845e-01 4.050951034288424735e-01 4.017133690692133441e-01 3.877434659803664641e-01 4.409730329524274017e-01 3.868843164723710371e-01 3.790585206452299905e-01 3.919146911853216841e-01 3.933063303360214702e-01 3.888115394728889340e-01 3.847480914821047038e-01 3.927827332885515110e-01 4.722567669591339889e-01 4.197843966707584529e-01 3.954865502711315539e-01 4.222986869671882526e-01 4.100032959634120067e-01 4.342217330477002868e-01 4.329359469823781947e-01 4.043824737282907811e-01 4.238115722336129321e-01 4.128412819267213152e-01 3.973932578984332720e-01 4.010708660626590150e-01 4.370662714496034162e-01 4.172509170898755504e-01 4.110463037781393325e-01 4.150443833934286397e-01 4.009945509544341480e-01 4.223620532086683199e-01 4.382306293870174563e-01 4.152018759353428567e-01 4.220621231325613065e-01 3.801175975355562398e-01 3.811680158463122137e-01 3.978262388804301164e-01 3.828278109462873724e-01 3.842944391164490048e-01 3.941101481403362916e-01 4.075744733878460258e-01 3.899498696681110710e-01 3.965003581313319425e-01 3.697219716943812018e-01 3.909854149833288384e-01 3.749636885537209197e-01 3.820097181864647307e-01 3.845446278630724746e-01 4.213604141629991862e-01 4.088351677736324907e-01 4.118226897462778924e-01 3.822327091125760079e-01 4.310852731057492337e-01 3.950255134111876343e-01 4.035949590152389521e-01 4.224200110881344838e-01 4.700965423624310358e-01 3.844982927615880341e-01 3.872375501164033729e-01 4.054421226569069892e-01 3.904088263888188526e-01 4.139430796766093157e-01 4.053833067200058871e-01 4.335467798690626484e-01 4.160173165176394572e-01 3.870161972999405786e-01 4.155445008692710274e-01 4.118653326006181947e-01 4.061106014021721999e-01 3.816504261369071949e-01 4.159930048903173749e-01 3.769899781853586762e-01 3.808032634312598641e-01 4.930297134162062722e-01 4.166084140833212768e-01 4.109055043535949636e-01 3.853530219737067442e-01 3.944155125801976358e-01 4.104751755491241605e-01
4.014528316298902055e-01 4.560956451989660598e-01 4.073670315025246791e-01 4.429455249830711594e-01 4.108675418125358747e-01 4.128442981286137292e-01 4.044387934981085175e-01 4.023211077487840459e-01 4.069274720801936418e-01 3.947797189587005096e-01 4.127362348952976490e-01 3.974659327629949668e-01 4.026232479728294456e-01 3.954118732725551144e-01 4.188624529595729173e-01 4.085298033337712020e-01 3.970335238192880811e-01 4.042990341431821899e-01 4.160072018406038574e-01 4.039206828178737441e-01 3.964637736825168401e-01 4.139777920001119216e-01 4.029829560502342090e-01 4.081490858500816943e-01 4.012904247590307061e-01 4.195078941627982116e-01 4.193649885972772773e-01 3.923058353669322540e-01 3.877712618409089873e-01 3.956994525219477143e-01 4.020423950928854184e-01 3.978058795176566687e-01 4.107884965215636286e-01 4.094862253527953300e-01 3.964023835733110346e-01 3.928664848945454535e-01 4.084993552957025820e-01 3.998792322995115001e-01 4.087171198719831144e-01 4.006983131254712727e-01 3.966881166991315655e-01 3.932442381798235131e-01 4.025368701910498337e-01 3.853867982345531296e-01 3.998303230257223562e-01 3.809821294038250872e-01 3.869105002250056158e-01 4.058174577803230210e-01 4.013380599475376842e-01 4.012345210170601972e-01 3.936047263094418214e-01 3.786057783404900290e-01 3.909660176849520941e-01 3.858409446332773940e-01 3.902404131159151190e-01 3.890155231267302116e-01 3.958211146655198354e-01 3.942858158988259976e-01 3.901037479681024878e-01 4.012539183154369415e-01 3.862126915165111640e-01 4.018398155330284993e-01 3.887688446150677213e-01 4.059396919621851008e-01 3.907618780206680853e-01 4.073701777131192858e-01 4.044957633114375506e-01 3.864072105368281385e-01 4.308156610590085922e-01 4.181644622388953070e-01 4.278518006701740317e-01 4.694651160973090653e-01 4.098470255032990450e-01 4.092267279830902882e-01 4.140284433905112582e-01 4.039746624310509016e-01 4.123953000744988162e-01 4.213115048892100978e-01 3.929275109793849419e-01 4.341893348790978324e-01 4.139010348622993440e-01 4.277621986725784753e-01 4.237947491075408912e-01 4.118487694919506503e-01 4.356354996795242518e-01 4.215778667183943118e-01 4.362993241132486766e-01 4.425054195241906463e-01 4.323671589100036572e-01 4.110614367910820355e-01 4.296729885731310761e-01 4.070446099209272250e-01 4.130116973336398489e-01 3.940510721860306931e-01 4.073769121638962099e-01 3.930456368862556560e-01 4.016780587056802965e-01 4.165988454428351528e-01 4.026087390016575562e-01 4.152583257138628414e-01
4.305081124729493447e-01 4.501027640597256574e-01 4.145539645667746798e-01 4.570681622953296497e-01 4.181730168115038171e-01 4.126012078571335007e-01 4.082004132857327550e-01 4.049411211218892359e-01 4.112832056353921129e-01 4.160485966114024770e-01 4.106945262315722101e-01 3.998084295602623017e-01 4.006858842935354659e-01 4.074722865478719869e-01 3.918735824336680440e-01 3.986265464497840139e-01 3.971205516445789341e-01 4.063110488193121261e-01 3.902238760089880021e-01 4.054574376820328507e-01 4.056143061821761986e-01 3.996939178953142768e-01 4.118763053350886771e-01 4.014764152084796534e-01 3.894781980963225587e-01 4.195318417657539212e-01 4.071128124861312925e-01 4.182438455524934429e-01 3.843377320143006037e-01 4.015067332378459697e-01 4.153543241396094321e-01 4.182555463356966152e-01 4.233400826740075784e-01 4.247012997883792274e-01 4.141306302304852971e-01 3.829543874188048314e-01 3.632548968145284385e-01 3.863751503908515739e-01 4.046710930473013668e-01 3.960154516736536512e-01 3.732801538647136375e-01 4.023521798286234796e-01 3.966186660503858707e-01 4.233709987434042810e-01 4.164648064708081354e-01 3.693893054270458998e-01 4.209615734662150444e-01 3.803515871978784824e-01 3.750502483476836901e-01 3.835060663459623487e-01 3.948855460423377206e-01 3.778728672823862267e-01 4.084956890502989268e-01 3.786867737619961649e-01 3.851382475975780872e-01 3.812878318663123212e-01 4.158614880871141506e-01 3.991234397098104014e-01 3.798822297809901216e-01 3.857932054378085951e-01 3.872804789898886546e-01 4.036251210341625928e-01 4.026068408746045768e-01 3.968725470441534231e-01 4.024020771685497544e-01 3.775155513651030081e-01 4.196067787817349126e-01 3.862966251346883206e-01 3.844099128457937331e-01 4.160305774052696637e-01 4.159870244900135683e-01 3.776517484815874459e-01 4.027752281457678829e-01 3.918795888357122781e-01 3.967396261469657848e-01 4.159806280618624785e-01 4.094463386829428342e-01 3.655457801569997334e-01 3.904028459885150459e-01 3.763000480042210105e-01 3.908853602860718479e-01 4.032930268051172495e-01 3.957367130160145408e-01 4.130569923655061926e-01 3.912516728055512316e-01 3.845450438909197022e-01 3.626955213721973492e-01 3.969796482130727444e-01 3.851557207671614247e-01 3.970271013893965639e-01 3.775823238345821786e-01 3.851016631487629849e-01 3.821165853397200385e-01 3.911211700702256211e-01 3.732533200685678176e-01 4.052515559011385937e-01 3.719946798202769522e-01 3.821723070695073887e-01 3.798251299589588403e-01 3.865352951102917767e-01
4.192851112506105205e-01 4.060056583777103545e-01 4.564005936109801764e-01 4.265594101627772639e-01 3.971743492455728775e-01 3.993455985802272235e-01 4.024287549542528986e-01 4.082955016505635526e-01 4.137436723290874308e-01 4.153776477007943280e-01 4.136249223804458475e-01 4.081384251364966187e-01 4.054111285822888933e-01 4.155075003926086974e-01 4.183880512050369704e-01 4.259626702194174164e-01 3.980436914358252420e-01 3.986209820773273793e-01 4.047930932134993776e-01 4.109359003881826178e-01 4.099342093390326291e-01 4.022237052290530968e-01 4.169551472922408131e-01 4.032981491479861735e-01 4.035729875445575598e-01 4.261226589284149435e-01 3.967745724861325152e-01 3.984380858349921839e-01 3.971433031674739267e-01 4.018865666623601673e-01 3.965433130065576517e-01 4.020516777142265630e-01 4.065906195326456363e-01 3.994854359403748889e-01 4.208618307898434607e-01 3.962415628086191077e-01 3.969042431657636705e-01 4.062044416834613703e-01 4.035540842792493810e-01 4.036650597074959990e-01 4.128095598033706404e-01 3.978765782499440462e-01 4.279562496615673117e-01 4.018659732839226506e-01 3.949853667239306976e-01 3.930798811784301794e-01 3.896095068856021415e-01 3.852458948030469399e-01 3.995079014441249021e-01 4.018170120066526518e-01 4.198027799012576389e-01 3.907533754515404856e-01 3.910938422410112358e-01 4.133225221389960069e-01 3.805383837012814019e-01 3.875455927355312413e-01 3.856363109359248198e-01 3.734604239312632745e-01 3.889109441266346279e-01 3.654744313812010592e-01 3.798739612275265354e-01 3.786422327806029386e-01 3.862591306249573697e-01 3.853668028961459990e-01 3.844618383214751800e-01 3.802175742275918924e-01 3.841628183062840152e-01 4.009293385893820116e-01 4.081739175122127694e-01 3.725487249058155315e-01 3.784590765208631913e-01 3.853156314709376140e-01 3.844015142836278986e-01 3.783212932982111809e-01 3.825163620991604008e-01 3.819392534698414221e-01 3.866647057725184355e-01 3.986010647441416421e-01 3.846579954514405819e-01 4.008661283583446755e-01 3.748184168298189234e-01 4.523488984068800289e-01 4.349719872666852338e-01 4.168100835822624028e-01 4.038681333004214835e-01 4.012306207559924731e-01 4.312671292784663879e-01 4.738668467313660315e-01 4.558489926890439969e-01 4.283273725030302681e-01 4.429623741108836832e-01 3.841317202247040985e-01 3.758447315271764566e-01 3.727482622620396646e-01 3.980597605114242210e-01 3.749143892538250866e-01 3.847316583821394631e-01 4.029154295302818656e-01 4.342959420149486438e-01 4.028672223034849842e-01
4.114990200811387555e-01 4.136040169811229239e-01 4.202449915011147175e-01 4.438920403389833291e-01 4.048428605447234041e-01 3.962234655972649011e-01 3.922037785356604633e-01 4.029076810116273832e-01 3.901438166501381422e-01 4.010371678070340229e-01 3.942671466491818877e-01 4.225086770230738198e-01 3.946423517638957268e-01 3.918343718090673278e-01 4.774763043338686730e-01 4.010906793888829869e-01 4.036168264789586346e-01 4.132284218403023401e-01 4.348391183729785059e-01 4.094513310171095100e-01 3.823995882827931347e-01 4.367325651126500174e-01 3.843254591928075281e-01 4.189471146264827084e-01 4.030594271689018071e-01 3.895369360280022675e-01 3.790840543543532726e-01 3.805207025177744229e-01 3.858042041740195605e-01 3.855326940002259395e-01 4.080406325906588694e-01 4.007192965300155341e-01 3.865400534287943834e-01 4.464124410444191837e-01 4.283218081305736336e-01 4.208185638937322892e-01 4.169759746863423988e-01 4.027093397354640225e-01 4.297195836920199574e-01 4.139012688779634130e-01 4.256464890555283209e-01 3.648647165693560401e-01 4.030967136647091165e-01 3.947634158674374616e-01 3.965709268549170718e-01 4.156174877547181290e-01 3.906761502823998256e-01 4.120116703958787152e-01 3.946666633912178090e-01 4.062828369309223198e-01 4.303267243315603285e-01 4.037079885809812252e-01 4.286298767514419294e-01 4.010473344875505330e-01 4.513574000399869779e-01 3.765602994243991697e-01 3.859801839533946732e-01 4.257088412291307744e-01 3.797342798778216011e-01 3.850875182019574128e-01 4.124632166205578487e-01 4.344213744108861852e-01 3.914667592025652954e-01 3.838498613582108643e-01 3.725070181141315051e-01 3.891540603998552839e-01 3.728867995351647369e-01 3.712912287341045836e-01 3.933692285461734550e-01 3.969658412888930621e-01 3.915566732210462586e-01 4.252482203970340824e-01 3.901575975725773970e-01 3.878570675843986404e-01 3.952371675784621119e-01 4.122457380634222956e-01 4.258917634732064528e-01 3.681626473195103166e-01 4.224327519409556975e-01 3.763423008324545682e-01 3.983277084467759521e-01 3.845740098297825704e-01 3.746017183248969151e-01 3.809258356357477782e-01 3.824531778698634921e-01 4.391782368160285221e-01 3.672670173696615525e-01 3.793806042042015547e-01 4.030714139712499033e-01 3.756987837580226808e-01 3.906096118285846686e-01 3.710476964330367000e-01 4.114029176484303996e-01 3.821937325036393607e-01 4.213904981767014890e-01 3.757166729554532458e-01 4.230905699726358327e-01 3.891326089639828845e-01 4.004593311289823543e-01 3.744700715129913871e-01
4.265412609479421469e-01 4.256982325190266092e-01 4.620252381019477883e-01 4.171653453620499663e-01 4.130878824331624677e-01 4.306736915561439338e-01 4.128572989988393838e-01 4.059527448358917212e-01 4.010910694149897870e-01 3.960060130418697755e-01 3.789186832850822695e-01 3.802185622937290788e-01 3.981012072857037509e-01 4.066755932204408341e-01 3.885544342633053816e-01 4.552086738286876821e-01 3.808498585501488010e-01 4.270004516843139974e-01 3.769375586766086639e-01 3.785210126666184727e-01 3.824337545697462648e-01 4.111788866527010256e-01 3.789471551908765723e-01 3.828654614664609990e-01 4.000860761448024050e-01 3.826044299940693505e-01 3.775613404300379172e-01 4.073516904756583346e-01 3.973163967536589292e-01 4.109743569623102721e-01 4.051408924937774381e-01 4.246394676495857667e-01 3.801773495351135623e-01 4.206541808905985280e-01 3.782430800629333900e-01 3.797031557945012570e-01 3.949290469541129611e-01 3.854848247960548924e-01 3.870621163735777359e-01 3.861755350294061029e-01 3.814024995417030217e-01 3.764860904571508682e-01 4.578252809737937135e-01 4.472358641610343355e-01 4.259281139063575417e-01 3.864149330537421934e-01 4.094935058401217298e-01 4.046693769324316015e-01 4.171784242374970142e-01 4.156320487293709287e-01 4.203832687568352933e-01 4.290791348229613389e-01 4.868563801982330741e-01 4.588984768091851074e-01 4.016662019120344485e-01 4.291313723195282481e-01 4.273598997443142644e-01 4.328372443756246524e-01 4.347227605844584675e-01 3.873567680963730941e-01 4.149375942453947252e-01 4.001848307550368578e-01 4.363918383057747707e-01 4.072277401789264895e-01 4.228854162404742656e-01 3.901822472225253136e-01 3.809498872456653640e-01 4.128901131952890657e-01 3.911587165834374824e-01 4.265512716180159258e-01 3.734566536788977986e-01 4.102632613644451864e-01 4.215250571835374993e-01 3.724360593644395756e-01 3.845787681482851772e-01 3.928289383813336477e-01 3.697766013510696004e-01 3.862491459566240182e-01 3.982449709086596235e-01 3.932575510709346300e-01 4.249239786936050423e-01 4.009832661990782587e-01 3.851804484223307345e-01 3.881914239648632803e-01 3.728336259759416071e-01 4.154652735661156226e-01 4.219710390357600538e-01 3.796189101554386935e-01 3.847239098634849253e-01 4.311311141741651087e-01 3.801189756278001708e-01 3.749382068480785479e-01 3.787863344261846454e-01 3.712021727730585030e-01 3.870021303583563443e-01 3.811059756935951670e-01 3.848176461378122193e-01 3.771655159351461339e-01 3.889508827999679785e-01 3.978432960221662817e-01
4.351270876484778505e-01 4.466176467800616612e-01 4.117140544746719089e-01 4.292753179546672238e-01 4.073468281501939625e-01 4.216862939760766538e-01 4.143736945002250427e-01 4.027401777996393872e-01 4.055854962537560615e-01 4.117734944533438246e-01 4.169846592676531571e-01 4.170668247674795825e-01 4.201099384612100862e-01 4.166189707899445316e-01 3.995913150274930103e-01 4.094231191287197591e-01 4.076154001273165073e-01 4.076647254289528788e-01 4.150898084339972871e-01 4.017131090518087921e-01 4.139234223608280194e-01 3.959739528958932109e-01 4.059046676177970880e-01 4.010966337874463661e-01 4.063125309185178224e-01 4.014863478733320945e-01 4.164624923159079839e-01 4.209831549107896920e-01 4.028543254402210949e-01 3.980582264087376143e-01 4.051873056004831608e-01 3.935507726980051468e-01 3.995496082358089840e-01 4.118976007605184009e-01 4.026244440528901625e-01 4.257069951055587609e-01 4.016590774351507798e-01 4.266967253541011362e-01 3.976559534822138864e-01 3.985278958465113819e-01 3.910654223386978434e-01 3.992102075176967579e-01 3.987587652999793897e-01 3.858200912374353808e-01 3.880014292473848436e-01 3.933789011936213442e-01 3.974055307199263476e-01 3.929794364550663888e-01 3.890875479477806098e-01 3.843864852776470165e-01 3.894753379048728759e-01 3.884044562243816889e-01 3.826616858265433074e-01 3.834872410858755076e-01 3.954250301532235556e-01 3.766892680570381735e-01 3.873296742828227224e-01 3.815991507047369891e-01 3.826898197097117760e-01 3.882114973084917486e-01 3.883960056587349441e-01 3.870446432039943985e-01 3.948700750067691279e-01 4.155898479046182814e-01 3.849529591951213470e-01 3.710938495223379263e-01 3.716807608078070979e-01 3.859549622651567979e-01 4.143550772540618432e-01 3.767574186187612750e-01 3.871975594395891118e-01 3.648566560298160955e-01 3.790923749112977137e-01 4.078546941446908325e-01 3.783750388957242694e-01 4.146245072886193261e-01 4.053383497107654332e-01 4.006353369100979500e-01 4.261279632834670261e-01 3.833656049440438141e-01 3.761780738397634827e-01 3.840387900043307767e-01 4.038198220666627258e-01 3.953144447510836823e-01 3.829064922128933568e-01 3.846974920951862775e-01 3.851294850110459911e-01 3.807227100393413832e-01 3.858099765603997811e-01 3.771652559177416375e-01 4.390096415309416300e-01 3.845127497292790131e-01 4.041026169958122360e-01 3.738438975994405888e-01 3.680764775516543463e-01 3.714039982824423047e-01 3.648512216660617091e-01 3.812443569562775636e-01 3.787963710979988519e-01 3.699765287334004782e-01
4.061076892072416622e-01 4.490903082900287169e-01 4.068315516596683890e-01 4.466666860625530533e-01 3.982562816657559401e-01 3.913506354297093259e-01 4.183042995990429724e-01 3.758517779988387875e-01 3.961761684313838128e-01 3.933533674844980621e-01 3.896443492178070511e-01 3.828694917362309713e-01 3.908186398200735323e-01 3.819028770349499058e-01 4.413245244798495448e-01 3.749510517078615268e-01 3.816482159889688086e-01 3.806387244176833717e-01 4.119467700517120412e-01 4.172289716209345856e-01 4.326519559731679121e-01 4.133919467860012742e-01 3.694060505478966028e-01 3.835214333745691206e-01 4.053773003179615975e-01 4.201415305758585683e-01 4.042363179452134192e-01 4.297457414429141087e-01 4.336140983750913502e-01 4.271155093858114982e-01 4.163539610512638212e-01 4.172695863395196603e-01 4.060904760550628212e-01 3.890890040452458787e-01 4.280417173824310750e-01 4.036866931555515570e-01 4.568840179694527714e-01 3.835309500115743342e-01 3.823852873255448870e-01 4.004644274701108508e-01 3.760497552506357755e-01 3.836624408130371311e-01 4.033391018891971380e-01 3.898016077440571436e-01 4.620363668468610019e-01 4.370338732810009619e-01 4.117229990733872191e-01 4.001241686945637421e-01 3.635510306365295485e-01 3.951976449329759888e-01 4.068828790953194496e-01 3.791265151965104163e-01 4.246663794509529799e-01 4.175232593193636266e-01 3.922628544899660619e-01 3.676851253561201904e-01 4.117089841352838953e-01 4.050725339181306950e-01 4.567379401915967474e-01 4.363407188840472961e-01 4.480921534775800796e-01 3.847538378667444969e-01 4.105952515865287644e-01 3.747886708387425103e-01 3.750972334926793716e-01 3.780473389608151602e-01 3.789648883778644617e-01 4.342482548229607553e-01 3.899948526790920078e-01 3.774757427004719057e-01 3.855156368584898297e-01 3.803387163363550205e-01 3.799635372233816644e-01 3.750534465617592073e-01 3.861102966626135391e-01 3.821876220946332503e-01 3.954267982715742313e-01 3.924848573499401527e-01 3.815908301477925479e-01 3.659371063507934063e-01 3.818419289553318108e-01 3.803012218266240696e-01 3.923690715997100731e-01 3.909286531839234469e-01 4.121207736988128367e-01 3.853990970577866326e-01 3.833499778980325456e-01 3.955222506607713462e-01 4.157454163177390360e-01 3.803112845001787590e-01 4.182112393699674024e-01 3.791301294384331610e-01 3.804221819232040391e-01 3.659289938077726068e-01 3.780438027241138088e-01 3.741193340360423614e-01 3.684632794426094815e-01 3.783354382450167530e-01 4.137290853526942036e-01 4.309323308684140930e-01
4.113418395601100008e-01 4.083034581831416765e-01 4.563669993623169496e-01 4.026528119517227000e-01 4.071982282035141454e-01 4.277646168344404476e-01 3.973049299861198813e-01 4.089091427252167787e-01 4.203208385780114464e-01 3.927568355550619117e-01 3.833981331213485721e-01 3.812294839607393571e-01 3.859602146167279701e-01 3.933772370822324893e-01 3.898906117016223138e-01 3.962188112857241151e-01 3.955647115029284899e-01 4.053269869501881506e-01 3.756178143382569723e-01 3.820734484523111152e-01 3.832370003357711830e-01 3.898919637921258174e-01 3.721284327731589903e-01 3.912895313396484998e-01 3.700574721514257037e-01 3.862945189937117552e-01 3.853657108230469919e-01 3.735249082475827209e-01 3.774213730611880036e-01 4.194625211257104747e-01 3.764549403720900411e-01 3.783822673795697589e-01 3.795846398615237427e-01 4.248600144120945887e-01 4.666250499947636188e-01 3.958258989857628696e-01 3.873207296841074676e-01 3.914690473557250194e-01 4.243870167515430558e-01 4.001563328475021275e-01 3.766554137909703948e-01 3.768804848563178100e-01 4.131470623944298870e-01 3.772508536473076490e-01 4.804518395041659229e-01 4.185466358200500836e-01 3.868469259696019069e-01 3.908090191761064980e-01 3.800463007632384760e-01 3.746612623105305961e-01 4.127255741817125734e-01 3.759071357042598205e-01 4.105910393045756335e-01 3.965578219777295410e-01 3.843150324948865215e-01 3.905498078255464356e-01 4.077191990751985462e-01 4.055827140675277165e-01 3.792999208035808256e-01 3.923493622804478664e-01 3.813556184036691055e-01 4.227009858954524080e-01 3.965502294695177343e-01 3.811226428092245322e-01 3.915739903801869204e-01 3.935487185605094917e-01 3.815261898210303704e-01 4.156633808266148589e-01 3.828915152103933295e-01 4.382938136163143650e-01 4.056683377988342110e-01 4.273261754869487894e-01 3.771553752563701067e-01 3.788828528867402290e-01 3.745108162402787655e-01 3.862439196067933289e-01 3.733262029470530985e-01 4.334163031354775208e-01 3.705600857943514570e-01 3.845096295204248893e-01 4.247037699537221100e-01 3.723535038385064055e-01 3.735615707016192166e-01 4.281889392368669611e-01 4.103518232924226461e-01 3.859350189302305778e-01 3.784501579238883640e-01 3.709302985748985648e-01 3.912576012023741834e-01 4.202300925038360280e-01 3.763178591964302377e-01 3.667671339094832339e-01 4.846301111807835293e-01 3.728310778053773866e-01 4.097276515128866481e-01 3.896292422066047756e-01 3.752938326522324841e-01 4.137355077825857208e-01 3.801129952274963641e-01 3.931560662779527981e-01
4.248285523061484104e-01 3.969084034442358910e-01 4.204440348242702297e-01 4.443794169620045031e-01 3.877442720343204363e-01 3.978417099159987091e-01 4.294771954675319359e-01 3.970624637564104664e-01 4.168495802260080985e-01 3.977134693320923953e-01 4.038318348707513050e-01 3.999392703182137465e-01 3.885860263779538637e-01 3.948688529249679280e-01 4.006197098640866816e-01 3.938419661893204915e-01 3.790709234754252588e-01 3.823419944276932880e-01 3.877994997310392211e-01 3.849314817575085201e-01 3.702580495772678781e-01 3.798233098371271987e-01 3.855808492235419660e-01 3.753064174946109666e-01 3.721588808112276103e-01 3.792289620538889516e-01 3.784087631530897444e-01 3.868486420844716722e-01 3.789383145991230828e-01 4.285115948341284842e-01 3.926253707553395977e-01 4.512437204307334082e-01 3.980052088599571603e-01 4.347250747393586745e-01 4.450547861684893691e-01 4.549947835117343908e-01 4.561064099195129562e-01 4.241343058360957929e-01 3.756795944735695225e-01 3.812348923227532604e-01 3.759202925849282062e-01 3.979918699671056159e-01 3.877185563130139956e-01 4.166690241403135375e-01 3.738012287433598591e-01 3.752266961583869409e-01 3.774486748886619614e-01 3.842302408192744823e-01 3.929836487370195197e-01 3.838446610101205470e-01 4.233372224825578956e-01 3.724701216444309404e-01 3.921670380764026298e-01 3.895363899914527916e-01 3.876312944720590736e-01 4.824433128053392528e-01 3.831442261258405368e-01 4.356209387048714521e-01 4.390564966672350633e-01 4.354931661522932207e-01 4.680619061721084107e-01 3.812461250746282393e-01 4.855645617291262095e-01 4.415521437157611251e-01 3.978808685371185150e-01 3.932616333441855128e-01 4.199690350297038965e-01 4.094621217393968338e-01 3.713981478908407463e-01 3.901648520581633139e-01 3.837557090560362871e-01 3.667529369591968069e-01 3.715174178742913780e-01 3.869803148981176277e-01 3.809816093690160943e-01 4.022655160276989439e-01 4.197822125245605496e-01 3.880109978878709676e-01 3.814313614736040692e-01 4.065016935803018594e-01 4.068834251318689810e-01 3.750202163374622977e-01 4.171873688362123245e-01 3.960240842514834991e-01 3.658607652408281119e-01 4.023505157172346247e-01 4.089037343632028754e-01 3.899108410556935134e-01 3.791906874919444559e-01 3.828587010139436475e-01 3.950063761302154419e-01 4.220696636372922583e-01 3.970116303538279712e-01 4.087229702635846729e-01 4.366085888141777449e-01 3.947577994914999722e-01 4.017436870985796604e-01 3.918827610480473678e-01 4.018174800379807343e-01 3.787380491941663707e-01
4.277439194490411101e-01 4.104385650985685752e-01 4.356803526818029404e-01 4.069715450302587856e-01 4.229067376676444168e-01 4.175498330981049500e-01 4.002058401613216021e-01 3.766474312566518434e-01 3.806943421405089012e-01 4.029584884124693955e-01 3.985898579940070907e-01 3.891011468580367061e-01 3.823326338011307501e-01 3.784556962946045156e-01 4.067077833751197025e-01 4.319040159090831721e-01 3.901818311946780860e-01 3.855599958276999528e-01 3.967930077201125560e-01 3.669109495359199613e-01 4.023761534333196721e-01 4.057232534746675889e-01 3.920559066377132806e-01 4.194039132027330141e-01 4.084609767267963210e-01 4.009513360618038869e-01 4.112047583844501975e-01 3.887206113865303569e-01 3.813335949295068028e-01 3.798705289977869493e-01 3.802001530614894653e-01 3.790671792248002658e-01 3.772636205018692901e-01 3.736106359858510362e-01 3.787188079062323021e-01 3.734747248885115223e-01 3.834447802437183639e-01 3.836849063167871443e-01 3.731443727760763718e-01 3.823721564466169287e-01 3.816280126366380920e-01 3.895141064998859370e-01 3.810325727803008378e-01 3.877075835785435132e-01 3.953842334224552668e-01 3.756676596747023367e-01 3.741641870383210500e-01 3.705820832667733322e-01 3.792073546075738211e-01 3.872623557767940206e-01 4.245997109884355747e-01 4.301907872324803872e-01 4.826079038223966555e-01 4.473870902834997110e-01 4.405134261882083235e-01 3.745353098797840063e-01 4.291804636055004951e-01 4.214809582317319281e-01 4.037479272543146314e-01 3.824515397602150646e-01 4.455902660113456593e-01 4.142143818364792951e-01 4.006830761055667489e-01 3.754165608671631293e-01 4.029021946443921420e-01 3.956760249538009977e-01 3.708117306384401402e-01 3.672254925901606848e-01 3.891446997732928015e-01 3.792490613992579029e-01 4.069374307467865104e-01 4.001609091538215757e-01 4.022263574065791381e-01 3.790536843215059903e-01 3.967547331581680603e-01 4.265147131709412509e-01 4.107680071500878771e-01 3.744554325331172495e-01 3.805694297793803527e-01 4.199902784516527099e-01 3.834367197041784192e-01 4.221058060565197056e-01 3.771983561333362434e-01 3.919598822102262625e-01 4.125833446614433631e-01 3.802776382480346773e-01 3.857371196836549276e-01 4.419422738294940811e-01 4.076828746437879403e-01 4.124032826088173675e-01 3.879257901844117007e-01 4.213582560185417103e-01 3.718741357515442103e-01 3.728111604721915939e-01 3.838924522090702562e-01 4.669474195728801624e-01 3.738776738602869743e-01 4.207776631560022351e-01 3.794131323815062573e-01 3.759912773363605631e-01
4.215374600137328231e-01 4.205686091627729439e-01 4.394352900221311642e-01 4.205162156557633590e-01 4.199537720080589454e-01 4.415669647078184212e-01 4.189507028666649702e-01 4.113181519745587877e-01 4.150553301261586947e-01 4.093662013188716364e-01 4.030026393677559327e-01 4.168760759995280840e-01 4.040633023642497546e-01 4.145796802880811205e-01 4.122035632404101313e-01 4.119991895604620535e-01 3.848156700055379575e-01 4.105648555519410547e-01 3.980774676966716275e-01 4.029849061807680433e-01 4.032884765005382288e-01 4.096390895849091329e-01 3.901123545441919083e-01 3.831149481660922618e-01 3.710101499198248387e-01 3.816190420361823543e-01 3.854897651267406578e-01 3.844920003403988207e-01 3.920214283298747437e-01 4.221046879816802710e-01 3.817544070969723369e-01 4.320988989537664637e-01 3.730168862426431198e-01 3.894042491464787537e-01 4.515538171873568762e-01 4.117556052559132596e-01 3.810901926371411674e-01 3.827313704909531267e-01 4.085071038143571198e-01 4.164083566922881507e-01 4.052071189267071327e-01 3.715384012788356394e-01 3.757998265214168576e-01 3.904563835721044929e-01 3.897195462511925390e-01 3.914057851212067729e-01 4.348178489492892651e-01 4.265134650873996236e-01 4.732014621932145171e-01 3.733840568195574972e-01 3.815942103740512237e-01 4.488388714598636198e-01 4.035012227409116581e-01 3.795461832873960883e-01 3.884483731640041015e-01 4.154166503114714581e-01 4.515266193668447392e-01 3.874553146926839609e-01 3.776850307093652659e-01 4.298932493164949187e-01 3.718127716440788877e-01 3.892695601309404396e-01 3.819142397955271884e-01 3.644117922524329201e-01 4.145191482363102531e-01 3.828065415225981316e-01 4.037132669342928804e-01 4.022400863255374825e-01 4.063664845299544970e-01 4.133346909535272617e-01 4.490238478414349532e-01 4.173994910348148846e-01 4.216518936734594547e-01 4.393752260016883793e-01 4.015747277891263955e-01 3.799778641823703951e-01 4.532166284892243935e-01 3.986234262409298346e-01 3.835890118980023189e-01 4.192440285006973077e-01 3.997607683700148407e-01 4.297533859546068258e-01 4.277833120858249849e-01 4.522296544251698802e-01 4.172177908725404616e-01 4.488116736393514272e-01 4.010401060037050436e-01 4.882377486614545292e-01 3.735288345103909280e-01 4.028924179899823765e-01 3.791011114960893824e-01 3.779819185818394378e-01 4.136160037834710201e-01 3.817577093180096748e-01 3.842431376825383715e-01 3.854257228400088664e-01 4.095158673369099223e-01 4.110097453310646576e-01 3.743350704765677217e-01 3.821015823354795282e-01
4.495173608752026650e-01 4.138467952317177456e-01 4.291487934856306752e-01 4.179559542822154916e-01 4.230744228918155159e-01 4.106910159966112861e-01 4.093598568942014571e-01 3.968122490080465692e-01 3.929945174645282369e-01 3.907526214010673682e-01 4.078970509798861555e-01 4.177845248074193441e-01 3.931923647076229766e-01 3.855254395146400226e-01 3.973669701388369280e-01 3.849883735656161599e-01 3.822009869892252776e-01 4.180836488295723297e-01 3.918281833948398796e-01 3.886742762850459165e-01 3.981495185194625086e-01 3.973351180067839494e-01 3.847651226221003862e-01 3.843416322753683279e-01 3.900832065931458814e-01 3.918473986810334653e-01 3.835285838531932723e-01 3.783182510945783950e-01 3.909089958681421506e-01 3.974906084146833662e-01 3.692507161504399171e-01 4.060412547603883260e-01 3.824085848849892999e-01 3.980306905655995320e-01 4.035166677747397679e-01 4.081995292265573894e-01 4.104396571716675268e-01 3.849458867217185887e-01 3.726975328664189346e-01 3.797669900673094623e-01 3.825948093501023162e-01 4.237742077325842849e-01 4.019408322946822487e-01 4.068239851531970097e-01 3.899906403971388769e-01 4.029764556151213539e-01 3.981084097678088130e-01 4.125153761119034201e-01 3.740712568179477282e-01 4.252833227466434884e-01 3.801030365609034400e-01 3.977617025606297596e-01 3.958980018120346611e-01 3.920834944843322178e-01 3.925593523363334336e-01 3.808870670407347725e-01 4.096176641507771610e-01 3.853233799895920964e-01 4.210752530754686140e-01 3.933097105622801459e-01 3.956263876312792194e-01 3.775319844650682488e-01 4.025728045963536950e-01 4.041552965219668003e-01 3.852473248987717813e-01 3.816848264395243939e-01 3.905179036900125467e-01 3.801014244529954955e-01 3.818146531295982804e-01 3.881754588962261221e-01 3.761073751074761051e-01 3.716626895981933743e-01 3.963927109258631454e-01 3.736445162536592424e-01 3.820905575975281354e-01 3.802161701336075339e-01 3.825991776424981228e-01 4.165023529840199967e-01 4.129921960283013394e-01 4.199456334632976628e-01 4.346481615911033658e-01 3.621960799416066856e-01 4.303833821240039548e-01 4.773436954575664970e-01 3.791335616681727472e-01 4.035925148516365524e-01 4.157853549910724422e-01 4.249229386239870010e-01 3.818486114026278244e-01 3.810141895498017073e-01 3.776845626780371279e-01 4.032040228475520793e-01 4.034758450422311071e-01 4.769735866839811544e-01 4.236949284259479143e-01 4.588791835177701839e-01 3.844743191568918417e-01 4.479710373705574344e-01 4.917081489560229945e-01 3.847550079450647864e-01
4.330550869571265227e-01 4.368389122310962769e-01 4.186122382112090201e-01 4.220423358080778176e-01 4.097815011173615019e-01 4.100868915589632735e-01 4.131422520724463698e-01 4.135872198567913105e-01 4.361115395437086262e-01 4.124974609127323721e-01 4.192325357314177769e-01 4.170813857421323823e-01 4.266761839791445299e-01 4.204202172300167129e-01 4.130307046059098486e-01 4.163419222454348145e-01 4.147783855886107429e-01 4.158839535908641638e-01 4.191423096920514069e-01 4.205370170481244618e-01 4.111616735005222401e-01 4.137731843044997748e-01 4.136901087437575564e-01 4.186946897301804249e-01 4.101329146395622516e-01 4.073048093376244738e-01 4.083416807416052619e-01 4.161527075801699227e-01 4.104882804263116358e-01 4.042701462095406595e-01 4.096368274334898918e-01 4.101462015289329410e-01 4.168180661165809542e-01 4.105855009338594819e-01 4.179684091158917258e-01 4.212161825087152311e-01 4.374085583609057526e-01 4.059749243204967550e-01 3.987171365135167012e-01 4.138870719276769305e-01 4.034142469191017155e-01 3.958083738126986217e-01 3.989208861516939653e-01 4.081162456518915294e-01 3.969816243453470617e-01 3.997490155833308134e-01 3.914200600767145932e-01 3.948410830661658322e-01 4.021500683000946985e-01 3.880964396069943034e-01 4.024031432399082786e-01 3.858720947183381655e-01 4.134295973061749008e-01 3.894135577695603256e-01 3.857106759136158525e-01 3.873031785093027368e-01 3.894851665627635517e-01 3.857672036973571750e-01 3.864665465085382334e-01 3.846587235001732163e-01 3.881778770580880944e-01 3.931792078269545354e-01 3.749795756171367400e-01 3.677595163355516505e-01 3.814321415258176140e-01 3.861684625560033446e-01 3.900530445742222962e-01 3.699528931513301755e-01 3.751093763054701991e-01 3.789827515735545438e-01 3.829499671229280588e-01 3.639904600501583376e-01 3.573340924998193446e-01 3.711941122335185583e-01 3.781123953154246209e-01 3.708238214477500572e-01 3.865445777316329212e-01 3.804697651082301069e-01 4.069152772639219040e-01 3.771979921089699261e-01 3.750792142865465584e-01 3.601320617845739647e-01 3.915115862031035565e-01 3.676559514033337361e-01 4.177828086925495787e-01 4.087352950885586589e-01 3.896192315365309966e-01 3.749569281012035682e-01 4.003502798295291987e-01 3.685736048273448029e-01 3.873690929213470802e-01 3.798044845770404132e-01 3.837527708593653220e-01 3.758438734697415184e-01 4.227336700831998417e-01 3.835933541886576981e-01 3.786349002897956284e-01 3.974732912555427045e-01 4.303290124847200526e-01 3.807774957064725130e-01
4.412065285816810234e-01 4.082205906363230441e-01 4.177731360451016340e-01 4.332617487902343245e-01 4.288295961198491657e-01 4.236192113577534335e-01 4.182639448978623942e-01 4.282978605276179240e-01 4.211624109094617152e-01 4.207464090639796428e-01 4.187144250511830590e-01 4.557693233563009372e-01 4.174328252660736149e-01 4.149688223356768901e-01 4.234669191639295338e-01 4.413229643754224552e-01 4.119580028035870201e-01 4.431275891697119551e-01 4.053041314203313372e-01 4.037033342694404392e-01 3.965526996348606170e-01 4.080072463559192286e-01 4.112240516758651210e-01 4.206921694333979889e-01 4.416232324741553028e-01 4.012664511543345136e-01 4.021149139470043821e-01 4.144590322123865578e-01 3.997329205059914070e-01 4.081726174251901762e-01 4.015068892482887009e-01 4.107485058447493675e-01 4.157693899224352840e-01 4.030440341385545522e-01 4.092739731454904661e-01 4.009098112823030191e-01 4.015335930357322725e-01 4.031268756836327571e-01 4.066956665640693580e-01 4.064852084768556528e-01 4.084194779490358806e-01 4.160612074555213868e-01 4.072707990611140194e-01 4.093824524066537185e-01 3.979885677460682780e-01 4.074871075399292830e-01 4.048425225220975143e-01 4.025326579090967027e-01 4.054059282341986314e-01 4.049020925094716783e-01 4.028629580180509429e-01 4.134605913807929967e-01 4.054232453933392377e-01 4.123853674096463751e-01 4.049099710368284644e-01 4.127601564965129310e-01 3.889306534458967790e-01 3.865240883601572253e-01 3.770148618509706617e-01 4.355031768223669997e-01 3.945526717610788325e-01 3.848909190424043003e-01 4.137356637930283965e-01 3.879223319529316871e-01 3.928647427779352608e-01 3.907907659543096157e-01 3.957411333118913133e-01 3.849847593236934151e-01 3.795334424345749302e-01 3.759826707602711426e-01 3.848921151224650727e-01 3.630883556669372014e-01 3.754681223184782590e-01 4.047284528867372000e-01 3.828388876877196756e-01 4.144071327384455383e-01 3.965332503330029623e-01 3.968996668594442223e-01 4.196067267782540022e-01 4.242809556522417203e-01 4.156600266020966661e-01 3.854457961836373348e-01 3.871761600071976228e-01 4.568291542971003039e-01 4.011190732894559519e-01 3.767997234504757431e-01 4.281759383666412511e-01 3.713992139621992705e-01 3.781647108172128124e-01 3.859433134854345915e-01 4.098491316442756105e-01 4.178649741923760041e-01 3.834300632586228885e-01 3.672038331403646438e-01 3.666384252942487820e-01 3.646905309100720305e-01 3.760826214505663678e-01 3.954140314170125903e-01 3.851583729446874660e-01 3.704434419866864392e-01
4.732580939839177159e-01 4.175641080536127703e-01 4.293367080638729738e-01 4.127616385957186829e-01 4.209210627545917349e-01 3.989002927732564485e-01 3.797597095799830624e-01 4.244163987182531517e-01 3.864558077897318200e-01 3.871910330027358293e-01 3.869655719112816694e-01 3.974937806270184559e-01 4.262946864432414773e-01 3.772491375324378837e-01 3.853085589975348002e-01 3.939170072122632482e-01 3.901158387774124048e-01 3.715997393845605345e-01 3.646272166720728736e-01 3.848883968735805072e-01 4.977199593623120588e-01 5.060467567244708587e-01 4.014208494891349788e-01 3.870796675483824667e-01 4.107833221752137942e-01 3.898388162346431152e-01 3.875639239625494614e-01 4.050836626630438531e-01 4.266167440004726141e-01 4.057897399250018355e-01 3.891767599192693661e-01 4.159932909094623543e-01 3.777317558369564510e-01 3.977592583970273044e-01 3.931821980271064665e-01 4.368531091813827594e-01 4.324912392154377505e-01 4.415865180166378967e-01 4.486457305317905764e-01 4.254418033546948363e-01 4.332204320246570428e-01 3.986587366044628267e-01 3.986279245420279449e-01 4.164078366574791024e-01 3.820515809885914882e-01 3.777200810554937616e-01 3.824951446789520704e-01 3.978341694112678129e-01 3.835791572383712711e-01 4.289885447592286516e-01 3.812882478941595488e-01 4.339505348947921282e-01 3.917519722935767779e-01 4.212922896030165121e-01 3.932417420127402030e-01 4.680266478120562734e-01 3.903316792248995304e-01 4.137572452376030996e-01 3.965576659672868653e-01 3.761868624280360618e-01 3.776173741807106743e-01 4.075312324934753372e-01 4.325973523182199409e-01 3.724496062712147615e-01 4.242448132330142729e-01 3.694394627843766710e-01 3.802907171234817252e-01 3.826034939314130745e-01 3.760674624358831819e-01 3.818201134950930942e-01 4.235707701152924276e-01 3.962135069306720325e-01 3.742410481830953928e-01 3.891992514247598622e-01 3.781530100340096956e-01 3.771412303095645346e-01 3.705015818783357617e-01 4.267598575799171345e-01 4.263836123955852542e-01 4.026254061172868659e-01 3.814230669184000555e-01 4.509341437089189331e-01 4.292017330291897359e-01 4.286214521875356676e-01 4.033794045868968059e-01 4.152899178285113235e-01 4.257846883060275589e-01 3.806973063389204048e-01 4.053371276289641778e-01 4.139592527591700599e-01 4.314911342724552790e-01 3.846799929238625126e-01 4.161504974322315364e-01 4.323505958013361128e-01 3.853623826002692265e-01 3.939517975409872474e-01 4.890205570594846063e-01 4.255938875345950945e-01 4.014601641206975158e-01 4.142235344491181914e-01
4.204660582984325878e-01 4.305633401696681295e-01 4.144572900957763095e-01 4.248589223389956371e-01 4.138266958863487943e-01 4.187132289711222866e-01 4.117362599610174256e-01 4.140591774477248022e-01 4.280940068824788947e-01 4.122987036087218393e-01 4.392132351586761074e-01 4.213825936476042200e-01 4.173355267533044310e-01 4.177848888317856613e-01 4.253833774439005344e-01 4.188245944254756492e-01 3.959468590823428391e-01 3.983490558756865862e-01 4.076171682456672385e-01 3.932801725851273744e-01 3.856218279664933579e-01 3.837748983404894454e-01 3.907628400850647887e-01 3.818450491641859901e-01 4.079157202295302653e-01 3.812837755948018659e-01 3.806482930581694957e-01 4.044239465043107384e-01 3.886390699284747452e-01 3.985766231081173117e-01 3.756035133810087245e-01 3.817487127158135096e-01 4.099395396958251392e-01 3.886614574270033651e-01 4.267149785758980185e-01 3.770668913336139294e-01 3.973886295886329134e-01 3.734397005441235096e-01 4.018135277734321553e-01 3.809077124226531996e-01 3.715623228800509215e-01 3.976021038777389771e-01 4.142535924610800113e-01 4.727660370476152729e-01 3.989576006092113158e-01 4.042914156332299558e-01 3.855813432566105314e-01 3.922366187338505727e-01 4.179642488374195053e-01 4.023627105335063070e-01 3.833763956663311934e-01 3.760289018547937623e-01 3.939651624355792747e-01 3.793204101750565216e-01 4.328081744297999633e-01 3.799972354790066564e-01 3.839291666665876623e-01 3.733488764647266978e-01 3.726468814760195980e-01 3.742046977499443594e-01 3.833258222811531946e-01 3.994149452220111529e-01 4.160204887299744914e-01 3.827410951418819263e-01 3.771184787866695420e-01 4.045051759414809434e-01 3.955051155138138985e-01 4.013509048073207186e-01 3.935415420801449127e-01 4.329197738998173950e-01 3.814379139121978346e-01 4.046926224883951595e-01 3.710375817560011003e-01 4.391050159149173515e-01 3.832546295157972516e-01 3.811222007796368216e-01 3.792258938485156827e-01 4.141860919428681509e-01 4.136321508642913369e-01 3.943431497365213478e-01 3.888411554552630434e-01 3.790650990855641833e-01 4.037860718075568234e-01 4.207408966950039741e-01 4.391731924783809360e-01 5.032657665762310106e-01 4.114037757058652822e-01 3.813409014185736301e-01 4.212063798525650382e-01 4.243980154877539657e-01 4.034854136827171756e-01 4.225966929145018036e-01 3.701832685717296179e-01 4.345862774488290503e-01 4.017372386669477158e-01 4.154229427326607271e-01 3.918069139711506388e-01 3.756185423869896622e-01 4.151582190131249406e-01 4.452895818847655840e-01
4.067572906889391771e-01 4.595873149172238215e-01 4.083882238570132883e-01 4.533244837086168322e-01 3.998177901868247841e-01 3.946447179222767887e-01 4.028954861953556454e-01 4.297135772899757233e-01 4.019381801171562074e-01 4.025375202345611303e-01 4.037565598321444793e-01 4.191127717148986354e-01 3.938368178447110846e-01 4.331299979713670312e-01 4.010728681966738152e-01 4.138284640046994700e-01 4.200763182108064320e-01 4.080970823691788540e-01 4.149003857548087537e-01 4.210949883964711926e-01 4.001557868109526517e-01 3.943081253921333351e-01 4.174987656798583857e-01 4.053710078967723840e-01 4.174826185990380689e-01 4.086191193122217791e-01 3.776158920815049780e-01 3.913737509769706358e-01 4.099006670938503127e-01 4.034353863340887081e-01 3.855465009244056773e-01 3.984019174140243091e-01 3.987760824591200515e-01 3.699775428012780920e-01 4.124171935399588707e-01 4.412316982664379883e-01 4.135586439440352424e-01 4.247808131106796115e-01 4.165372213179653338e-01 4.727406073454537561e-01 4.759485980753866419e-01 3.751165787875752056e-01 4.285885079823837374e-01 4.251509998894862918e-01 3.940075972759959355e-01 3.931269703303876817e-01 4.096656373619100289e-01 3.766658404888914569e-01 4.409675205834516776e-01 4.639839492101523466e-01 4.496810158296037918e-01 3.857702719027304439e-01 3.939405127856313027e-01 4.029138434241143485e-01 4.864456567060626013e-01 3.663606487010063750e-01 3.731675143250781645e-01 3.881574916935742192e-01 3.731943221194835569e-01 3.718652951597907763e-01 4.216819776871617576e-01 3.757148008301407494e-01 3.720119449759367036e-01 3.732551921938803141e-01 3.835319120759710376e-01 3.730760142004296287e-01 3.802691356789070776e-01 3.714742549851420272e-01 3.719494367918915190e-01 3.680703151391673256e-01 3.801380609052915083e-01 3.797967880618667857e-01 3.767231223231058967e-01 3.738970451569232911e-01 4.034059263621572189e-01 3.732095851411285081e-01 3.972675654850911786e-01 3.847059426608330224e-01 3.765879652762394447e-01 3.840869192259063203e-01 3.599217857095434181e-01 3.827128572517516925e-01 3.819250045160740292e-01 3.885269764253886926e-01 3.806921059908300875e-01 3.887702487090520798e-01 4.367589308774677548e-01 3.885404973304234511e-01 3.984523087870191493e-01 3.879214478937563215e-01 4.300446054476625424e-01 4.272103377332377994e-01 4.315299288692087676e-01 4.673481063932363178e-01 4.215084680731295275e-01 3.859492418822574877e-01 4.450675270213105272e-01 3.720364386154418890e-01 3.623703436061120331e-01 3.824489915896507886e-01
4.256063683700118117e-01 4.048950200360689200e-01 4.073526785417955209e-01 4.637687068026955517e-01 4.015957111936707125e-01 4.082874931145045183e-01 4.000782236191861019e-01 3.862899166856518240e-01 4.080782831108324960e-01 4.063726729441819452e-01 4.195669441153633272e-01 3.923998576604045274e-01 3.996987542190382769e-01 4.069454392828455447e-01 4.201777249985669260e-01 4.180819327147025644e-01 4.103323479888245640e-01 4.461694287781602930e-01 4.140728803649427192e-01 4.020569560675382181e-01 4.119582108175106616e-01 4.350535807282217560e-01 4.127876663379105304e-01 4.549738781124114673e-01 4.219495615981471714e-01 4.007092858599417551e-01 4.106335261484732047e-01 4.454687338764757865e-01 4.087176139050516799e-01 4.190216096128759893e-01 3.908634148171308276e-01 3.805723419743108904e-01 4.258021094721299860e-01 3.752829119212428566e-01 3.825755420604278201e-01 5.000149249780342364e-01 4.183141282569336483e-01 4.699744901927521146e-01 3.804533060065243832e-01 4.230652442774361921e-01 4.284001253728133007e-01 3.826725805557924520e-01 3.820457565987303572e-01 4.326078050178814305e-01 3.682246874722273633e-01 3.794923596846617175e-01 4.190636544271859054e-01 4.104459755945972232e-01 4.053956315449798731e-01 4.547651361400675274e-01 3.717946744327247366e-01 4.278325593822399631e-01 4.886632931456822981e-01 4.417832991883741678e-01 4.320399270064226860e-01 4.145720617781288309e-01 3.924624698514115329e-01 4.348798631002658843e-01 3.907841355104945125e-01 4.328730227704857825e-01 4.813384988535589493e-01 4.060184252322719956e-01 4.403594438812550860e-01 3.746616003331564859e-01 3.662027401312449859e-01 3.804664888889332519e-01 4.753028188495354578e-01 3.896498095833018649e-01 3.718382273479808320e-01 3.871762380124189606e-01 3.701567727982096323e-01 3.690004493985951095e-01 3.811372037838772764e-01 4.425057315450760531e-01 3.752998910577576286e-01 3.864519335304045788e-01 4.168476820989551190e-01 4.049783296124752074e-01 4.092846078573351143e-01 4.172802210513643084e-01 4.042577173776049082e-01 3.784826340977122117e-01 3.843595734762798033e-01 3.739971778594016749e-01 3.813718694914512430e-01 3.795590021454386398e-01 3.794319316398526154e-01 3.810383711684214858e-01 4.071849413141434559e-01 3.797691482117669382e-01 4.144802756343353711e-01 3.879409752008353141e-01 3.841693187413968702e-01 3.911022668049174422e-01 3.825534405810441241e-01 3.772933144894647928e-01 3.952666795538744560e-01 4.076438460313703827e-01 3.910138608873826582e-01 3.997517457660782481e-01
4.290284574308215748e-01 4.228846881917416312e-01 4.123589236396072999e-01 4.317504756317176451e-01 4.105496705355174414e-01 3.973523571607032179e-01 4.156938548664239064e-01 4.139631270184973011e-01 4.168889208593110629e-01 4.201703925077596158e-01 4.125436660055145088e-01 4.164091887479826060e-01 4.228910326164117550e-01 4.117935937987127759e-01 4.038335509856210703e-01 4.145986875603510646e-01 4.181911920280793615e-01 4.271963747986153859e-01 4.268633965103946215e-01 4.070305689810834737e-01 4.003148914607748132e-01 4.047179741853352830e-01 4.019016476718219599e-01 4.032737595154427535e-01 3.979957442264328571e-01 4.024170281693092988e-01 3.964784386641314051e-01 4.027705998359675243e-01 4.014825776209666186e-01 3.904005318336148944e-01 4.040375086377219205e-01 4.166022776725747390e-01 4.042581594071925633e-01 4.099762541533425453e-01 4.128335854115477432e-01 4.281113240416195009e-01 3.938971418825583659e-01 3.934964030587213002e-01 4.220919471288591129e-01 3.911799860071267232e-01 3.859472137465023156e-01 3.932874270707132913e-01 4.382434742468004352e-01 3.968709349362454231e-01 4.282903200228869722e-01 4.196823398394867177e-01 4.096928091806817385e-01 4.001348294081488177e-01 4.095332885030123493e-01 3.982160829750180930e-01 4.130310946320165932e-01 4.112721808974407200e-01 4.383358844323647086e-01 4.156199319183205843e-01 3.764189019598244146e-01 4.282796853110423796e-01 4.556261577733754509e-01 4.081537921651033907e-01 3.849491109375345332e-01 4.071189748986182577e-01 3.995581368066770667e-01 4.238501328147023517e-01 4.138944304202247237e-01 4.660673646655618119e-01 4.282023301331994158e-01 3.876688929887517898e-01 4.081334068005894600e-01 3.909117260508895297e-01 4.222456954201482815e-01 4.174334753095849115e-01 3.776697156842394043e-01 3.782664296258587133e-01 3.752668168439034502e-01 3.761788278902365446e-01 3.792731390109158607e-01 3.804877323108820097e-01 3.830427153311182775e-01 3.787629588615188392e-01 3.796189101554386935e-01 3.852946220646528697e-01 3.801469014970449978e-01 3.831388177638266335e-01 3.827433052898203125e-01 3.915099220917146461e-01 3.776518264868087837e-01 3.804785536965026860e-01 3.736997959538589376e-01 3.768358138662222800e-01 3.814120941839295731e-01 3.709473557166347302e-01 3.787707853853947149e-01 3.772975267714179237e-01 3.785228327884500588e-01 3.766541137039478571e-01 3.769392747914784292e-01 3.714905060729241648e-01 3.775638886006021377e-01 3.708594438321685116e-01 3.743795334527396101e-01 3.823057480015040199e-01
4.486893614522680096e-01 3.855228653423353191e-01 4.157121860934421820e-01 4.625770990412884642e-01 3.844188314427685604e-01 4.043501535649096645e-01 3.805335473775574018e-01 3.823011716951845718e-01 3.863304533990156164e-01 4.045561393527656868e-01 3.891859385336487454e-01 4.439246985249902799e-01 3.899157033811579409e-01 3.840426902653985008e-01 3.887219114735528946e-01 4.133022927849248074e-01 3.823537992178582257e-01 3.843727823604290994e-01 3.724472661145741825e-01 3.788053677001950725e-01 3.846713343442921818e-01 3.788986359431942841e-01 4.112947244064120711e-01 4.240411155983179747e-01 3.890839077041173821e-01 4.121708530509222701e-01 4.233587519236516883e-01 4.036814408039803848e-01 4.079416179630198647e-01 3.904956982036670299e-01 4.168102915961859889e-01 3.789746650322741717e-01 4.125678476241343429e-01 3.816074192582005753e-01 4.160440203050830288e-01 4.490924924362266757e-01 3.847250019365838769e-01 3.971826958042578015e-01 4.061972131996158808e-01 4.123947280362088574e-01 4.191299848670774209e-01 3.750319171206654145e-01 3.993147085125709483e-01 3.827007664424417754e-01 4.498669282738314013e-01 4.299342540611867935e-01 3.931253062189987713e-01 3.790903987790233964e-01 4.066928323743601581e-01 4.566706476873085285e-01 3.816148557559696508e-01 4.321801283909366687e-01 3.808241688305827877e-01 3.989513861932434402e-01 3.872803749829268893e-01 4.239657625544897557e-01 4.049094510020194160e-01 3.824067387614172864e-01 4.251305365197510233e-01 4.395956167537545256e-01 4.031349622249131293e-01 4.010709700696208357e-01 4.141911882839966474e-01 4.260035969588879534e-01 4.335239243392058905e-01 3.743899081471797063e-01 4.264969539822129341e-01 3.851572808715885143e-01 4.128635394165477424e-01 3.845317830032894402e-01 3.777156607596170446e-01 3.802828905996058495e-01 3.872404103078530557e-01 3.859312226761246745e-01 3.783550955607980493e-01 3.772583941520385453e-01 3.812228275151837709e-01 3.878798451090340604e-01 3.761834041965559927e-01 3.860048856068235001e-01 3.760394845631575000e-01 3.711317600599161048e-01 3.897499942892611036e-01 3.826953320786874446e-01 3.813392893106656301e-01 3.873914024146543622e-01 3.845229684132764336e-01 3.791944837460503592e-01 3.840961498437666100e-01 4.461723929765717411e-01 4.168037911610731339e-01 4.211209121317012749e-01 3.972071634420225594e-01 3.716083459606499551e-01 4.285496093786684280e-01 4.244193889184050272e-01 3.823008076708182545e-01 3.769518856355973946e-01 3.942639224333659431e-01 3.753802364357524679e-01
3.836459297078504416e-01 4.171508623926185599e-01 4.637104629040844084e-01 4.093848185650348359e-01 3.901399683925513284e-01 4.031078424096223300e-01 4.100531412998573710e-01 3.725661200701775311e-01 4.266716596763059921e-01 3.863572351916805259e-01 4.074464408178632979e-01 3.849806250469616775e-01 3.572942058299668489e-01 3.861068904346143804e-01 4.150686950207507220e-01 4.069349605814436277e-01 4.054095684778618036e-01 4.026947787608112228e-01 4.223429679311769824e-01 4.179348668707094094e-01 3.995387395083002668e-01 3.991888340870456964e-01 3.884944222463435626e-01 4.108331675116591031e-01 3.953245334263788546e-01 4.078449954955024603e-01 3.723189475254464753e-01 3.993524630397063957e-01 4.123069981639257975e-01 3.870137791380786063e-01 3.921855773173444915e-01 3.889577992629280612e-01 3.881971703495030734e-01 3.946388675306752303e-01 3.940485760189473829e-01 4.034661203913022520e-01 4.043625823968454158e-01 4.045011456717109710e-01 3.864617101848142888e-01 3.959682065112534177e-01 3.842563985701686335e-01 4.200662815389921700e-01 4.175374302679096261e-01 4.296491969806179867e-01 4.581811927970925735e-01 4.678134855438356166e-01 4.409525955844325606e-01 4.420327598862649476e-01 4.496808598191611162e-01 4.355949109626796045e-01 4.093359612947266024e-01 3.899999750219609318e-01 4.258674778476248535e-01 3.966749078149822694e-01 5.053651471002776896e-01 4.060544636445376221e-01 4.183269731167166272e-01 4.091753745456987446e-01 4.136661091373208810e-01 4.094126404273178421e-01 4.109646063096409896e-01 4.346054927350226360e-01 4.966966348651064567e-01 4.358862344626971419e-01 4.284589153079739199e-01 4.093920990523612358e-01 4.326120693033154718e-01 4.347582529601746737e-01 4.034984405546833686e-01 3.976122445565150598e-01 4.065239250683878036e-01 4.140233470493827617e-01 4.018134757699512449e-01 4.278046855164760465e-01 4.104910886142804083e-01 4.164692267666849079e-01 4.063666405403972282e-01 4.263426076508933793e-01 4.453497499121701342e-01 4.237485440147586990e-01 4.167450272276529977e-01 4.064566065623591018e-01 3.999112404420071543e-01 4.211030229342707099e-01 4.016951678508973167e-01 4.511674313242489687e-01 4.039460865182947780e-01 3.720865699710322327e-01 4.648760169215592208e-01 4.183136082221245999e-01 4.237741557291033745e-01 4.230589258545064957e-01 4.299158188272067527e-01 4.184130388776107767e-01 4.188190560547594976e-01 4.133245242730107516e-01 3.819024350053622507e-01 4.212094740596787901e-01 4.202457715533282623e-01 4.368343359247768287e-01
4.084720274664881412e-01 4.605500553591776458e-01 4.057647002489471189e-01 4.444699550222562801e-01 3.997646166276016544e-01 4.063014281753450918e-01 3.988708588030654423e-01 4.113507061536039733e-01 4.070949232887007274e-01 3.972336072120616346e-01 3.982925540936856912e-01 4.156514200260072456e-01 4.166199068526008076e-01 4.040548257968625823e-01 3.914860524939802189e-01 3.937816681532136931e-01 3.916104708220402575e-01 3.887944823311527687e-01 3.944675420628409035e-01 3.814153444014860006e-01 3.887955484025112929e-01 3.832440988109144242e-01 4.161796453832775633e-01 3.767488380444123375e-01 3.819120296475888021e-01 4.149969822205857306e-01 4.150107111395440751e-01 4.095323264386156459e-01 3.847567760634155176e-01 3.797491008698788972e-01 3.795274360325306406e-01 3.925642666652787716e-01 3.767262165302195931e-01 3.873557020250145699e-01 3.919354665759423595e-01 3.732244581366667147e-01 3.826844633511787830e-01 4.117730004202752592e-01 4.150059008175605579e-01 4.015568905951767409e-01 3.821395188747981342e-01 4.103889017743063694e-01 3.785457403217877270e-01 3.866785386984386008e-01 4.017983427570085420e-01 3.729791577172481554e-01 4.320907604090051812e-01 3.830337447306625398e-01 4.309002187189565625e-01 4.203439541252727563e-01 3.849458087164972508e-01 4.128721979961180732e-01 3.674341565572832313e-01 3.876087249613472396e-01 3.802735819765242220e-01 3.729524279280641008e-01 4.172745526719459086e-01 4.224154867852959461e-01 4.228199698597580602e-01 4.175728446384044390e-01 3.867305161776009581e-01 4.048106963917850187e-01 3.840330436196910391e-01 3.973747706609723207e-01 3.803859094952743436e-01 3.870664586642331151e-01 4.173020365116030250e-01 4.179682271037085672e-01 4.051910758528486367e-01 4.324239727128899591e-01 3.985608400516633121e-01 3.912063777736848880e-01 4.140865312786797259e-01 4.201184670320781689e-01 4.440645878886188558e-01 4.202692511249558893e-01 4.387369352770872366e-01 5.029275359364391296e-01 4.103954022094192244e-01 4.202565882773560135e-01 4.791561727774723001e-01 4.189367919355234671e-01 4.004821346553582573e-01 4.049548760425880634e-01 4.176405791722803684e-01 3.794037457532032920e-01 3.847842859048130615e-01 4.252129100335010903e-01 3.933796032406135512e-01 4.112729089461733545e-01 3.828002230996684352e-01 3.690351357203572880e-01 3.819600288604620975e-01 3.829970822766260441e-01 3.729520639036977836e-01 3.804755374946103275e-01 3.675374614720966493e-01 3.775943106369302749e-01 3.748514390401921914e-01 3.744783140647144903e-01
4.460020295731341178e-01 4.280526641151611300e-01 4.260186259648688911e-01 4.604289912556358555e-01 4.066671946582750552e-01 3.965497094347087415e-01 4.030075276949607876e-01 4.054476870293635682e-01 3.993890214867810706e-01 4.321065434654591808e-01 4.014460191738919437e-01 3.967092041106376477e-01 3.863834969495364424e-01 3.862354170376656737e-01 3.976812531756730995e-01 3.854264768904819283e-01 3.928264162125098546e-01 3.847770834227080550e-01 3.821477874282617204e-01 3.938631836095288219e-01 3.900893950073733296e-01 4.207894419444267453e-01 4.003143714259657648e-01 3.873485255446499909e-01 3.804663848819714311e-01 3.726826598708807281e-01 3.858599519055473936e-01 4.191826123897510747e-01 3.773255826493649989e-01 3.811191845777444631e-01 3.783332020953379393e-01 3.773657293366219911e-01 3.924337119264722507e-01 3.911660230725043097e-01 3.823934518720465969e-01 4.235063898059347465e-01 4.188977633231059094e-01 3.747725237579221935e-01 3.737477691649917499e-01 3.712127554814222408e-01 3.817367779169463238e-01 3.872779828228053445e-01 3.790758378043705967e-01 3.887170751498289500e-01 3.905401871815794013e-01 3.871025230782392246e-01 3.874499063306700575e-01 4.186075318961873237e-01 4.144629584751947093e-01 4.168078994360644995e-01 4.054396264898236235e-01 4.114712242205962323e-01 4.381513760821215131e-01 3.765840130116908657e-01 3.769857399016651178e-01 3.804356248230174042e-01 3.874402856867030231e-01 3.782230847245262595e-01 4.061619808413041710e-01 3.811453943321194693e-01 3.911577025155598686e-01 3.879836440569160994e-01 4.119298689204186070e-01 4.000054967511434967e-01 3.850272981710719522e-01 4.005935781149330133e-01 3.740974925740632173e-01 3.766244197163523544e-01 3.827710491468819254e-01 3.712945049534014386e-01 3.768510248843863764e-01 3.787569004559936392e-01 3.703949747424850059e-01 3.828639013620339093e-01 3.803024959119062354e-01 3.692867805644460266e-01 3.822775361131142136e-01 3.770407595844602611e-01 3.850517398070962827e-01 3.966111515473954019e-01 3.796730717807990096e-01 3.785661516880420852e-01 3.903943954228683566e-01 3.914460098136851030e-01 3.788167564625127826e-01 3.829513452151719899e-01 3.882026047132574043e-01 3.846569813835629681e-01 3.814030195765120146e-01 3.791590433738151189e-01 3.854976176523570164e-01 4.141893941639054888e-01 3.724934972090967467e-01 3.652281168939048861e-01 3.825985275989868817e-01 3.893695888264570026e-01 4.017315702875293160e-01 3.986260004132345380e-01 3.916564418991583252e-01 4.128707939021337148e-01
