3.365501165390014648e-01 2.848300337791442871e-01 2.114471793174743652e-01 2.503516077995300293e-01 1.619431674480438232e-01 1.643985211849212646e-01 1.759355962276458740e-01 1.774564087390899658e-01 1.755996942520141602e-01 1.626051068305969238e-01 2.591181695461273193e-01 1.671965718269348145e-01 1.600488424301147461e-01 1.551359295845031738e-01 1.739212870597839355e-01 1.571299135684967041e-01 1.608017385005950928e-01 1.704984009265899658e-01 1.732749044895172119e-01 1.572851538658142090e-01 1.850446760654449463e-01 1.740112602710723877e-01 1.815360188484191895e-01 1.693594753742218018e-01 1.405696570873260498e-01 1.721894741058349609e-01 1.560209095478057861e-01 1.476302742958068848e-01 1.789726912975311279e-01 1.821926832199096680e-01 1.804900765419006348e-01 1.862910389900207520e-01 1.700754165649414062e-01 1.575730741024017334e-01 1.603578925132751465e-01 1.794378757476806641e-01 1.868559718132019043e-01 1.675415337085723877e-01 1.718478798866271973e-01 1.626048088073730469e-01 1.649510264396667480e-01 1.683250069618225098e-01 1.660541892051696777e-01 1.614372432231903076e-01 1.554792821407318115e-01 1.592094004154205322e-01 1.321591734886169434e-01 1.675377190113067627e-01 1.747021377086639404e-01 1.627202033996582031e-01 1.778326034545898438e-01 1.758542954921722412e-01 1.744508743286132812e-01 1.919227242469787598e-01 1.784687638282775879e-01 2.530326247215270996e-01 1.806733608245849609e-01 1.720559597015380859e-01 1.723775863647460938e-01 1.475288271903991699e-01 1.598742902278900146e-01 1.448193788528442383e-01 1.655783951282501221e-01 1.506821811199188232e-01 1.675488650798797607e-01 1.504530608654022217e-01 1.718969941139221191e-01 1.677768230438232422e-01 1.637192070484161377e-01 1.627109348773956299e-01 1.814562976360321045e-01 1.830489933490753174e-01 1.602591574192047119e-01 1.807674467563629150e-01 1.624680161476135254e-01 1.760632991790771484e-01 1.671587526798248291e-01 1.725668013095855713e-01 1.712888181209564209e-01 1.762983500957489014e-01 1.511937081813812256e-01 1.642609834671020508e-01 1.575014591217041016e-01 1.522853970527648926e-01 1.766094565391540527e-01 1.777738034725189209e-01 1.641830205917358398e-01 1.922021806240081787e-01 1.629153192043304443e-01 1.612161099910736084e-01 1.842099726200103760e-01 1.661815643310546875e-01 1.573481261730194092e-01 1.573450863361358643e-01 1.658259332180023193e-01 1.627866923809051514e-01 1.451573073863983154e-01 1.598520576953887939e-01 1.642364561557769775e-01 1.753712296485900879e-01
2.370610237121582031e-01 2.843811511993408203e-01 2.330022454261779785e-01 3.495744466781616211e-01 2.174459397792816162e-01 2.600612640380859375e-01 1.812497973442077637e-01 2.877239584922790527e-01 1.659220755100250244e-01 1.543799042701721191e-01 9.726849198341369629e-02 9.629017114639282227e-02 1.005313396453857422e-01 1.120364665985107422e-01 9.819239377975463867e-02 1.052424907684326172e-01 1.054226756095886230e-01 1.007834672927856445e-01 9.947246313095092773e-02 8.031499385833740234e-02 8.973366022109985352e-02 1.020537912845611572e-01 9.820681810379028320e-02 1.072433292865753174e-01 8.720657229423522949e-02 9.430921077728271484e-02 9.695836901664733887e-02 8.936169743537902832e-02 8.203524351119995117e-02 8.680734038352966309e-02 8.897855877876281738e-02 9.955042600631713867e-02 1.037863194942474365e-01 9.358221292495727539e-02 8.916065096855163574e-02 8.715927600860595703e-02 8.986756205558776855e-02 8.341205120086669922e-02 8.381080627441406250e-02 1.061662435531616211e-01 8.582788705825805664e-02 9.167304635047912598e-02 9.786903858184814453e-02 9.381654858589172363e-02 8.678483963012695312e-02 1.090270876884460449e-01 1.029936671257019043e-01 1.001609563827514648e-01 1.161566972732543945e-01 8.568003773689270020e-02 9.908974170684814453e-02 9.957277774810791016e-02 1.062616705894470215e-01 1.022687554359436035e-01 1.003544628620147705e-01 9.580925107002258301e-02 1.025878489017486572e-01 1.026605665683746338e-01 1.014932692050933838e-01 8.741918206214904785e-02 9.107279777526855469e-02 1.104450523853302002e-01 1.095488667488098145e-01 9.931296110153198242e-02 8.950871229171752930e-02 1.117126047611236572e-01 9.857514500617980957e-02 8.432644605636596680e-02 9.750124812126159668e-02 1.215817034244537354e-01 8.068788051605224609e-02 8.440795540809631348e-02 8.584684133529663086e-02 8.704847097396850586e-02 9.833791851997375488e-02 1.021957993507385254e-01 1.072981059551239014e-01 1.144377589225769043e-01 9.616979956626892090e-02 1.189944446086883545e-01 1.034803390502929688e-01 8.875513076782226562e-02 8.054053783416748047e-02 9.906789660453796387e-02 9.720495343208312988e-02 8.945235610008239746e-02 8.690243959426879883e-02 9.235960245132446289e-02 9.035307168960571289e-02 8.912861347198486328e-02 1.150171458721160889e-01 8.693677186965942383e-02 7.563799619674682617e-02 8.142068982124328613e-02 9.866523742675781250e-02 1.120882034301757812e-01 1.073808372020721436e-01 9.310710430145263672e-02 1.135354042053222656e-01 9.211277961730957031e-02
2.056958079338073730e-01 2.998025417327880859e-01 3.519151806831359863e-01 3.041329383850097656e-01 2.145960927009582520e-01 1.774420738220214844e-01 1.899781823158264160e-01 2.078800201416015625e-01 1.549503803253173828e-01 3.102875351905822754e-01 2.920652031898498535e-01 3.002526164054870605e-01 1.749251484870910645e-01 1.799511313438415527e-01 1.775738000869750977e-01 1.787090301513671875e-01 1.464627981185913086e-01 2.217935323715209961e-01 1.026258766651153564e-01 1.020083129405975342e-01 8.359536528587341309e-02 2.732378840446472168e-01 9.590035676956176758e-02 1.078024506568908691e-01 1.081582605838775635e-01 1.200207173824310303e-01 9.297689795494079590e-02 1.009012162685394287e-01 1.208687722682952881e-01 1.148833930492401123e-01 8.695709705352783203e-02 1.304943859577178955e-01 1.098169386386871338e-01 9.799614548683166504e-02 1.074413955211639404e-01 1.127544939517974854e-01 9.273746609687805176e-02 1.002483963966369629e-01 1.055191457271575928e-01 1.059615015983581543e-01 9.752687811851501465e-02 9.802010655403137207e-02 1.053037047386169434e-01 9.912875294685363770e-02 8.695787191390991211e-02 9.437617659568786621e-02 9.286588430404663086e-02 1.030429303646087646e-01 9.581860899925231934e-02 1.040152311325073242e-01 9.940069913864135742e-02 9.704914689064025879e-02 8.336350321769714355e-02 1.214392483234405518e-01 1.049260795116424561e-01 1.051294207572937012e-01 1.073531210422515869e-01 1.312091350555419922e-01 1.003889739513397217e-01 1.166351735591888428e-01 1.172736585140228271e-01 1.121204793453216553e-01 1.083351969718933105e-01 9.046131372451782227e-02 1.015070676803588867e-01 9.656363725662231445e-02 9.741541743278503418e-02 1.122606098651885986e-01 9.907770156860351562e-02 1.087340116500854492e-01 9.979748725891113281e-02 1.175948381423950195e-01 1.060733497142791748e-01 9.365299344062805176e-02 1.033756434917449951e-01 1.027758121490478516e-01 9.688463807106018066e-02 9.615415334701538086e-02 9.262475371360778809e-02 1.099860966205596924e-01 7.594969868659973145e-02 1.072607934474945068e-01 9.746783971786499023e-02 1.176570355892181396e-01 9.855538606643676758e-02 1.063274741172790527e-01 1.146065890789031982e-01 8.772361278533935547e-02 1.014670729637145996e-01 9.190672636032104492e-02 9.290939569473266602e-02 1.029201745986938477e-01 1.042627096176147461e-01 8.858174085617065430e-02 9.372320771217346191e-02 1.066999435424804688e-01 1.137291491031646729e-01 9.772184491157531738e-02 1.078110337257385254e-01 1.030494272708892822e-01
2.037023603916168213e-01 2.616466879844665527e-01 2.547879219055175781e-01 3.143345117568969727e-01 2.967536449432373047e-01 1.804552078247070312e-01 1.652332842350006104e-01 1.579063534736633301e-01 1.654129028320312500e-01 1.578248739242553711e-01 1.822296679019927979e-01 1.740080416202545166e-01 1.687737703323364258e-01 1.634689569473266602e-01 1.567675471305847168e-01 1.528098881244659424e-01 1.557055413722991943e-01 1.670532524585723877e-01 1.637918055057525635e-01 1.606441736221313477e-01 1.696300506591796875e-01 1.692296862602233887e-01 1.621194481849670410e-01 1.496764123439788818e-01 1.549996733665466309e-01 1.717816889286041260e-01 1.720429360866546631e-01 1.487257182598114014e-01 1.570607423782348633e-01 1.755227148532867432e-01 1.719598770141601562e-01 1.826977729797363281e-01 1.630760729312896729e-01 1.610009968280792236e-01 1.573567092418670654e-01 1.706458330154418945e-01 1.691053211688995361e-01 1.682129502296447754e-01 1.803699731826782227e-01 1.667431592941284180e-01 1.618689298629760742e-01 1.904684305191040039e-01 1.640855967998504639e-01 1.666845083236694336e-01 1.721974611282348633e-01 1.860493421554565430e-01 1.583455204963684082e-01 1.666632294654846191e-01 1.694597303867340088e-01 1.626591980457305908e-01 1.738084852695465088e-01 1.614616811275482178e-01 1.688305437564849854e-01 1.738426685333251953e-01 1.630904972553253174e-01 1.686831712722778320e-01 1.732991635799407959e-01 1.729038655757904053e-01 1.732307076454162598e-01 1.642633080482482910e-01 1.497287750244140625e-01 1.750001311302185059e-01 1.505283415317535400e-01 1.994451582431793213e-01 1.687563359737396240e-01 1.762274801731109619e-01 1.640103459358215332e-01 1.716971099376678467e-01 1.633157134056091309e-01 1.546941697597503662e-01 1.712261438369750977e-01 1.766639053821563721e-01 1.365084648132324219e-01 1.764575242996215820e-01 1.833909451961517334e-01 1.499110460281372070e-01 1.933307945728302002e-01 1.574184000492095947e-01 1.677534580230712891e-01 1.528221070766448975e-01 1.854672729969024658e-01 1.700555682182312012e-01 1.758734583854675293e-01 1.531093418598175049e-01 1.592260301113128662e-01 1.782299876213073730e-01 1.605088710784912109e-01 1.582008004188537598e-01 1.659727692604064941e-01 1.651008129119873047e-01 1.697050929069519043e-01 1.614631116390228271e-01 1.447064280509948730e-01 1.785081326961517334e-01 1.654455661773681641e-01 1.644591987133026123e-01 1.510125994682312012e-01 1.702728271484375000e-01 1.714513003826141357e-01 1.669310629367828369e-01
1.820346415042877197e-01 3.064078688621520996e-01 2.916777729988098145e-01 4.244728088378906250e-01 1.644439697265625000e-01 1.767760813236236572e-01 1.670259237289428711e-01 1.635700464248657227e-01 1.591072380542755127e-01 1.992295384407043457e-01 1.723012626171112061e-01 1.784873306751251221e-01 1.453604400157928467e-01 1.586111783981323242e-01 1.755007207393646240e-01 1.666636168956756592e-01 1.839220225811004639e-01 1.885983645915985107e-01 1.719533205032348633e-01 1.737535595893859863e-01 1.697985827922821045e-01 1.689407825469970703e-01 1.784298717975616455e-01 1.569622755050659180e-01 1.782441139221191406e-01 1.578602790832519531e-01 1.920542418956756592e-01 1.612388193607330322e-01 1.650705039501190186e-01 1.855341494083404541e-01 1.752279102802276611e-01 1.592513918876647949e-01 1.674056947231292725e-01 1.589709222316741943e-01 1.730696856975555420e-01 1.557815074920654297e-01 1.575672626495361328e-01 1.752837002277374268e-01 1.446293890476226807e-01 1.761977970600128174e-01 1.381246447563171387e-01 1.709003150463104248e-01 1.635583043098449707e-01 1.588417589664459229e-01 1.447994410991668701e-01 1.580056250095367432e-01 1.759527027606964111e-01 1.650526821613311768e-01 1.745261847972869873e-01 1.605708897113800049e-01 1.844716668128967285e-01 1.665428578853607178e-01 1.784918010234832764e-01 1.570568680763244629e-01 1.625265479087829590e-01 1.747921407222747803e-01 1.417652964591979980e-01 1.727944612503051758e-01 1.759822368621826172e-01 1.560538709163665771e-01 1.754582822322845459e-01 1.648913919925689697e-01 1.793331801891326904e-01 1.562305092811584473e-01 1.697559356689453125e-01 1.569720208644866943e-01 1.707634925842285156e-01 1.533810198307037354e-01 1.674128174781799316e-01 1.728395521640777588e-01 1.681377589702606201e-01 1.638057231903076172e-01 1.542745530605316162e-01 1.753497123718261719e-01 1.561453342437744141e-01 1.693299710750579834e-01 1.606478691101074219e-01 1.513118743896484375e-01 1.695775985717773438e-01 1.613826751708984375e-01 1.561206877231597900e-01 1.929737925529479980e-01 1.642939746379852295e-01 1.749094128608703613e-01 1.671749651432037354e-01 1.675004959106445312e-01 1.676208674907684326e-01 1.661086082458496094e-01 1.538503766059875488e-01 1.829586625099182129e-01 1.648948788642883301e-01 1.519300639629364014e-01 1.748664081096649170e-01 1.581813395023345947e-01 1.625733971595764160e-01 1.723893880844116211e-01 1.823491752147674561e-01 1.795012354850769043e-01 1.581524014472961426e-01 1.644603013992309570e-01
3.458140790462493896e-01 3.321915864944458008e-01 2.613894343376159668e-01 1.963400840759277344e-01 1.859100162982940674e-01 1.666122376918792725e-01 2.571126818656921387e-01 9.012430906295776367e-02 7.715383172035217285e-02 8.353719115257263184e-02 8.915463089942932129e-02 1.039844751358032227e-01 9.474951028823852539e-02 1.038928925991058350e-01 9.743541479110717773e-02 1.038110852241516113e-01 9.529843926429748535e-02 9.892445802688598633e-02 1.014934480190277100e-01 9.989532828330993652e-02 9.598359465599060059e-02 1.051895916461944580e-01 1.036296188831329346e-01 1.133317947387695312e-01 1.033147275447845459e-01 7.608467340469360352e-02 9.879451990127563477e-02 8.301052451133728027e-02 9.743601083755493164e-02 8.520480990409851074e-02 9.472197294235229492e-02 8.899369835853576660e-02 1.101498603820800781e-01 1.030594110488891602e-01 9.372812509536743164e-02 8.811840415000915527e-02 1.110630631446838379e-01 8.605608344078063965e-02 9.245160222053527832e-02 9.911847114562988281e-02 9.346371889114379883e-02 8.575901389122009277e-02 1.074316203594207764e-01 8.533540368080139160e-02 1.045957803726196289e-01 9.484234452247619629e-02 9.557160735130310059e-02 1.050856709480285645e-01 9.508016705513000488e-02 9.018161892890930176e-02 7.182449102401733398e-02 8.758065104484558105e-02 9.123468399047851562e-02 9.686362743377685547e-02 7.680079340934753418e-02 1.020905375480651855e-01 9.764784574508666992e-02 1.114477217197418213e-01 1.001057028770446777e-01 1.044113934040069580e-01 9.375023841857910156e-02 9.860435128211975098e-02 9.201952815055847168e-02 9.583157300949096680e-02 8.591845631599426270e-02 9.819981455802917480e-02 9.389930963516235352e-02 8.234691619873046875e-02 1.074563860893249512e-01 8.846670389175415039e-02 9.105932712554931641e-02 7.384747266769409180e-02 9.442278742790222168e-02 9.726318717002868652e-02 9.038472175598144531e-02 1.097626090049743652e-01 9.250754117965698242e-02 9.633716940879821777e-02 9.344136714935302734e-02 1.066641211509704590e-01 1.118228733539581299e-01 1.007118821144104004e-01 9.078949689865112305e-02 9.524980187416076660e-02 8.744528889656066895e-02 8.515003323554992676e-02 1.011376380920410156e-01 8.831244707107543945e-02 1.049071848392486572e-01 1.005278527736663818e-01 8.640310168266296387e-02 9.217798709869384766e-02 9.301570057868957520e-02 1.064521372318267822e-01 7.519370317459106445e-02 9.208160638809204102e-02 8.280050754547119141e-02 8.616206049919128418e-02 9.880915284156799316e-02 8.298394083976745605e-02
2.542584538459777832e-01 2.617874145507812500e-01 2.986271381378173828e-01 3.262252211570739746e-01 2.198842167854309082e-01 1.967802047729492188e-01 2.731954157352447510e-01 1.725994348526000977e-01 1.486169397830963135e-01 1.654645502567291260e-01 1.711513400077819824e-01 1.561303734779357910e-01 1.682808697223663330e-01 1.653759479522705078e-01 1.656749844551086426e-01 1.617542207241058350e-01 1.757377982139587402e-01 1.806247532367706299e-01 1.537421941757202148e-01 1.665589213371276855e-01 1.641210317611694336e-01 1.537664830684661865e-01 1.735717058181762695e-01 1.688612699508666992e-01 1.649057567119598389e-01 1.653156876564025879e-01 1.780476868152618408e-01 1.642013490200042725e-01 1.664651632308959961e-01 1.684585511684417725e-01 1.677373945713043213e-01 1.639266312122344971e-01 1.778160333633422852e-01 1.748030185699462891e-01 1.585118174552917480e-01 1.486201286315917969e-01 1.782246828079223633e-01 1.541979014873504639e-01 1.679934859275817871e-01 1.566221415996551514e-01 1.574007272720336914e-01 1.734784245491027832e-01 1.664452254772186279e-01 1.732432246208190918e-01 1.581852734088897705e-01 1.613073050975799561e-01 1.685616672039031982e-01 1.575165092945098877e-01 1.637662351131439209e-01 1.667026877403259277e-01 1.588964164257049561e-01 1.610819399356842041e-01 1.690070033073425293e-01 1.718101203441619873e-01 1.770844161510467529e-01 1.784129440784454346e-01 1.890179514884948730e-01 1.743183434009552002e-01 1.673852205276489258e-01 1.652724146842956543e-01 1.730245053768157959e-01 1.583603620529174805e-01 1.642864346504211426e-01 1.768644154071807861e-01 1.711826622486114502e-01 1.720007061958312988e-01 1.861607432365417480e-01 1.535479724407196045e-01 1.771224141120910645e-01 1.571915149688720703e-01 1.764663755893707275e-01 1.600159406661987305e-01 1.706369817256927490e-01 1.668377220630645752e-01 1.821074187755584717e-01 1.633914411067962646e-01 1.710726320743560791e-01 1.701058745384216309e-01 1.635263860225677490e-01 1.652181446552276611e-01 1.730767786502838135e-01 1.636363267898559570e-01 1.566411554813385010e-01 1.638181507587432861e-01 1.597206592559814453e-01 1.634176671504974365e-01 1.824505031108856201e-01 1.910653412342071533e-01 1.625318825244903564e-01 1.806477308273315430e-01 1.627639830112457275e-01 1.676528453826904297e-01 1.745373606681823730e-01 1.610406339168548584e-01 1.775478124618530273e-01 1.697325706481933594e-01 1.663125753402709961e-01 1.601086854934692383e-01 1.679778397083282471e-01 1.650692224502563477e-01
2.283700108528137207e-01 3.651648163795471191e-01 2.121759057044982910e-01 2.981666326522827148e-01 1.238683760166168213e-01 3.889548480510711670e-01 3.602852225303649902e-01 1.593554615974426270e-01 1.530809104442596436e-01 2.194455564022064209e-01 2.107241749763488770e-01 1.716051697731018066e-01 2.020397782325744629e-01 2.129334211349487305e-01 2.043281197547912598e-01 2.258158922195434570e-01 2.072681188583374023e-01 9.341782331466674805e-02 8.447420597076416016e-02 8.887049555778503418e-02 2.161079347133636475e-01 1.004571020603179932e-01 9.123912453651428223e-02 9.825485944747924805e-02 9.607419371604919434e-02 9.248352050781250000e-02 8.071064949035644531e-02 1.202155947685241699e-01 8.851954340934753418e-02 1.096995472908020020e-01 1.025439202785491943e-01 8.702525496482849121e-02 1.087343096733093262e-01 9.117159247398376465e-02 8.946081995964050293e-02 1.032331585884094238e-01 1.018983721733093262e-01 9.139436483383178711e-02 1.067315340042114258e-01 1.201333701610565186e-01 8.284497261047363281e-02 8.304110169410705566e-02 1.022373735904693604e-01 8.337414264678955078e-02 8.007019758224487305e-02 9.171769022941589355e-02 1.115528643131256104e-01 9.641835093498229980e-02 8.125331997871398926e-02 8.259844779968261719e-02 9.317943453788757324e-02 9.833070635795593262e-02 7.739526033401489258e-02 1.095819771289825439e-01 9.367644786834716797e-02 8.110508322715759277e-02 8.947193622589111328e-02 9.449696540832519531e-02 8.619979023933410645e-02 1.034134328365325928e-01 9.577873349189758301e-02 9.189191460609436035e-02 8.749145269393920898e-02 9.301081299781799316e-02 9.933638572692871094e-02 7.870113849639892578e-02 8.584505319595336914e-02 9.525799751281738281e-02 9.741634130477905273e-02 9.808924794197082520e-02 1.067115664482116699e-01 8.874246478080749512e-02 8.397719264030456543e-02 1.031415164470672607e-01 9.432885050773620605e-02 8.711427450180053711e-02 9.205886721611022949e-02 9.181073307991027832e-02 9.815451502799987793e-02 9.288209676742553711e-02 9.616044163703918457e-02 1.101736724376678467e-01 9.579652547836303711e-02 8.870840072631835938e-02 1.007254719734191895e-01 9.226354956626892090e-02 1.216173768043518066e-01 9.538385272026062012e-02 7.765558362007141113e-02 1.023976206779479980e-01 1.000906825065612793e-01 1.125021874904632568e-01 7.806280255317687988e-02 9.320330619812011719e-02 8.492669463157653809e-02 9.692484140396118164e-02 7.329308986663818359e-02 1.029856503009796143e-01 1.069969534873962402e-01 8.182850480079650879e-02
2.575197815895080566e-01 3.224091827869415283e-01 3.726306557655334473e-01 1.782623231410980225e-01 1.801920235157012939e-01 1.870024204254150391e-01 1.716104447841644287e-01 1.660415530204772949e-01 1.741922795772552490e-01 1.736428737640380859e-01 1.472742855548858643e-01 1.734391152858734131e-01 1.730412244796752930e-01 1.643036901950836182e-01 1.574406921863555908e-01 1.825255453586578369e-01 1.852104067802429199e-01 1.667487621307373047e-01 1.682927608489990234e-01 1.612014770507812500e-01 1.642082333564758301e-01 1.831294298171997070e-01 1.629603803157806396e-01 1.809912621974945068e-01 1.660424470901489258e-01 1.599048674106597900e-01 1.699968576431274414e-01 1.845210790634155273e-01 1.648909747600555420e-01 1.565948128700256348e-01 1.654886305332183838e-01 1.521149873733520508e-01 1.386786997318267822e-01 3.466029167175292969e-01 1.223400235176086426e-01 1.575521230697631836e-01 1.470641493797302246e-01 1.547043919563293457e-01 2.606793642044067383e-01 2.553551793098449707e-01 2.464284002780914307e-01 2.643209099769592285e-01 2.693253159523010254e-01 2.466857731342315674e-01 2.595699727535247803e-01 2.714264392852783203e-01 2.581378221511840820e-01 2.656993865966796875e-01 2.617318034172058105e-01 2.739086151123046875e-01 2.513359189033508301e-01 2.694826424121856689e-01 2.598695158958435059e-01 2.799711823463439941e-01 2.471271157264709473e-01 2.552027106285095215e-01 2.601396739482879639e-01 1.397680342197418213e-01 2.457497417926788330e-01 2.564033269882202148e-01 2.729000449180603027e-01 2.488355934619903564e-01 2.559062838554382324e-01 2.541150748729705811e-01 2.481720745563507080e-01 2.631731033325195312e-01 2.559592723846435547e-01 2.516797184944152832e-01 1.475831568241119385e-01 2.618983387947082520e-01 2.544575631618499756e-01 2.488338351249694824e-01 2.477315962314605713e-01 2.649206817150115967e-01 1.166062057018280029e-01 2.588022053241729736e-01 2.594106197357177734e-01 2.709788084030151367e-01 2.473151981830596924e-01 2.558217048645019531e-01 2.774025201797485352e-01 2.663253545761108398e-01 2.641482949256896973e-01 1.152327358722686768e-01 2.776950001716613770e-01 2.722480297088623047e-01 2.611107230186462402e-01 2.413819134235382080e-01 2.674560248851776123e-01 2.195959985256195068e-01 1.087642908096313477e-01 2.073125243186950684e-01 2.066673636436462402e-01 2.156094610691070557e-01 2.058021128177642822e-01 2.111197113990783691e-01 2.122882604598999023e-01 2.073606252670288086e-01 2.140606641769409180e-01 2.175146937370300293e-01
4.058878123760223389e-01 2.342532575130462646e-01 2.803453803062438965e-01 2.660673260688781738e-01 2.420218586921691895e-01 4.116820394992828369e-01 1.926457285881042480e-01 8.612674474716186523e-02 2.033547163009643555e-01 3.489363789558410645e-01 2.640713453292846680e-01 1.731935441493988037e-01 1.486973762512207031e-01 1.876459717750549316e-01 9.252473711967468262e-02 8.333149552345275879e-02 7.871717214584350586e-02 1.096103489398956299e-01 9.125366806983947754e-02 8.468830585479736328e-02 9.815761446952819824e-02 7.638546824455261230e-02 9.574851393699645996e-02 9.388357400894165039e-02 9.680441021919250488e-02 8.730110526084899902e-02 9.074485301971435547e-02 8.552366495132446289e-02 1.001528501510620117e-01 1.010378897190093994e-01 7.519391179084777832e-02 8.774614334106445312e-02 8.528390526771545410e-02 9.699681401252746582e-02 9.180855751037597656e-02 8.923521637916564941e-02 1.120116710662841797e-01 1.055606305599212646e-01 9.627154469490051270e-02 1.116052865982055664e-01 9.638375043869018555e-02 1.033931076526641846e-01 1.001992821693420410e-01 1.021122038364410400e-01 1.037768125534057617e-01 8.385419845581054688e-02 9.910225868225097656e-02 1.064244210720062256e-01 8.156558871269226074e-02 9.097900986671447754e-02 9.933903813362121582e-02 7.744783163070678711e-02 8.816838264465332031e-02 1.076072454452514648e-01 8.912077546119689941e-02 8.111047744750976562e-02 7.645279169082641602e-02 7.790917158126831055e-02 9.839689731597900391e-02 9.895196557044982910e-02 8.472511172294616699e-02 8.736151456832885742e-02 9.511938691139221191e-02 9.773039817810058594e-02 1.113354563713073730e-01 9.445279836654663086e-02 9.715256094932556152e-02 1.020406186580657959e-01 1.102229654788970947e-01 8.634841442108154297e-02 9.605762362480163574e-02 8.609783649444580078e-02 8.197531104087829590e-02 1.138472259044647217e-01 9.114691615104675293e-02 9.704297780990600586e-02 9.552794694900512695e-02 1.003790199756622314e-01 8.849236369132995605e-02 8.871278166770935059e-02 8.881232142448425293e-02 8.149406313896179199e-02 9.760412573814392090e-02 8.363047242164611816e-02 9.813871979713439941e-02 1.003065109252929688e-01 9.107539057731628418e-02 1.212285757064819336e-01 8.188030123710632324e-02 9.131971001625061035e-02 9.150999784469604492e-02 9.576028585433959961e-02 1.060415506362915039e-01 9.854280948638916016e-02 1.017680764198303223e-01 8.723789453506469727e-02 9.857127070426940918e-02 9.647446870803833008e-02 1.120254993438720703e-01 1.010935902595520020e-01
4.021122157573699951e-01 2.214989066123962402e-01 3.397681415081024170e-01 1.776625812053680420e-01 1.533485949039459229e-01 2.556131482124328613e-01 2.118796706199645996e-01 1.468821763992309570e-01 1.169872283935546875e-01 1.420257985591888428e-01 1.520429253578186035e-01 2.630735039710998535e-01 1.170582175254821777e-01 1.302909255027770996e-01 1.256301403045654297e-01 1.316153705120086670e-01 1.085270643234252930e-01 9.983527660369873047e-02 9.095951914787292480e-02 9.014096856117248535e-02 8.573737740516662598e-02 2.767471075057983398e-01 9.912288188934326172e-02 9.401211142539978027e-02 8.880773186683654785e-02 1.615321338176727295e-01 1.554614305496215820e-01 1.702630817890167236e-01 2.004126906394958496e-01 9.775125980377197266e-02 1.071827411651611328e-01 1.061189770698547363e-01 9.064635634422302246e-02 9.354090690612792969e-02 9.456980228424072266e-02 8.843684196472167969e-02 1.063651144504547119e-01 9.221848845481872559e-02 3.779016137123107910e-01 9.930327534675598145e-02 1.011030077934265137e-01 8.431842923164367676e-02 1.065910756587982178e-01 1.070625483989715576e-01 9.154728055000305176e-02 1.116687655448913574e-01 1.119720339775085449e-01 1.031451821327209473e-01 1.041544377803802490e-01 9.912520647048950195e-02 9.023752808570861816e-02 9.863141179084777832e-02 1.020802557468414307e-01 9.272834658622741699e-02 1.169668734073638916e-01 8.151778578758239746e-02 8.406570553779602051e-02 9.895110130310058594e-02 1.081157326698303223e-01 9.191852807998657227e-02 1.029633879661560059e-01 1.077877879142761230e-01 9.056544303894042969e-02 9.665802121162414551e-02 9.487217664718627930e-02 1.047831773757934570e-01 8.564159274101257324e-02 1.061159372329711914e-01 9.540221095085144043e-02 9.618434309959411621e-02 1.144006550312042236e-01 1.005284190177917480e-01 8.138987421989440918e-02 9.902492165565490723e-02 9.438359737396240234e-02 7.199072837829589844e-02 9.634709358215332031e-02 9.849894046783447266e-02 9.589850902557373047e-02 9.614798426628112793e-02 9.140875935554504395e-02 9.284242987632751465e-02 8.318328857421875000e-02 9.172767400741577148e-02 9.044846892356872559e-02 1.004374921321868896e-01 9.844771027565002441e-02 9.995046257972717285e-02 1.082624197006225586e-01 9.670862555503845215e-02 9.222203493118286133e-02 9.268939495086669922e-02 1.319045424461364746e-01 1.013115942478179932e-01 9.524434804916381836e-02 7.891181111335754395e-02 1.067236959934234619e-01 1.114227473735809326e-01 1.205169856548309326e-01 1.015824079513549805e-01
3.038378357887268066e-01 2.219080626964569092e-01 2.019897997379302979e-01 2.079990804195404053e-01 1.620456278324127197e-01 1.598660051822662354e-01 1.722348928451538086e-01 1.769843101501464844e-01 1.784309148788452148e-01 1.700729429721832275e-01 1.678842008113861084e-01 1.731828749179840088e-01 1.794188916683197021e-01 1.779341399669647217e-01 1.800800859928131104e-01 1.891935169696807861e-01 1.627469062805175781e-01 1.626880466938018799e-01 1.606119871139526367e-01 1.665919125080108643e-01 1.550342738628387451e-01 1.621308028697967529e-01 1.623224318027496338e-01 1.467367112636566162e-01 1.632567644119262695e-01 1.617808341979980469e-01 1.753394901752471924e-01 1.596245467662811279e-01 1.611227691173553467e-01 1.657239496707916260e-01 1.447095572948455811e-01 1.855277419090270996e-01 1.516826450824737549e-01 1.793012320995330811e-01 1.491044759750366211e-01 1.774291992187500000e-01 1.672915220260620117e-01 1.735502481460571289e-01 1.503014862537384033e-01 1.776013672351837158e-01 1.749440729618072510e-01 1.575707793235778809e-01 1.937463581562042236e-01 1.682329475879669189e-01 1.679869592189788818e-01 1.713130772113800049e-01 1.639836430549621582e-01 1.817479729652404785e-01 1.573499143123626709e-01 1.757658123970031738e-01 1.457097530364990234e-01 1.649042963981628418e-01 1.570609211921691895e-01 1.649845242500305176e-01 1.612962484359741211e-01 1.554925143718719482e-01 1.534887254238128662e-01 1.601594984531402588e-01 1.647524833679199219e-01 1.568768918514251709e-01 1.707458496093750000e-01 1.594247519969940186e-01 1.606816351413726807e-01 1.585108637809753418e-01 1.761032044887542725e-01 1.684436202049255371e-01 1.731200218200683594e-01 1.726050078868865967e-01 1.702003479003906250e-01 1.640081703662872314e-01 1.578233838081359863e-01 1.727382838726043701e-01 1.698250174522399902e-01 1.807523071765899658e-01 1.632086932659149170e-01 1.543582975864410400e-01 1.643016040325164795e-01 1.523993909358978271e-01 1.791370809078216553e-01 1.579146683216094971e-01 1.706416010856628418e-01 1.677302420139312744e-01 1.621454656124114990e-01 1.815108060836791992e-01 1.555506885051727295e-01 1.699731647968292236e-01 1.603199839591979980e-01 1.743541061878204346e-01 1.674392819404602051e-01 1.758561432361602783e-01 1.771944761276245117e-01 1.711233854293823242e-01 1.761490404605865479e-01 1.509850323200225830e-01 1.559686958789825439e-01 1.753180921077728271e-01 1.599059998989105225e-01 1.625848710536956787e-01 1.497577726840972900e-01 1.691263616085052490e-01
2.882305979728698730e-01 2.408213317394256592e-01 2.719875276088714600e-01 2.115604877471923828e-01 2.072057723999023438e-01 1.644399464130401611e-01 2.164404690265655518e-01 2.670066952705383301e-01 1.634114384651184082e-01 1.761246025562286377e-01 1.533176898956298828e-01 1.892110109329223633e-01 1.583212316036224365e-01 1.859481930732727051e-01 1.737320423126220703e-01 1.709600687026977539e-01 1.734238862991333008e-01 1.648914515972137451e-01 1.683642566204071045e-01 1.648488640785217285e-01 1.709645986557006836e-01 1.833148002624511719e-01 1.561208665370941162e-01 1.780880391597747803e-01 1.691499352455139160e-01 1.560588479042053223e-01 1.651621162891387939e-01 1.680729091167449951e-01 1.839689016342163086e-01 1.610714793205261230e-01 1.791958212852478027e-01 1.532308459281921387e-01 1.666814684867858887e-01 2.006512880325317383e-01 1.747564673423767090e-01 1.626887321472167969e-01 1.818759143352508545e-01 1.525719761848449707e-01 1.647559702396392822e-01 1.533769071102142334e-01 1.687252223491668701e-01 1.714221537113189697e-01 1.815560758113861084e-01 1.605999171733856201e-01 1.952388286590576172e-01 1.797602474689483643e-01 1.775186657905578613e-01 1.681126356124877930e-01 1.849203407764434814e-01 1.659919619560241699e-01 1.807008683681488037e-01 1.628330051898956299e-01 1.774860620498657227e-01 1.646182537078857422e-01 1.512427628040313721e-01 1.521764695644378662e-01 1.494812369346618652e-01 1.507977545261383057e-01 1.380657255649566650e-01 1.391021609306335449e-01 1.358600854873657227e-01 1.463743448257446289e-01 1.449971497058868408e-01 1.287465095520019531e-01 1.522885262966156006e-01 1.355979442596435547e-01 1.604681909084320068e-01 1.502414047718048096e-01 1.306820213794708252e-01 1.494107842445373535e-01 1.400269269943237305e-01 1.282520890235900879e-01 1.450800597667694092e-01 1.254181861877441406e-01 1.692746281623840332e-01 1.337015032768249512e-01 1.611238718032836914e-01 1.399671733379364014e-01 1.190651357173919678e-01 1.326172053813934326e-01 1.370603144168853760e-01 1.253937780857086182e-01 1.394546031951904297e-01 1.377160549163818359e-01 1.382641494274139404e-01 1.257182657718658447e-01 1.554026305675506592e-01 1.411094069480895996e-01 1.351975798606872559e-01 1.529726684093475342e-01 1.371897161006927490e-01 1.384261548519134521e-01 1.381522417068481445e-01 1.196634769439697266e-01 1.455893814563751221e-01 1.579800248146057129e-01 1.449087262153625488e-01 1.461935043334960938e-01 1.347132623195648193e-01 1.500827372074127197e-01
3.392605781555175781e-01 2.289622724056243896e-01 2.346063554286956787e-01 1.880964040756225586e-01 1.599660813808441162e-01 1.818323731422424316e-01 1.754624545574188232e-01 1.573973894119262695e-01 1.773400306701660156e-01 1.694061756134033203e-01 1.720440089702606201e-01 1.813173294067382812e-01 1.675567030906677246e-01 1.687887609004974365e-01 1.852770745754241943e-01 1.863911449909210205e-01 1.696798801422119141e-01 1.654103398323059082e-01 1.725321114063262939e-01 1.163074970245361328e-01 1.326313316822052002e-01 1.444453895092010498e-01 2.713769674301147461e-01 1.370244324207305908e-01 1.768113970756530762e-01 1.820862293243408203e-01 1.741597652435302734e-01 1.572813987731933594e-01 1.792758107185363770e-01 1.584698259830474854e-01 1.370059251785278320e-01 1.523962318897247314e-01 7.987597584724426270e-02 1.660666465759277344e-01 2.124050557613372803e-01 1.109266579151153564e-01 1.596585214138031006e-01 8.698847889900207520e-02 8.554351329803466797e-02 9.289294481277465820e-02 9.295359253883361816e-02 8.670464158058166504e-02 1.111698448657989502e-01 2.648927569389343262e-01 1.185275316238403320e-01 9.264957904815673828e-02 9.732583165168762207e-02 1.022527217864990234e-01 1.068049967288970947e-01 1.070840358734130859e-01 1.074885725975036621e-01 7.941418886184692383e-02 8.843439817428588867e-02 9.587150812149047852e-02 9.234449267387390137e-02 9.791517257690429688e-02 8.861926198005676270e-02 9.229350090026855469e-02 9.255227446556091309e-02 1.063097417354583740e-01 1.060511767864227295e-01 8.780506253242492676e-02 1.000879406929016113e-01 9.533756971359252930e-02 9.976539015769958496e-02 9.938198328018188477e-02 8.879053592681884766e-02 9.385335445404052734e-02 9.566289186477661133e-02 8.697909116744995117e-02 8.493834733963012695e-02 9.685483574867248535e-02 8.875963091850280762e-02 9.192070364952087402e-02 9.603524208068847656e-02 1.022767722606658936e-01 9.805268049240112305e-02 9.799826145172119141e-02 1.045428514480590820e-01 8.654087781906127930e-02 8.767953515052795410e-02 8.500933647155761719e-02 9.761041402816772461e-02 9.590709209442138672e-02 1.052010953426361084e-01 1.016958653926849365e-01 8.934691548347473145e-02 1.068233847618103027e-01 9.938570857048034668e-02 7.194101810455322266e-02 9.048986434936523438e-02 9.623071551322937012e-02 8.328533172607421875e-02 1.015655398368835449e-01 1.050585508346557617e-01 1.003566384315490723e-01 1.040731966495513916e-01 1.136206984519958496e-01 1.130788326263427734e-01 1.007374525070190430e-01
3.168842196464538574e-01 2.371411919593811035e-01 2.750165462493896484e-01 1.728995442390441895e-01 1.480329632759094238e-01 1.384500861167907715e-01 2.481680810451507568e-01 2.484842538833618164e-01 1.650578677654266357e-01 1.120035946369171143e-01 1.531686782836914062e-01 1.045923829078674316e-01 1.146218180656433105e-01 9.526658058166503906e-02 1.036610901355743408e-01 8.266222476959228516e-02 1.094055175781250000e-01 9.576171636581420898e-02 8.653658628463745117e-02 9.693726897239685059e-02 8.872836828231811523e-02 9.175238013267517090e-02 1.047281324863433838e-01 9.025907516479492188e-02 1.255398690700531006e-01 1.035061180591583252e-01 9.885168075561523438e-02 1.055069863796234131e-01 9.143930673599243164e-02 9.906888008117675781e-02 1.070069074630737305e-01 9.498536586761474609e-02 8.780026435852050781e-02 9.788289666175842285e-02 7.630741596221923828e-02 1.201693415641784668e-01 9.328639507293701172e-02 9.667119383811950684e-02 9.973996877670288086e-02 9.725084900856018066e-02 1.020862162113189697e-01 1.087875962257385254e-01 9.290087223052978516e-02 1.194471418857574463e-01 1.003693044185638428e-01 9.215825796127319336e-02 9.795609116554260254e-02 9.652143716812133789e-02 7.881584763526916504e-02 9.897816181182861328e-02 8.499157428741455078e-02 1.036643683910369873e-01 1.010147035121917725e-01 9.631508588790893555e-02 9.622734785079956055e-02 9.221833944320678711e-02 7.814365625381469727e-02 1.005026102066040039e-01 1.030620038509368896e-01 7.946869730949401855e-02 8.548337221145629883e-02 9.043496847152709961e-02 1.160645782947540283e-01 9.377607703208923340e-02 1.070067882537841797e-01 9.139892458915710449e-02 8.430573344230651855e-02 9.943863749504089355e-02 9.278172254562377930e-02 9.378296136856079102e-02 8.606776595115661621e-02 7.990130782127380371e-02 9.295049309730529785e-02 1.070852577686309814e-01 9.347748756408691406e-02 8.619770407676696777e-02 8.959025144577026367e-02 1.018506884574890137e-01 8.702722191810607910e-02 1.072250306606292725e-01 9.896957874298095703e-02 8.504855632781982422e-02 6.822788715362548828e-02 1.057502627372741699e-01 8.177280426025390625e-02 1.090125441551208496e-01 1.051369309425354004e-01 8.564829826354980469e-02 1.025282442569732666e-01 1.146858632564544678e-01 8.665293455123901367e-02 9.513595700263977051e-02 8.428695797920227051e-02 8.108082413673400879e-02 1.250033974647521973e-01 9.223949909210205078e-02 1.069408655166625977e-01 9.120047092437744141e-02 9.688961505889892578e-02 1.168753504753112793e-01
3.001008033752441406e-01 2.037796378135681152e-01 1.929858028888702393e-01 1.991115808486938477e-01 2.296713590621948242e-01 1.567946970462799072e-01 1.544074416160583496e-01 1.014876067638397217e-01 2.003523707389831543e-01 3.106061220169067383e-01 2.598674595355987549e-01 2.106144428253173828e-01 2.859600186347961426e-01 1.141526103019714355e-01 3.647501468658447266e-01 1.590934395790100098e-01 1.487547755241394043e-01 1.604537665843963623e-01 1.646566092967987061e-01 1.611452996730804443e-01 1.550512909889221191e-01 1.711517870426177979e-01 1.723623573780059814e-01 1.750869154930114746e-01 1.002433598041534424e-01 1.004353165626525879e-01 1.658365130424499512e-01 9.428411722183227539e-02 1.115209460258483887e-01 1.160725653171539307e-01 1.216283440589904785e-01 1.636973917484283447e-01 1.036871969699859619e-01 1.139060854911804199e-01 1.059527695178985596e-01 1.076667606830596924e-01 1.011233031749725342e-01 9.982597827911376953e-02 1.028632521629333496e-01 9.274536371231079102e-02 1.010301113128662109e-01 9.655004739761352539e-02 1.215898990631103516e-01 1.095030307769775391e-01 9.155830740928649902e-02 1.023437380790710449e-01 9.908476471900939941e-02 9.439474344253540039e-02 1.035335361957550049e-01 9.094798564910888672e-02 9.044563770294189453e-02 1.054469943046569824e-01 9.163084626197814941e-02 1.031052172183990479e-01 9.614214301109313965e-02 1.044613420963287354e-01 9.296926856040954590e-02 1.123110651969909668e-01 9.823098778724670410e-02 9.607690572738647461e-02 9.472104907035827637e-02 1.055626571178436279e-01 1.046796143054962158e-01 8.345645666122436523e-02 9.937497973442077637e-02 1.004114151000976562e-01 9.720200300216674805e-02 8.698379993438720703e-02 8.603218197822570801e-02 1.110686659812927246e-01 1.010413765907287598e-01 1.091878414154052734e-01 1.072154641151428223e-01 1.041037440299987793e-01 8.547234535217285156e-02 7.660067081451416016e-02 9.637010097503662109e-02 8.892381191253662109e-02 8.962586522102355957e-02 9.170565009117126465e-02 8.962959051132202148e-02 9.548091888427734375e-02 8.672133088111877441e-02 9.141203761100769043e-02 6.989920139312744141e-02 9.118559956550598145e-02 9.252104163169860840e-02 1.050614714622497559e-01 9.901994466781616211e-02 9.387308359146118164e-02 1.072885096073150635e-01 8.184418082237243652e-02 7.776394486427307129e-02 1.129974424839019775e-01 8.723291754722595215e-02 9.285372495651245117e-02 1.053074300289154053e-01 8.903247117996215820e-02 8.275583386421203613e-02 1.214195489883422852e-01
2.619487345218658447e-01 4.329753518104553223e-01 2.199496328830718994e-01 2.710373997688293457e-01 3.018985390663146973e-01 1.813849806785583496e-01 1.917846202850341797e-01 1.612573862075805664e-01 1.720377504825592041e-01 1.531941592693328857e-01 1.642192900180816650e-01 1.745781004428863525e-01 1.681312322616577148e-01 1.788334846496582031e-01 1.665427386760711670e-01 1.640200912952423096e-01 1.474333107471466064e-01 1.634771525859832764e-01 1.649154722690582275e-01 1.819711625576019287e-01 1.695214807987213135e-01 1.502434313297271729e-01 1.836294233798980713e-01 1.731710731983184814e-01 1.695646345615386963e-01 1.453670263290405273e-01 1.673088073730468750e-01 1.635177135467529297e-01 1.791119277477264404e-01 1.711692810058593750e-01 1.756829917430877686e-01 1.449892520904541016e-01 1.413651704788208008e-01 1.621313989162445068e-01 1.826562583446502686e-01 1.839094161987304688e-01 1.619538962841033936e-01 1.724280416965484619e-01 1.784208416938781738e-01 2.420267760753631592e-01 1.834826171398162842e-01 1.717402338981628418e-01 1.756673753261566162e-01 1.717574000358581543e-01 1.751263737678527832e-01 1.844403743743896484e-01 1.594802439212799072e-01 1.474665999412536621e-01 1.609259545803070068e-01 1.634742319583892822e-01 1.760509312152862549e-01 1.603738963603973389e-01 1.806291937828063965e-01 1.765512526035308838e-01 1.677858531475067139e-01 1.735783815383911133e-01 1.683800518512725830e-01 1.571015119552612305e-01 1.591246724128723145e-01 1.699250042438507080e-01 1.620996892452239990e-01 1.678136885166168213e-01 1.676354110240936279e-01 1.716313362121582031e-01 1.698484420776367188e-01 1.808443963527679443e-01 1.755727529525756836e-01 1.863862574100494385e-01 1.519610881805419922e-01 1.699114441871643066e-01 1.793809533119201660e-01 1.620543301105499268e-01 1.721956431865692139e-01 1.653768420219421387e-01 1.733488440513610840e-01 1.564389169216156006e-01 1.911302506923675537e-01 1.480682492256164551e-01 1.727940440177917480e-01 1.655099391937255859e-01 1.648831367492675781e-01 1.587743461132049561e-01 1.724622547626495361e-01 1.638648211956024170e-01 1.688222885131835938e-01 1.644417345523834229e-01 1.611762046813964844e-01 1.622385978698730469e-01 1.620681285858154297e-01 1.780822575092315674e-01 1.589868962764739990e-01 1.528102457523345947e-01 1.509561538696289062e-01 1.627941429615020752e-01 1.790934503078460693e-01 1.703837811946868896e-01 1.528071463108062744e-01 1.742739677429199219e-01 1.850454509258270264e-01 1.659569740295410156e-01
2.494947612285614014e-01 2.950617074966430664e-01 4.081450700759887695e-01 2.522616386413574219e-01 2.354561090469360352e-01 3.190904557704925537e-01 2.114772796630859375e-01 2.129327356815338135e-01 1.787328124046325684e-01 3.537698388099670410e-01 3.582030236721038818e-01 3.598586022853851318e-01 3.218559920787811279e-01 2.046820819377899170e-01 2.214142680168151855e-01 1.392988562583923340e-01 1.803731024265289307e-01 1.629497706890106201e-01 1.340162158012390137e-01 1.787157952785491943e-01 1.921092867851257324e-01 1.578043401241302490e-01 1.578094363212585449e-01 1.067285835742950439e-01 1.018241643905639648e-01 9.453147649765014648e-02 1.016699075698852539e-01 1.006236970424652100e-01 1.030207574367523193e-01 1.162778437137603760e-01 9.713548421859741211e-02 9.863090515136718750e-02 8.495694398880004883e-02 8.395901322364807129e-02 1.020698249340057373e-01 8.694830536842346191e-02 7.987147569656372070e-02 1.040475666522979736e-01 1.204816997051239014e-01 8.958971500396728516e-02 1.180907189846038818e-01 1.140252947807312012e-01 1.037075221538543701e-01 8.537611365318298340e-02 9.672811627388000488e-02 9.446057677268981934e-02 9.770417213439941406e-02 8.322396874427795410e-02 1.049843430519104004e-01 9.606006741523742676e-02 8.113089203834533691e-02 1.102423071861267090e-01 1.146250963211059570e-01 9.764090180397033691e-02 9.508398175239562988e-02 1.053669154644012451e-01 7.924479246139526367e-02 9.413027763366699219e-02 9.281364083290100098e-02 8.919844031333923340e-02 8.379471302032470703e-02 8.955395221710205078e-02 8.231854438781738281e-02 8.531564474105834961e-02 9.541088342666625977e-02 1.282196938991546631e-01 9.971460700035095215e-02 9.659260511398315430e-02 1.123841702938079834e-01 8.950111269950866699e-02 1.077984571456909180e-01 8.203229308128356934e-02 1.070444881916046143e-01 8.106756210327148438e-02 9.673199057579040527e-02 1.016680598258972168e-01 1.016363799571990967e-01 1.114404499530792236e-01 9.641408920288085938e-02 7.723268866539001465e-02 7.905241847038269043e-02 9.844312071800231934e-02 8.180186152458190918e-02 9.964078664779663086e-02 1.118197739124298096e-01 9.248697757720947266e-02 9.272930026054382324e-02 1.032023429870605469e-01 7.923451066017150879e-02 9.006920456886291504e-02 1.113640964031219482e-01 9.550160169601440430e-02 7.613027095794677734e-02 1.023259460926055908e-01 9.738346934318542480e-02 7.534596323966979980e-02 1.165257692337036133e-01 8.955314755439758301e-02 9.785133600234985352e-02 9.675368666648864746e-02
3.064623177051544189e-01 2.884337902069091797e-01 2.609267830848693848e-01 2.977848351001739502e-01 2.653820514678955078e-01 2.576203942298889160e-01 1.832361817359924316e-01 1.768052875995635986e-01 1.750445067882537842e-01 1.530077457427978516e-01 1.575467288494110107e-01 1.741927862167358398e-01 1.600520014762878418e-01 1.795452833175659180e-01 1.524348556995391846e-01 1.560356914997100830e-01 1.584825217723846436e-01 1.524742543697357178e-01 1.724762916564941406e-01 1.742079854011535645e-01 1.657030582427978516e-01 1.684572100639343262e-01 1.711835563182830811e-01 1.573870480060577393e-01 1.986146271228790283e-01 1.711458563804626465e-01 1.614022850990295410e-01 1.869759261608123779e-01 1.740764081478118896e-01 1.770787537097930908e-01 1.669894754886627197e-01 1.564616858959197998e-01 1.571744084358215332e-01 1.762714087963104248e-01 1.766573488712310791e-01 1.647815406322479248e-01 1.554839909076690674e-01 1.820349693298339844e-01 1.600378155708312988e-01 1.831261813640594482e-01 1.699886620044708252e-01 1.622589230537414551e-01 1.577516198158264160e-01 1.496839523315429688e-01 1.760845184326171875e-01 1.766414642333984375e-01 1.619771122932434082e-01 1.753138005733489990e-01 1.669339239597320557e-01 1.603702306747436523e-01 1.616892516613006592e-01 1.750728785991668701e-01 1.658117771148681641e-01 1.722964346408843994e-01 1.705106496810913086e-01 1.682932078838348389e-01 1.679345965385437012e-01 1.710066199302673340e-01 1.521225571632385254e-01 1.730730533599853516e-01 1.757203638553619385e-01 1.694107353687286377e-01 1.898123621940612793e-01 1.425618231296539307e-01 1.797340214252471924e-01 1.761782467365264893e-01 1.841416060924530029e-01 1.719183027744293213e-01 1.612539887428283691e-01 1.739444434642791748e-01 1.621883809566497803e-01 1.560041010379791260e-01 1.783444285392761230e-01 1.515546739101409912e-01 1.587412357330322266e-01 1.523851752281188965e-01 1.632894873619079590e-01 1.701508760452270508e-01 1.932049989700317383e-01 1.817610859870910645e-01 1.670945286750793457e-01 1.612463593482971191e-01 1.544830501079559326e-01 1.705735027790069580e-01 1.728837192058563232e-01 1.735661029815673828e-01 1.674946844577789307e-01 1.752568185329437256e-01 1.747032999992370605e-01 1.637210249900817871e-01 1.647769510746002197e-01 1.632436215877532959e-01 1.625240445137023926e-01 1.690863370895385742e-01 1.692104041576385498e-01 1.495023369789123535e-01 1.647841930389404297e-01 1.702520549297332764e-01 1.819480657577514648e-01 1.627484261989593506e-01
1.775563657283782959e-01 2.428778707981109619e-01 3.440644145011901855e-01 2.654304504394531250e-01 1.816223561763763428e-01 1.949200928211212158e-01 1.857832074165344238e-01 1.854804754257202148e-01 2.799957096576690674e-01 1.896017789840698242e-01 1.565787196159362793e-01 1.538305580615997314e-01 2.102231681346893311e-01 1.601984798908233643e-01 9.501245617866516113e-02 1.509382426738739014e-01 1.035267710685729980e-01 2.193249762058258057e-01 1.155355870723724365e-01 1.587384045124053955e-01 1.050685048103332520e-01 1.018175482749938965e-01 1.133979856967926025e-01 1.039820313453674316e-01 1.035345196723937988e-01 1.023109555244445801e-01 1.155119240283966064e-01 1.171009242534637451e-01 1.010199785232543945e-01 1.106292903423309326e-01 1.013701260089874268e-01 1.038219630718231201e-01 1.119948923587799072e-01 1.015789210796356201e-01 1.251629292964935303e-01 1.025349497795104980e-01 1.029872000217437744e-01 9.181660413742065430e-02 1.083618700504302979e-01 8.296597003936767578e-02 1.001275777816772461e-01 9.629884362220764160e-02 1.026154458522796631e-01 1.285994350910186768e-01 9.374150633811950684e-02 1.106741130352020264e-01 1.073086857795715332e-01 1.264410316944122314e-01 9.673732519149780273e-02 1.141397356986999512e-01 9.604769945144653320e-02 1.020779013633728027e-01 1.148661971092224121e-01 1.234602034091949463e-01 8.856102824211120605e-02 8.886584639549255371e-02 1.119131147861480713e-01 9.148243069648742676e-02 1.073069572448730469e-01 1.295820176601409912e-01 1.116174459457397461e-01 1.133365035057067871e-01 9.833633899688720703e-02 1.138375103473663330e-01 1.191697418689727783e-01 1.097275912761688232e-01 1.131354272365570068e-01 1.135154366493225098e-01 1.003902554512023926e-01 1.051166355609893799e-01 1.014001071453094482e-01 1.070882081985473633e-01 9.850049018859863281e-02 1.083644032478332520e-01 9.657117724418640137e-02 1.040063202381134033e-01 1.201521456241607666e-01 1.017591953277587891e-01 1.109723150730133057e-01 1.113821268081665039e-01 9.594595432281494141e-02 9.683641791343688965e-02 1.120209395885467529e-01 1.026721894741058350e-01 1.101586818695068359e-01 9.762454032897949219e-02 1.096748709678649902e-01 1.143102049827575684e-01 1.127674281597137451e-01 1.130484044551849365e-01 1.026768684387207031e-01 1.230334341526031494e-01 1.006849110126495361e-01 9.848487377166748047e-02 1.148701906204223633e-01 1.190047860145568848e-01 1.180061399936676025e-01 1.024380624294281006e-01 1.163771450519561768e-01 1.023268103599548340e-01
2.090234756469726562e-01 2.715458273887634277e-01 2.297109663486480713e-01 3.284083008766174316e-01 3.343866169452667236e-01 2.222572565078735352e-01 2.254773974418640137e-01 2.836940288543701172e-01 1.726156771183013916e-01 1.650066971778869629e-01 1.412684321403503418e-01 1.231225728988647461e-01 2.682125270366668701e-01 1.349805295467376709e-01 1.479856669902801514e-01 2.000064551830291748e-01 1.654522120952606201e-01 1.685279011726379395e-01 1.622335910797119141e-01 1.523267924785614014e-01 1.567477285861968994e-01 1.607620716094970703e-01 1.653660237789154053e-01 1.766825318336486816e-01 1.770156025886535645e-01 1.875568330287933350e-01 1.700582206249237061e-01 1.698803305625915527e-01 1.787284910678863525e-01 1.721962690353393555e-01 1.534121632575988770e-01 1.627192497253417969e-01 1.656923890113830566e-01 1.765052378177642822e-01 1.503089070320129395e-01 1.441813707351684570e-01 1.760558187961578369e-01 1.543767750263214111e-01 1.892868876457214355e-01 1.805548965930938721e-01 9.958973526954650879e-02 8.857464790344238281e-02 1.076706647872924805e-01 1.145734488964080811e-01 7.939925789833068848e-02 1.122676432132720947e-01 9.075018763542175293e-02 9.104505181312561035e-02 9.568890929222106934e-02 8.452937006950378418e-02 9.556666016578674316e-02 9.608429670333862305e-02 1.051422953605651855e-01 9.031328558921813965e-02 1.036734282970428467e-01 9.653815627098083496e-02 8.588963747024536133e-02 7.283419370651245117e-02 9.605613350868225098e-02 8.144432306289672852e-02 9.464177489280700684e-02 8.551040291786193848e-02 8.897742629051208496e-02 9.550827741622924805e-02 7.781270146369934082e-02 1.011033356189727783e-01 8.633071184158325195e-02 1.036740243434906006e-01 1.104134023189544678e-01 1.114864945411682129e-01 9.054586291313171387e-02 9.509491920471191406e-02 9.742346405982971191e-02 8.306568861007690430e-02 1.001014113426208496e-01 1.059145629405975342e-01 9.092825651168823242e-02 9.615120291709899902e-02 7.337775826454162598e-02 9.412676095962524414e-02 9.504303336143493652e-02 1.068391799926757812e-01 8.482810854911804199e-02 8.420455455780029297e-02 7.446822524070739746e-02 1.004327833652496338e-01 1.102973818778991699e-01 8.945018053054809570e-02 8.864900469779968262e-02 9.876686334609985352e-02 9.595435857772827148e-02 7.314637303352355957e-02 1.023582816123962402e-01 1.010657250881195068e-01 9.101098775863647461e-02 8.960601687431335449e-02 8.765479922294616699e-02 7.472214102745056152e-02 9.269705414772033691e-02 8.475965261459350586e-02
3.540395200252532959e-01 2.092260122299194336e-01 3.053981661796569824e-01 1.759032309055328369e-01 1.772882640361785889e-01 2.574548125267028809e-01 1.860031485557556152e-01 2.551660239696502686e-01 1.685188412666320801e-01 2.219388484954833984e-01 1.860356628894805908e-01 1.711262762546539307e-01 1.975082457065582275e-01 1.913801431655883789e-01 1.470046639442443848e-01 1.571221351623535156e-01 1.742638945579528809e-01 3.771916031837463379e-01 2.939369380474090576e-01 1.203029751777648926e-01 1.408981978893280029e-01 1.112564802169799805e-01 1.118452847003936768e-01 1.677664816379547119e-01 1.450007557868957520e-01 1.137268841266632080e-01 2.615287899971008301e-01 2.742293179035186768e-01 9.978568553924560547e-02 1.134139895439147949e-01 1.240708827972412109e-01 3.258812427520751953e-01 1.197906434535980225e-01 9.459689259529113770e-02 1.068182587623596191e-01 1.089511513710021973e-01 1.145016252994537354e-01 1.092079877853393555e-01 1.059875190258026123e-01 1.023938655853271484e-01 9.427288174629211426e-02 1.155897080898284912e-01 1.079100966453552246e-01 1.310163140296936035e-01 8.724382519721984863e-02 1.053167283535003662e-01 1.185587346553802490e-01 1.285870969295501709e-01 1.075090467929840088e-01 9.359025955200195312e-02 1.265016496181488037e-01 1.174216866493225098e-01 1.151332557201385498e-01 9.423530101776123047e-02 1.106771826744079590e-01 1.043149530887603760e-01 9.555929899215698242e-02 1.035323739051818848e-01 1.087070703506469727e-01 1.091285347938537598e-01 1.071511209011077881e-01 1.232154965400695801e-01 1.108241379261016846e-01 1.116232573986053467e-01 1.007887721061706543e-01 1.148921251296997070e-01 1.320557892322540283e-01 1.049731075763702393e-01 9.317621588706970215e-02 1.302069127559661865e-01 1.073325574398040771e-01 1.118522584438323975e-01 1.385424137115478516e-01 1.075958311557769775e-01 1.049689352512359619e-01 1.192889809608459473e-01 1.012127697467803955e-01 1.487719714641571045e-01 1.229470372200012207e-01 9.379553794860839844e-02 1.232775151729583740e-01 1.194143891334533691e-01 1.081896722316741943e-01 9.036472439765930176e-02 1.185544729232788086e-01 1.127451360225677490e-01 1.172076463699340820e-01 1.125536262989044189e-01 1.019743382930755615e-01 1.059844791889190674e-01 1.009769141674041748e-01 1.378977298736572266e-01 1.128235161304473877e-01 1.114602088928222656e-01 1.051798164844512939e-01 1.066987514495849609e-01 1.002866029739379883e-01 9.663510322570800781e-02 1.194372773170471191e-01 9.599950909614562988e-02
2.231428623199462891e-01 3.599609136581420898e-01 2.066920101642608643e-01 2.312510907649993896e-01 1.821168661117553711e-01 1.596657633781433105e-01 2.238155603408813477e-01 2.227646112442016602e-01 2.427107095718383789e-01 1.751396954059600830e-01 1.589500606060028076e-01 3.631619811058044434e-01 1.686154305934906006e-01 1.511488556861877441e-01 1.787953078746795654e-01 1.330763995647430420e-01 1.676939427852630615e-01 1.941833794116973877e-01 1.763611435890197754e-01 1.651178598403930664e-01 1.669553220272064209e-01 1.618425548076629639e-01 1.708775162696838379e-01 1.771975457668304443e-01 1.747047603130340576e-01 1.628947556018829346e-01 1.801206171512603760e-01 1.770476698875427246e-01 1.553956866264343262e-01 1.658055484294891357e-01 1.916594505310058594e-01 1.594597101211547852e-01 1.414199769496917725e-01 1.735233962535858154e-01 1.709062755107879639e-01 1.899334192276000977e-01 1.587604582309722900e-01 1.645555794239044189e-01 1.635144054889678955e-01 1.654053032398223877e-01 1.643651723861694336e-01 1.658310890197753906e-01 1.646572053432464600e-01 1.639131605625152588e-01 1.648183763027191162e-01 1.735610663890838623e-01 1.679822802543640137e-01 1.814489364624023438e-01 1.798493862152099609e-01 1.892474889755249023e-01 1.572899520397186279e-01 1.767512559890747070e-01 1.618803441524505615e-01 1.653777956962585449e-01 1.814323663711547852e-01 1.551791429519653320e-01 1.630368828773498535e-01 1.592037677764892578e-01 1.721754372119903564e-01 1.614096760749816895e-01 1.720440089702606201e-01 1.676126122474670410e-01 1.550678610801696777e-01 1.615700125694274902e-01 1.622826755046844482e-01 1.500008702278137207e-01 1.754669249057769775e-01 1.682262718677520752e-01 1.594811677932739258e-01 1.715981364250183105e-01 1.632944047451019287e-01 1.557561755180358887e-01 1.648403406143188477e-01 1.748377978801727295e-01 1.711168587207794189e-01 1.707775890827178955e-01 1.702817678451538086e-01 1.733728647232055664e-01 1.635631918907165527e-01 1.139602065086364746e-01 1.264533102512359619e-01 1.072398424148559570e-01 9.293982386589050293e-02 9.048750996589660645e-02 1.329240202903747559e-01 9.918043017387390137e-02 1.120871007442474365e-01 8.828401565551757812e-02 1.038019061088562012e-01 9.994211792945861816e-02 1.387025713920593262e-01 9.298282861709594727e-02 1.074962913990020752e-01 9.485682845115661621e-02 1.018511950969696045e-01 1.154531538486480713e-01 9.436199069023132324e-02 9.809085726737976074e-02 1.035074889659881592e-01 1.072425842285156250e-01
1.927881240844726562e-01 2.789847850799560547e-01 2.765930891036987305e-01 3.624500334262847900e-01 1.715764999389648438e-01 1.742245554924011230e-01 1.639454960823059082e-01 2.081729173660278320e-01 8.049291372299194336e-02 3.135669231414794922e-01 2.117128372192382812e-01 1.574904322624206543e-01 8.032304048538208008e-02 9.513258934020996094e-02 8.366301655769348145e-02 1.076610684394836426e-01 1.142168343067169189e-01 1.003937125205993652e-01 1.073740720748901367e-01 1.279180943965911865e-01 1.015052795410156250e-01 9.269985556602478027e-02 9.785839915275573730e-02 1.011068224906921387e-01 9.950968623161315918e-02 1.013862192630767822e-01 1.040496528148651123e-01 1.144486963748931885e-01 1.026776731014251709e-01 1.197759211063385010e-01 1.145665347576141357e-01 9.196463227272033691e-02 9.506240487098693848e-02 8.472499251365661621e-02 5.891031026840209961e-02 8.831128478050231934e-02 1.103470027446746826e-01 8.845430612564086914e-02 1.011433303356170654e-01 8.887010812759399414e-02 1.004927754402160645e-01 9.944704174995422363e-02 9.683865308761596680e-02 8.777275681495666504e-02 8.555486798286437988e-02 1.172927021980285645e-01 1.074978411197662354e-01 9.675943851470947266e-02 1.040449142456054688e-01 9.654039144515991211e-02 1.018587946891784668e-01 8.913385868072509766e-02 1.064024567604064941e-01 1.002976000308990479e-01 1.004201769828796387e-01 8.471551537513732910e-02 9.404912590980529785e-02 7.700005173683166504e-02 1.176862716674804688e-01 8.757969737052917480e-02 9.356826543807983398e-02 1.013220846652984619e-01 8.683323860168457031e-02 1.177508234977722168e-01 7.405284047126770020e-02 9.900772571563720703e-02 9.533116221427917480e-02 9.666797518730163574e-02 8.091008663177490234e-02 1.068817973136901855e-01 1.111976802349090576e-01 9.778344631195068359e-02 1.083911955356597900e-01 1.264818608760833740e-01 9.637996554374694824e-02 9.932306408882141113e-02 8.842587471008300781e-02 9.899118542671203613e-02 1.016470789909362793e-01 1.013083159923553467e-01 1.030187904834747314e-01 9.882327914237976074e-02 8.546334505081176758e-02 8.237677812576293945e-02 9.475511312484741211e-02 1.016116440296173096e-01 9.829562902450561523e-02 8.487001061439514160e-02 9.548124670982360840e-02 9.933161735534667969e-02 9.141731262207031250e-02 1.049093306064605713e-01 1.037065386772155762e-01 8.966508507728576660e-02 1.176300644874572754e-01 9.005263447761535645e-02 9.251803159713745117e-02 9.314289689064025879e-02 9.502869844436645508e-02 9.616506099700927734e-02
2.589166462421417236e-01 2.309905290603637695e-01 3.499230146408081055e-01 2.201458811759948730e-01 2.490315139293670654e-01 2.345964908599853516e-01 2.729014754295349121e-01 2.658705711364746094e-01 2.436093986034393311e-01 1.976810395717620850e-01 1.858929991722106934e-01 1.512949168682098389e-01 1.833736300468444824e-01 1.683703362941741943e-01 1.665723621845245361e-01 1.780577003955841064e-01 1.812323033809661865e-01 1.524340808391571045e-01 1.647285223007202148e-01 1.523020267486572266e-01 1.673573851585388184e-01 1.582977771759033203e-01 1.797756850719451904e-01 1.563230752944946289e-01 1.795162856578826904e-01 1.798977851867675781e-01 2.519413232803344727e-01 1.723441183567047119e-01 1.699553132057189941e-01 1.709759831428527832e-01 1.804027855396270752e-01 1.785003244876861572e-01 1.694732904434204102e-01 1.619959473609924316e-01 1.861339807510375977e-01 1.682595312595367432e-01 1.776462197303771973e-01 1.735480427742004395e-01 1.728165149688720703e-01 1.645573973655700684e-01 1.728941202163696289e-01 1.806173026561737061e-01 1.577779948711395264e-01 1.632116734981536865e-01 1.987794339656829834e-01 1.599428057670593262e-01 1.503904759883880615e-01 1.660076975822448730e-01 1.614313125610351562e-01 1.797053813934326172e-01 1.745793521404266357e-01 1.874421536922454834e-01 1.407908797264099121e-01 1.649475097656250000e-01 1.588079333305358887e-01 1.853546202182769775e-01 1.654855906963348389e-01 1.627071201801300049e-01 1.628526449203491211e-01 1.709799170494079590e-01 1.503045856952667236e-01 1.673401296138763428e-01 1.731363534927368164e-01 1.842495501041412354e-01 1.807227730751037598e-01 1.510160267353057861e-01 1.602959334850311279e-01 1.657476723194122314e-01 1.844803094863891602e-01 1.845937967300415039e-01 1.706604361534118652e-01 1.725646555423736572e-01 1.669671237468719482e-01 1.842574179172515869e-01 1.778435409069061279e-01 1.574176251888275146e-01 1.739007830619812012e-01 1.502013802528381348e-01 1.653778851032257080e-01 1.796194911003112793e-01 1.515139639377593994e-01 1.552523672580718994e-01 1.687078475952148438e-01 1.728116571903228760e-01 1.563861966133117676e-01 1.667172312736511230e-01 1.566847860813140869e-01 1.717605888843536377e-01 1.660872101783752441e-01 1.673442721366882324e-01 1.703842282295227051e-01 1.789216697216033936e-01 1.630812287330627441e-01 1.618447005748748779e-01 1.858916878700256348e-01 1.779386103153228760e-01 1.825101971626281738e-01 1.910973191261291504e-01 1.713694930076599121e-01 1.514330208301544189e-01
1.537685692310333252e-01 2.154580354690551758e-01 2.323006391525268555e-01 2.540352940559387207e-01 1.222451329231262207e-01 2.537479400634765625e-01 2.516012787818908691e-01 1.460905969142913818e-01 2.449774444103240967e-01 1.378773450851440430e-01 1.568087041378021240e-01 2.889592051506042480e-01 4.104716777801513672e-01 2.576612830162048340e-01 3.080893158912658691e-01 2.629085183143615723e-01 2.620926499366760254e-01 2.588884234428405762e-01 2.531400024890899658e-01 1.739102900028228760e-01 2.451297044754028320e-01 1.692381501197814941e-01 1.456427872180938721e-01 1.694759130477905273e-01 1.742177605628967285e-01 1.592663526535034180e-01 1.573228538036346436e-01 1.750797629356384277e-01 1.592653989791870117e-01 1.432518661022186279e-01 1.619360446929931641e-01 1.775239706039428711e-01 1.530824303627014160e-01 1.690792739391326904e-01 1.612742841243743896e-01 1.505410075187683105e-01 1.528433263301849365e-01 1.617320179939270020e-01 1.510719060897827148e-01 1.880850791931152344e-01 1.739052832126617432e-01 1.662918627262115479e-01 1.530813276767730713e-01 1.514433920383453369e-01 1.800140142440795898e-01 1.742833256721496582e-01 1.670968234539031982e-01 1.491177380084991455e-01 1.637184917926788330e-01 1.674056947231292725e-01 1.799754798412322998e-01 1.665671169757843018e-01 1.558299660682678223e-01 1.563446223735809326e-01 1.477134823799133301e-01 1.580205857753753662e-01 1.718943715095520020e-01 1.677167117595672607e-01 1.782108247280120850e-01 1.661525070667266846e-01 1.758374571800231934e-01 1.864027976989746094e-01 1.705991029739379883e-01 1.819151937961578369e-01 2.646872401237487793e-01 1.259540617465972900e-01 1.309905052185058594e-01 1.092452406883239746e-01 1.229257583618164062e-01 1.315061151981353760e-01 1.274786293506622314e-01 1.229563653469085693e-01 8.194220066070556641e-02 1.146653890609741211e-01 1.175532937049865723e-01 1.406286656856536865e-01 1.332123875617980957e-01 1.109989881515502930e-01 1.234176158905029297e-01 1.163273453712463379e-01 1.188039481639862061e-01 1.312318444252014160e-01 1.275055110454559326e-01 1.372451782226562500e-01 1.181519627571105957e-01 1.339247226715087891e-01 1.025413572788238525e-01 1.172067224979400635e-01 1.073388159275054932e-01 9.817683696746826172e-02 1.404340863227844238e-01 1.094299852848052979e-01 1.271093189716339111e-01 1.015318334102630615e-01 1.286305487155914307e-01 1.050314903259277344e-01 1.140072345733642578e-01 1.144703626632690430e-01 1.164566278457641602e-01 1.349959969520568848e-01
2.373430430889129639e-01 3.865565955638885498e-01 1.597436070442199707e-01 3.266822695732116699e-01 1.111609935760498047e-01 2.102711796760559082e-01 1.907823681831359863e-01 1.598372161388397217e-01 3.747141063213348389e-01 2.179194092750549316e-01 2.118272781372070312e-01 2.065421342849731445e-01 2.027836441993713379e-01 2.181156575679779053e-01 9.963828325271606445e-02 2.264643907546997070e-01 1.566805243492126465e-01 3.544133901596069336e-01 2.169051170349121094e-01 1.008453369140625000e-01 9.821537137031555176e-02 1.006658077239990234e-01 2.162162363529205322e-01 8.691650629043579102e-02 1.002897620201110840e-01 1.199664473533630371e-01 9.184229373931884766e-02 1.153049170970916748e-01 8.746135234832763672e-02 1.169120073318481445e-01 9.637993574142456055e-02 1.029914319515228271e-01 9.895837306976318359e-02 1.255841255187988281e-01 1.105139255523681641e-01 9.754508733749389648e-02 9.544217586517333984e-02 9.734290838241577148e-02 1.014413833618164062e-01 1.091356277465820312e-01 1.105431318283081055e-01 1.100038886070251465e-01 1.177394986152648926e-01 1.146909296512603760e-01 9.279218316078186035e-02 1.203678846359252930e-01 1.104578375816345215e-01 1.011360883712768555e-01 1.006076931953430176e-01 1.036851108074188232e-01 1.083644032478332520e-01 1.053207814693450928e-01 8.943906426429748535e-02 8.669719099998474121e-02 1.107200086116790771e-01 8.955776691436767578e-02 9.724858403205871582e-02 1.029800176620483398e-01 9.442532062530517578e-02 1.110658347606658936e-01 1.081614196300506592e-01 1.186659038066864014e-01 9.073737263679504395e-02 8.354520797729492188e-02 1.116706132888793945e-01 1.111958920955657959e-01 1.042801141738891602e-01 1.043647825717926025e-01 8.696046471595764160e-02 1.160472333431243896e-01 1.053333580493927002e-01 9.758901596069335938e-02 8.526208996772766113e-02 8.861052989959716797e-02 1.215749382972717285e-01 1.023951470851898193e-01 1.074860095977783203e-01 1.116614639759063721e-01 8.568966388702392578e-02 9.138166904449462891e-02 9.402841329574584961e-02 8.560469746589660645e-02 1.160783767700195312e-01 1.117798984050750732e-01 9.735319018363952637e-02 1.073825657367706299e-01 1.083209514617919922e-01 9.093004465103149414e-02 8.978962898254394531e-02 1.006427109241485596e-01 9.131085872650146484e-02 1.026786565780639648e-01 9.489989280700683594e-02 1.019147038459777832e-01 1.115371882915496826e-01 1.095566451549530029e-01 9.576836228370666504e-02 8.853471279144287109e-02 8.347916603088378906e-02 1.093800663948059082e-01
1.765454113483428955e-01 3.119159042835235596e-01 2.086914181709289551e-01 3.801445066928863525e-01 1.593910157680511475e-01 1.545329988002777100e-01 1.695674657821655273e-01 1.649964451789855957e-01 1.585741341114044189e-01 1.820649504661560059e-01 2.997524738311767578e-01 1.640351414680480957e-01 1.708003580570220947e-01 1.519053280353546143e-01 1.828367114067077637e-01 1.534349322319030762e-01 1.678110659122467041e-01 1.812608838081359863e-01 1.679302453994750977e-01 1.554683148860931396e-01 1.612348854541778564e-01 1.685636937618255615e-01 1.679293215274810791e-01 1.606528460979461670e-01 1.799217760562896729e-01 1.685668826103210449e-01 1.609350442886352539e-01 1.705286800861358643e-01 1.643009483814239502e-01 1.723502576351165771e-01 1.891614198684692383e-01 1.599048376083374023e-01 1.793857514858245850e-01 1.699374020099639893e-01 1.791234016418457031e-01 1.824163496494293213e-01 1.657076776027679443e-01 1.313964426517486572e-01 1.768702268600463867e-01 1.718380749225616455e-01 1.596859991550445557e-01 1.898063123226165771e-01 1.464222371578216553e-01 1.708480119705200195e-01 1.716921031475067139e-01 1.470349431037902832e-01 1.517923772335052490e-01 1.712039709091186523e-01 1.614786684513092041e-01 1.750425696372985840e-01 1.545498073101043701e-01 1.630295217037200928e-01 1.828444600105285645e-01 1.707342565059661865e-01 1.578792035579681396e-01 1.677786409854888916e-01 1.631665527820587158e-01 1.615127623081207275e-01 1.530745923519134521e-01 1.775306165218353271e-01 1.725092232227325439e-01 1.742114722728729248e-01 1.697809696197509766e-01 1.771748363971710205e-01 1.645393073558807373e-01 1.806249320507049561e-01 1.567626893520355225e-01 1.654164791107177734e-01 1.758774816989898682e-01 1.617951989173889160e-01 1.617508828639984131e-01 1.602407097816467285e-01 1.787569522857666016e-01 1.886767446994781494e-01 1.582831442356109619e-01 1.733140051364898682e-01 1.565043926239013672e-01 1.762597560882568359e-01 1.620074212551116943e-01 1.510468423366546631e-01 1.777635812759399414e-01 1.679744422435760498e-01 1.650457978248596191e-01 1.807679235935211182e-01 1.736654043197631836e-01 1.846197247505187988e-01 1.679274439811706543e-01 1.603370904922485352e-01 1.428617537021636963e-01 1.714330911636352539e-01 1.676433682441711426e-01 1.627655029296875000e-01 1.676906347274780273e-01 1.746610701084136963e-01 1.875482499599456787e-01 1.616691052913665771e-01 1.704112887382507324e-01 1.490963995456695557e-01 1.564683914184570312e-01 1.694354712963104248e-01
2.809714078903198242e-01 2.547106742858886719e-01 1.815862357616424561e-01 4.274773597717285156e-01 1.819518804550170898e-01 1.844084858894348145e-01 1.748371422290802002e-01 1.598990559577941895e-01 1.610828042030334473e-01 1.669920682907104492e-01 1.761514246463775635e-01 1.645866632461547852e-01 1.716305613517761230e-01 1.718683838844299316e-01 1.696023046970367432e-01 1.641901731491088867e-01 1.649354994297027588e-01 1.620241999626159668e-01 1.476406455039978027e-01 1.565680205821990967e-01 1.654146611690521240e-01 1.740767955780029297e-01 1.656208932399749756e-01 1.723052859306335449e-01 1.785082519054412842e-01 1.585606634616851807e-01 1.669963598251342773e-01 1.635956168174743652e-01 1.721090972423553467e-01 1.637932956218719482e-01 1.676912903785705566e-01 1.642954051494598389e-01 1.610788702964782715e-01 1.555136442184448242e-01 1.602091193199157715e-01 1.786660850048065186e-01 1.456606686115264893e-01 1.642280519008636475e-01 1.694303154945373535e-01 1.645780205726623535e-01 2.811284065246582031e-01 2.567522227764129639e-01 1.757332086563110352e-01 2.850152254104614258e-01 1.788683235645294189e-01 2.944697737693786621e-01 2.162711322307586670e-01 1.683384776115417480e-01 1.659561395645141602e-01 1.530856490135192871e-01 1.758196949958801270e-01 1.586000919342041016e-01 1.641699373722076416e-01 1.702655255794525146e-01 1.611363291740417480e-01 1.816433370113372803e-01 1.768690049648284912e-01 1.641384065151214600e-01 1.711234748363494873e-01 1.655327379703521729e-01 1.718668937683105469e-01 1.641386747360229492e-01 1.735609173774719238e-01 1.660579442977905273e-01 1.657976508140563965e-01 1.749739348888397217e-01 1.676942110061645508e-01 1.869831681251525879e-01 1.768728494644165039e-01 1.659987270832061768e-01 1.677083373069763184e-01 1.596717238426208496e-01 1.605555415153503418e-01 1.613683998584747314e-01 1.605784296989440918e-01 1.579809486865997314e-01 1.636000573635101318e-01 1.574445366859436035e-01 1.644290983676910400e-01 1.594074964523315430e-01 1.557531356811523438e-01 1.875501275062561035e-01 1.681890785694122314e-01 1.803897321224212646e-01 1.612161695957183838e-01 1.663547456264495850e-01 1.704203486442565918e-01 1.446481347084045410e-01 1.666936576366424561e-01 1.599221527576446533e-01 1.738058626651763916e-01 1.629196405410766602e-01 1.533466577529907227e-01 1.675225794315338135e-01 1.609605252742767334e-01 1.826616227626800537e-01 1.719948947429656982e-01 1.446598172187805176e-01 1.655209958553314209e-01 1.534056365489959717e-01
2.101475000381469727e-01 4.040245115756988525e-01 2.196600735187530518e-01 2.737784385681152344e-01 2.373288869857788086e-01 1.538361310958862305e-01 1.735644936561584473e-01 1.638679504394531250e-01 1.705994307994842529e-01 1.584158539772033691e-01 1.521956026554107666e-01 1.632530093193054199e-01 1.769923865795135498e-01 1.951115727424621582e-01 1.710992157459259033e-01 1.580511629581451416e-01 1.536930203437805176e-01 1.756808757781982422e-01 1.546260118484497070e-01 1.750617325305938721e-01 1.614784598350524902e-01 1.489412486553192139e-01 1.711142063140869141e-01 1.483796834945678711e-01 1.525255441665649414e-01 1.693029701709747314e-01 1.646200716495513916e-01 1.658879816532135010e-01 1.728200018405914307e-01 1.715190112590789795e-01 1.866178512573242188e-01 1.687367260456085205e-01 1.833420097827911377e-01 1.767652630805969238e-01 1.550927162170410156e-01 1.678613126277923584e-01 1.669647991657257080e-01 1.805606782436370850e-01 1.670350134372711182e-01 1.727506518363952637e-01 1.620635390281677246e-01 1.747555136680603027e-01 1.595151424407958984e-01 1.756891906261444092e-01 1.691569387912750244e-01 1.684401333332061768e-01 1.664268374443054199e-01 1.521308720111846924e-01 1.701434254646301270e-01 1.580044031143188477e-01 1.800170242786407471e-01 1.693980991840362549e-01 1.657400131225585938e-01 1.617842018604278564e-01 1.694765090942382812e-01 1.596400439739227295e-01 1.648036539554595947e-01 1.610814332962036133e-01 1.829926669597625732e-01 1.717642247676849365e-01 1.747094690799713135e-01 1.544669568538665771e-01 1.544368267059326172e-01 1.827517747879028320e-01 1.618757247924804688e-01 1.638410091400146484e-01 1.674808263778686523e-01 1.620638966560363770e-01 1.519400775432586670e-01 1.511770486831665039e-01 1.677236258983612061e-01 1.610690355300903320e-01 1.522612571716308594e-01 1.838098764419555664e-01 1.592222750186920166e-01 1.764893233776092529e-01 1.540766656398773193e-01 1.638627052307128906e-01 1.531285047531127930e-01 1.589377820491790771e-01 1.726321876049041748e-01 1.493218243122100830e-01 1.600058972835540771e-01 1.646996140480041504e-01 1.545045077800750732e-01 1.651703119277954102e-01 1.666969954967498779e-01 1.870708763599395752e-01 1.714838445186614990e-01 1.548076272010803223e-01 1.740141510963439941e-01 1.496810615062713623e-01 1.628939509391784668e-01 1.658282876014709473e-01 1.929294168949127197e-01 1.599199771881103516e-01 1.392887532711029053e-01 1.590950787067413330e-01 1.806211173534393311e-01 1.654286980628967285e-01
