3.016029596328735352e-01 2.023748755455017090e-01 1.765652894973754883e-01 2.107930481433868408e-01 2.895434498786926270e-01 3.757266998291015625e-01 3.482354879379272461e-01 2.640070617198944092e-01 3.300248980522155762e-01 2.834618091583251953e-01 2.956847250461578369e-01 2.333658337593078613e-01 3.250083029270172119e-01 2.427590191364288330e-01 1.762503385543823242e-01 1.682198643684387207e-01 2.315075695514678955e-01 2.707688808441162109e-01 1.969371438026428223e-01 2.352558374404907227e-01 1.907862424850463867e-01 4.202608466148376465e-01 2.539092302322387695e-01 2.539647519588470459e-01 3.634942770004272461e-01 2.469149529933929443e-01 1.939049959182739258e-01 2.892561554908752441e-01 1.913180947303771973e-01 3.043213188648223877e-01 2.836899161338806152e-01 1.769042313098907471e-01 2.950052618980407715e-01 3.415086865425109863e-01 3.009766042232513428e-01 1.657052338123321533e-01 2.325326204299926758e-01 1.872193217277526855e-01 2.915767729282379150e-01 2.612757384777069092e-01 3.145239055156707764e-01 1.671558916568756104e-01 1.951262950897216797e-01 3.761459589004516602e-01 2.364051640033721924e-01 2.118509411811828613e-01 2.014569044113159180e-01 1.715331077575683594e-01 2.539653182029724121e-01 2.510980963706970215e-01 3.065710067749023438e-01 4.416718184947967529e-01 2.217023372650146484e-01 2.445540130138397217e-01 3.090924620628356934e-01 3.528414666652679443e-01 2.605464756488800049e-01 2.557050287723541260e-01 2.383094131946563721e-01 4.235607385635375977e-01 2.900548875331878662e-01 2.269849777221679688e-01 2.588255405426025391e-01 3.648654520511627197e-01 3.299993872642517090e-01 2.103701531887054443e-01 3.268433809280395508e-01 3.966687917709350586e-01 2.571061849594116211e-01 2.532315850257873535e-01 3.150676488876342773e-01 1.960220634937286377e-01 4.719620943069458008e-01 2.790397405624389648e-01 2.082583904266357422e-01 4.369889199733734131e-01 3.670553565025329590e-01 4.671108722686767578e-01 2.134687006473541260e-01 2.296524643898010254e-01 2.805023789405822754e-01 2.316714823246002197e-01 2.679945230484008789e-01 3.051652312278747559e-01 2.890529036521911621e-01 2.448866069316864014e-01 3.313614130020141602e-01 2.771962881088256836e-01 2.382545471191406250e-01 1.547884047031402588e-01 1.752987802028656006e-01 3.659275174140930176e-01 1.993001103401184082e-01 1.811103224754333496e-01 4.283297955989837646e-01 3.815346956253051758e-01 2.735426127910614014e-01 2.881368398666381836e-01 2.721816599369049072e-01 3.222880959510803223e-01
4.037534892559051514e-01 2.020748257637023926e-01 2.811704277992248535e-01 2.157710194587707520e-01 1.855545639991760254e-01 3.105676174163818359e-01 2.475261688232421875e-01 2.316570580005645752e-01 1.803825497627258301e-01 2.114827930927276611e-01 2.644920349121093750e-01 2.076001167297363281e-01 2.716277837753295898e-01 1.629795134067535400e-01 2.315876483917236328e-01 2.367837429046630859e-01 3.487330377101898193e-01 2.879621386528015137e-01 4.670384526252746582e-01 3.253372013568878174e-01 2.807516455650329590e-01 2.734700739383697510e-01 1.688890457153320312e-01 1.942214667797088623e-01 2.269586324691772461e-01 2.237080335617065430e-01 2.721743285655975342e-01 1.745910346508026123e-01 2.607365250587463379e-01 2.511899471282958984e-01 3.065953254699707031e-01 2.395387291908264160e-01 2.852413058280944824e-01 2.115170657634735107e-01 3.381315171718597412e-01 1.930171847343444824e-01 2.088457047939300537e-01 2.538626492023468018e-01 2.408032715320587158e-01 2.639160752296447754e-01 2.572964131832122803e-01 2.574209570884704590e-01 3.249011635780334473e-01 2.478858530521392822e-01 2.115965187549591064e-01 2.988319694995880127e-01 3.317496776580810547e-01 3.746644854545593262e-01 2.092457115650177002e-01 3.092583119869232178e-01 1.870844662189483643e-01 2.496720552444458008e-01 2.756201624870300293e-01 3.118366003036499023e-01 2.133644521236419678e-01 2.178952693939208984e-01 1.673285365104675293e-01 2.982516884803771973e-01 2.800803482532501221e-01 3.242999911308288574e-01 2.635230720043182373e-01 3.314841389656066895e-01 2.504840493202209473e-01 2.414230406284332275e-01 2.922097146511077881e-01 2.451198697090148926e-01 2.206986546516418457e-01 2.965056896209716797e-01 2.857015728950500488e-01 2.105073630809783936e-01 2.954349517822265625e-01 2.258690595626831055e-01 2.530905008316040039e-01 4.254503250122070312e-01 2.444622218608856201e-01 3.594621419906616211e-01 3.442917466163635254e-01 2.865287959575653076e-01 2.056586444377899170e-01 3.345504999160766602e-01 2.066158950328826904e-01 2.026802599430084229e-01 3.874989449977874756e-01 3.979682326316833496e-01 3.099410831928253174e-01 2.448906302452087402e-01 1.859014034271240234e-01 3.073629736900329590e-01 1.979454159736633301e-01 2.762765288352966309e-01 2.539831995964050293e-01 4.226843714714050293e-01 2.667482197284698486e-01 4.708475172519683838e-01 4.188862442970275879e-01 4.327723979949951172e-01 1.815157532691955566e-01 2.910480499267578125e-01 3.088479042053222656e-01 2.563335895538330078e-01
2.179804444313049316e-01 2.321558892726898193e-01 1.971236169338226318e-01 2.744733095169067383e-01 3.622031211853027344e-01 2.347094416618347168e-01 3.102639317512512207e-01 2.870679497718811035e-01 3.295186758041381836e-01 2.465344071388244629e-01 2.933787107467651367e-01 3.270699381828308105e-01 2.926712930202484131e-01 3.669989109039306641e-01 2.290656864643096924e-01 2.271235287189483643e-01 2.918666601181030273e-01 2.266182303428649902e-01 1.784809529781341553e-01 2.254776656627655029e-01 1.747543215751647949e-01 2.736107409000396729e-01 1.771543622016906738e-01 2.112738490104675293e-01 3.377543091773986816e-01 2.507679462432861328e-01 1.845085918903350830e-01 3.034098148345947266e-01 3.384822607040405273e-01 4.202909469604492188e-01 2.035257220268249512e-01 3.312665224075317383e-01 2.481468021869659424e-01 3.284161388874053955e-01 2.955206632614135742e-01 3.535405099391937256e-01 1.654209494590759277e-01 2.276420295238494873e-01 2.403996288776397705e-01 2.560079395771026611e-01 2.636830210685729980e-01 3.014952540397644043e-01 2.818914055824279785e-01 1.665082573890686035e-01 4.535649418830871582e-01 2.711658477783203125e-01 2.420696318149566650e-01 1.830024123191833496e-01 2.506811022758483887e-01 1.311165392398834229e-01 2.824302911758422852e-01 3.560470938682556152e-01 3.252761662006378174e-01 2.379439175128936768e-01 3.238645792007446289e-01 2.343742251396179199e-01 2.551756501197814941e-01 3.650095462799072266e-01 2.650649547576904297e-01 1.901903152465820312e-01 3.221170902252197266e-01 2.894044816493988037e-01 2.091455757617950439e-01 2.649101614952087402e-01 4.036747217178344727e-01 3.312607407569885254e-01 2.251629829406738281e-01 2.381382584571838379e-01 2.058315873146057129e-01 2.264962196350097656e-01 2.131463587284088135e-01 1.811659634113311768e-01 3.310786485671997070e-01 3.325196206569671631e-01 2.239825427532196045e-01 2.318687140941619873e-01 1.968172192573547363e-01 2.709256410598754883e-01 2.882739007472991943e-01 2.191434502601623535e-01 4.556908309459686279e-01 2.075933814048767090e-01 2.070113420486450195e-01 3.745974898338317871e-01 2.867066860198974609e-01 2.056009173393249512e-01 3.549051284790039062e-01 1.726586818695068359e-01 3.886843621730804443e-01 1.756750941276550293e-01 4.144943058490753174e-01 3.529481291770935059e-01 2.461474537849426270e-01 3.660145401954650879e-01 4.106204509735107422e-01 2.238314449787139893e-01 2.398847341537475586e-01 1.882358491420745850e-01 2.670396566390991211e-01 2.731252312660217285e-01
3.282324075698852539e-01 1.854862272739410400e-01 3.637954294681549072e-01 2.457849383354187012e-01 2.814611792564392090e-01 3.304755091667175293e-01 2.648838758468627930e-01 2.588298916816711426e-01 2.633970379829406738e-01 3.428300619125366211e-01 2.211246788501739502e-01 3.332903385162353516e-01 2.973529696464538574e-01 1.612735986709594727e-01 2.422190308570861816e-01 2.594072818756103516e-01 2.900060713291168213e-01 3.499575853347778320e-01 1.816387474536895752e-01 1.550570428371429443e-01 2.383291423320770264e-01 2.370235025882720947e-01 2.714878916740417480e-01 3.659885525703430176e-01 1.686812937259674072e-01 2.645885944366455078e-01 1.957545578479766846e-01 3.588287830352783203e-01 3.182135224342346191e-01 2.397578954696655273e-01 2.406279444694519043e-01 1.891890764236450195e-01 2.427954971790313721e-01 4.113906323909759521e-01 2.320450842380523682e-01 3.122050166130065918e-01 3.480543494224548340e-01 2.312629222869873047e-01 2.545830905437469482e-01 3.698945939540863037e-01 3.318039774894714355e-01 3.366999626159667969e-01 2.718359231948852539e-01 2.014531195163726807e-01 2.872411012649536133e-01 4.093570709228515625e-01 2.989572584629058838e-01 2.450578510761260986e-01 1.717344522476196289e-01 3.209329545497894287e-01 3.121588230133056641e-01 3.446338176727294922e-01 2.470714449882507324e-01 2.708318233489990234e-01 2.580787539482116699e-01 2.889969646930694580e-01 3.968330919742584229e-01 2.544859051704406738e-01 1.770085096359252930e-01 1.593815982341766357e-01 2.126882970333099365e-01 1.926184892654418945e-01 1.865683794021606445e-01 3.794362246990203857e-01 3.492775857448577881e-01 1.991429924964904785e-01 1.743445396423339844e-01 2.337570488452911377e-01 2.248158156871795654e-01 3.625185787677764893e-01 1.767812669277191162e-01 2.468618154525756836e-01 2.933676838874816895e-01 2.680542469024658203e-01 2.739402055740356445e-01 2.520666718482971191e-01 3.081945180892944336e-01 2.181744873523712158e-01 2.240619957447052002e-01 3.177614212036132812e-01 2.794004678726196289e-01 3.610560297966003418e-01 3.348955512046813965e-01 2.650852799415588379e-01 1.555690467357635498e-01 2.752193212509155273e-01 2.340973019599914551e-01 2.699202895164489746e-01 2.579374909400939941e-01 1.895896792411804199e-01 2.872770428657531738e-01 3.579966425895690918e-01 3.100078701972961426e-01 3.377007246017456055e-01 2.958572804927825928e-01 2.230206131935119629e-01 2.703284025192260742e-01 3.283383846282958984e-01 3.329668045043945312e-01 2.135619223117828369e-01
2.239502966403961182e-01 2.299512624740600586e-01 2.160461246967315674e-01 4.314921796321868896e-01 2.963184118270874023e-01 3.028256893157958984e-01 2.674143910408020020e-01 3.637846708297729492e-01 3.244014680385589600e-01 2.484354078769683838e-01 2.283240258693695068e-01 1.800805330276489258e-01 3.545041084289550781e-01 2.159390747547149658e-01 3.228414058685302734e-01 2.310536801815032959e-01 2.199700772762298584e-01 1.845299303531646729e-01 2.458305060863494873e-01 2.388433218002319336e-01 2.894911766052246094e-01 2.073501646518707275e-01 3.082447648048400879e-01 2.227454483509063721e-01 2.845433354377746582e-01 2.902688384056091309e-01 1.743255257606506348e-01 2.041686475276947021e-01 3.878344297409057617e-01 1.863359510898590088e-01 1.931604444980621338e-01 2.622051239013671875e-01 1.690677106380462646e-01 2.966933548450469971e-01 4.450333416461944580e-01 3.475495278835296631e-01 3.042977154254913330e-01 2.682784199714660645e-01 1.802492737770080566e-01 2.236299812793731689e-01 2.863483428955078125e-01 3.210223317146301270e-01 1.844905316829681396e-01 2.501864135265350342e-01 2.617447376251220703e-01 2.407214045524597168e-01 2.660089135169982910e-01 2.438352406024932861e-01 1.885535717010498047e-01 2.038739621639251709e-01 2.525250315666198730e-01 2.353271543979644775e-01 2.338873147964477539e-01 1.593619287014007568e-01 3.283681273460388184e-01 2.899802625179290771e-01 3.665325939655303955e-01 1.853402256965637207e-01 2.681699693202972412e-01 2.028824985027313232e-01 2.791875004768371582e-01 3.500872254371643066e-01 4.583115875720977783e-01 2.473351061344146729e-01 2.636116743087768555e-01 2.903473377227783203e-01 2.440808713436126709e-01 2.909261584281921387e-01 3.556400537490844727e-01 3.816413879394531250e-01 2.535566687583923340e-01 3.368875980377197266e-01 3.315836787223815918e-01 2.406922876834869385e-01 3.050398826599121094e-01 1.849881112575531006e-01 3.858104944229125977e-01 3.273185491561889648e-01 2.731078863143920898e-01 3.476896286010742188e-01 3.644995093345642090e-01 1.787863969802856445e-01 2.838171422481536865e-01 2.972776293754577637e-01 2.351917326450347900e-01 3.440852165222167969e-01 2.188703417778015137e-01 2.585136294364929199e-01 3.458867073059082031e-01 1.719600856304168701e-01 2.285394966602325439e-01 2.610539197921752930e-01 3.125075101852416992e-01 3.351587951183319092e-01 1.585924625396728516e-01 2.663093209266662598e-01 2.761413753032684326e-01 2.492712438106536865e-01 3.649575114250183105e-01 2.234058082103729248e-01
2.419720888137817383e-01 2.652503550052642822e-01 2.199379205703735352e-01 1.762938797473907471e-01 3.120686411857604980e-01 3.943437337875366211e-01 2.040323615074157715e-01 2.324250042438507080e-01 2.698607742786407471e-01 3.081909418106079102e-01 2.842826247215270996e-01 1.934710443019866943e-01 2.650237679481506348e-01 4.167491793632507324e-01 3.634383082389831543e-01 2.487332224845886230e-01 2.560355663299560547e-01 1.853310465812683105e-01 1.848589777946472168e-01 3.826054334640502930e-01 2.456609010696411133e-01 2.551411986351013184e-01 1.835438907146453857e-01 3.150456547737121582e-01 2.179972231388092041e-01 2.520169615745544434e-01 2.527741789817810059e-01 2.147825658321380615e-01 2.274902760982513428e-01 3.966853022575378418e-01 2.430714368820190430e-01 1.792459487915039062e-01 2.436066865921020508e-01 2.163425683975219727e-01 3.060790896415710449e-01 2.601153850555419922e-01 4.016031324863433838e-01 2.402186095714569092e-01 3.131279945373535156e-01 2.502300441265106201e-01 2.276861965656280518e-01 1.856493651866912842e-01 1.686090230941772461e-01 4.172404110431671143e-01 3.358042538166046143e-01 2.991225719451904297e-01 1.811059415340423584e-01 2.126547396183013916e-01 2.401511669158935547e-01 3.036964535713195801e-01 3.291659355163574219e-01 2.422189712524414062e-01 1.827515661716461182e-01 2.385884821414947510e-01 1.702253818511962891e-01 2.504863739013671875e-01 3.084315359592437744e-01 1.920679211616516113e-01 2.031644880771636963e-01 2.486124932765960693e-01 3.463035225868225098e-01 2.426907122135162354e-01 3.261228203773498535e-01 2.251206338405609131e-01 2.690071761608123779e-01 2.449098825454711914e-01 2.515925168991088867e-01 2.740902900695800781e-01 1.680213212966918945e-01 2.224361002445220947e-01 2.953625321388244629e-01 2.580953836441040039e-01 2.515897750854492188e-01 2.131334841251373291e-01 3.484405875205993652e-01 2.790850698947906494e-01 3.452261090278625488e-01 3.673258721828460693e-01 2.604691088199615479e-01 1.726362705230712891e-01 2.350411713123321533e-01 2.582725286483764648e-01 1.953486800193786621e-01 2.941041588783264160e-01 2.437221407890319824e-01 2.550439536571502686e-01 2.407313585281372070e-01 2.179119884967803955e-01 3.552678227424621582e-01 4.530683755874633789e-01 2.014636993408203125e-01 3.495428562164306641e-01 2.490268349647521973e-01 1.995469033718109131e-01 2.673620879650115967e-01 1.851496398448944092e-01 3.372262418270111084e-01 2.666433751583099365e-01 2.282840311527252197e-01 2.609665393829345703e-01
3.315012156963348389e-01 2.465255260467529297e-01 2.666563987731933594e-01 4.430849552154541016e-01 3.420437276363372803e-01 2.899675369262695312e-01 2.756453156471252441e-01 3.103681206703186035e-01 3.201603293418884277e-01 2.271197438240051270e-01 3.127177655696868896e-01 2.572018802165985107e-01 2.302268147468566895e-01 2.683765292167663574e-01 2.461066544055938721e-01 3.504237532615661621e-01 1.584501564502716064e-01 2.238453626632690430e-01 2.681623399257659912e-01 3.770098686218261719e-01 4.449881017208099365e-01 4.093977212905883789e-01 3.678302168846130371e-01 1.784064769744873047e-01 2.420315742492675781e-01 1.828532516956329346e-01 3.002350330352783203e-01 3.119489550590515137e-01 2.113436758518218994e-01 2.443678379058837891e-01 3.666949570178985596e-01 2.763296663761138916e-01 3.522270023822784424e-01 2.453323304653167725e-01 4.141873121261596680e-01 2.357423305511474609e-01 3.054226636886596680e-01 2.140865623950958252e-01 3.347407579421997070e-01 2.276896536350250244e-01 2.860021889209747314e-01 1.459110677242279053e-01 2.341480851173400879e-01 2.007377743721008301e-01 4.455621540546417236e-01 4.105939269065856934e-01 2.865530252456665039e-01 2.967371642589569092e-01 2.878484725952148438e-01 2.667896747589111328e-01 2.774717807769775391e-01 3.282176554203033447e-01 3.786001205444335938e-01 1.798174381256103516e-01 2.379804849624633789e-01 1.687166094779968262e-01 2.455304861068725586e-01 1.606315970420837402e-01 2.413888275623321533e-01 4.352535307407379150e-01 2.509580254554748535e-01 3.808987438678741455e-01 1.824240386486053467e-01 2.605867981910705566e-01 2.962317764759063721e-01 3.014062345027923584e-01 1.913873553276062012e-01 2.012228667736053467e-01 3.162274062633514404e-01 3.489100337028503418e-01 1.987977921962738037e-01 1.575179994106292725e-01 3.313883543014526367e-01 2.177976965904235840e-01 2.471668422222137451e-01 2.500567436218261719e-01 3.577870130538940430e-01 2.379757165908813477e-01 2.614208161830902100e-01 2.066626548767089844e-01 2.357525527477264404e-01 3.146547079086303711e-01 2.216877937316894531e-01 2.441045939922332764e-01 2.723204493522644043e-01 3.949240446090698242e-01 2.202301621437072754e-01 2.094971537590026855e-01 2.659363150596618652e-01 3.306348323822021484e-01 2.503105401992797852e-01 3.770250380039215088e-01 3.808447122573852539e-01 1.950355172157287598e-01 3.071274757385253906e-01 2.564031481742858887e-01 1.995806396007537842e-01 1.432906389236450195e-01 2.308941185474395752e-01 1.866918802261352539e-01
2.201441526412963867e-01 2.966831326484680176e-01 3.762893974781036377e-01 2.090238332748413086e-01 1.932378411293029785e-01 2.374614477157592773e-01 3.016603887081146240e-01 2.960545420646667480e-01 3.529117107391357422e-01 2.661263346672058105e-01 3.183330893516540527e-01 2.619314193725585938e-01 2.406888604164123535e-01 2.094461321830749512e-01 2.361586391925811768e-01 2.839957177639007568e-01 2.063609063625335693e-01 2.537413835525512695e-01 4.579304158687591553e-01 2.631689012050628662e-01 3.406977057456970215e-01 2.907166481018066406e-01 2.064005434513092041e-01 2.193851768970489502e-01 3.234325051307678223e-01 2.307531535625457764e-01 2.641428411006927490e-01 2.625924944877624512e-01 1.784386932849884033e-01 3.814935088157653809e-01 2.505813837051391602e-01 2.818094789981842041e-01 2.622473835945129395e-01 3.244896531105041504e-01 3.051497340202331543e-01 1.982771456241607666e-01 2.172968685626983643e-01 1.891105175018310547e-01 4.216320216655731201e-01 3.211887180805206299e-01 2.922709882259368896e-01 3.059690594673156738e-01 2.743124961853027344e-01 2.367753684520721436e-01 4.406329393386840820e-01 3.104640841484069824e-01 2.651231288909912109e-01 2.476573884487152100e-01 2.055005431175231934e-01 2.588036656379699707e-01 4.224126935005187988e-01 2.904083728790283203e-01 1.684531271457672119e-01 1.946926116943359375e-01 2.445415556430816650e-01 2.457804679870605469e-01 3.115092515945434570e-01 3.400934636592864990e-01 2.238411307334899902e-01 2.148512601852416992e-01 2.687036693096160889e-01 2.033365666866302490e-01 3.067346215248107910e-01 1.776086688041687012e-01 2.786415815353393555e-01 2.224177420139312744e-01 2.155316174030303955e-01 3.532362580299377441e-01 2.811615467071533203e-01 3.180520832538604736e-01 1.823540925979614258e-01 3.665616512298583984e-01 2.055270969867706299e-01 2.135855853557586670e-01 2.578638195991516113e-01 2.878688573837280273e-01 2.108983099460601807e-01 2.516325414180755615e-01 2.610880136489868164e-01 1.931214332580566406e-01 1.574652493000030518e-01 4.050776958465576172e-01 2.662229537963867188e-01 2.326101958751678467e-01 2.755135297775268555e-01 1.884846389293670654e-01 2.864486873149871826e-01 3.707931041717529297e-01 3.203057646751403809e-01 3.661775887012481689e-01 2.507156133651733398e-01 2.176390290260314941e-01 3.240160346031188965e-01 3.562823235988616943e-01 2.321683764457702637e-01 1.686029136180877686e-01 3.453615307807922363e-01 2.323680222034454346e-01 2.092808485031127930e-01 3.395634889602661133e-01
2.907059192657470703e-01 2.538369894027709961e-01 2.701313495635986328e-01 1.929598748683929443e-01 2.245275080204010010e-01 2.566652894020080566e-01 4.502729773521423340e-01 2.287542521953582764e-01 1.776031851768493652e-01 3.434597849845886230e-01 3.393421471118927002e-01 2.508003115653991699e-01 2.226366102695465088e-01 2.707385420799255371e-01 2.624843120574951172e-01 2.618758082389831543e-01 3.513985276222229004e-01 4.006220698356628418e-01 4.127936959266662598e-01 3.936317861080169678e-01 1.823480129241943359e-01 3.024292588233947754e-01 2.048195898532867432e-01 2.837408781051635742e-01 4.479916691780090332e-01 4.458255171775817871e-01 2.581010460853576660e-01 4.140678644180297852e-01 1.994773745536804199e-01 2.241343855857849121e-01 1.911747455596923828e-01 2.732414603233337402e-01 2.288465201854705811e-01 2.627577781677246094e-01 3.042142689228057861e-01 2.772607207298278809e-01 3.255644142627716064e-01 1.679023504257202148e-01 2.576090395450592041e-01 2.352945804595947266e-01 2.588007152080535889e-01 2.710909247398376465e-01 2.355006933212280273e-01 2.756780385971069336e-01 2.952333688735961914e-01 3.013523221015930176e-01 2.507995367050170898e-01 1.892397999763488770e-01 3.095528483390808105e-01 3.519257307052612305e-01 2.531527876853942871e-01 2.665025591850280762e-01 2.016289234161376953e-01 3.568178415298461914e-01 3.135836422443389893e-01 2.095803618431091309e-01 3.443634808063507080e-01 1.964424848556518555e-01 3.338035345077514648e-01 2.926549315452575684e-01 2.534371912479400635e-01 1.748886406421661377e-01 2.099096775054931641e-01 3.319308757781982422e-01 1.983198523521423340e-01 3.147211968898773193e-01 1.799333691596984863e-01 2.782362103462219238e-01 2.067736387252807617e-01 3.175032734870910645e-01 3.398385345935821533e-01 2.822328805923461914e-01 2.716864347457885742e-01 2.070145308971405029e-01 2.093237638473510742e-01 2.733847498893737793e-01 1.867677271366119385e-01 2.848285436630249023e-01 3.315629959106445312e-01 2.933792173862457275e-01 1.905174255371093750e-01 2.058350741863250732e-01 3.338581323623657227e-01 1.960364580154418945e-01 3.606197834014892578e-01 2.261938154697418213e-01 2.613810896873474121e-01 2.344215512275695801e-01 3.875868022441864014e-01 3.570387065410614014e-01 1.918530762195587158e-01 2.427216768264770508e-01 1.860818862915039062e-01 2.211740911006927490e-01 2.628866434097290039e-01 2.129321694374084473e-01 2.774301767349243164e-01 2.227802574634552002e-01 1.625934243202209473e-01 2.920376062393188477e-01
2.910557389259338379e-01 1.540173292160034180e-01 3.059944510459899902e-01 1.912381947040557861e-01 2.708128690719604492e-01 2.167533338069915771e-01 4.369548559188842773e-01 3.182350397109985352e-01 4.455982744693756104e-01 1.922427415847778320e-01 2.447193861007690430e-01 2.861335277557373047e-01 2.543395757675170898e-01 3.130814135074615479e-01 2.582440078258514404e-01 2.042114436626434326e-01 2.528834342956542969e-01 2.964353859424591064e-01 2.211642861366271973e-01 2.742442488670349121e-01 2.826013267040252686e-01 3.898338377475738525e-01 1.891292631626129150e-01 3.055451512336730957e-01 2.358793020248413086e-01 2.474946975708007812e-01 2.795986533164978027e-01 1.639827787876129150e-01 2.688723206520080566e-01 4.319661557674407959e-01 2.737535834312438965e-01 2.285833358764648438e-01 2.151196599006652832e-01 3.809902966022491455e-01 3.696254789829254150e-01 3.864462375640869141e-01 3.011151552200317383e-01 3.457112908363342285e-01 3.001956939697265625e-01 2.570987939834594727e-01 2.392182052135467529e-01 4.058733880519866943e-01 2.897298336029052734e-01 2.760084867477416992e-01 2.258599996566772461e-01 2.642385661602020264e-01 3.074521422386169434e-01 2.862516641616821289e-01 3.056840300559997559e-01 2.434145510196685791e-01 3.678236007690429688e-01 2.357051074504852295e-01 2.756047248840332031e-01 2.587116956710815430e-01 3.543581366539001465e-01 2.909321784973144531e-01 2.657766938209533691e-01 1.829207241535186768e-01 4.389445781707763672e-01 2.281259894371032715e-01 2.865899801254272461e-01 2.712672352790832520e-01 3.105064630508422852e-01 2.830191850662231445e-01 2.504289150238037109e-01 2.450005114078521729e-01 2.604076862335205078e-01 2.566275596618652344e-01 2.019027769565582275e-01 4.314523041248321533e-01 2.785398364067077637e-01 2.150463163852691650e-01 2.152150869369506836e-01 2.735097408294677734e-01 2.614449858665466309e-01 2.375910580158233643e-01 2.338829040527343750e-01 2.631639242172241211e-01 1.700852811336517334e-01 3.149407505989074707e-01 2.293415665626525879e-01 2.383666038513183594e-01 1.645945608615875244e-01 3.490789830684661865e-01 2.033407986164093018e-01 2.677416801452636719e-01 3.927367031574249268e-01 3.324564695358276367e-01 1.768327355384826660e-01 1.834120452404022217e-01 1.985760331153869629e-01 1.858349442481994629e-01 2.943372130393981934e-01 3.412705063819885254e-01 2.414408326148986816e-01 3.072799146175384521e-01 1.772425472736358643e-01 4.366475641727447510e-01 2.263317108154296875e-01 2.381889224052429199e-01
3.354344666004180908e-01 2.224495708942413330e-01 3.148345053195953369e-01 2.387146353721618652e-01 2.412570118904113770e-01 3.815481662750244141e-01 2.928805351257324219e-01 1.895539462566375732e-01 3.115592300891876221e-01 1.839273571968078613e-01 2.521308064460754395e-01 3.736790418624877930e-01 3.448268175125122070e-01 1.717994809150695801e-01 2.597798109054565430e-01 1.582620441913604736e-01 2.800372242927551270e-01 4.387516677379608154e-01 1.605028808116912842e-01 3.306694328784942627e-01 1.796819567680358887e-01 1.895754337310791016e-01 3.523001372814178467e-01 3.072690963745117188e-01 2.926672399044036865e-01 2.309510409832000732e-01 2.722595930099487305e-01 3.217184543609619141e-01 2.548474073410034180e-01 3.717722892761230469e-01 2.048738598823547363e-01 2.479793429374694824e-01 2.525751292705535889e-01 4.692385494709014893e-01 2.405892908573150635e-01 3.297263979911804199e-01 2.143039405345916748e-01 2.534158825874328613e-01 1.650378108024597168e-01 2.930448055267333984e-01 3.636550903320312500e-01 1.600785255432128906e-01 3.500844538211822510e-01 2.360285818576812744e-01 1.814533174037933350e-01 3.693528175354003906e-01 1.797617971897125244e-01 3.603160381317138672e-01 1.650508344173431396e-01 1.814415752887725830e-01 2.801731228828430176e-01 1.999109685420989990e-01 3.651753067970275879e-01 3.228560686111450195e-01 2.573035061359405518e-01 2.509503066539764404e-01 1.847839057445526123e-01 3.425621986389160156e-01 2.153217792510986328e-01 2.609009742736816406e-01 4.493629336357116699e-01 2.624002993106842041e-01 3.882212638854980469e-01 1.882778704166412354e-01 4.374783337116241455e-01 4.265456199645996094e-01 2.617644369602203369e-01 2.952927947044372559e-01 2.980167865753173828e-01 2.218588590621948242e-01 2.888547778129577637e-01 2.660132050514221191e-01 3.417280912399291992e-01 2.619885206222534180e-01 2.788730263710021973e-01 2.011933028697967529e-01 1.955837011337280273e-01 3.167517185211181641e-01 2.430636584758758545e-01 3.501984477043151855e-01 2.751168608665466309e-01 3.768090009689331055e-01 2.707024216651916504e-01 2.358866333961486816e-01 2.661997079849243164e-01 2.256335914134979248e-01 3.526498675346374512e-01 2.402490973472595215e-01 1.928093731403350830e-01 1.397275626659393311e-01 2.240712344646453857e-01 4.187039732933044434e-01 2.067803144454956055e-01 3.533207774162292480e-01 1.812312901020050049e-01 1.868017017841339111e-01 2.098298966884613037e-01 2.970021963119506836e-01 2.904744148254394531e-01 1.741875112056732178e-01
2.374722361564636230e-01 3.105935752391815186e-01 2.541459798812866211e-01 1.619130074977874756e-01 2.982127070426940918e-01 4.298955798149108887e-01 2.034057080745697021e-01 2.360206842422485352e-01 3.437218070030212402e-01 2.365058660507202148e-01 2.145260572433471680e-01 2.874936759471893311e-01 1.786979734897613525e-01 3.831594884395599365e-01 1.823092401027679443e-01 2.424773871898651123e-01 1.967256963253021240e-01 2.413295805454254150e-01 2.347624003887176514e-01 2.175585031509399414e-01 1.830637454986572266e-01 2.532296478748321533e-01 2.488826215267181396e-01 2.714348137378692627e-01 1.954989135265350342e-01 1.595897674560546875e-01 3.395171165466308594e-01 2.434404492378234863e-01 2.888932228088378906e-01 3.156895637512207031e-01 1.737610399723052979e-01 2.394602894783020020e-01 2.009515166282653809e-01 1.540212929248809814e-01 3.006377220153808594e-01 2.059225440025329590e-01 3.215315341949462891e-01 2.459647059440612793e-01 2.987635135650634766e-01 1.750640571117401123e-01 3.103989958763122559e-01 4.279318749904632568e-01 2.072203755378723145e-01 2.875057458877563477e-01 2.257525324821472168e-01 2.806810438632965088e-01 1.910250484943389893e-01 2.484460771083831787e-01 2.021360993385314941e-01 2.732283473014831543e-01 1.865973472595214844e-01 1.625581681728363037e-01 2.668179273605346680e-01 1.913976967334747314e-01 3.550772666931152344e-01 2.049326598644256592e-01 2.514714002609252930e-01 3.509333133697509766e-01 4.236525893211364746e-01 2.578741312026977539e-01 3.177164793014526367e-01 3.580872118473052979e-01 3.588509559631347656e-01 1.709400117397308350e-01 1.937502622604370117e-01 2.529832720756530762e-01 2.153260409832000732e-01 2.644125819206237793e-01 1.608644425868988037e-01 2.380069792270660400e-01 3.356423974037170410e-01 1.859326958656311035e-01 2.593944668769836426e-01 2.553649544715881348e-01 2.439670860767364502e-01 2.318188250064849854e-01 2.501180768013000488e-01 2.054506540298461914e-01 2.574539780616760254e-01 2.219204604625701904e-01 2.855912744998931885e-01 2.417425513267517090e-01 1.746037602424621582e-01 1.189832389354705811e-01 3.130270540714263916e-01 2.814690470695495605e-01 2.485755980014801025e-01 2.580149173736572266e-01 2.888848185539245605e-01 2.732762694358825684e-01 2.285166084766387939e-01 2.166675329208374023e-01 2.746192514896392822e-01 2.311538159847259521e-01 1.886552572250366211e-01 3.711940348148345947e-01 3.580779433250427246e-01 2.752872705459594727e-01 3.810483217239379883e-01 3.022972047328948975e-01
3.792558908462524414e-01 2.392386794090270996e-01 2.893770337104797363e-01 1.449182331562042236e-01 2.980616092681884766e-01 1.991582512855529785e-01 2.548648715019226074e-01 2.385425269603729248e-01 2.933791279792785645e-01 3.489380776882171631e-01 2.393822073936462402e-01 2.979171872138977051e-01 3.188326358795166016e-01 3.079683780670166016e-01 3.451428115367889404e-01 1.934840381145477295e-01 1.582517325878143311e-01 2.384537458419799805e-01 1.968146562576293945e-01 3.158708810806274414e-01 2.446821928024291992e-01 4.078724980354309082e-01 4.024033546447753906e-01 3.119123280048370361e-01 3.419412374496459961e-01 3.293632268905639648e-01 2.181815207004547119e-01 2.553364038467407227e-01 1.978428363800048828e-01 3.168526887893676758e-01 2.623428106307983398e-01 2.642757296562194824e-01 3.122103214263916016e-01 3.425908088684082031e-01 3.106679916381835938e-01 2.045448124408721924e-01 3.594985306262969971e-01 1.645666062831878662e-01 2.273336052894592285e-01 3.784486353397369385e-01 2.674478590488433838e-01 2.091965675354003906e-01 4.214432537555694580e-01 2.171752154827117920e-01 1.854915022850036621e-01 2.090657353401184082e-01 2.673406600952148438e-01 2.515533566474914551e-01 1.716245114803314209e-01 3.561612367630004883e-01 2.445585727691650391e-01 2.713311314582824707e-01 2.364439070224761963e-01 3.398080468177795410e-01 2.584933638572692871e-01 3.664468526840209961e-01 4.030562639236450195e-01 1.947309374809265137e-01 2.706560492515563965e-01 2.259357571601867676e-01 1.845681965351104736e-01 2.615320682525634766e-01 2.986220717430114746e-01 4.649888873100280762e-01 2.077207863330841064e-01 2.301296889781951904e-01 3.946986198425292969e-01 2.464140951633453369e-01 2.309948205947875977e-01 4.200215339660644531e-01 2.693391144275665283e-01 2.707707881927490234e-01 3.110341429710388184e-01 3.065788745880126953e-01 4.561403393745422363e-01 1.473999917507171631e-01 2.404923737049102783e-01 2.017298936843872070e-01 1.670509874820709229e-01 2.623471915721893311e-01 4.165372550487518311e-01 2.600881159305572510e-01 2.031227648258209229e-01 2.606859803199768066e-01 3.175130486488342285e-01 2.642069160938262939e-01 2.561550736427307129e-01 2.619330883026123047e-01 3.362154960632324219e-01 2.593821585178375244e-01 2.799733579158782959e-01 3.058118224143981934e-01 2.260052561759948730e-01 2.936930656433105469e-01 2.540570795536041260e-01 2.799894809722900391e-01 2.386153042316436768e-01 3.756784200668334961e-01 2.489715516567230225e-01 2.824186086654663086e-01
3.462447226047515869e-01 1.977849602699279785e-01 4.048663973808288574e-01 2.427594959735870361e-01 2.489336729049682617e-01 3.674556016921997070e-01 2.277249395847320557e-01 1.788028180599212646e-01 2.309817075729370117e-01 2.098429203033447266e-01 2.112957537174224854e-01 1.758045852184295654e-01 2.365689277648925781e-01 1.678458154201507568e-01 2.976314425468444824e-01 2.815066874027252197e-01 2.368008792400360107e-01 2.016075253486633301e-01 1.713089942932128906e-01 3.426429033279418945e-01 2.198375165462493896e-01 2.178195714950561523e-01 2.277548909187316895e-01 1.846985518932342529e-01 2.795457839965820312e-01 3.330987691879272461e-01 2.784609198570251465e-01 2.198679745197296143e-01 1.949628293514251709e-01 2.198834717273712158e-01 3.142480850219726562e-01 2.551174759864807129e-01 3.856934010982513428e-01 2.864392995834350586e-01 3.864384889602661133e-01 2.631139755249023438e-01 2.429156303405761719e-01 2.271788120269775391e-01 2.982320785522460938e-01 3.214071393013000488e-01 2.203881442546844482e-01 1.979911625385284424e-01 2.408939003944396973e-01 2.681688070297241211e-01 3.498215377330780029e-01 3.148216009140014648e-01 1.794997751712799072e-01 3.462806344032287598e-01 2.692854404449462891e-01 2.549077868461608887e-01 2.596395015716552734e-01 2.026140391826629639e-01 2.758212089538574219e-01 2.541818022727966309e-01 1.874401271343231201e-01 3.968294560909271240e-01 3.492630124092102051e-01 3.036973476409912109e-01 3.766815066337585449e-01 1.925786435604095459e-01 2.617729008197784424e-01 1.841062009334564209e-01 3.514160513877868652e-01 3.223823010921478271e-01 1.803317368030548096e-01 3.666786551475524902e-01 2.275528907775878906e-01 2.569103240966796875e-01 2.653267383575439453e-01 4.212724864482879639e-01 2.674096524715423584e-01 2.433411777019500732e-01 2.637341022491455078e-01 2.813126742839813232e-01 1.715845465660095215e-01 2.488930821418762207e-01 2.565235495567321777e-01 2.742948532104492188e-01 2.595255970954895020e-01 2.716496288776397705e-01 2.222855091094970703e-01 2.669437229633331299e-01 2.631617784500122070e-01 3.678272068500518799e-01 3.426240682601928711e-01 4.224462211132049561e-01 1.916438639163970947e-01 4.360317289829254150e-01 2.594251930713653564e-01 2.260372638702392578e-01 3.702914714813232422e-01 2.962417602539062500e-01 2.363650202751159668e-01 2.505863904953002930e-01 1.924685835838317871e-01 1.967451572418212891e-01 2.561860084533691406e-01 3.361343741416931152e-01 2.538543343544006348e-01 3.443672358989715576e-01
2.968774437904357910e-01 4.459218382835388184e-01 4.516442716121673584e-01 2.161195576190948486e-01 1.707395911216735840e-01 2.619175314903259277e-01 3.993254005908966064e-01 2.837772369384765625e-01 2.326604723930358887e-01 1.803118288516998291e-01 3.473193049430847168e-01 3.333723843097686768e-01 2.738475799560546875e-01 2.443448603153228760e-01 3.479293286800384521e-01 2.469068467617034912e-01 1.814357936382293701e-01 3.742244839668273926e-01 3.701167106628417969e-01 3.581385612487792969e-01 2.453118264675140381e-01 2.628957033157348633e-01 2.862252891063690186e-01 2.167645990848541260e-01 3.440931439399719238e-01 4.094240367412567139e-01 2.894448041915893555e-01 3.556101322174072266e-01 1.685646772384643555e-01 1.711373925209045410e-01 1.724037528038024902e-01 2.727164626121520996e-01 3.499790430068969727e-01 2.599209547042846680e-01 2.388003468513488770e-01 4.161278009414672852e-01 3.292531967163085938e-01 3.013672232627868652e-01 1.777890324592590332e-01 3.200139403343200684e-01 1.944844424724578857e-01 4.191091060638427734e-01 2.665733695030212402e-01 2.768669724464416504e-01 2.479815781116485596e-01 2.081947922706604004e-01 2.582770884037017822e-01 3.164114952087402344e-01 3.053956329822540283e-01 2.672922015190124512e-01 1.613650918006896973e-01 2.657274603843688965e-01 2.042689919471740723e-01 2.729432582855224609e-01 2.467853426933288574e-01 2.402196228504180908e-01 3.411486744880676270e-01 2.320216894149780273e-01 2.645290493965148926e-01 1.804207861423492432e-01 2.580007016658782959e-01 2.156799733638763428e-01 1.290300488471984863e-01 2.547733187675476074e-01 2.136970162391662598e-01 2.216902077198028564e-01 2.403054535388946533e-01 2.006548047065734863e-01 1.650826632976531982e-01 2.144073247909545898e-01 2.367667257785797119e-01 2.542186379432678223e-01 2.393553853034973145e-01 1.640980541706085205e-01 3.080183863639831543e-01 2.130703330039978027e-01 1.818251907825469971e-01 3.694140911102294922e-01 3.221680819988250732e-01 2.168898880481719971e-01 2.998880147933959961e-01 2.211590707302093506e-01 2.326427698135375977e-01 2.189953029155731201e-01 2.398109138011932373e-01 1.744001209735870361e-01 2.975633740425109863e-01 3.695484101772308350e-01 2.803092598915100098e-01 3.793937265872955322e-01 3.250164389610290527e-01 3.683022856712341309e-01 2.205330133438110352e-01 3.185664415359497070e-01 1.862834095954895020e-01 3.578755855560302734e-01 1.756182909011840820e-01 2.746279239654541016e-01 3.119214773178100586e-01 2.720632553100585938e-01
2.285504937171936035e-01 1.789619624614715576e-01 2.415193617343902588e-01 2.403373718261718750e-01 1.966584324836730957e-01 2.679808139801025391e-01 2.029955685138702393e-01 2.452278733253479004e-01 2.986144423484802246e-01 4.236951768398284912e-01 3.227912783622741699e-01 3.850819170475006104e-01 2.603185176849365234e-01 1.794854402542114258e-01 1.822642982006072998e-01 2.756655216217041016e-01 1.756019294261932373e-01 2.696126699447631836e-01 3.861787319183349609e-01 2.994779944419860840e-01 2.292560935020446777e-01 2.889255285263061523e-01 4.433382451534271240e-01 2.836724519729614258e-01 3.557645082473754883e-01 2.997722327709197998e-01 1.984975337982177734e-01 2.500876784324645996e-01 1.864994764328002930e-01 2.579424977302551270e-01 3.720923364162445068e-01 2.271758615970611572e-01 2.587484717369079590e-01 3.014219701290130615e-01 2.414826750755310059e-01 1.831241250038146973e-01 2.128497362136840820e-01 3.423519730567932129e-01 3.264168500900268555e-01 3.696100115776062012e-01 2.457612156867980957e-01 2.982201874256134033e-01 3.153518438339233398e-01 3.221217989921569824e-01 2.551476955413818359e-01 3.377015292644500732e-01 1.916278600692749023e-01 1.943906843662261963e-01 1.549610793590545654e-01 1.839188337326049805e-01 2.055152654647827148e-01 2.457295656204223633e-01 2.477748095989227295e-01 3.558863997459411621e-01 2.668210864067077637e-01 2.382507622241973877e-01 2.741042971611022949e-01 2.132748067378997803e-01 3.225984573364257812e-01 2.842014431953430176e-01 2.852744162082672119e-01 2.077358663082122803e-01 3.230597674846649170e-01 1.891406774520874023e-01 3.258293271064758301e-01 2.078019976615905762e-01 2.919517159461975098e-01 3.265300393104553223e-01 2.543696761131286621e-01 3.027514219284057617e-01 2.550831437110900879e-01 3.954592347145080566e-01 1.792964041233062744e-01 2.093003988265991211e-01 2.916324138641357422e-01 2.176290750503540039e-01 2.954917550086975098e-01 2.271389663219451904e-01 1.918828189373016357e-01 2.159022092819213867e-01 2.909458875656127930e-01 2.192261219024658203e-01 2.450177073478698730e-01 2.976346313953399658e-01 2.216690182685852051e-01 3.474167585372924805e-01 2.768867909908294678e-01 2.900221347808837891e-01 3.707321286201477051e-01 2.720912098884582520e-01 1.897120475769042969e-01 2.003286778926849365e-01 3.197301030158996582e-01 2.584259212017059326e-01 3.476580381393432617e-01 1.748539805412292480e-01 2.338192760944366455e-01 2.557626664638519287e-01 3.114747107028961182e-01 1.991249024868011475e-01
1.708503067493438721e-01 2.395406067371368408e-01 2.005421221256256104e-01 1.617561280727386475e-01 4.031714498996734619e-01 2.843010425567626953e-01 2.025214731693267822e-01 2.711697816848754883e-01 3.608248531818389893e-01 2.425871491432189941e-01 2.172736823558807373e-01 1.962494254112243652e-01 3.521932065486907959e-01 3.580982089042663574e-01 3.532927632331848145e-01 2.019758522510528564e-01 2.367665767669677734e-01 1.815406978130340576e-01 1.873146295547485352e-01 3.481914997100830078e-01 2.103738188743591309e-01 2.369171082973480225e-01 2.906292676925659180e-01 2.502433359622955322e-01 2.668216526508331299e-01 2.649387717247009277e-01 2.531508803367614746e-01 2.431848049163818359e-01 1.622636914253234863e-01 2.152039408683776855e-01 1.886854171752929688e-01 2.159774601459503174e-01 3.385459780693054199e-01 2.363886535167694092e-01 2.313477098941802979e-01 2.063472568988800049e-01 3.709202706813812256e-01 2.463440299034118652e-01 1.885114908218383789e-01 3.118899166584014893e-01 2.603834271430969238e-01 3.194533586502075195e-01 1.922553777694702148e-01 2.723076343536376953e-01 2.323000431060791016e-01 1.857306361198425293e-01 1.795373260974884033e-01 3.830003738403320312e-01 2.516253292560577393e-01 2.590860426425933838e-01 2.690948247909545898e-01 3.402347862720489502e-01 2.286763489246368408e-01 2.374437451362609863e-01 2.105490267276763916e-01 2.376574277877807617e-01 1.756206154823303223e-01 3.025120794773101807e-01 2.027983069419860840e-01 2.079169452190399170e-01 3.063440620899200439e-01 2.295945584774017334e-01 3.575179874897003174e-01 2.501662969589233398e-01 2.005579769611358643e-01 3.204648494720458984e-01 2.502087652683258057e-01 2.137612998485565186e-01 1.951598823070526123e-01 2.611605525016784668e-01 2.778399586677551270e-01 2.303001582622528076e-01 3.394833207130432129e-01 1.831921637058258057e-01 2.496518194675445557e-01 3.553219437599182129e-01 3.501914441585540771e-01 4.122037887573242188e-01 2.315408289432525635e-01 2.392781078815460205e-01 2.502804994583129883e-01 2.905644476413726807e-01 2.262278795242309570e-01 3.185973167419433594e-01 3.852239251136779785e-01 1.774353682994842529e-01 2.340180277824401855e-01 3.019499480724334717e-01 3.282252550125122070e-01 3.751410841941833496e-01 2.789797782897949219e-01 2.255915999412536621e-01 2.479458451271057129e-01 1.976972520351409912e-01 2.577349543571472168e-01 2.192761898040771484e-01 2.595220208168029785e-01 2.206099629402160645e-01 2.259762883186340332e-01 1.884588599205017090e-01
2.215912640094757080e-01 3.395588397979736328e-01 2.831386923789978027e-01 1.696211695671081543e-01 3.281170725822448730e-01 2.141371965408325195e-01 2.895846962928771973e-01 3.155548572540283203e-01 4.561597704887390137e-01 2.054465413093566895e-01 2.862032651901245117e-01 2.243337333202362061e-01 2.921322584152221680e-01 3.360503911972045898e-01 2.531849145889282227e-01 2.175402343273162842e-01 2.397558689117431641e-01 3.396002948284149170e-01 2.450597286224365234e-01 2.053755521774291992e-01 2.434738576412200928e-01 2.315271794795989990e-01 3.511540591716766357e-01 2.717987895011901855e-01 3.380374908447265625e-01 3.199015259742736816e-01 3.350465595722198486e-01 2.581801116466522217e-01 2.492715716361999512e-01 1.935182809829711914e-01 2.371408045291900635e-01 1.888357698917388916e-01 3.147743344306945801e-01 1.758728325366973877e-01 2.567114830017089844e-01 3.367563486099243164e-01 3.658680915832519531e-01 2.471641898155212402e-01 2.346493303775787354e-01 3.646093010902404785e-01 2.781633734703063965e-01 2.437798082828521729e-01 2.857326865196228027e-01 2.192577421665191650e-01 2.309182882308959961e-01 2.120876908302307129e-01 2.680861353874206543e-01 2.514606714248657227e-01 3.423328399658203125e-01 3.336302340030670166e-01 2.056713104248046875e-01 3.087562620639801025e-01 2.561456561088562012e-01 2.881104648113250732e-01 2.722685933113098145e-01 2.206041812896728516e-01 2.301126420497894287e-01 2.086679637432098389e-01 2.737215757369995117e-01 3.822923302650451660e-01 3.575575351715087891e-01 1.928627490997314453e-01 3.757514953613281250e-01 1.601448953151702881e-01 2.449180185794830322e-01 3.027744591236114502e-01 1.841641366481781006e-01 2.176879644393920898e-01 2.364937365055084229e-01 2.040069997310638428e-01 3.165043592453002930e-01 1.995910108089447021e-01 2.328964471817016602e-01 2.259264886379241943e-01 2.012194991111755371e-01 1.829968392848968506e-01 1.525772213935852051e-01 2.394549846649169922e-01 2.384714186191558838e-01 2.392247617244720459e-01 3.572312295436859131e-01 2.520630955696105957e-01 2.755822241306304932e-01 3.045699596405029297e-01 4.363353848457336426e-01 1.742375791072845459e-01 1.850181818008422852e-01 3.483905792236328125e-01 3.798782825469970703e-01 2.470746338367462158e-01 1.973947882652282715e-01 1.986682116985321045e-01 2.219104766845703125e-01 3.643419742584228516e-01 2.300544083118438721e-01 1.387097239494323730e-01 2.328189313411712646e-01 2.935131192207336426e-01 4.092786014080047607e-01 1.596019864082336426e-01
3.103330433368682861e-01 2.665854394435882568e-01 2.752628326416015625e-01 2.124312222003936768e-01 1.935115754604339600e-01 2.306809723377227783e-01 2.244976162910461426e-01 3.301820158958435059e-01 3.409338593482971191e-01 2.800391912460327148e-01 2.510349750518798828e-01 2.279438376426696777e-01 2.312407195568084717e-01 3.531650900840759277e-01 1.909303963184356689e-01 2.419280707836151123e-01 3.514311909675598145e-01 4.135969877243041992e-01 2.334549427032470703e-01 2.931094765663146973e-01 2.429519891738891602e-01 4.084557890892028809e-01 2.688925266265869141e-01 3.513321876525878906e-01 2.618599534034729004e-01 2.632690072059631348e-01 2.458895444869995117e-01 4.381574094295501709e-01 4.134225547313690186e-01 3.408905863761901855e-01 3.185422420501708984e-01 2.282367944717407227e-01 1.736241877079010010e-01 3.343476653099060059e-01 2.292295694351196289e-01 2.790660262107849121e-01 1.733539402484893799e-01 4.040870666503906250e-01 2.826219797134399414e-01 1.991342604160308838e-01 2.570453882217407227e-01 2.234524786472320557e-01 2.388918995857238770e-01 2.466378211975097656e-01 2.327175736427307129e-01 3.211312294006347656e-01 4.073919057846069336e-01 2.184237241744995117e-01 2.337367832660675049e-01 1.694647073745727539e-01 5.010721683502197266e-01 2.147427201271057129e-01 3.135268688201904297e-01 1.811420917510986328e-01 2.316208481788635254e-01 3.349699079990386963e-01 2.091972231864929199e-01 2.509821057319641113e-01 4.705521166324615479e-01 1.952141821384429932e-01 1.717630028724670410e-01 2.603037357330322266e-01 3.521550893783569336e-01 2.820214033126831055e-01 3.199098408222198486e-01 3.028588294982910156e-01 1.917846202850341797e-01 2.390764057636260986e-01 3.141307830810546875e-01 3.088263869285583496e-01 2.620206475257873535e-01 2.795034646987915039e-01 2.168147563934326172e-01 2.578634619712829590e-01 2.553651332855224609e-01 2.394895851612091064e-01 2.530759572982788086e-01 4.296894669532775879e-01 2.341330349445343018e-01 3.687050938606262207e-01 1.808636486530303955e-01 2.901581525802612305e-01 2.440746426582336426e-01 1.762919425964355469e-01 2.845074832439422607e-01 2.974855899810791016e-01 2.441160678863525391e-01 1.526742577552795410e-01 2.447710931301116943e-01 3.313399553298950195e-01 2.375762164592742920e-01 3.948087990283966064e-01 2.343978285789489746e-01 2.852619290351867676e-01 2.323922216892242432e-01 3.664343953132629395e-01 2.131400704383850098e-01 3.218012750148773193e-01 1.945327818393707275e-01 3.409732580184936523e-01
3.420993089675903320e-01 2.684214115142822266e-01 1.770696043968200684e-01 2.350081205368041992e-01 3.757049143314361572e-01 2.589373588562011719e-01 2.629408836364746094e-01 2.383602857589721680e-01 2.062523066997528076e-01 2.764642536640167236e-01 2.315223813056945801e-01 2.100838422775268555e-01 3.827779889106750488e-01 2.514875531196594238e-01 3.226512074470520020e-01 2.093304693698883057e-01 2.908271551132202148e-01 2.002539634704589844e-01 3.031447827816009521e-01 2.374173104763031006e-01 1.861456334590911865e-01 4.428590238094329834e-01 2.348805367946624756e-01 1.816538572311401367e-01 2.510991096496582031e-01 2.586356401443481445e-01 2.481759190559387207e-01 3.124702572822570801e-01 2.089373469352722168e-01 2.160557210445404053e-01 4.309563934803009033e-01 3.327566385269165039e-01 3.660319447517395020e-01 4.042518436908721924e-01 2.305269837379455566e-01 3.037033081054687500e-01 2.122132778167724609e-01 3.312777578830718994e-01 1.775115430355072021e-01 3.161913156509399414e-01 2.793062627315521240e-01 3.334505259990692139e-01 2.762140631675720215e-01 3.037205338478088379e-01 4.344986975193023682e-01 1.917026638984680176e-01 1.668430566787719727e-01 2.587316632270812988e-01 3.747028410434722900e-01 2.418214082717895508e-01 4.452155232429504395e-01 2.303276658058166504e-01 2.090346217155456543e-01 2.500368356704711914e-01 2.570788860321044922e-01 2.592013478279113770e-01 4.265078902244567871e-01 3.626074194908142090e-01 3.427299261093139648e-01 2.006821930408477783e-01 1.882140636444091797e-01 1.985599100589752197e-01 2.939494252204895020e-01 2.530422508716583252e-01 3.706160187721252441e-01 2.730312347412109375e-01 2.492776215076446533e-01 2.810686826705932617e-01 2.831075787544250488e-01 2.653043866157531738e-01 1.812420189380645752e-01 1.751175224781036377e-01 2.255004346370697021e-01 2.652872502803802490e-01 1.894119083881378174e-01 2.389207780361175537e-01 2.799949347972869873e-01 2.319122850894927979e-01 2.266348600387573242e-01 4.345721304416656494e-01 2.498313188552856445e-01 2.169290482997894287e-01 2.331321537494659424e-01 1.781592965126037598e-01 2.646242976188659668e-01 2.258119285106658936e-01 2.304379940032958984e-01 2.148183584213256836e-01 2.966665029525756836e-01 3.394434154033660889e-01 2.128587961196899414e-01 3.772932887077331543e-01 3.047001659870147705e-01 3.130525350570678711e-01 1.838577091693878174e-01 2.858205735683441162e-01 2.078743577003479004e-01 2.693880200386047363e-01 3.165816664695739746e-01 2.810590267181396484e-01
3.075945377349853516e-01 2.875681519508361816e-01 3.328723609447479248e-01 3.159968852996826172e-01 3.726838231086730957e-01 3.384612798690795898e-01 3.970938026905059814e-01 3.583871722221374512e-01 3.359062075614929199e-01 2.251420021057128906e-01 2.813144326210021973e-01 3.651416301727294922e-01 2.559367418289184570e-01 3.985553681850433350e-01 2.683483660221099854e-01 2.033336758613586426e-01 2.992787063121795654e-01 2.291032075881958008e-01 1.505962908267974854e-01 1.882199048995971680e-01 2.054828405380249023e-01 3.201111853122711182e-01 1.767064034938812256e-01 2.865728735923767090e-01 3.424149155616760254e-01 2.344904243946075439e-01 2.309712171554565430e-01 2.483386099338531494e-01 4.130109846591949463e-01 2.128317952156066895e-01 2.820455133914947510e-01 1.615142524242401123e-01 3.434624671936035156e-01 2.520955801010131836e-01 2.360931932926177979e-01 2.956238389015197754e-01 2.617491185665130615e-01 3.024392724037170410e-01 2.678639888763427734e-01 2.125138938426971436e-01 3.598922491073608398e-01 2.637505531311035156e-01 2.765495181083679199e-01 2.252599895000457764e-01 1.679348945617675781e-01 2.322489023208618164e-01 3.650289177894592285e-01 2.121621072292327881e-01 2.355391681194305420e-01 1.777557134628295898e-01 1.936250627040863037e-01 2.331450581550598145e-01 2.729327082633972168e-01 3.380538821220397949e-01 3.569366335868835449e-01 3.247011601924896240e-01 1.472569108009338379e-01 2.251338660717010498e-01 2.315119504928588867e-01 2.259121537208557129e-01 2.574502527713775635e-01 3.476072251796722412e-01 2.774820923805236816e-01 2.766663432121276855e-01 2.507191300392150879e-01 2.428022921085357666e-01 2.538434863090515137e-01 2.956081330776214600e-01 3.834964632987976074e-01 3.023456931114196777e-01 1.650503277778625488e-01 2.501144409179687500e-01 2.636171579360961914e-01 4.069850444793701172e-01 3.136566579341888428e-01 2.550468444824218750e-01 2.667423486709594727e-01 1.961019635200500488e-01 3.169960379600524902e-01 2.657741904258728027e-01 2.829465866088867188e-01 3.732975125312805176e-01 2.397665977478027344e-01 1.878708004951477051e-01 4.254039824008941650e-01 3.648757934570312500e-01 2.547217309474945068e-01 3.858589529991149902e-01 3.508848249912261963e-01 3.586114048957824707e-01 2.461391985416412354e-01 3.506134450435638428e-01 2.017561793327331543e-01 1.657747328281402588e-01 1.749480068683624268e-01 2.181085050106048584e-01 2.801463603973388672e-01 2.339452803134918213e-01 1.735889315605163574e-01 2.868009507656097412e-01
2.947767376899719238e-01 1.616212129592895508e-01 2.718057334423065186e-01 1.663258671760559082e-01 1.920666396617889404e-01 3.297863900661468506e-01 3.111539483070373535e-01 3.406452536582946777e-01 3.518040776252746582e-01 2.436218261718750000e-01 3.498378694057464600e-01 3.940613269805908203e-01 3.086906075477600098e-01 1.756349802017211914e-01 2.421732842922210693e-01 3.101879656314849854e-01 4.304758906364440918e-01 2.800628244876861572e-01 2.561241388320922852e-01 2.649753391742706299e-01 3.134985268115997314e-01 3.039025962352752686e-01 2.700651884078979492e-01 2.736507356166839600e-01 3.280693292617797852e-01 3.040835857391357422e-01 1.783592402935028076e-01 3.267055749893188477e-01 2.406366169452667236e-01 3.310579955577850342e-01 3.627235293388366699e-01 2.277724742889404297e-01 1.992118954658508301e-01 2.638320028781890869e-01 2.755590081214904785e-01 1.758778393268585205e-01 2.315335571765899658e-01 3.356380462646484375e-01 3.040005564689636230e-01 2.736694514751434326e-01 2.834635972976684570e-01 1.698717772960662842e-01 2.536413967609405518e-01 1.910336911678314209e-01 2.066465020179748535e-01 3.579771220684051514e-01 2.727838754653930664e-01 2.579770684242248535e-01 2.791836261749267578e-01 2.277334034442901611e-01 2.394460439682006836e-01 1.738505959510803223e-01 2.901062369346618652e-01 3.176925778388977051e-01 2.473355233669281006e-01 2.034000456333160400e-01 2.870140671730041504e-01 2.600089907646179199e-01 1.974698305130004883e-01 3.096611499786376953e-01 1.867230534553527832e-01 3.183442354202270508e-01 1.626954376697540283e-01 2.663121819496154785e-01 2.737847566604614258e-01 1.720243394374847412e-01 2.724841833114624023e-01 3.162761926651000977e-01 2.347706556320190430e-01 1.710653603076934814e-01 2.312780916690826416e-01 2.037847638130187988e-01 3.216649889945983887e-01 1.655579507350921631e-01 1.333205401897430420e-01 2.722417712211608887e-01 3.164001703262329102e-01 2.895444333553314209e-01 2.696706056594848633e-01 2.396954298019409180e-01 1.904127597808837891e-01 1.963235139846801758e-01 2.102071046829223633e-01 2.722095549106597900e-01 3.396086692810058594e-01 2.970638275146484375e-01 2.624176144599914551e-01 2.336185276508331299e-01 2.769018411636352539e-01 2.727522253990173340e-01 2.800856530666351318e-01 4.051913619041442871e-01 2.085439562797546387e-01 2.614427208900451660e-01 2.747611999511718750e-01 3.717104196548461914e-01 3.128846883773803711e-01 2.375961542129516602e-01 1.741420328617095947e-01 3.361250162124633789e-01
2.143207192420959473e-01 1.941639482975006104e-01 2.278906404972076416e-01 2.467280626296997070e-01 2.185218632221221924e-01 2.151514589786529541e-01 3.415954709053039551e-01 2.959550619125366211e-01 2.392125427722930908e-01 2.261738777160644531e-01 2.194927036762237549e-01 4.164660871028900146e-01 1.776776909828186035e-01 2.866469025611877441e-01 1.724346280097961426e-01 3.427050709724426270e-01 1.831066906452178955e-01 3.641605675220489502e-01 2.975081801414489746e-01 2.686604857444763184e-01 2.284289598464965820e-01 2.248176932334899902e-01 2.592200934886932373e-01 3.332664370536804199e-01 2.237799763679504395e-01 3.675110936164855957e-01 2.904255390167236328e-01 2.180314064025878906e-01 3.549656867980957031e-01 2.419974505901336670e-01 2.721434235572814941e-01 4.393727481365203857e-01 1.668607294559478760e-01 4.121531546115875244e-01 3.077358603477478027e-01 2.250608801841735840e-01 3.930497467517852783e-01 2.459197640419006348e-01 3.434831798076629639e-01 3.748876750469207764e-01 2.173773944377899170e-01 1.753053069114685059e-01 1.921993494033813477e-01 2.782669663429260254e-01 2.724630832672119141e-01 3.469823896884918213e-01 2.149367630481719971e-01 2.927501201629638672e-01 2.653512358665466309e-01 1.733345389366149902e-01 2.601920962333679199e-01 3.387927412986755371e-01 2.504532933235168457e-01 3.074991106986999512e-01 2.398162186145782471e-01 2.869049906730651855e-01 2.329810261726379395e-01 2.447538077831268311e-01 2.329353988170623779e-01 2.753733992576599121e-01 2.299503684043884277e-01 2.877577543258666992e-01 3.562079966068267822e-01 2.937673926353454590e-01 2.270439267158508301e-01 3.562167286872863770e-01 1.625490188598632812e-01 2.475800216197967529e-01 1.866176426410675049e-01 4.035813808441162109e-01 3.525017499923706055e-01 2.225342690944671631e-01 2.897463440895080566e-01 3.679820597171783447e-01 3.667009472846984863e-01 2.629487216472625732e-01 2.460725009441375732e-01 2.078903317451477051e-01 2.481263279914855957e-01 2.008664608001708984e-01 1.760727465152740479e-01 1.830445528030395508e-01 2.885223627090454102e-01 3.076487183570861816e-01 3.508671522140502930e-01 2.744974792003631592e-01 2.605972886085510254e-01 2.417674660682678223e-01 2.316283285617828369e-01 3.216713666915893555e-01 2.797668874263763428e-01 2.359395027160644531e-01 1.777458488941192627e-01 2.209654450416564941e-01 2.130650579929351807e-01 2.601883411407470703e-01 2.226155698299407959e-01 2.471789419651031494e-01 2.513263523578643799e-01 2.563889920711517334e-01
1.956926584243774414e-01 2.684398591518402100e-01 3.116651177406311035e-01 2.521840333938598633e-01 1.947036683559417725e-01 1.697299778461456299e-01 2.906352281570434570e-01 2.948507666587829590e-01 2.047454714775085449e-01 2.007611691951751709e-01 2.428612112998962402e-01 2.251355350017547607e-01 2.122716009616851807e-01 3.133548498153686523e-01 1.802442073822021484e-01 2.227369844913482666e-01 1.823097467422485352e-01 2.702420353889465332e-01 2.673026919364929199e-01 2.202634215354919434e-01 1.595590710639953613e-01 2.457408308982849121e-01 3.609521389007568359e-01 2.431878447532653809e-01 3.393289446830749512e-01 2.157495319843292236e-01 4.496645331382751465e-01 2.846266031265258789e-01 2.235895991325378418e-01 3.459601402282714844e-01 2.083971202373504639e-01 3.381257057189941406e-01 2.750137448310852051e-01 3.085792660713195801e-01 2.905589342117309570e-01 1.926055550575256348e-01 2.408032715320587158e-01 3.201670944690704346e-01 2.811009287834167480e-01 1.638061702251434326e-01 2.677416801452636719e-01 1.704401075839996338e-01 3.041157722473144531e-01 3.584021925926208496e-01 2.138575911521911621e-01 3.429806828498840332e-01 2.780766487121582031e-01 3.133721947669982910e-01 4.239429831504821777e-01 2.936723232269287109e-01 3.085633516311645508e-01 1.979523897171020508e-01 2.632469534873962402e-01 2.591787874698638916e-01 1.739773750305175781e-01 1.996773481369018555e-01 3.012458682060241699e-01 2.890793085098266602e-01 2.450729012489318848e-01 2.046215832233428955e-01 2.748078703880310059e-01 2.474227845668792725e-01 2.489515542984008789e-01 3.736011087894439697e-01 3.604554533958435059e-01 2.882796525955200195e-01 2.909361720085144043e-01 2.471034228801727295e-01 3.698304295539855957e-01 2.000725269317626953e-01 1.901549994945526123e-01 4.511270523071289062e-01 2.202054560184478760e-01 2.164326310157775879e-01 2.764272093772888184e-01 2.764398753643035889e-01 3.353133499622344971e-01 3.441958427429199219e-01 2.055446803569793701e-01 2.174127697944641113e-01 3.418280482292175293e-01 2.616676688194274902e-01 3.142829537391662598e-01 1.746250689029693604e-01 1.846190690994262695e-01 2.022313475608825684e-01 3.032745718955993652e-01 3.134638369083404541e-01 2.125028073787689209e-01 3.500367999076843262e-01 4.691618084907531738e-01 2.094613313674926758e-01 3.397339582443237305e-01 4.148167371749877930e-01 2.814086675643920898e-01 4.538058042526245117e-01 2.030906975269317627e-01 2.812658548355102539e-01 2.110729217529296875e-01 2.899953722953796387e-01
2.360701858997344971e-01 2.637600898742675781e-01 3.437986969947814941e-01 1.646759510040283203e-01 2.273431420326232910e-01 2.669156789779663086e-01 2.360816299915313721e-01 3.390459418296813965e-01 4.050955772399902344e-01 3.030071854591369629e-01 2.374410331249237061e-01 3.347602486610412598e-01 1.668661832809448242e-01 3.572410941123962402e-01 2.463250160217285156e-01 3.232699036598205566e-01 3.539862632751464844e-01 2.437510490417480469e-01 2.254617810249328613e-01 2.561897933483123779e-01 3.465421795845031738e-01 2.444419860839843750e-01 1.774501502513885498e-01 1.744828224182128906e-01 1.626163721084594727e-01 3.012739717960357666e-01 2.479416429996490479e-01 2.406503260135650635e-01 1.714389622211456299e-01 2.687899470329284668e-01 3.652716875076293945e-01 2.576335072517395020e-01 2.107312083244323730e-01 2.236281633377075195e-01 2.782498598098754883e-01 3.653535246849060059e-01 4.062871038913726807e-01 2.249847054481506348e-01 2.545184493064880371e-01 1.743537187576293945e-01 3.087945580482482910e-01 2.912727594375610352e-01 2.732528150081634521e-01 2.404825985431671143e-01 1.799349486827850342e-01 2.346057295799255371e-01 3.168871998786926270e-01 1.882998347282409668e-01 2.082653939723968506e-01 2.176191806793212891e-01 2.745634019374847412e-01 2.514297366142272949e-01 2.265669107437133789e-01 2.571640610694885254e-01 2.447065114974975586e-01 2.185364961624145508e-01 3.495023846626281738e-01 1.962594687938690186e-01 1.451125442981719971e-01 2.927978634834289551e-01 4.529207646846771240e-01 4.145905375480651855e-01 2.246027886867523193e-01 1.953909397125244141e-01 2.282913625240325928e-01 1.924257576465606689e-01 1.745292246341705322e-01 2.204417288303375244e-01 2.975516915321350098e-01 2.929101586341857910e-01 2.099784016609191895e-01 3.064758777618408203e-01 2.520189881324768066e-01 2.759195566177368164e-01 3.230656683444976807e-01 4.035372138023376465e-01 2.523897290229797363e-01 2.080250084400177002e-01 2.819377779960632324e-01 2.089197039604187012e-01 1.786002516746520996e-01 2.572845816612243652e-01 2.289935648441314697e-01 2.348183095455169678e-01 2.733823060989379883e-01 2.511658966541290283e-01 2.603363692760467529e-01 2.119786441326141357e-01 3.765868544578552246e-01 3.584967255592346191e-01 3.404552936553955078e-01 3.211003541946411133e-01 2.373581826686859131e-01 3.770256936550140381e-01 1.999771296977996826e-01 3.097749650478363037e-01 1.807578206062316895e-01 4.007355570793151855e-01 2.913487553596496582e-01 1.875303983688354492e-01
3.479342460632324219e-01 2.493505179882049561e-01 3.373133540153503418e-01 2.153342366218566895e-01 1.756160259246826172e-01 2.420088946819305420e-01 2.350330054759979248e-01 4.418754577636718750e-01 2.904146313667297363e-01 2.723621129989624023e-01 2.241572737693786621e-01 2.153132855892181396e-01 3.028277456760406494e-01 2.812598049640655518e-01 2.532635033130645752e-01 1.883770823478698730e-01 3.906618952751159668e-01 2.726689577102661133e-01 3.188491463661193848e-01 2.838431894779205322e-01 1.969088017940521240e-01 3.113461136817932129e-01 1.890321671962738037e-01 2.393361926078796387e-01 3.257948756217956543e-01 3.061592578887939453e-01 3.490650355815887451e-01 4.087889790534973145e-01 3.280008435249328613e-01 2.301147878170013428e-01 1.723058819770812988e-01 2.426997721195220947e-01 3.011680841445922852e-01 2.608883678913116455e-01 2.566288411617279053e-01 2.970870733261108398e-01 2.462511360645294189e-01 1.720574498176574707e-01 2.628339529037475586e-01 1.764740943908691406e-01 3.549356162548065186e-01 3.482448160648345947e-01 2.350158989429473877e-01 2.143727540969848633e-01 3.705590367317199707e-01 2.177828848361968994e-01 2.885566353797912598e-01 3.377727270126342773e-01 3.255084156990051270e-01 3.896487653255462646e-01 1.775824725627899170e-01 1.649387776851654053e-01 2.034811675548553467e-01 1.836783587932586670e-01 1.637073457241058350e-01 2.225759029388427734e-01 2.999520003795623779e-01 2.340534627437591553e-01 3.421814739704132080e-01 4.333029091358184814e-01 2.753271460533142090e-01 3.409158885478973389e-01 1.975109577178955078e-01 3.449173271656036377e-01 3.098910748958587646e-01 2.434415221214294434e-01 3.043705821037292480e-01 3.153739273548126221e-01 2.823051214218139648e-01 2.563617229461669922e-01 2.707993984222412109e-01 3.216999173164367676e-01 3.010875880718231201e-01 4.336123466491699219e-01 2.749595642089843750e-01 1.575548648834228516e-01 2.034846544265747070e-01 3.257917165756225586e-01 2.806292772293090820e-01 2.308188676834106445e-01 2.659937143325805664e-01 3.019391894340515137e-01 2.905248701572418213e-01 2.178018391132354736e-01 1.773341894149780273e-01 2.281054556369781494e-01 1.977749466896057129e-01 2.053095400333404541e-01 1.703898012638092041e-01 2.881004214286804199e-01 1.905929446220397949e-01 2.702434659004211426e-01 2.044143378734588623e-01 2.389324009418487549e-01 2.511529922485351562e-01 2.466647624969482422e-01 2.689695954322814941e-01 2.621587216854095459e-01 1.710388064384460449e-01 2.626621723175048828e-01
2.568461298942565918e-01 2.038944065570831299e-01 2.722119092941284180e-01 2.688202857971191406e-01 2.029106020927429199e-01 1.590965092182159424e-01 3.339798450469970703e-01 2.983576655387878418e-01 2.450590729713439941e-01 2.167598307132720947e-01 2.502081096172332764e-01 3.738660216331481934e-01 2.944512665271759033e-01 2.748778760433197021e-01 2.281727194786071777e-01 2.724829316139221191e-01 3.290280401706695557e-01 2.251696586608886719e-01 2.272422611713409424e-01 1.747435033321380615e-01 1.994184553623199463e-01 2.345309257507324219e-01 2.675234675407409668e-01 1.995032131671905518e-01 3.027498126029968262e-01 1.997331082820892334e-01 2.644734978675842285e-01 2.487298548221588135e-01 2.327281534671783447e-01 4.251178801059722900e-01 1.709083914756774902e-01 2.243782579898834229e-01 2.225546240806579590e-01 2.345488965511322021e-01 3.213353753089904785e-01 2.262284159660339355e-01 1.834467351436614990e-01 4.625190794467926025e-01 2.542406320571899414e-01 2.640728950500488281e-01 2.200734913349151611e-01 2.448772490024566650e-01 2.484221160411834717e-01 2.471106350421905518e-01 3.058000802993774414e-01 3.483017683029174805e-01 1.880736351013183594e-01 4.202314317226409912e-01 2.818316519260406494e-01 2.625985443592071533e-01 2.677675187587738037e-01 3.378878235816955566e-01 2.127424180507659912e-01 3.409262299537658691e-01 2.159885764122009277e-01 1.818505525588989258e-01 3.831458985805511475e-01 3.801285922527313232e-01 3.611140847206115723e-01 3.030454516410827637e-01 2.846311330795288086e-01 3.266449868679046631e-01 1.719255745410919189e-01 3.066393733024597168e-01 4.063397645950317383e-01 2.374942004680633545e-01 2.257633507251739502e-01 2.167268097400665283e-01 4.118611216545104980e-01 1.736724972724914551e-01 3.524942398071289062e-01 2.763705253601074219e-01 3.728877902030944824e-01 2.287319302558898926e-01 3.338142037391662598e-01 1.996679902076721191e-01 3.293404281139373779e-01 1.656093597412109375e-01 3.113031983375549316e-01 2.351008653640747070e-01 2.818018794059753418e-01 2.368252277374267578e-01 2.608228921890258789e-01 3.106416463851928711e-01 3.374243974685668945e-01 1.734930276870727539e-01 1.783209443092346191e-01 1.313796937465667725e-01 2.982274889945983887e-01 3.158254027366638184e-01 2.999663352966308594e-01 1.916104257106781006e-01 3.438278436660766602e-01 1.861696243286132812e-01 2.429760396480560303e-01 3.445636630058288574e-01 2.404892742633819580e-01 3.614981174468994141e-01 2.434550225734710693e-01 1.717202663421630859e-01
1.802897155284881592e-01 2.955410480499267578e-01 2.710475325584411621e-01 2.164780199527740479e-01 2.345630228519439697e-01 2.157726287841796875e-01 3.580349087715148926e-01 2.578459680080413818e-01 2.961713373661041260e-01 1.760126352310180664e-01 4.390619397163391113e-01 3.773170113563537598e-01 2.239733040332794189e-01 1.581640541553497314e-01 2.855948805809020996e-01 3.239284157752990723e-01 2.704482674598693848e-01 1.933069527149200439e-01 2.108554244041442871e-01 2.852144241333007812e-01 2.689746618270874023e-01 1.853108704090118408e-01 2.896106839179992676e-01 2.009057998657226562e-01 3.054972887039184570e-01 1.713300347328186035e-01 3.962951600551605225e-01 2.121035456657409668e-01 1.855595111846923828e-01 2.042113244533538818e-01 3.022338747978210449e-01 2.966921329498291016e-01 2.318671941757202148e-01 3.302747309207916260e-01 3.040910363197326660e-01 4.598522186279296875e-01 2.476527988910675049e-01 2.341995835304260254e-01 3.495557308197021484e-01 2.366490960121154785e-01 1.918008327484130859e-01 1.862704157829284668e-01 2.614642977714538574e-01 2.787454426288604736e-01 3.155365288257598877e-01 2.614438533782958984e-01 2.615570127964019775e-01 1.578078269958496094e-01 2.221664786338806152e-01 2.756302058696746826e-01 2.157167792320251465e-01 2.150190174579620361e-01 2.002624869346618652e-01 3.058633208274841309e-01 2.848061919212341309e-01 2.864539623260498047e-01 1.717101335525512695e-01 3.573179841041564941e-01 2.621490955352783203e-01 1.737799644470214844e-01 2.585121691226959229e-01 3.996190428733825684e-01 3.517499566078186035e-01 2.198020517826080322e-01 3.345764279365539551e-01 3.603652715682983398e-01 1.814031600952148438e-01 2.378514409065246582e-01 3.515840768814086914e-01 1.759134531021118164e-01 2.858336567878723145e-01 3.307992219924926758e-01 2.918375134468078613e-01 2.840060591697692871e-01 3.346535563468933105e-01 3.629419803619384766e-01 3.688190579414367676e-01 3.721035718917846680e-01 1.991437077522277832e-01 2.598048150539398193e-01 3.978179991245269775e-01 2.835280597209930420e-01 3.415978252887725830e-01 2.206510901451110840e-01 2.247174680233001709e-01 2.532399892807006836e-01 2.306049764156341553e-01 2.206860780715942383e-01 2.707628011703491211e-01 4.393466413021087646e-01 2.191181778907775879e-01 3.007695674896240234e-01 1.656401753425598145e-01 2.626312375068664551e-01 3.375359177589416504e-01 3.645154237747192383e-01 2.340191304683685303e-01 2.474938929080963135e-01 3.581245541572570801e-01 1.865687072277069092e-01
3.162935078144073486e-01 1.674121022224426270e-01 2.849785089492797852e-01 2.366742491722106934e-01 2.408966422080993652e-01 2.839154601097106934e-01 2.647491097450256348e-01 2.873351573944091797e-01 2.807643115520477295e-01 2.194156944751739502e-01 1.720485389232635498e-01 3.926431834697723389e-01 2.932594418525695801e-01 2.701913118362426758e-01 2.618316411972045898e-01 2.607792317867279053e-01 1.971279680728912354e-01 3.194809257984161377e-01 2.151861190795898438e-01 1.979214549064636230e-01 2.912286520004272461e-01 1.750556826591491699e-01 2.246758043766021729e-01 3.086819946765899658e-01 2.294239699840545654e-01 4.148988127708435059e-01 2.591939568519592285e-01 2.510073184967041016e-01 1.792714893817901611e-01 2.089820802211761475e-01 2.756488919258117676e-01 2.662146985530853271e-01 2.344972193241119385e-01 2.585215866565704346e-01 2.049296498298645020e-01 4.480351209640502930e-01 2.642142772674560547e-01 3.914047479629516602e-01 2.752103209495544434e-01 2.609387040138244629e-01 1.844980716705322266e-01 4.301871657371520996e-01 2.936612367630004883e-01 2.377786040306091309e-01 4.308981299400329590e-01 2.871161699295043945e-01 2.015687823295593262e-01 3.558571338653564453e-01 2.909950017929077148e-01 2.873486280441284180e-01 2.200177907943725586e-01 2.592609524726867676e-01 2.619273066520690918e-01 3.436275124549865723e-01 2.733386158943176270e-01 2.837573885917663574e-01 2.656651139259338379e-01 2.210470736026763916e-01 2.532071471214294434e-01 2.559196054935455322e-01 2.685078978538513184e-01 2.484763562679290771e-01 3.185486793518066406e-01 1.584029197692871094e-01 2.805191278457641602e-01 2.805036306381225586e-01 2.290813922882080078e-01 2.494491338729858398e-01 2.264532446861267090e-01 2.722628116607666016e-01 2.496019601821899414e-01 2.212305963039398193e-01 2.657202780246734619e-01 2.746823132038116455e-01 2.547082304954528809e-01 3.228635787963867188e-01 1.690436899662017822e-01 1.694235503673553467e-01 2.331436574459075928e-01 2.347947955131530762e-01 3.289698958396911621e-01 1.967014372348785400e-01 2.055165767669677734e-01 3.293638825416564941e-01 3.088635206222534180e-01 3.072693943977355957e-01 2.135037183761596680e-01 2.758088111877441406e-01 2.584361433982849121e-01 1.639001369476318359e-01 3.391011953353881836e-01 2.603780627250671387e-01 1.776176691055297852e-01 2.062015235424041748e-01 2.424941360950469971e-01 2.323304116725921631e-01 2.380695343017578125e-01 2.378710508346557617e-01 1.815752089023590088e-01 3.132398724555969238e-01
3.414911329746246338e-01 2.133322954177856445e-01 2.431836426258087158e-01 3.227950334548950195e-01 1.771481931209564209e-01 3.163453638553619385e-01 2.531681656837463379e-01 2.708259224891662598e-01 2.736736536026000977e-01 2.801139950752258301e-01 3.623368144035339355e-01 1.964145898818969727e-01 3.088968694210052490e-01 1.960886418819427490e-01 2.324341237545013428e-01 2.693451642990112305e-01 2.777251005172729492e-01 2.029144465923309326e-01 1.887251734733581543e-01 2.849320769309997559e-01 1.535498797893524170e-01 2.618893980979919434e-01 3.226077556610107422e-01 2.796446084976196289e-01 3.492063283920288086e-01 3.747821450233459473e-01 2.262973487377166748e-01 3.210107386112213135e-01 2.416289746761322021e-01 2.810283303260803223e-01 2.633082866668701172e-01 2.319176793098449707e-01 1.921899318695068359e-01 2.265392243862152100e-01 3.030827045440673828e-01 3.060126900672912598e-01 2.526993453502655029e-01 3.500428795814514160e-01 2.336951792240142822e-01 2.913739979267120361e-01 2.127556800842285156e-01 3.564080893993377686e-01 2.928586602210998535e-01 3.091124594211578369e-01 2.448144257068634033e-01 3.040295243263244629e-01 1.878431141376495361e-01 1.894504129886627197e-01 2.705452442169189453e-01 3.325497508049011230e-01 2.255054712295532227e-01 3.009854853153228760e-01 2.231526374816894531e-01 2.517924010753631592e-01 1.542454361915588379e-01 2.951383590698242188e-01 1.431595087051391602e-01 3.282395601272583008e-01 3.286343812942504883e-01 2.300967574119567871e-01 2.163628637790679932e-01 4.476101994514465332e-01 2.341186404228210449e-01 3.334480524063110352e-01 3.813101053237915039e-01 2.402754127979278564e-01 2.561987042427062988e-01 3.761904835700988770e-01 2.614365220069885254e-01 2.162907123565673828e-01 2.943455576896667480e-01 3.684556186199188232e-01 2.650086879730224609e-01 2.481164336204528809e-01 2.132764458656311035e-01 1.930246949195861816e-01 2.061075270175933838e-01 2.372545897960662842e-01 4.210698604583740234e-01 2.604588866233825684e-01 2.379839122295379639e-01 3.540515303611755371e-01 4.547817707061767578e-01 2.404961884021759033e-01 2.261590957641601562e-01 2.167192697525024414e-01 3.123658895492553711e-01 2.198468744754791260e-01 2.170272767543792725e-01 2.927196025848388672e-01 2.477120459079742432e-01 2.462919652462005615e-01 2.329277992248535156e-01 1.732598841190338135e-01 2.941050529479980469e-01 2.702728807926177979e-01 3.483200669288635254e-01 2.705680429935455322e-01 2.441459298133850098e-01 3.401130437850952148e-01
