1.504522186964629971e-01 1.910242691025195727e-01 1.137931457684612513e-01 2.991422155882845768e-01 1.003224914784101723e-01 9.906951009395426055e-02 8.929812763726806268e-02 1.104080863527562434e-01 1.887837188332599225e-01 2.701223784179178633e-01 2.320312041437485040e-01 4.196615785733628368e-01 9.624748087672656272e-02 8.486874539834460274e-02 1.139978673757131022e-01 1.251246377990158642e-01 8.321402303785102594e-02 8.010873913706544058e-02 1.258459816151762667e-01 1.353054176916710649e-01 9.677203421677471606e-02 1.092756284055750038e-01 5.636101552890000754e-02 5.518888475907014757e-02 2.187496380913436095e-02 1.943071279394701645e-01 0.000000000000000000e+00 0.000000000000000000e+00 0.000000000000000000e+00 0.000000000000000000e+00 0.000000000000000000e+00 0.000000000000000000e+00 0.000000000000000000e+00 0.000000000000000000e+00 0.000000000000000000e+00 0.000000000000000000e+00 0.000000000000000000e+00 0.000000000000000000e+00 0.000000000000000000e+00 0.000000000000000000e+00 0.000000000000000000e+00 0.000000000000000000e+00 0.000000000000000000e+00 0.000000000000000000e+00 5.471698817857955505e-02 6.247538546208144389e-02 9.588851994138139490e-02 0.000000000000000000e+00 2.706869879758428896e-02 3.989355529839076070e-02 0.000000000000000000e+00 0.000000000000000000e+00 0.000000000000000000e+00 0.000000000000000000e+00 0.000000000000000000e+00 0.000000000000000000e+00 0.000000000000000000e+00 0.000000000000000000e+00 4.538345222826186132e-01 0.000000000000000000e+00 0.000000000000000000e+00 1.060089065021119492e-01 1.018465275669220432e-01 1.301854662565503362e-01 0.000000000000000000e+00 0.000000000000000000e+00 0.000000000000000000e+00 6.096111164609785416e-02 3.830105741121048180e-02 0.000000000000000000e+00 0.000000000000000000e+00 0.000000000000000000e+00 0.000000000000000000e+00 0.000000000000000000e+00 0.000000000000000000e+00 0.000000000000000000e+00 0.000000000000000000e+00 0.000000000000000000e+00 0.000000000000000000e+00 0.000000000000000000e+00 0.000000000000000000e+00 0.000000000000000000e+00 0.000000000000000000e+00 0.000000000000000000e+00 0.000000000000000000e+00 0.000000000000000000e+00 0.000000000000000000e+00 1.519865206213850128e-01 1.259306375705006031e-01 1.921017012509716737e-01 0.000000000000000000e+00 0.000000000000000000e+00 0.000000000000000000e+00 0.000000000000000000e+00 0.000000000000000000e+00 0.000000000000000000e+00 0.000000000000000000e+00 0.000000000000000000e+00 0.000000000000000000e+00 0.000000000000000000e+00
1.364264767837079229e-01 1.949325771700333165e-01 4.761293553675383650e-01 0.000000000000000000e+00 9.770447430114621856e-02 3.284925451677196684e-02 8.796724263135846655e-02 1.272160301575357422e-01 0.000000000000000000e+00 0.000000000000000000e+00 0.000000000000000000e+00 0.000000000000000000e+00 0.000000000000000000e+00 0.000000000000000000e+00 0.000000000000000000e+00 0.000000000000000000e+00 0.000000000000000000e+00 0.000000000000000000e+00 0.000000000000000000e+00 0.000000000000000000e+00 6.419258407782926779e-02 1.298361645920303314e-02 2.606381990434088192e-02 4.734738799042426810e-02 0.000000000000000000e+00 0.000000000000000000e+00 0.000000000000000000e+00 0.000000000000000000e+00 0.000000000000000000e+00 3.126572636123769316e-02 0.000000000000000000e+00 0.000000000000000000e+00 0.000000000000000000e+00 0.000000000000000000e+00 0.000000000000000000e+00 0.000000000000000000e+00 0.000000000000000000e+00 0.000000000000000000e+00 0.000000000000000000e+00 0.000000000000000000e+00 0.000000000000000000e+00 0.000000000000000000e+00 0.000000000000000000e+00 1.817995624627832540e-01 1.916602588407012031e-01 1.974264086272453089e-01 2.032080086692562015e-01 0.000000000000000000e+00 0.000000000000000000e+00 0.000000000000000000e+00 6.161670375284504786e-01 0.000000000000000000e+00 0.000000000000000000e+00 0.000000000000000000e+00 1.899273696321793214e-01 0.000000000000000000e+00 1.979178183081587716e-01 1.822740340858516328e-01 0.000000000000000000e+00 0.000000000000000000e+00 0.000000000000000000e+00 0.000000000000000000e+00 0.000000000000000000e+00 0.000000000000000000e+00 0.000000000000000000e+00 0.000000000000000000e+00 0.000000000000000000e+00 0.000000000000000000e+00 6.099620318188473389e-01 0.000000000000000000e+00 7.866593705840788098e-02 3.543743839519290784e-02 2.763338846794506989e-02 4.649894579494056462e-02 0.000000000000000000e+00 0.000000000000000000e+00 0.000000000000000000e+00 0.000000000000000000e+00 0.000000000000000000e+00 0.000000000000000000e+00 0.000000000000000000e+00 0.000000000000000000e+00 0.000000000000000000e+00 4.893232097474265602e-02 0.000000000000000000e+00 0.000000000000000000e+00 0.000000000000000000e+00 0.000000000000000000e+00 0.000000000000000000e+00 0.000000000000000000e+00 0.000000000000000000e+00 0.000000000000000000e+00 0.000000000000000000e+00 0.000000000000000000e+00 0.000000000000000000e+00 0.000000000000000000e+00 0.000000000000000000e+00 0.000000000000000000e+00 0.000000000000000000e+00 0.000000000000000000e+00
1.808444391144597430e-01 1.640361405260361838e-01 1.586606418654946948e-01 0.000000000000000000e+00 0.000000000000000000e+00 0.000000000000000000e+00 0.000000000000000000e+00 0.000000000000000000e+00 4.273715993903031141e-01 4.045254554117934664e-01 5.580083389974542785e-01 1.305294661945184849e-02 4.873646438073864218e-01 0.000000000000000000e+00 0.000000000000000000e+00 0.000000000000000000e+00 1.807923316973187866e-01 3.193592983180299494e-01 2.326250890746247024e-01 3.079028079984321153e-01 2.180852999955388560e-01 1.977749663905761512e-01 1.702344053464023288e-01 1.682069999347823308e-01 1.949877174150992654e-01 1.465547143631423244e-01 9.188776212300782398e-02 1.976950599582286416e-01 2.471186189443795866e-01 3.376579857719487765e-01 1.293059690475783785e-01 1.301426633265904687e-01 1.379124136867020400e-01 0.000000000000000000e+00 0.000000000000000000e+00 0.000000000000000000e+00 0.000000000000000000e+00 0.000000000000000000e+00 0.000000000000000000e+00 0.000000000000000000e+00 0.000000000000000000e+00 0.000000000000000000e+00 0.000000000000000000e+00 0.000000000000000000e+00 1.722339774089147180e-01 0.000000000000000000e+00 0.000000000000000000e+00 0.000000000000000000e+00 0.000000000000000000e+00 0.000000000000000000e+00 0.000000000000000000e+00 0.000000000000000000e+00 0.000000000000000000e+00 1.149173693017103808e-02 0.000000000000000000e+00 1.940528739576551365e-01 1.748051402558964129e-01 1.676080106972852590e-01 0.000000000000000000e+00 0.000000000000000000e+00 0.000000000000000000e+00 0.000000000000000000e+00 0.000000000000000000e+00 0.000000000000000000e+00 6.407275876320901453e-01 1.727156477065672768e-01 0.000000000000000000e+00 2.964134944694426371e-02 3.205240873553546477e-01 1.866000312264348704e-02 2.788934083339807413e-01 0.000000000000000000e+00 0.000000000000000000e+00 0.000000000000000000e+00 0.000000000000000000e+00 0.000000000000000000e+00 0.000000000000000000e+00 0.000000000000000000e+00 2.617543369429636835e-01 0.000000000000000000e+00 3.370354663676074503e-01 0.000000000000000000e+00 0.000000000000000000e+00 2.379783164780266413e-01 0.000000000000000000e+00 0.000000000000000000e+00 3.432717388164219230e-01 5.313777751110072556e-01 0.000000000000000000e+00 4.690716443364061072e-02 6.213799766122139051e-02 4.483893029137039909e-02 1.483858128344230434e-02 0.000000000000000000e+00 0.000000000000000000e+00 2.158316913992513464e-01 0.000000000000000000e+00 1.712586657267812784e-01 7.129055733024464159e-02 0.000000000000000000e+00
2.390021762962268592e-01 2.542852485542358987e-01 1.035534946801607431e-01 5.963912484287377247e-02 6.531200086493316181e-02 6.428997791043845889e-02 7.953947161323302040e-02 5.951022965606284076e-02 4.875894049682103631e-02 5.748646936026963888e-02 4.644474973215315800e-02 3.550710760271447164e-02 0.000000000000000000e+00 0.000000000000000000e+00 0.000000000000000000e+00 0.000000000000000000e+00 6.873358125117157158e-01 1.392908625901819776e-02 1.979168855705139285e-02 1.448415557030832412e-01 8.664386530514238405e-02 0.000000000000000000e+00 0.000000000000000000e+00 1.633097725156906765e-03 1.511764580049442148e-03 0.000000000000000000e+00 0.000000000000000000e+00 0.000000000000000000e+00 0.000000000000000000e+00 8.941078575004675691e-03 0.000000000000000000e+00 4.141160126563497856e-01 5.015008722136795605e-01 0.000000000000000000e+00 0.000000000000000000e+00 0.000000000000000000e+00 0.000000000000000000e+00 4.503578714635797509e-01 0.000000000000000000e+00 4.440927127593592427e-01 3.963228117827697350e-01 0.000000000000000000e+00 0.000000000000000000e+00 0.000000000000000000e+00 0.000000000000000000e+00 1.899507510187857240e-01 0.000000000000000000e+00 2.100006734290140453e-01 2.137031497598090857e-01 1.744410864585640430e-01 2.678275920296528945e-01 3.144747744423220803e-01 2.794193808086051223e-01 0.000000000000000000e+00 4.223749066599063323e-02 3.387154928131655418e-02 0.000000000000000000e+00 0.000000000000000000e+00 1.641919821028445803e-01 0.000000000000000000e+00 0.000000000000000000e+00 6.189744977270046355e-01 6.226552750323440799e-01 0.000000000000000000e+00 0.000000000000000000e+00 2.700784081353227450e-01 0.000000000000000000e+00 0.000000000000000000e+00 2.668988600065934635e-01 5.989128789011562981e-01 6.119392982903191225e-01 0.000000000000000000e+00 6.256508850085827911e-01 0.000000000000000000e+00 0.000000000000000000e+00 6.254481776568584506e-01 0.000000000000000000e+00 0.000000000000000000e+00 0.000000000000000000e+00 2.893787528181043234e-01 0.000000000000000000e+00 0.000000000000000000e+00 5.479941929711669157e-01 0.000000000000000000e+00 5.884927917182709856e-03 0.000000000000000000e+00 1.328511617777214382e-01 0.000000000000000000e+00 1.247445500698990684e-01 0.000000000000000000e+00 0.000000000000000000e+00 0.000000000000000000e+00 0.000000000000000000e+00 0.000000000000000000e+00 8.255332433555621907e-02 0.000000000000000000e+00 0.000000000000000000e+00 0.000000000000000000e+00 0.000000000000000000e+00 0.000000000000000000e+00
1.497102516504128789e-01 3.051002461030926094e-01 2.498603182778136311e-01 0.000000000000000000e+00 0.000000000000000000e+00 0.000000000000000000e+00 0.000000000000000000e+00 2.450412805960176452e-02 0.000000000000000000e+00 0.000000000000000000e+00 0.000000000000000000e+00 0.000000000000000000e+00 8.306014993803544078e-02 0.000000000000000000e+00 4.881905343522054130e-02 4.608995178230876344e-02 0.000000000000000000e+00 0.000000000000000000e+00 0.000000000000000000e+00 0.000000000000000000e+00 0.000000000000000000e+00 0.000000000000000000e+00 9.614304859440471474e-02 0.000000000000000000e+00 2.073311554001941448e-02 9.658806173038309018e-02 0.000000000000000000e+00 0.000000000000000000e+00 0.000000000000000000e+00 0.000000000000000000e+00 0.000000000000000000e+00 0.000000000000000000e+00 0.000000000000000000e+00 0.000000000000000000e+00 0.000000000000000000e+00 0.000000000000000000e+00 0.000000000000000000e+00 0.000000000000000000e+00 0.000000000000000000e+00 0.000000000000000000e+00 0.000000000000000000e+00 0.000000000000000000e+00 0.000000000000000000e+00 0.000000000000000000e+00 0.000000000000000000e+00 0.000000000000000000e+00 0.000000000000000000e+00 0.000000000000000000e+00 0.000000000000000000e+00 0.000000000000000000e+00 0.000000000000000000e+00 1.080388869563097404e-01 1.090374999126138417e-01 0.000000000000000000e+00 0.000000000000000000e+00 0.000000000000000000e+00 0.000000000000000000e+00 0.000000000000000000e+00 0.000000000000000000e+00 0.000000000000000000e+00 0.000000000000000000e+00 0.000000000000000000e+00 0.000000000000000000e+00 0.000000000000000000e+00 0.000000000000000000e+00 0.000000000000000000e+00 0.000000000000000000e+00 0.000000000000000000e+00 0.000000000000000000e+00 0.000000000000000000e+00 0.000000000000000000e+00 0.000000000000000000e+00 0.000000000000000000e+00 0.000000000000000000e+00 0.000000000000000000e+00 0.000000000000000000e+00 0.000000000000000000e+00 0.000000000000000000e+00 0.000000000000000000e+00 0.000000000000000000e+00 0.000000000000000000e+00 0.000000000000000000e+00 5.174707140495044683e-02 0.000000000000000000e+00 0.000000000000000000e+00 0.000000000000000000e+00 0.000000000000000000e+00 0.000000000000000000e+00 0.000000000000000000e+00 0.000000000000000000e+00 0.000000000000000000e+00 0.000000000000000000e+00 0.000000000000000000e+00 0.000000000000000000e+00 0.000000000000000000e+00 0.000000000000000000e+00 0.000000000000000000e+00 0.000000000000000000e+00 0.000000000000000000e+00 0.000000000000000000e+00
0.000000000000000000e+00 2.003813901539231723e-01 2.060690068641612416e-01 1.009919911040042112e-01 1.048783941426561506e-01 0.000000000000000000e+00 2.294385368300837780e-01 1.203513328734015925e-01 0.000000000000000000e+00 0.000000000000000000e+00 0.000000000000000000e+00 0.000000000000000000e+00 0.000000000000000000e+00 0.000000000000000000e+00 0.000000000000000000e+00 0.000000000000000000e+00 6.754720649026468848e-02 5.937489686280740531e-02 5.515498003179579445e-02 5.918900167795768802e-02 0.000000000000000000e+00 0.000000000000000000e+00 0.000000000000000000e+00 0.000000000000000000e+00 0.000000000000000000e+00 0.000000000000000000e+00 0.000000000000000000e+00 0.000000000000000000e+00 1.327292077612368948e-01 1.458820102401181540e-01 3.046220893079795156e-01 1.412590992456810024e-01 6.081695275134909595e-01 0.000000000000000000e+00 0.000000000000000000e+00 6.228306525988427378e-01 0.000000000000000000e+00 0.000000000000000000e+00 0.000000000000000000e+00 0.000000000000000000e+00 6.100136242274727394e-01 0.000000000000000000e+00 6.188174315743926179e-01 7.159719912272577078e-03 5.016125260598529589e-01 6.239124909312612210e-01 4.674166015261694840e-01 0.000000000000000000e+00 0.000000000000000000e+00 0.000000000000000000e+00 0.000000000000000000e+00 0.000000000000000000e+00 3.142900580547413059e-01 0.000000000000000000e+00 3.167415443673405884e-01 2.326146286794419926e-01 2.500895771796735056e-01 0.000000000000000000e+00 4.077082080379529350e-01 2.202621837676416727e-01 2.150668923090113815e-01 2.086509162221676372e-01 2.240881934743689519e-01 0.000000000000000000e+00 7.979947080115495917e-02 6.277257970946047150e-02 0.000000000000000000e+00 0.000000000000000000e+00 2.767095261683831867e-02 0.000000000000000000e+00 0.000000000000000000e+00 0.000000000000000000e+00 0.000000000000000000e+00 0.000000000000000000e+00 0.000000000000000000e+00 0.000000000000000000e+00 2.779375296398344242e-01 2.868042138041873024e-01 2.794309627778883698e-01 0.000000000000000000e+00 1.674276203812351815e-01 4.321619110415645393e-01 1.787253507424364229e-01 1.803671750007736496e-01 0.000000000000000000e+00 0.000000000000000000e+00 0.000000000000000000e+00 0.000000000000000000e+00 5.919455232529205468e-02 5.563301665825522158e-02 1.003437670524196385e-01 3.524264500765768304e-02 2.484724046622810434e-01 0.000000000000000000e+00 1.369031114425416640e-01 0.000000000000000000e+00 0.000000000000000000e+00 2.870065549276338834e-01 7.897879900929360986e-02 2.866372594880765012e-01
1.452272513027028089e-01 8.047574564988702051e-02 2.249789064243464531e-01 4.148332249597520560e-01 1.449990224178740461e-01 8.456317367911246607e-02 8.836733558014635281e-02 1.702799206545441146e-01 1.038360626856978663e-01 9.924383475415440858e-02 8.981969392792596429e-02 9.131602255830072179e-02 7.121826730161057162e-02 8.248836459479361172e-02 7.198209932030463776e-02 5.808380484820007544e-02 0.000000000000000000e+00 0.000000000000000000e+00 0.000000000000000000e+00 0.000000000000000000e+00 0.000000000000000000e+00 0.000000000000000000e+00 0.000000000000000000e+00 0.000000000000000000e+00 0.000000000000000000e+00 0.000000000000000000e+00 0.000000000000000000e+00 0.000000000000000000e+00 1.541797358857479039e-01 8.462386457151276076e-02 0.000000000000000000e+00 0.000000000000000000e+00 3.605488553788763761e-01 2.017385405941262977e-01 2.029393115597381281e-01 6.967799127790805062e-03 0.000000000000000000e+00 0.000000000000000000e+00 1.831807237444451342e-01 0.000000000000000000e+00 0.000000000000000000e+00 6.410580170956733381e-01 3.797181246721311604e-02 0.000000000000000000e+00 5.880085120441395918e-02 3.289636635131201053e-02 0.000000000000000000e+00 1.791234637695978127e-01 3.635527512698987634e-02 1.817934166944975560e-01 0.000000000000000000e+00 0.000000000000000000e+00 0.000000000000000000e+00 0.000000000000000000e+00 1.075256065804355010e-01 1.096574099404763053e-01 5.617185976791511104e-01 4.312306383098283291e-01 0.000000000000000000e+00 0.000000000000000000e+00 0.000000000000000000e+00 0.000000000000000000e+00 0.000000000000000000e+00 0.000000000000000000e+00 0.000000000000000000e+00 0.000000000000000000e+00 7.873209848570679459e-02 0.000000000000000000e+00 4.127798974528488520e-03 0.000000000000000000e+00 0.000000000000000000e+00 0.000000000000000000e+00 0.000000000000000000e+00 0.000000000000000000e+00 0.000000000000000000e+00 0.000000000000000000e+00 0.000000000000000000e+00 0.000000000000000000e+00 0.000000000000000000e+00 0.000000000000000000e+00 6.047623112869832118e-02 0.000000000000000000e+00 0.000000000000000000e+00 0.000000000000000000e+00 0.000000000000000000e+00 0.000000000000000000e+00 0.000000000000000000e+00 0.000000000000000000e+00 0.000000000000000000e+00 0.000000000000000000e+00 1.987343242533609056e-01 1.893727855733571830e-01 0.000000000000000000e+00 1.971008545776094523e-01 0.000000000000000000e+00 1.172273598858180332e-01 0.000000000000000000e+00 9.112228779938080780e-02 0.000000000000000000e+00 0.000000000000000000e+00
1.781990807073364214e-01 2.071935794587375923e-01 7.847372443576729195e-02 8.796312256323399192e-02 6.124935618993982561e-02 5.414781221181656778e-02 4.952478104872579112e-02 3.938565390034570041e-02 3.070773466273760827e-02 1.379487933160094930e-02 2.713428513204082723e-02 3.336103278447582338e-02 2.637568731655989818e-01 5.778340610339088856e-02 2.169273319598868932e-01 0.000000000000000000e+00 0.000000000000000000e+00 0.000000000000000000e+00 0.000000000000000000e+00 0.000000000000000000e+00 0.000000000000000000e+00 0.000000000000000000e+00 0.000000000000000000e+00 0.000000000000000000e+00 0.000000000000000000e+00 0.000000000000000000e+00 0.000000000000000000e+00 0.000000000000000000e+00 0.000000000000000000e+00 1.906842032573786150e-01 9.837168500000444127e-02 2.085798908255550865e-01 0.000000000000000000e+00 0.000000000000000000e+00 0.000000000000000000e+00 0.000000000000000000e+00 0.000000000000000000e+00 0.000000000000000000e+00 0.000000000000000000e+00 0.000000000000000000e+00 0.000000000000000000e+00 0.000000000000000000e+00 0.000000000000000000e+00 0.000000000000000000e+00 0.000000000000000000e+00 0.000000000000000000e+00 0.000000000000000000e+00 0.000000000000000000e+00 0.000000000000000000e+00 0.000000000000000000e+00 0.000000000000000000e+00 1.041835446534628978e-01 4.207733446228522495e-02 9.169681985470562458e-02 9.729808680383483788e-02 3.908952972621566879e-02 0.000000000000000000e+00 8.602620987011469489e-02 0.000000000000000000e+00 0.000000000000000000e+00 0.000000000000000000e+00 0.000000000000000000e+00 0.000000000000000000e+00 0.000000000000000000e+00 0.000000000000000000e+00 0.000000000000000000e+00 0.000000000000000000e+00 0.000000000000000000e+00 0.000000000000000000e+00 0.000000000000000000e+00 0.000000000000000000e+00 0.000000000000000000e+00 0.000000000000000000e+00 4.958221365391765056e-01 0.000000000000000000e+00 0.000000000000000000e+00 0.000000000000000000e+00 0.000000000000000000e+00 0.000000000000000000e+00 0.000000000000000000e+00 2.477789228068124489e-02 0.000000000000000000e+00 0.000000000000000000e+00 0.000000000000000000e+00 0.000000000000000000e+00 0.000000000000000000e+00 0.000000000000000000e+00 0.000000000000000000e+00 0.000000000000000000e+00 0.000000000000000000e+00 6.997297671098701155e-02 0.000000000000000000e+00 0.000000000000000000e+00 0.000000000000000000e+00 0.000000000000000000e+00 0.000000000000000000e+00 0.000000000000000000e+00 0.000000000000000000e+00 0.000000000000000000e+00 0.000000000000000000e+00
9.787028415388911162e-02 1.289069976728910438e-01 1.217479444105302872e-01 2.072002173462714758e-01 1.292628800017765478e-01 4.292362048878378133e-01 3.229101561418441513e-01 4.479357291917336892e-01 1.983289553284469653e-01 2.348436313133194508e-01 2.541240623334993787e-01 2.020116782215118645e-01 9.338070314181355636e-02 1.132632706737523171e-01 1.059280616098027400e-01 1.244228414171793945e-01 1.775802693643071251e-01 1.894041896481726550e-01 1.910328983563136240e-01 1.806661660556403148e-01 1.338218154939474769e-01 9.766199182092938358e-02 3.805349167331752991e-01 1.510044566053809212e-01 9.053930960440080555e-02 1.858967985430716729e-01 8.919509160025505812e-02 1.551744462219674381e-01 1.914036587089819608e-01 1.175969643304847628e-01 1.732404757178237220e-01 1.377868431659748649e-01 2.879827364019269531e-01 2.942517633923310005e-01 2.936357216506520484e-01 2.781653465178507423e-01 1.067364418650927349e-01 1.033300839861109044e-01 1.081150281041768357e-01 9.228508547044535215e-02 1.331759261476334333e-01 1.367025213480479451e-01 1.318395820514589034e-01 1.210463082535653129e-01 8.690162134486320578e-02 8.636830141541686212e-02 8.323209411443033279e-02 1.200614403023098214e-01 1.125048920230063421e-01 1.560679631071962836e-01 1.360785255859620346e-01 8.642108406594489756e-02 8.896654226568331825e-02 7.616820298111133536e-02 1.054091733634257427e-01 7.699338395864224749e-02 1.135132329179376759e-01 1.456062517916200671e-01 1.071806424320798784e-01 1.151839777655819935e-01 9.085721863873902349e-02 8.200213933293677704e-02 9.034005853204757353e-02 9.022795834516073032e-02 9.695980632154781176e-02 1.097046419436699810e-01 1.071506002686722220e-01 1.032434709984274279e-01 1.107158783309221267e-01 9.876463649737654560e-02 1.223705897058420533e-01 9.494783972076094314e-02 8.114205222268458528e-02 9.547711969451856684e-02 9.579214468116964420e-02 9.080955173946554659e-02 1.204997812168532717e-01 1.580287836400712520e-01 1.574601112371901424e-01 1.739617050876473281e-01 6.503514945391873636e-02 8.847165341613140443e-02 6.334045098798404827e-02 3.005333050896630970e-02 0.000000000000000000e+00 1.845441458439044460e-02 1.618546445665607070e-02 7.215103355804192153e-02 3.009600754795569919e-02 0.000000000000000000e+00 0.000000000000000000e+00 0.000000000000000000e+00 0.000000000000000000e+00 0.000000000000000000e+00 0.000000000000000000e+00 0.000000000000000000e+00 0.000000000000000000e+00 0.000000000000000000e+00 0.000000000000000000e+00 0.000000000000000000e+00
1.911982504237093594e-01 2.207329473293980215e-01 1.592245876346663480e-01 2.635213654937503258e-01 2.055092498309161742e-01 2.194049807050766077e-01 2.211643184620308844e-01 2.632509974677151310e-01 2.087012726103557037e-01 1.844965132785319761e-01 1.700644983148023037e-01 1.941231668977122238e-01 1.585332402033788890e-01 1.666655107799098201e-01 1.618764923722541271e-01 1.586931675144107323e-01 1.526853070645639021e-01 1.507116113187999540e-01 1.524468123433249944e-01 1.524161979482333840e-01 1.433036487185523067e-01 1.468146792171632353e-01 1.429036931053685733e-01 1.636330719724917448e-01 1.381124658834128049e-01 1.350025125720861474e-01 1.220478281468238974e-01 1.178757784961751431e-01 1.209381679099314350e-01 1.143618639498770878e-01 1.112620505839901075e-01 1.211778299838056072e-01 1.037344801171621173e-01 1.056243668104939748e-01 1.095972798351262795e-01 1.005376162576763349e-01 9.941199075680151598e-02 1.040111083578198065e-01 1.043110607619155000e-01 1.116033295603010567e-01 9.784494573492356906e-02 1.060879545869335278e-01 1.041930436994165515e-01 1.008336202631527345e-01 1.086656637643796802e-01 1.098178408153900193e-01 1.115415514277012521e-01 1.065628611060817216e-01 1.658598886813364981e-01 9.997190801491810663e-02 1.703047898435288143e-01 1.713220918866308895e-01 1.031025303346692346e-01 1.115858421600393890e-01 1.052728563316739085e-01 1.100483471823208992e-01 1.052818060352109647e-01 1.146657418633247050e-01 1.103944672386781012e-01 2.304829740996390264e-01 2.135218438730646928e-01 1.924737891811467705e-01 1.817993907932780595e-01 1.266930103984005851e-01 1.318045042492324570e-01 1.149336950716536299e-01 1.065340892970124548e-01 2.022222365919400522e-01 1.085946498124008147e-01 1.157673908566417970e-01 2.460311498521909057e-01 9.068496545723479796e-02 9.162240684652406264e-02 8.982740761102568638e-02 8.964017340403550305e-02 9.095507025669538614e-02 9.001611817576046781e-02 9.092462753110895635e-02 1.634962628214917113e-01 1.127346888226491151e-01 1.101716745548469434e-01 9.395948115623331542e-02 9.551211738430927245e-02 1.017397605793296522e-01 1.426174971509551470e-01 1.168509229948448691e-01 1.161690631648773925e-01 9.884466882069453675e-02 1.128866392240066019e-01 9.698777700625954568e-02 9.635079158494785911e-02 1.033114635671150000e-01 9.394870031130760080e-02 9.537473600162528486e-02 1.078136908994059701e-01 1.092683038400203699e-01 1.075533941510083691e-01 1.156214603325995127e-01 9.484817985068327850e-02 9.156853695579651731e-02
1.824219101976193580e-01 9.567110623537941616e-02 3.211292566950384453e-01 1.916664618321552715e-01 1.420499921007093158e-01 1.539863215765710225e-01 1.538461248140019777e-01 2.824116489518095352e-01 1.800425136325647657e-01 1.091730158200081291e-01 1.274837773624584447e-01 2.522660031664291092e-01 9.680607055733637945e-02 9.896333822731319396e-02 1.026086142789800482e-01 9.969685913370815444e-02 1.144145550433356834e-01 9.053056590426997174e-02 1.178903017363139294e-01 9.330896817791292652e-02 8.997603906861624534e-02 1.018629963947862704e-01 9.398378955816774627e-02 9.901958860184600919e-02 1.179294538281301513e-01 1.127562619571342295e-01 1.141881229659945651e-01 1.207285479994649330e-01 7.677387588467698976e-02 7.637648959175422081e-02 8.413069241701272294e-02 6.747117406641754689e-02 1.445463871558654023e-01 9.901647566148528978e-02 9.299747958306868456e-02 9.774348905735830151e-02 1.347283220384021263e-01 8.887879625926560501e-02 1.309517073706338575e-01 1.402633474477966713e-01 7.619098924676642737e-02 8.333446636268994345e-02 9.962688664339409972e-02 9.206967457533722643e-02 5.174550349013640888e-02 6.276865420010853402e-02 6.179212938680511691e-02 3.704385295692698421e-02 5.289422426177566028e-02 3.973390838088406568e-02 3.051264943704356039e-02 4.478336659485834120e-02 6.194342744404290196e-02 1.076185484505435275e-01 1.438737173667422597e-01 7.102858966532989149e-02 1.703620845408848616e-02 6.595353552813230068e-03 0.000000000000000000e+00 5.511996975290803791e-01 5.916693413529763301e-01 5.750220229818830964e-01 1.265038306036849521e-03 1.415923211998818543e-01 1.439871565757695482e-01 1.487638033344181321e-01 1.422571170810337793e-01 8.469820891189223933e-02 9.442845935513573263e-02 1.123414283201676633e-01 8.163087541638656963e-02 1.368883135311945720e-01 1.662834202398991712e-01 1.486342958597053621e-01 1.465887507037040016e-01 1.553821434339758556e-01 1.566838331793700412e-01 4.631520563461262174e-01 5.588540516478055498e-01 9.333028953045709175e-02 2.092583973778545936e-01 9.035605812993095787e-02 2.033628545629345141e-01 2.454831807916352804e-01 5.895597291376393212e-01 3.590985570651589881e-03 1.669205201075476819e-01 1.987801943451467657e-01 2.671168917228140902e-03 5.772529025356839538e-01 3.870905173509041619e-01 5.781696176933802667e-01 5.961665330464485102e-01 4.979130940016166049e-04 2.394367748155572240e-01 1.866744728462006175e-01 2.627382321003564614e-01 1.983352498769704875e-01 0.000000000000000000e+00 1.974430491246147168e-01
1.634418206990801981e-01 1.985318000157754448e-01 4.122391842900458014e-01 1.903591069930899160e-01 1.367687399985152708e-01 1.357285257987876081e-01 1.365170610592780498e-01 1.557945736978698092e-01 5.714524875159046058e-01 5.239039715332036717e-01 5.666488543110406173e-01 5.990334595615993685e-01 1.406384109827283624e-01 1.359847024790607206e-01 1.078801842210815737e-01 2.709397541552796551e-01 7.988578622836277343e-02 5.524036272135876557e-02 8.441216173771665110e-02 0.000000000000000000e+00 0.000000000000000000e+00 0.000000000000000000e+00 0.000000000000000000e+00 0.000000000000000000e+00 0.000000000000000000e+00 0.000000000000000000e+00 0.000000000000000000e+00 0.000000000000000000e+00 0.000000000000000000e+00 0.000000000000000000e+00 0.000000000000000000e+00 0.000000000000000000e+00 2.710486956232710520e-02 6.684359613399007416e-02 0.000000000000000000e+00 8.799932193956100379e-02 0.000000000000000000e+00 0.000000000000000000e+00 0.000000000000000000e+00 0.000000000000000000e+00 0.000000000000000000e+00 0.000000000000000000e+00 0.000000000000000000e+00 0.000000000000000000e+00 0.000000000000000000e+00 0.000000000000000000e+00 0.000000000000000000e+00 0.000000000000000000e+00 0.000000000000000000e+00 0.000000000000000000e+00 0.000000000000000000e+00 0.000000000000000000e+00 0.000000000000000000e+00 0.000000000000000000e+00 0.000000000000000000e+00 0.000000000000000000e+00 0.000000000000000000e+00 0.000000000000000000e+00 0.000000000000000000e+00 0.000000000000000000e+00 0.000000000000000000e+00 0.000000000000000000e+00 0.000000000000000000e+00 0.000000000000000000e+00 0.000000000000000000e+00 0.000000000000000000e+00 0.000000000000000000e+00 0.000000000000000000e+00 0.000000000000000000e+00 0.000000000000000000e+00 0.000000000000000000e+00 0.000000000000000000e+00 4.967389890324770407e-01 0.000000000000000000e+00 0.000000000000000000e+00 0.000000000000000000e+00 0.000000000000000000e+00 0.000000000000000000e+00 0.000000000000000000e+00 0.000000000000000000e+00 0.000000000000000000e+00 0.000000000000000000e+00 0.000000000000000000e+00 0.000000000000000000e+00 0.000000000000000000e+00 0.000000000000000000e+00 0.000000000000000000e+00 0.000000000000000000e+00 0.000000000000000000e+00 2.927437154570688028e-03 0.000000000000000000e+00 0.000000000000000000e+00 0.000000000000000000e+00 6.417136572698819985e-02 7.153944377886416184e-02 0.000000000000000000e+00 0.000000000000000000e+00 0.000000000000000000e+00 0.000000000000000000e+00 0.000000000000000000e+00
2.464040617959908919e-01 1.776931706755515150e-01 8.388686449647936305e-02 1.295283726138644342e-01 6.610555459729186567e-02 5.219085996512515258e-02 6.411735850065650166e-02 7.546544525004580950e-02 4.490470260112422451e-02 3.993588041489451457e-02 6.680286239379940039e-01 4.053804267707911135e-02 2.996409956132873795e-02 2.572227484029689440e-02 1.932728105872456859e-02 1.821984422804011350e-01 1.817529599144419306e-01 1.417491241259193069e-01 2.257776502980786415e-01 1.908030214442351102e-01 2.524108693395392677e-01 2.995172219000478715e-03 1.669276157804287231e-01 2.084701596778398280e-01 1.757295805413262302e-01 2.048611173364010274e-01 2.130843841953145301e-01 5.304681556261918729e-01 6.139758937427834962e-01 6.113575904496775237e-01 6.174390856726157395e-01 3.803678479707277016e-01 2.261663787256231462e-01 1.257021797929982754e-01 3.163610789653124034e-01 6.126915769513141541e-01 2.061976674359817518e-01 2.006412748955083147e-01 9.853398993368310543e-03 4.453642001164742625e-03 0.000000000000000000e+00 9.711502702697912340e-03 1.967480394105499408e-01 2.052856674673611548e-01 5.749626482223558765e-01 5.063455000963820729e-03 0.000000000000000000e+00 2.034073055201441604e-01 0.000000000000000000e+00 1.952163354174730747e-01 6.016466814373517234e-03 2.404168474653011756e-01 4.771159056799446734e-03 0.000000000000000000e+00 3.713621572857084274e-01 1.896419976913908123e-01 4.426965590075777057e-01 0.000000000000000000e+00 0.000000000000000000e+00 0.000000000000000000e+00 0.000000000000000000e+00 0.000000000000000000e+00 0.000000000000000000e+00 0.000000000000000000e+00 0.000000000000000000e+00 0.000000000000000000e+00 0.000000000000000000e+00 0.000000000000000000e+00 6.113307298944326701e-02 0.000000000000000000e+00 0.000000000000000000e+00 0.000000000000000000e+00 0.000000000000000000e+00 2.498935763832851225e-05 0.000000000000000000e+00 0.000000000000000000e+00 0.000000000000000000e+00 0.000000000000000000e+00 0.000000000000000000e+00 0.000000000000000000e+00 0.000000000000000000e+00 0.000000000000000000e+00 0.000000000000000000e+00 7.894805872323152479e-03 1.984000493928615716e-02 0.000000000000000000e+00 0.000000000000000000e+00 0.000000000000000000e+00 0.000000000000000000e+00 0.000000000000000000e+00 7.597513201094481528e-02 0.000000000000000000e+00 0.000000000000000000e+00 3.215404452161781806e-02 0.000000000000000000e+00 0.000000000000000000e+00 0.000000000000000000e+00 0.000000000000000000e+00 0.000000000000000000e+00 1.946543123467595338e-01
3.066556862664199246e-01 1.867402566005881281e-01 1.151077107267444305e-01 1.112216052485681533e-01 1.312343325993393928e-01 2.307649469842248391e-01 1.491744024569234273e-01 1.345079556169109236e-01 2.620938534456880298e-01 2.555144251006392642e-01 2.558272984961587060e-01 2.624608828477769662e-01 1.204368471762518739e-01 1.439084976084930578e-01 1.453929238198415352e-01 1.487323878149690026e-01 1.146508180610071592e-01 1.839248652708942999e-01 1.633584579873615938e-01 1.301192132721819827e-01 1.092137129373710325e-01 8.825093221099615526e-02 1.079599075392902313e-01 8.567799544579420001e-02 6.183139592495813519e-02 0.000000000000000000e+00 2.340886231071919593e-02 6.000531306438729867e-02 0.000000000000000000e+00 0.000000000000000000e+00 0.000000000000000000e+00 0.000000000000000000e+00 0.000000000000000000e+00 0.000000000000000000e+00 4.012834768063446890e-03 0.000000000000000000e+00 0.000000000000000000e+00 0.000000000000000000e+00 0.000000000000000000e+00 0.000000000000000000e+00 0.000000000000000000e+00 0.000000000000000000e+00 0.000000000000000000e+00 1.963096727455807336e-02 0.000000000000000000e+00 0.000000000000000000e+00 0.000000000000000000e+00 0.000000000000000000e+00 0.000000000000000000e+00 0.000000000000000000e+00 0.000000000000000000e+00 0.000000000000000000e+00 0.000000000000000000e+00 2.128644498087447004e-02 0.000000000000000000e+00 0.000000000000000000e+00 0.000000000000000000e+00 0.000000000000000000e+00 0.000000000000000000e+00 0.000000000000000000e+00 0.000000000000000000e+00 0.000000000000000000e+00 0.000000000000000000e+00 0.000000000000000000e+00 0.000000000000000000e+00 1.703592205213066424e-01 0.000000000000000000e+00 4.700154489420209081e-01 0.000000000000000000e+00 0.000000000000000000e+00 0.000000000000000000e+00 0.000000000000000000e+00 0.000000000000000000e+00 0.000000000000000000e+00 0.000000000000000000e+00 0.000000000000000000e+00 0.000000000000000000e+00 0.000000000000000000e+00 0.000000000000000000e+00 0.000000000000000000e+00 0.000000000000000000e+00 0.000000000000000000e+00 0.000000000000000000e+00 0.000000000000000000e+00 0.000000000000000000e+00 0.000000000000000000e+00 0.000000000000000000e+00 0.000000000000000000e+00 0.000000000000000000e+00 0.000000000000000000e+00 0.000000000000000000e+00 0.000000000000000000e+00 0.000000000000000000e+00 0.000000000000000000e+00 0.000000000000000000e+00 0.000000000000000000e+00 0.000000000000000000e+00 3.152056401937035346e-02 0.000000000000000000e+00 3.593650739719611575e-02
8.764208914390138327e-02 1.928663401163401292e-01 2.816421346724937713e-01 1.280081132544666767e-01 2.730339847829519329e-01 4.558924963107955364e-01 9.665122466365808074e-02 9.143944148789619197e-02 7.081943898484423239e-02 6.972260245998920802e-02 8.697918162730651492e-02 6.780508269863914916e-02 1.564082921789118896e-01 1.019315497505241253e-01 9.682752924548471141e-02 9.482781984736815550e-02 1.068750478235803852e-01 1.771514503849846989e-01 1.655782362464937041e-01 1.700134094700587739e-01 3.923295959779906500e-02 6.384297340819992950e-02 4.590154450036647987e-02 4.407322993622821844e-02 6.144372040371208488e-03 1.591373451921305332e-02 8.914351063626332547e-03 3.346202881553551889e-02 2.128003741659338383e-03 2.045155580670940942e-01 1.947557118011564170e-01 1.439348088213213139e-01 1.772751668750558451e-01 1.847608728718856674e-01 1.907063486235476835e-01 4.852985326446636848e-03 1.798820255344826813e-01 5.016441590273420514e-01 4.889047367169500197e-03 4.715186329079694705e-01 5.451656975359105151e-03 3.364208723720889249e-02 3.503358588424144993e-02 1.017812015978817042e-01 1.189703318166111939e-01 3.649816595632698890e-01 3.578579015511754724e-01 3.650018021185451045e-01 0.000000000000000000e+00 3.681953241449965886e-02 2.025204150778154855e-01 3.739616684903132593e-01 7.974160673327339299e-02 6.258312066568307852e-01 7.518057115082233538e-03 5.097644470724108645e-01 1.841344966259944871e-01 4.126626357361727337e-01 2.543969939574787231e-01 3.591539605367995436e-01 1.072962217876051727e-01 1.881882316536686583e-01 1.971805778958180821e-01 1.885675297030615927e-01 2.872262575603717026e-03 2.023055993036586564e-01 2.012546843714410616e-01 0.000000000000000000e+00 5.622768669100178807e-01 0.000000000000000000e+00 5.315592870011578430e-01 4.417205148688888028e-01 1.935973546479593521e-01 5.936539323900027476e-01 8.532271968249370564e-03 6.101202882133619637e-03 1.860079717146305156e-01 3.787228707158118990e-02 2.153432802123617928e-01 7.817897933999558985e-03 2.017889198715817345e-01 1.983796321663780504e-01 4.203041718651772882e-05 2.237051186958619320e-01 3.490205614275758705e-01 4.958822437552591889e-01 3.356895545576772388e-01 1.930990552975710706e-01 1.992720618114074138e-01 1.979637799570140577e-01 7.984799604795436712e-02 2.806749772918567046e-02 1.000360666313231811e-01 1.117202937165015231e-01 1.075009777287580653e-01 1.309511008050488479e-01 8.129716134293751839e-02 8.249700529322133435e-02 1.050153978524287351e-01 1.813966083555755837e-01
4.335858523639189444e-01 1.869078403715512815e-01 1.139751268885927232e-01 1.397480299271275650e-01 1.685904294969334249e-01 1.534101186047290566e-01 1.337507328741665558e-01 1.437819085153684562e-01 0.000000000000000000e+00 5.837912217565573159e-02 4.748544460649532784e-02 1.067187713506921876e-01 0.000000000000000000e+00 0.000000000000000000e+00 0.000000000000000000e+00 0.000000000000000000e+00 0.000000000000000000e+00 0.000000000000000000e+00 0.000000000000000000e+00 0.000000000000000000e+00 0.000000000000000000e+00 3.378848985239044089e-02 5.505826715489050421e-02 0.000000000000000000e+00 2.436119602958340680e-01 0.000000000000000000e+00 0.000000000000000000e+00 2.404158861160721194e-01 0.000000000000000000e+00 0.000000000000000000e+00 0.000000000000000000e+00 0.000000000000000000e+00 0.000000000000000000e+00 0.000000000000000000e+00 0.000000000000000000e+00 0.000000000000000000e+00 0.000000000000000000e+00 0.000000000000000000e+00 0.000000000000000000e+00 2.064443450703012106e-01 0.000000000000000000e+00 0.000000000000000000e+00 0.000000000000000000e+00 0.000000000000000000e+00 0.000000000000000000e+00 0.000000000000000000e+00 0.000000000000000000e+00 0.000000000000000000e+00 0.000000000000000000e+00 0.000000000000000000e+00 0.000000000000000000e+00 3.452983602706349159e-02 0.000000000000000000e+00 0.000000000000000000e+00 0.000000000000000000e+00 0.000000000000000000e+00 0.000000000000000000e+00 0.000000000000000000e+00 0.000000000000000000e+00 0.000000000000000000e+00 0.000000000000000000e+00 0.000000000000000000e+00 4.289431307085832534e-01 0.000000000000000000e+00 0.000000000000000000e+00 0.000000000000000000e+00 0.000000000000000000e+00 0.000000000000000000e+00 0.000000000000000000e+00 0.000000000000000000e+00 4.284229034400658387e-01 1.882225884439733266e-01 1.360485177564554338e-01 1.912612187982117851e-01 0.000000000000000000e+00 0.000000000000000000e+00 0.000000000000000000e+00 1.071758013520336256e-01 0.000000000000000000e+00 0.000000000000000000e+00 0.000000000000000000e+00 5.426083025832447726e-01 0.000000000000000000e+00 0.000000000000000000e+00 0.000000000000000000e+00 0.000000000000000000e+00 2.883372224855035859e-01 1.327112625756280417e-01 4.325632056768887179e-01 1.264257896466271236e-01 1.348312665183456771e-01 0.000000000000000000e+00 2.484958661613232145e-01 1.304040473151875934e-01 0.000000000000000000e+00 1.047399941875747226e-01 1.072911861487863688e-01 1.098520831593579050e-01 9.206233856514890734e-02 0.000000000000000000e+00
3.073088429551201761e-02 1.640871950368786858e-01 2.095864692468998314e-01 2.805507286263194677e-01 0.000000000000000000e+00 0.000000000000000000e+00 0.000000000000000000e+00 0.000000000000000000e+00 0.000000000000000000e+00 0.000000000000000000e+00 0.000000000000000000e+00 0.000000000000000000e+00 4.649199775783398048e-01 1.294981902536942314e-02 3.320851358482447835e-01 2.235217069965205611e-02 0.000000000000000000e+00 0.000000000000000000e+00 0.000000000000000000e+00 0.000000000000000000e+00 0.000000000000000000e+00 0.000000000000000000e+00 0.000000000000000000e+00 0.000000000000000000e+00 3.355022516828849444e-01 4.160149520549218383e-01 2.806330155424722750e-01 2.181858296577761369e-01 1.426001585309313036e-01 0.000000000000000000e+00 0.000000000000000000e+00 0.000000000000000000e+00 1.961303038630865248e-01 0.000000000000000000e+00 0.000000000000000000e+00 0.000000000000000000e+00 0.000000000000000000e+00 0.000000000000000000e+00 0.000000000000000000e+00 0.000000000000000000e+00 0.000000000000000000e+00 0.000000000000000000e+00 0.000000000000000000e+00 0.000000000000000000e+00 0.000000000000000000e+00 0.000000000000000000e+00 0.000000000000000000e+00 0.000000000000000000e+00 0.000000000000000000e+00 0.000000000000000000e+00 0.000000000000000000e+00 0.000000000000000000e+00 0.000000000000000000e+00 0.000000000000000000e+00 0.000000000000000000e+00 0.000000000000000000e+00 0.000000000000000000e+00 0.000000000000000000e+00 0.000000000000000000e+00 2.056653088557644504e-01 2.008525199439572528e-01 0.000000000000000000e+00 0.000000000000000000e+00 0.000000000000000000e+00 0.000000000000000000e+00 0.000000000000000000e+00 0.000000000000000000e+00 0.000000000000000000e+00 0.000000000000000000e+00 0.000000000000000000e+00 5.780651052986227612e-01 5.908308617111103223e-01 5.215161173838601671e-01 5.457361209677444869e-01 0.000000000000000000e+00 0.000000000000000000e+00 0.000000000000000000e+00 0.000000000000000000e+00 1.417888370047857838e-01 1.175723927019757253e-01 1.274401618635073730e-01 2.359099049439344065e-01 0.000000000000000000e+00 6.181536885995391195e-01 5.743522830189817796e-01 5.224079290186709468e-01 0.000000000000000000e+00 7.171800295352558086e-02 2.871243144858750401e-02 8.740715370373669524e-02 0.000000000000000000e+00 0.000000000000000000e+00 0.000000000000000000e+00 0.000000000000000000e+00 0.000000000000000000e+00 0.000000000000000000e+00 0.000000000000000000e+00 0.000000000000000000e+00 1.327369901121386864e-01 0.000000000000000000e+00
2.398401752634783668e-01 1.433369640471921780e-01 1.984490553142755076e-01 2.723095165817971397e-01 9.765047851944820556e-02 1.083190515887742650e-01 8.319375459160532893e-02 1.123887976589654780e-01 2.604246078450556667e-01 2.564085714407204897e-01 2.536929887613421641e-01 2.284934160915958190e-01 1.850663988125830772e-01 1.824194839352794029e-01 1.206554969026912005e-01 1.708912815410482955e-01 8.962511226611380444e-02 1.018917109806871529e-01 1.168199194822081705e-01 1.262434537428516190e-01 1.207462871816675498e-01 9.741581775049180936e-02 2.349944715852100574e-01 4.095921778556727011e-01 0.000000000000000000e+00 0.000000000000000000e+00 0.000000000000000000e+00 0.000000000000000000e+00 0.000000000000000000e+00 0.000000000000000000e+00 0.000000000000000000e+00 0.000000000000000000e+00 0.000000000000000000e+00 0.000000000000000000e+00 7.267417920814754628e-02 6.580438333970935194e-03 5.724353984348009433e-02 5.575046148907020910e-02 0.000000000000000000e+00 0.000000000000000000e+00 0.000000000000000000e+00 0.000000000000000000e+00 0.000000000000000000e+00 0.000000000000000000e+00 0.000000000000000000e+00 0.000000000000000000e+00 0.000000000000000000e+00 0.000000000000000000e+00 0.000000000000000000e+00 0.000000000000000000e+00 0.000000000000000000e+00 0.000000000000000000e+00 0.000000000000000000e+00 0.000000000000000000e+00 0.000000000000000000e+00 0.000000000000000000e+00 0.000000000000000000e+00 0.000000000000000000e+00 0.000000000000000000e+00 0.000000000000000000e+00 0.000000000000000000e+00 0.000000000000000000e+00 0.000000000000000000e+00 0.000000000000000000e+00 7.135814933675344029e-02 0.000000000000000000e+00 0.000000000000000000e+00 0.000000000000000000e+00 0.000000000000000000e+00 0.000000000000000000e+00 0.000000000000000000e+00 0.000000000000000000e+00 0.000000000000000000e+00 0.000000000000000000e+00 0.000000000000000000e+00 1.485751070754754571e-02 1.929522607036860196e-02 0.000000000000000000e+00 1.738570324680182091e-02 5.582334320526549654e-01 0.000000000000000000e+00 5.445098513582956601e-01 0.000000000000000000e+00 0.000000000000000000e+00 0.000000000000000000e+00 0.000000000000000000e+00 0.000000000000000000e+00 0.000000000000000000e+00 0.000000000000000000e+00 0.000000000000000000e+00 0.000000000000000000e+00 0.000000000000000000e+00 0.000000000000000000e+00 0.000000000000000000e+00 0.000000000000000000e+00 0.000000000000000000e+00 0.000000000000000000e+00 1.624504407512613047e-01 0.000000000000000000e+00 2.159370621415348732e-02
2.689195016397090687e-01 1.742817313792161815e-01 6.702335699518779943e-02 3.670092824229297945e-01 2.006502474883127274e-01 6.830990549022453173e-02 1.842292009696891164e-01 1.565036946452608990e-01 6.742086345676419346e-02 7.142198178109865347e-02 3.352865661165685147e-03 6.336620141376203552e-02 0.000000000000000000e+00 0.000000000000000000e+00 0.000000000000000000e+00 0.000000000000000000e+00 3.663362578501625638e-02 0.000000000000000000e+00 0.000000000000000000e+00 0.000000000000000000e+00 0.000000000000000000e+00 0.000000000000000000e+00 0.000000000000000000e+00 0.000000000000000000e+00 0.000000000000000000e+00 0.000000000000000000e+00 0.000000000000000000e+00 0.000000000000000000e+00 0.000000000000000000e+00 0.000000000000000000e+00 0.000000000000000000e+00 0.000000000000000000e+00 0.000000000000000000e+00 0.000000000000000000e+00 0.000000000000000000e+00 0.000000000000000000e+00 0.000000000000000000e+00 1.056235656861364419e-01 2.502232962795801763e-01 2.758264067328518032e-01 2.929825306280507413e-01 1.996507876291163941e-01 4.503401093921097775e-01 5.136710956680411444e-01 0.000000000000000000e+00 2.012599717922008147e-01 1.700962915071628501e-01 2.031343510068974734e-01 0.000000000000000000e+00 0.000000000000000000e+00 0.000000000000000000e+00 2.121325797907579747e-01 6.178867081850729637e-01 0.000000000000000000e+00 0.000000000000000000e+00 0.000000000000000000e+00 6.250582818766786675e-01 0.000000000000000000e+00 5.250151081278406906e-01 0.000000000000000000e+00 0.000000000000000000e+00 1.172397315348251423e-01 8.814104083840937354e-02 7.828090524754170720e-02 0.000000000000000000e+00 0.000000000000000000e+00 1.279900192886200272e-01 0.000000000000000000e+00 8.535934251026685779e-03 0.000000000000000000e+00 0.000000000000000000e+00 0.000000000000000000e+00 0.000000000000000000e+00 0.000000000000000000e+00 0.000000000000000000e+00 0.000000000000000000e+00 0.000000000000000000e+00 7.649992282714180615e-03 0.000000000000000000e+00 2.497920338709672464e-02 0.000000000000000000e+00 0.000000000000000000e+00 0.000000000000000000e+00 0.000000000000000000e+00 1.975215020884850056e-03 1.985974693238261590e-01 0.000000000000000000e+00 0.000000000000000000e+00 1.959173878981204098e-01 2.194995820470680981e-01 2.408015702710580019e-01 2.085893669822413976e-01 0.000000000000000000e+00 0.000000000000000000e+00 0.000000000000000000e+00 0.000000000000000000e+00 0.000000000000000000e+00 0.000000000000000000e+00 0.000000000000000000e+00 0.000000000000000000e+00
1.689093227697680277e-01 1.044571972893640066e-01 2.452633522679270039e-01 1.909027270928474740e-01 8.444318813962072012e-02 6.975563739510394490e-02 9.680326662208500743e-02 7.969706421899430682e-02 5.214135047982933896e-02 0.000000000000000000e+00 0.000000000000000000e+00 0.000000000000000000e+00 0.000000000000000000e+00 0.000000000000000000e+00 6.019091068876136069e-02 0.000000000000000000e+00 0.000000000000000000e+00 0.000000000000000000e+00 0.000000000000000000e+00 0.000000000000000000e+00 0.000000000000000000e+00 0.000000000000000000e+00 0.000000000000000000e+00 0.000000000000000000e+00 0.000000000000000000e+00 0.000000000000000000e+00 7.322169048335598618e-02 0.000000000000000000e+00 0.000000000000000000e+00 0.000000000000000000e+00 0.000000000000000000e+00 0.000000000000000000e+00 0.000000000000000000e+00 0.000000000000000000e+00 0.000000000000000000e+00 0.000000000000000000e+00 6.037613064022401971e-02 4.964344473302760574e-02 0.000000000000000000e+00 0.000000000000000000e+00 8.565406471677119993e-02 0.000000000000000000e+00 4.302511893926198872e-02 4.083168908801761837e-02 0.000000000000000000e+00 0.000000000000000000e+00 4.151660177401899493e-02 0.000000000000000000e+00 0.000000000000000000e+00 0.000000000000000000e+00 0.000000000000000000e+00 6.125123883218003967e-02 0.000000000000000000e+00 7.703535143034352661e-02 0.000000000000000000e+00 8.021991230862428324e-02 0.000000000000000000e+00 1.843593836777889516e-01 0.000000000000000000e+00 0.000000000000000000e+00 1.018095041769701281e-01 1.140753704349880132e-01 1.610408624441741765e-01 1.775264109182132510e-01 1.445006315104163386e-01 1.345633705331851782e-01 2.142664546294947014e-01 9.716922022860810526e-02 9.838324408002033228e-02 1.070273758978492890e-01 1.059575200968927572e-01 0.000000000000000000e+00 0.000000000000000000e+00 0.000000000000000000e+00 0.000000000000000000e+00 0.000000000000000000e+00 3.624351141233319584e-01 0.000000000000000000e+00 8.959143070919618757e-02 0.000000000000000000e+00 0.000000000000000000e+00 0.000000000000000000e+00 0.000000000000000000e+00 1.977894095182791967e-01 0.000000000000000000e+00 1.902869943562778832e-01 2.010636734353367649e-01 1.949854513776307918e-01 1.828163151634687178e-01 1.810707567454640787e-01 0.000000000000000000e+00 6.639349585834133927e-02 6.387684380157324093e-02 8.367814871207350513e-02 8.060361654198368309e-02 0.000000000000000000e+00 6.226498159420791600e-02 0.000000000000000000e+00 6.151197619897427193e-01 6.167871077811843961e-01
1.781904171196413422e-01 1.312598197985427595e-01 6.534072117315087302e-02 9.237967536780317124e-02 2.941598858731551136e-01 4.577436886976583019e-01 6.734631311297849254e-02 3.595152447327815692e-01 1.437265966007973406e-01 7.865496165470961532e-02 7.983782176861363433e-02 8.521797839506252414e-02 1.315166144890345390e-01 8.792488604211209924e-02 9.662208662631106837e-02 1.549306411907014347e-01 1.089816958787945128e-01 1.033054551344334687e-01 8.761948599238514324e-02 2.765546516631206542e-02 0.000000000000000000e+00 0.000000000000000000e+00 0.000000000000000000e+00 0.000000000000000000e+00 0.000000000000000000e+00 0.000000000000000000e+00 0.000000000000000000e+00 0.000000000000000000e+00 0.000000000000000000e+00 0.000000000000000000e+00 0.000000000000000000e+00 0.000000000000000000e+00 5.018400339327599123e-03 0.000000000000000000e+00 0.000000000000000000e+00 2.762219561620690711e-01 2.733695185531559435e-01 0.000000000000000000e+00 2.617231388715544060e-01 0.000000000000000000e+00 0.000000000000000000e+00 2.650372758923499883e-01 1.826849536580999467e-01 3.354596776455986973e-01 1.723685777456147039e-01 4.058699251978801770e-01 3.538134252321477324e-02 1.858775944477581432e-01 6.194906964844670849e-01 0.000000000000000000e+00 0.000000000000000000e+00 1.617328049964129599e-01 0.000000000000000000e+00 0.000000000000000000e+00 0.000000000000000000e+00 0.000000000000000000e+00 0.000000000000000000e+00 0.000000000000000000e+00 0.000000000000000000e+00 0.000000000000000000e+00 0.000000000000000000e+00 0.000000000000000000e+00 0.000000000000000000e+00 0.000000000000000000e+00 1.263359607168798304e-01 0.000000000000000000e+00 1.481172273100833381e-01 0.000000000000000000e+00 0.000000000000000000e+00 0.000000000000000000e+00 3.050890532513544362e-01 0.000000000000000000e+00 2.651473732683430340e-01 0.000000000000000000e+00 0.000000000000000000e+00 0.000000000000000000e+00 0.000000000000000000e+00 3.205818369768994036e-01 0.000000000000000000e+00 0.000000000000000000e+00 0.000000000000000000e+00 0.000000000000000000e+00 0.000000000000000000e+00 1.457356104860950130e-01 6.027086289964359717e-02 1.710998714344836857e-01 1.962114234266040258e-01 1.282569195906504700e-01 1.197848120616521461e-01 0.000000000000000000e+00 1.505395069175335387e-01 9.945645315864484748e-02 5.762803833441682011e-01 3.834350555752628620e-01 0.000000000000000000e+00 0.000000000000000000e+00 1.560034382625135052e-01 0.000000000000000000e+00 2.101213227572591991e-01 1.853923419797640360e-01
3.364122602852454014e-02 1.482659045462086100e-01 1.688220803272321990e-01 1.464868591300589051e-01 9.752407254046246976e-03 4.497157359571124502e-03 0.000000000000000000e+00 0.000000000000000000e+00 0.000000000000000000e+00 0.000000000000000000e+00 0.000000000000000000e+00 0.000000000000000000e+00 2.741458309448771002e-01 3.877483548947791570e-01 5.209118865041381108e-01 4.085174351961351480e-01 0.000000000000000000e+00 0.000000000000000000e+00 0.000000000000000000e+00 5.963416359417388068e-02 1.812971201550031275e-01 2.293920716173466212e-01 1.803521481967529927e-01 1.833416925171417744e-01 0.000000000000000000e+00 0.000000000000000000e+00 0.000000000000000000e+00 0.000000000000000000e+00 0.000000000000000000e+00 0.000000000000000000e+00 0.000000000000000000e+00 0.000000000000000000e+00 1.416013510158546651e-01 6.863951094018279353e-02 0.000000000000000000e+00 0.000000000000000000e+00 0.000000000000000000e+00 0.000000000000000000e+00 0.000000000000000000e+00 0.000000000000000000e+00 2.190110764419507181e-02 8.601523446641642923e-02 8.364831255207207106e-02 3.380177363870178198e-01 6.084586647387598690e-01 6.260523169795111365e-01 5.976417463276852970e-01 6.191430085132957339e-01 2.252368455782061407e-01 1.597586972438365671e-01 1.425546546674231752e-01 2.101465467298879453e-01 6.110801267507612877e-01 0.000000000000000000e+00 0.000000000000000000e+00 0.000000000000000000e+00 5.534346971510056834e-01 5.095987287767373974e-01 4.968825505173477541e-01 4.841337321627052770e-01 4.078754370252720141e-01 4.159765896428294640e-01 6.049570188397658255e-01 4.962656389835092274e-01 5.013614765754680347e-01 5.662441262856127144e-01 6.052401590769869166e-01 0.000000000000000000e+00 1.947648675080997094e-01 3.712194655929972886e-01 2.895234358770755745e-01 2.331127220264240518e-01 1.798866033879543136e-01 3.367322522429132547e-01 3.324254534753267043e-01 2.488204817509973854e-01 0.000000000000000000e+00 2.252972503547644723e-01 0.000000000000000000e+00 1.848716798151667784e-01 0.000000000000000000e+00 4.668999907618946454e-01 0.000000000000000000e+00 0.000000000000000000e+00 1.852103150810978371e-01 1.962800912286786492e-01 0.000000000000000000e+00 3.072807006009032893e-01 0.000000000000000000e+00 3.093005639989287459e-01 3.069997577333485883e-01 5.723021371202413610e-01 1.243891713048954628e-01 2.866838620364178247e-01 1.433015429059553425e-01 0.000000000000000000e+00 1.968680936178437701e-01 1.907682183132169418e-01 1.487435577774398054e-01 0.000000000000000000e+00
2.734152741986050072e-01 1.706404723939706769e-01 1.656353678578197930e-01 3.131282675114405167e-01 1.910867911363085259e-01 1.139931178527362754e-01 2.219012842031632682e-01 1.046312816122568906e-01 1.746665915205771469e-01 1.530017168518901516e-01 1.188989401917209254e-01 1.660067919992415097e-01 2.382026541874044945e-01 2.594973636243744775e-01 2.433548222663318994e-01 2.360820093452008217e-01 1.115336660750963493e-01 1.153953258157340567e-01 1.145877695740689650e-01 1.149279498655467191e-01 9.003758830854247108e-02 9.564803385388233326e-02 8.744814838157524695e-02 1.090195547270050025e-01 7.542893114629262152e-02 7.382029632562481236e-02 7.719922713999465003e-02 8.097633392701113209e-02 7.392185028257634849e-02 1.931334578664104795e-01 1.030136398648836132e-01 5.413563512158199587e-02 5.448839306547308831e-02 5.931307867398971645e-02 5.487094139083089489e-02 6.554386342095501472e-02 8.231271235708668976e-02 7.545446984634754384e-02 8.912088459547974628e-02 3.964501791109845130e-02 3.728176686300666010e-02 5.166331957568674749e-02 5.130400957901436881e-02 1.845319000858677838e-02 2.816653100556939723e-02 1.846179065079662715e-02 2.281494733767960512e-02 1.610630621723532427e-02 2.307320551070310768e-02 0.000000000000000000e+00 2.983671220500502819e-02 3.916213448227592181e-03 0.000000000000000000e+00 3.850034853978159897e-03 1.816692538637129433e-03 0.000000000000000000e+00 3.260203326235275312e-02 4.168421701772476347e-03 6.405862464061531925e-02 4.254112251981416459e-02 5.338759669736509172e-02 0.000000000000000000e+00 4.130537103136214944e-02 0.000000000000000000e+00 0.000000000000000000e+00 0.000000000000000000e+00 0.000000000000000000e+00 0.000000000000000000e+00 0.000000000000000000e+00 0.000000000000000000e+00 0.000000000000000000e+00 0.000000000000000000e+00 0.000000000000000000e+00 0.000000000000000000e+00 0.000000000000000000e+00 0.000000000000000000e+00 0.000000000000000000e+00 0.000000000000000000e+00 0.000000000000000000e+00 0.000000000000000000e+00 0.000000000000000000e+00 0.000000000000000000e+00 0.000000000000000000e+00 0.000000000000000000e+00 0.000000000000000000e+00 0.000000000000000000e+00 0.000000000000000000e+00 0.000000000000000000e+00 0.000000000000000000e+00 0.000000000000000000e+00 0.000000000000000000e+00 0.000000000000000000e+00 0.000000000000000000e+00 0.000000000000000000e+00 0.000000000000000000e+00 0.000000000000000000e+00 0.000000000000000000e+00 0.000000000000000000e+00 0.000000000000000000e+00 0.000000000000000000e+00
1.409335451960451457e-01 1.833788074641631016e-01 4.035576971878882535e-01 2.545499629312336642e-01 2.282484780415955927e-01 2.565376669086207873e-01 2.793735793846213178e-01 2.299317318738511862e-01 1.479846641181782607e-01 1.588508516772414447e-01 1.468949633224221618e-01 1.490376848629928197e-01 2.155088840616984636e-01 2.383196183436049609e-01 2.163136935912805814e-01 2.291168739558988310e-01 1.534341637800888669e-01 1.527974988085201713e-01 1.850350405163023459e-01 1.595472690812487493e-01 2.149418024628987622e-01 1.457816064688513547e-01 2.264847684345758783e-01 1.571983152417805729e-01 1.561445162618758375e-01 1.518379578315965373e-01 1.569037875940487714e-01 1.502667469630594166e-01 1.500956954680914834e-01 1.795904391576063908e-01 1.329209511538966271e-01 1.269186413513841705e-01 1.446999626952053253e-01 1.246989088707867871e-01 1.215141648783671785e-01 1.224699291261766992e-01 1.443723257222398748e-01 1.377197661679816498e-01 1.368999069451115047e-01 1.359273763089620946e-01 1.176530315908786983e-01 1.261294079682393210e-01 1.178768886256420234e-01 1.241375724780939827e-01 1.063346779997877134e-01 1.004898806906007885e-01 1.037825475786143675e-01 1.081024046732287774e-01 9.757710697293145441e-02 1.047299000206697445e-01 9.574865507318904012e-02 9.272073689607421287e-02 4.919838581851451731e-02 8.623863371583258275e-02 9.050779108324855105e-02 9.138377478968102985e-02 0.000000000000000000e+00 6.762263520968526259e-03 2.104244396025671537e-02 0.000000000000000000e+00 0.000000000000000000e+00 0.000000000000000000e+00 0.000000000000000000e+00 0.000000000000000000e+00 0.000000000000000000e+00 9.347688384325276989e-02 1.314036931496812173e-02 1.585419381249750237e-02 8.676945871513688791e-02 0.000000000000000000e+00 3.841826762703504788e-02 0.000000000000000000e+00 0.000000000000000000e+00 0.000000000000000000e+00 0.000000000000000000e+00 0.000000000000000000e+00 0.000000000000000000e+00 0.000000000000000000e+00 0.000000000000000000e+00 0.000000000000000000e+00 0.000000000000000000e+00 0.000000000000000000e+00 0.000000000000000000e+00 0.000000000000000000e+00 0.000000000000000000e+00 0.000000000000000000e+00 0.000000000000000000e+00 0.000000000000000000e+00 0.000000000000000000e+00 0.000000000000000000e+00 0.000000000000000000e+00 0.000000000000000000e+00 0.000000000000000000e+00 0.000000000000000000e+00 0.000000000000000000e+00 0.000000000000000000e+00 0.000000000000000000e+00 0.000000000000000000e+00 0.000000000000000000e+00 9.013099940863134041e-02
1.942648972411942787e-01 1.857571396782855544e-01 1.794231872810199413e-01 1.513528655884739393e-01 1.515122321124555138e-01 1.545467996217378959e-01 1.511796968362753846e-01 1.547256220229739354e-01 1.767335381415584550e-01 1.963441353987469273e-01 1.778690975844667566e-01 1.916627079923085286e-01 1.840814850827928728e-01 2.090009388986094063e-01 2.020276549301278923e-01 1.721735154091880160e-01 1.469098642354723649e-01 1.539360224115513542e-01 1.571482907479692104e-01 1.427223414400894397e-01 1.419220525408105837e-01 1.451421375620312870e-01 1.071367064833857879e-01 1.053399218850334662e-01 1.065424095456971587e-01 1.069596694450036939e-01 1.063130590867678721e-01 1.047489438911117787e-01 1.086203659042777742e-01 9.948705610910277275e-02 1.040557653184356751e-01 9.951633148205392410e-02 8.984799650701440210e-02 9.856224959539523767e-02 9.514262738597932534e-02 1.217576151259891215e-01 9.394218831474418496e-02 9.556603305357154465e-02 9.310408634578956621e-02 8.995270346054454191e-02 1.399682246791135731e-01 1.682720168987133225e-01 1.348433291622434527e-01 1.238655678694426665e-01 1.390278305743350984e-01 1.402682686402786927e-01 1.104556845842276508e-01 1.432721759759347513e-01 1.183972074512289058e-01 1.080857298419583279e-01 1.736566598215644186e-01 1.239058415353594400e-01 1.771365380273008383e-01 1.511996791666791184e-01 1.077172126374910943e-01 1.043785039881864746e-01 1.065974238997926260e-01 1.033851670080084412e-01 1.302036975580011524e-01 1.035016619342280647e-01 1.035384106529716741e-01 1.120084924818087885e-01 1.559111487365251736e-01 1.057517112494413963e-01 1.662937776333787698e-01 1.578441931434609313e-01 1.126947928296437446e-01 1.147814013312857540e-01 1.162749260264091256e-01 1.322259185505645085e-01 1.349558642452101109e-01 1.508704056110975467e-01 9.744398299397608043e-02 1.263431250575629550e-01 1.270860420082084441e-01 1.112338967851395077e-01 1.020996485300028345e-01 1.943662738063237916e-01 9.441750684070483735e-02 9.527150540583974314e-02 1.017963542928728427e-01 9.293028813873865923e-02 9.708036409272352563e-02 9.638034162910730229e-02 9.854293105374491157e-02 9.714303490675030295e-02 9.258635400741414834e-02 9.100792157502549107e-02 9.054741240504561584e-02 9.175146798052334629e-02 8.548268132742657677e-02 8.733975625600043369e-02 8.626191210073588800e-02 9.934132014383303955e-02 8.788238067262789388e-02 9.079586395758533490e-02 8.858353615497834010e-02 8.756078646624501638e-02 8.987826756309563736e-02 9.415991102585551109e-02
1.619405823208571182e-01 1.376212850951729350e-01 3.409565580909407756e-01 1.655800216093476218e-01 1.115033606851140724e-01 1.989706559388344509e-01 1.969293681865617041e-01 1.352850462437222567e-01 1.110125575697855915e-01 1.137207470158072276e-01 1.013900697972645593e-01 1.144592234485852372e-01 5.874349642273111322e-02 0.000000000000000000e+00 0.000000000000000000e+00 0.000000000000000000e+00 0.000000000000000000e+00 0.000000000000000000e+00 0.000000000000000000e+00 0.000000000000000000e+00 0.000000000000000000e+00 0.000000000000000000e+00 0.000000000000000000e+00 0.000000000000000000e+00 0.000000000000000000e+00 0.000000000000000000e+00 0.000000000000000000e+00 0.000000000000000000e+00 9.815653160915408307e-03 0.000000000000000000e+00 7.177120905549974617e-02 6.914056844728773410e-02 0.000000000000000000e+00 3.993083047028360699e-01 0.000000000000000000e+00 0.000000000000000000e+00 0.000000000000000000e+00 0.000000000000000000e+00 0.000000000000000000e+00 0.000000000000000000e+00 0.000000000000000000e+00 0.000000000000000000e+00 1.264178470708538227e-01 1.082763058819827956e-01 1.180670869927550881e-01 1.376909256911102997e-01 0.000000000000000000e+00 0.000000000000000000e+00 0.000000000000000000e+00 0.000000000000000000e+00 1.157407477494368370e-01 1.918589949045388654e-01 0.000000000000000000e+00 0.000000000000000000e+00 0.000000000000000000e+00 0.000000000000000000e+00 0.000000000000000000e+00 0.000000000000000000e+00 0.000000000000000000e+00 0.000000000000000000e+00 0.000000000000000000e+00 0.000000000000000000e+00 0.000000000000000000e+00 8.700033131034549949e-02 0.000000000000000000e+00 0.000000000000000000e+00 0.000000000000000000e+00 0.000000000000000000e+00 0.000000000000000000e+00 1.710563017140673270e-01 0.000000000000000000e+00 1.291582417160484775e-01 1.271281239262465335e-01 0.000000000000000000e+00 7.961957260435308104e-02 0.000000000000000000e+00 5.062926258887846115e-02 0.000000000000000000e+00 0.000000000000000000e+00 0.000000000000000000e+00 0.000000000000000000e+00 7.305749432396185794e-02 0.000000000000000000e+00 0.000000000000000000e+00 0.000000000000000000e+00 0.000000000000000000e+00 0.000000000000000000e+00 0.000000000000000000e+00 2.256686487457603904e-02 0.000000000000000000e+00 2.065670544326085947e-02 2.254523022518490141e-02 8.206239532925727054e-02 6.483297427766049337e-02 0.000000000000000000e+00 0.000000000000000000e+00 0.000000000000000000e+00 7.994859437799370361e-02 0.000000000000000000e+00 0.000000000000000000e+00
1.979234490679288860e-01 3.467946030662570345e-01 4.962055775459612850e-01 8.692397271443849660e-02 1.691922226696818687e-01 2.045584296648560174e-01 1.724022707471659921e-01 2.104125200165903875e-01 1.200971933379233469e-01 1.324829764676309085e-01 1.055138688723222112e-01 6.285118145356857755e-02 0.000000000000000000e+00 0.000000000000000000e+00 0.000000000000000000e+00 0.000000000000000000e+00 0.000000000000000000e+00 0.000000000000000000e+00 0.000000000000000000e+00 0.000000000000000000e+00 0.000000000000000000e+00 0.000000000000000000e+00 0.000000000000000000e+00 0.000000000000000000e+00 3.112198462338653521e-02 0.000000000000000000e+00 3.616901371386242042e-02 0.000000000000000000e+00 0.000000000000000000e+00 0.000000000000000000e+00 0.000000000000000000e+00 0.000000000000000000e+00 0.000000000000000000e+00 0.000000000000000000e+00 0.000000000000000000e+00 1.869122580001514045e-01 1.806105108020588101e-01 0.000000000000000000e+00 2.041841214757471601e-01 0.000000000000000000e+00 0.000000000000000000e+00 0.000000000000000000e+00 0.000000000000000000e+00 2.018934322663393233e-01 2.106382539712770563e-01 2.111259098123437761e-01 0.000000000000000000e+00 0.000000000000000000e+00 0.000000000000000000e+00 0.000000000000000000e+00 0.000000000000000000e+00 0.000000000000000000e+00 0.000000000000000000e+00 0.000000000000000000e+00 0.000000000000000000e+00 0.000000000000000000e+00 0.000000000000000000e+00 0.000000000000000000e+00 0.000000000000000000e+00 0.000000000000000000e+00 5.796864322180407016e-03 0.000000000000000000e+00 1.742363762959458773e-01 3.261276832874375475e-02 0.000000000000000000e+00 5.298968395129308867e-02 1.420122248095682660e-01 1.952382976695032912e-03 0.000000000000000000e+00 1.720432983671871252e-01 0.000000000000000000e+00 1.649897760719813977e-01 1.007012316019112626e-02 1.555912683640357438e-02 1.979280440883510531e-02 0.000000000000000000e+00 0.000000000000000000e+00 0.000000000000000000e+00 0.000000000000000000e+00 0.000000000000000000e+00 0.000000000000000000e+00 0.000000000000000000e+00 5.380495387605790381e-01 0.000000000000000000e+00 0.000000000000000000e+00 1.935031424235129638e-01 3.870262442881622911e-01 0.000000000000000000e+00 0.000000000000000000e+00 0.000000000000000000e+00 0.000000000000000000e+00 4.709990350943043559e-03 0.000000000000000000e+00 0.000000000000000000e+00 6.887140210778884553e-02 0.000000000000000000e+00 0.000000000000000000e+00 1.719389461973010458e-01 0.000000000000000000e+00 0.000000000000000000e+00
1.751000341319059461e-01 1.888205819983403144e-01 1.215456948441531182e-01 2.181570349594394997e-01 9.178545854255029668e-02 1.208022857742594158e-01 1.732740657176718990e-01 1.427836961212431421e-01 1.212546349204260826e-01 1.204362291660331929e-01 2.110248308076899115e-01 1.915996709500039918e-01 1.022753007677097564e-01 9.348573054508671487e-02 9.524337449625649987e-02 1.020684161246925570e-01 9.205025303198377529e-02 9.432472519546832024e-02 9.949396866784496196e-02 9.123748948199468523e-02 1.165530764033461258e-01 8.941484001152757988e-02 1.126500900904931629e-01 1.140588329393217026e-01 1.106116749412738576e-01 1.154630551578470082e-01 9.432825014264148433e-02 1.056504605752823372e-01 5.136732129252718354e-02 4.894977404110329583e-02 4.753926871868816711e-02 4.275966352223353750e-02 7.818662435529322163e-02 5.043565372092901483e-02 3.789018361749688785e-02 4.601190224177568316e-02 2.366540521927004356e-02 0.000000000000000000e+00 0.000000000000000000e+00 0.000000000000000000e+00 0.000000000000000000e+00 0.000000000000000000e+00 0.000000000000000000e+00 0.000000000000000000e+00 0.000000000000000000e+00 0.000000000000000000e+00 0.000000000000000000e+00 9.097905820888678441e-02 2.318160335859476354e-02 5.644110507538639687e-02 0.000000000000000000e+00 0.000000000000000000e+00 0.000000000000000000e+00 0.000000000000000000e+00 0.000000000000000000e+00 0.000000000000000000e+00 0.000000000000000000e+00 0.000000000000000000e+00 0.000000000000000000e+00 0.000000000000000000e+00 0.000000000000000000e+00 0.000000000000000000e+00 5.255948589361231910e-02 0.000000000000000000e+00 8.423757385094189643e-02 0.000000000000000000e+00 0.000000000000000000e+00 0.000000000000000000e+00 0.000000000000000000e+00 0.000000000000000000e+00 0.000000000000000000e+00 0.000000000000000000e+00 0.000000000000000000e+00 0.000000000000000000e+00 1.821856586245815812e-01 1.745474872178786885e-01 0.000000000000000000e+00 1.741069947122035888e-01 0.000000000000000000e+00 0.000000000000000000e+00 0.000000000000000000e+00 0.000000000000000000e+00 0.000000000000000000e+00 0.000000000000000000e+00 5.686661312218546094e-01 0.000000000000000000e+00 0.000000000000000000e+00 0.000000000000000000e+00 0.000000000000000000e+00 0.000000000000000000e+00 0.000000000000000000e+00 1.421206054905094088e-03 0.000000000000000000e+00 0.000000000000000000e+00 0.000000000000000000e+00 0.000000000000000000e+00 0.000000000000000000e+00 0.000000000000000000e+00 0.000000000000000000e+00 0.000000000000000000e+00
2.119405617268899367e-01 1.069622330429478158e-01 1.783339099367099723e-01 2.338001782822606012e-01 1.014016059880131077e-01 1.064573072496593359e-01 1.036956942536236270e-01 1.034352945035229288e-01 1.118018710653661957e-01 1.218423511937492265e-01 1.077230494006674449e-01 1.074531620492467643e-01 1.377357199873303073e-01 1.531297479688583096e-01 1.017889839487834958e-01 1.490868853431792929e-01 1.111294187242829468e-01 1.124037329059167228e-01 1.208896998863004252e-01 9.939418290679682966e-02 1.579896201036213588e-01 1.331173410678301028e-01 1.348387169748707926e-01 1.243544597309467342e-01 1.021449692793720970e-01 9.997345304046478809e-02 1.015177232413213143e-01 9.974236299721628285e-02 7.700198460085209973e-02 8.775991164762778074e-02 1.267148009809256071e-01 9.513704240474392393e-02 6.245761194597779231e-02 6.475975723369840897e-02 6.423419676588648652e-02 6.380668247480347777e-02 6.574686833315500356e-02 5.252102620213368322e-03 2.310469112853353810e-02 1.992393416037188496e-03 2.515116186928371619e-02 0.000000000000000000e+00 0.000000000000000000e+00 0.000000000000000000e+00 0.000000000000000000e+00 0.000000000000000000e+00 0.000000000000000000e+00 0.000000000000000000e+00 0.000000000000000000e+00 0.000000000000000000e+00 0.000000000000000000e+00 0.000000000000000000e+00 0.000000000000000000e+00 0.000000000000000000e+00 0.000000000000000000e+00 0.000000000000000000e+00 0.000000000000000000e+00 0.000000000000000000e+00 0.000000000000000000e+00 0.000000000000000000e+00 0.000000000000000000e+00 0.000000000000000000e+00 0.000000000000000000e+00 0.000000000000000000e+00 0.000000000000000000e+00 0.000000000000000000e+00 0.000000000000000000e+00 0.000000000000000000e+00 0.000000000000000000e+00 2.638977337169213788e-01 5.743565862012450784e-01 0.000000000000000000e+00 0.000000000000000000e+00 0.000000000000000000e+00 0.000000000000000000e+00 0.000000000000000000e+00 0.000000000000000000e+00 0.000000000000000000e+00 0.000000000000000000e+00 0.000000000000000000e+00 0.000000000000000000e+00 0.000000000000000000e+00 0.000000000000000000e+00 0.000000000000000000e+00 0.000000000000000000e+00 0.000000000000000000e+00 9.438442040473853101e-02 2.490311660123960616e-02 5.494590374142904049e-02 0.000000000000000000e+00 4.455453972791987433e-02 0.000000000000000000e+00 0.000000000000000000e+00 0.000000000000000000e+00 5.066868935190298184e-02 0.000000000000000000e+00 0.000000000000000000e+00 0.000000000000000000e+00 0.000000000000000000e+00 0.000000000000000000e+00
1.570894653308586020e-01 2.643784312207112519e-01 2.051991231474797339e-01 5.409749244645627453e-01 8.963496609571151852e-02 0.000000000000000000e+00 2.138379217660142384e-01 1.529852709132932809e-01 3.178663458545905041e-02 4.386148418505581015e-02 6.256928868141850564e-02 0.000000000000000000e+00 0.000000000000000000e+00 0.000000000000000000e+00 0.000000000000000000e+00 0.000000000000000000e+00 0.000000000000000000e+00 0.000000000000000000e+00 0.000000000000000000e+00 0.000000000000000000e+00 0.000000000000000000e+00 0.000000000000000000e+00 0.000000000000000000e+00 2.931502288453506633e-02 5.531886718608059091e-03 4.654479871977590388e-02 3.941051736701356445e-02 1.966707423546812661e-01 5.517246399866736484e-01 5.103756362894098508e-01 0.000000000000000000e+00 4.869571461806081712e-03 1.845825082559967856e-01 1.919643313129213713e-01 0.000000000000000000e+00 0.000000000000000000e+00 0.000000000000000000e+00 3.604473414781426688e-01 0.000000000000000000e+00 0.000000000000000000e+00 0.000000000000000000e+00 0.000000000000000000e+00 0.000000000000000000e+00 1.309292701663059694e-02 1.928065304607331221e-01 5.522313282535487242e-03 1.995183732174491409e-01 0.000000000000000000e+00 0.000000000000000000e+00 0.000000000000000000e+00 0.000000000000000000e+00 0.000000000000000000e+00 0.000000000000000000e+00 0.000000000000000000e+00 1.968468523777353596e-01 0.000000000000000000e+00 0.000000000000000000e+00 0.000000000000000000e+00 0.000000000000000000e+00 0.000000000000000000e+00 0.000000000000000000e+00 0.000000000000000000e+00 0.000000000000000000e+00 0.000000000000000000e+00 0.000000000000000000e+00 0.000000000000000000e+00 0.000000000000000000e+00 0.000000000000000000e+00 0.000000000000000000e+00 0.000000000000000000e+00 0.000000000000000000e+00 1.926273074973183230e-01 0.000000000000000000e+00 2.046653683219535891e-01 0.000000000000000000e+00 0.000000000000000000e+00 0.000000000000000000e+00 0.000000000000000000e+00 0.000000000000000000e+00 0.000000000000000000e+00 0.000000000000000000e+00 0.000000000000000000e+00 0.000000000000000000e+00 0.000000000000000000e+00 0.000000000000000000e+00 0.000000000000000000e+00 0.000000000000000000e+00 0.000000000000000000e+00 0.000000000000000000e+00 0.000000000000000000e+00 0.000000000000000000e+00 0.000000000000000000e+00 0.000000000000000000e+00 0.000000000000000000e+00 0.000000000000000000e+00 0.000000000000000000e+00 0.000000000000000000e+00 0.000000000000000000e+00 0.000000000000000000e+00 0.000000000000000000e+00
