4.622040950877570609e-01 4.220275557716277604e-01 5.672954374320844373e-01 4.338897760091919853e-01 4.373901928832431008e-01 4.323177627907249243e-01 4.363328818735517922e-01 4.226365590063421718e-01 4.372919384234180695e-01 4.217055834648164581e-01 4.243441517516211570e-01 4.163751336724736962e-01 4.374059484800552622e-01 4.321422419539131532e-01 4.181049354139971252e-01 4.233153287214057592e-01 4.403576519861603367e-01 4.351805140343847911e-01 4.245896716237165247e-01 4.135674398095559590e-01 5.551464769602851845e-01 5.345096683504754198e-01 6.105850733788598106e-01 4.839374002137209474e-01 4.273473661757173359e-01 5.769518159772095700e-01 4.349579589620710118e-01 5.855583834092809026e-01 5.228541894496792075e-01 6.312746138200667767e-01 4.249417016558115767e-01 5.070631861487200354e-01 4.145343450884614867e-01 4.054943533972210634e-01 4.082253622704883345e-01 4.087372738200502065e-01 3.930632456511432005e-01 4.093905787697862952e-01 4.565593473014413761e-01 5.967507291580260720e-01 4.341565165190602316e-01 4.331621116191504139e-01 4.488544534891490967e-01 4.507157650461306453e-01 4.528762003876091735e-01 5.017019228275564346e-01 5.450871969911437187e-01 5.585125933596641890e-01 5.566660490410232365e-01 5.531819110123868954e-01 4.107885827585159300e-01 4.024086401101120147e-01 4.351860372140791133e-01 4.527775970953823448e-01 3.930080138542000889e-01 4.004843061658817094e-01 4.460437945508165525e-01 4.070320647628498101e-01 4.224966190745085282e-01 4.120853090732720103e-01 4.143865564275885927e-01 4.162144963514697871e-01 4.113792141534050595e-01 4.034224633470523402e-01 3.879340721546076787e-01 3.998294314703377261e-01 4.115839206344961698e-01 4.337450687012011641e-01 4.423257062580761012e-01 4.247594367258994419e-01 4.135136033422198709e-01 4.412372328871622118e-01 4.418791426451079696e-01 4.471760463881495062e-01 4.216200613876551762e-01 4.327740355722082821e-01 4.190267250356101703e-01 4.410261311453724242e-01 4.474356358337819861e-01 4.667370558709755257e-01 4.101584751634959058e-01 4.527153886504043934e-01 4.222268553504918143e-01 3.922741867583943720e-01 3.991945564991605244e-01 4.351765024617647581e-01 4.080228650612749419e-01 3.979194577933126697e-01 4.529678270318010513e-01 3.943395652703971521e-01 4.608137654118658610e-01 4.117413603251507404e-01 4.545626306338488853e-01 4.153457873936556854e-01 4.146374250631773561e-01 4.278065458938819510e-01 4.290175175765422177e-01 5.511784502516939854e-01 6.429090464992911480e-01 4.460365853478471254e-01
4.489586962385374025e-01 5.543934059436498307e-01 4.439851601319141361e-01 5.148072073287415229e-01 4.437669654646221873e-01 4.227403947845951859e-01 4.259569202223588702e-01 4.317225965746130933e-01 4.397980085362929725e-01 4.336073961799788434e-01 4.441005073794247471e-01 4.250881531258111634e-01 4.388164522965141146e-01 4.309324911846589834e-01 4.068868923449899810e-01 4.278609056098206520e-01 4.137629603707344561e-01 4.289354838233983558e-01 4.253109988917930240e-01 4.332002506284079457e-01 4.286099650538359729e-01 4.275966069267646552e-01 4.171575066108557106e-01 4.183756293577517993e-01 4.230638786984807220e-01 4.242027583514468847e-01 4.376744912906658791e-01 4.479437683656582458e-01 4.292244914682447066e-01 4.352916171543408375e-01 4.257290745252853004e-01 4.340942499353486195e-01 4.487667221401100415e-01 4.339312870649997267e-01 4.380920436755554870e-01 4.217657570541176182e-01 4.257755273734510904e-01 4.218237213715410050e-01 4.330263576761377298e-01 4.381955306214067036e-01 4.484519590362681107e-01 4.716418719944548976e-01 4.400413191365106225e-01 4.349846446408046075e-01 4.107735829652408577e-01 4.182411544668788173e-01 4.148784682527836831e-01 4.959898503877038234e-01 5.278969687880489259e-01 4.410591539460709809e-01 5.109373188025081447e-01 5.321901654338008214e-01 4.516269734182241091e-01 4.609965535903806089e-01 4.647559203839942699e-01 4.476956903892834183e-01 4.480204533553086566e-01 5.568629067930750409e-01 4.504796636488824224e-01 4.397167887254198049e-01 4.321608463486729668e-01 4.136846474965425458e-01 4.029406095227742179e-01 4.221988906196185720e-01 4.367754920526334961e-01 4.239871799271680008e-01 4.262078469966812944e-01 4.254643107323602957e-01 4.142559768318684332e-01 4.271663221592112980e-01 4.384712244962530869e-01 5.769142583552883119e-01 4.217441294452093925e-01 4.213339606794900272e-01 4.430226733967640440e-01 6.281839587405997349e-01 4.469622121258793879e-01 4.216653514611484743e-01 5.942874491530987235e-01 4.800464073271818455e-01 5.361570875064531894e-01 5.159381801139347745e-01 5.119800951287932778e-01 4.624296152354857026e-01 4.398145780753758838e-01 5.804010707656712675e-01 4.650384164906746776e-01 4.661978772553438399e-01 4.277566628604322907e-01 4.567860883625761148e-01 5.780990676078175960e-01 5.851664120671860037e-01 5.221503619404235241e-01 4.892787219492514827e-01 4.725158134382951847e-01 4.069514263393129716e-01 4.758644882175868673e-01 4.870541014458517060e-01 4.014470835946999383e-01 4.393047595202245192e-01
4.771356916282818994e-01 5.020579644322715751e-01 4.344098269814612445e-01 4.443407947654939294e-01 4.448453226958854478e-01 4.425223314551934295e-01 4.363094519639011959e-01 4.402262003094358223e-01 4.367318880024153027e-01 4.329017082312472398e-01 4.451761320902076768e-01 4.338307070558297118e-01 4.418730962168110343e-01 4.353823717175283603e-01 4.267874320321818349e-01 4.374103088850770926e-01 4.348211003831194410e-01 4.312880676795051715e-01 4.449181705291166966e-01 4.378361169701414091e-01 4.411492108444550198e-01 4.589226868232686440e-01 4.394248160051586471e-01 4.368440376195765196e-01 4.290393196016513144e-01 4.443922475447513731e-01 4.388382543216232112e-01 4.437603957877226390e-01 4.482446944508975406e-01 4.391923773481287707e-01 4.409682831054162477e-01 4.475003442443057922e-01 4.368930485720218249e-01 4.413911261150657017e-01 4.342191900739072463e-01 4.374027508497059236e-01 4.379971031235470602e-01 4.318706759291541242e-01 4.311551625344400285e-01 4.232092836712750272e-01 4.315152738505088625e-01 4.357814941238590811e-01 4.302847094146172169e-01 4.329032198383214736e-01 4.250669906267718900e-01 4.455412433373681647e-01 4.353497558879650953e-01 4.336351864946512702e-01 4.297591352626536354e-01 4.253739050015745149e-01 4.254709385479934491e-01 4.291895500893365134e-01 4.307772026271485255e-01 4.250350724620121645e-01 4.354876028253882869e-01 4.405217776311817213e-01 4.142968483616062958e-01 4.316728298186306989e-01 4.206004824160859967e-01 4.290672261937910070e-01 4.399052744998297459e-01 3.997593742963204688e-01 4.122060050842760170e-01 4.203248466799732741e-01 4.071956671592685817e-01 4.054655747240770158e-01 4.201816509790566312e-01 4.056225493048626340e-01 4.169907065840876559e-01 4.067598592120209022e-01 4.320943356374067901e-01 4.472512779094593438e-01 4.590268714339234002e-01 4.743300907597746696e-01 4.704575859905281709e-01 4.432523213945799845e-01 4.441479485860621579e-01 4.372117651097501834e-01 4.436741179070242125e-01 4.410305496891278598e-01 4.689010958139387397e-01 4.430051154992095119e-01 4.753516464482870352e-01 4.699545115284771701e-01 4.679340161188323410e-01 4.504130366601489799e-01 4.629790844069688327e-01 4.017546374955723865e-01 4.164346677357049775e-01 4.187183571924669723e-01 4.194911953785346315e-01 4.088655860051589874e-01 4.276330017740134215e-01 4.255231471307880375e-01 4.132634323714345914e-01 4.078070540820615819e-01 4.149388162582856587e-01 4.115794439520070735e-01 4.132173864944041486e-01 3.963061079352386828e-01
4.336736743363105440e-01 5.646320439060221741e-01 4.113704352046277934e-01 5.240519636398067727e-01 4.278781728137070473e-01 4.275311427127037045e-01 4.330194973055700447e-01 4.425432613992981712e-01 4.146846337148802908e-01 4.345954639579235890e-01 4.323164837385851667e-01 4.412054309998696966e-01 4.163239134481506731e-01 4.136103461949707238e-01 4.223997018055568597e-01 4.284181653716094273e-01 4.329813582963125129e-01 4.347004043721154343e-01 4.357809127365228075e-01 4.288246713971104462e-01 4.306780760863191393e-01 4.424396000372460835e-01 4.309837695477156116e-01 4.462835586882830663e-01 4.476411562571438463e-01 4.497340925288845215e-01 4.013560383378442786e-01 4.031286301873152067e-01 4.016575458104198471e-01 4.059791722969139927e-01 3.998760005959707819e-01 4.056584209035087873e-01 3.994726340620854965e-01 4.067695683805361839e-01 4.102109744399586311e-01 4.075027559502720775e-01 4.024797437813344980e-01 4.584382167559774568e-01 4.456944389004681706e-01 4.124003628707820224e-01 4.393286545397440679e-01 4.250886182356801157e-01 5.539237031146991841e-01 4.597517451647509801e-01 4.490581134730349810e-01 4.363277656649928726e-01 4.053067397038154773e-01 4.259191300455030804e-01 4.339555309169210728e-01 4.545237358210542089e-01 4.471723836479312153e-01 4.055020858487931035e-01 4.117042678130984346e-01 4.195196833580105422e-01 4.534402042424983681e-01 4.151760804302063734e-01 4.708030463457236747e-01 4.558113343546312812e-01 4.189330635357414456e-01 4.423993098948444391e-01 4.370752553632003545e-01 4.649935333883167821e-01 4.277989878585107819e-01 4.310247573549207400e-01 4.481447539677974046e-01 4.527393418086576027e-01 4.382470996781314687e-01 4.307506332258822512e-01 4.508690187479642564e-01 3.943219492341090149e-01 4.622524665141324873e-01 4.166391416618615562e-01 4.448852640058853503e-01 5.526632553697246042e-01 4.586563532845358004e-01 4.505662322232489858e-01 4.456397303521277276e-01 4.389622642404438224e-01 3.972672574795154121e-01 3.950817643438448434e-01 4.385739556385672144e-01 4.201521746411091551e-01 4.147151565500330483e-01 4.458199604263630156e-01 4.062399826559525695e-01 3.983961954090318169e-01 4.447510798086805051e-01 3.962430274092563209e-01 6.204591233426742791e-01 4.197685752766561196e-01 4.381069271913632934e-01 4.407699718850238146e-01 3.967813339438835962e-01 4.573147438674217691e-01 3.993701936134395059e-01 4.275830606018302116e-01 4.340482621970518373e-01 4.529371879191810280e-01 4.475205183848734447e-01 4.341949462219859002e-01
5.649838995219164106e-01 4.390285423967755229e-01 4.823081203426338726e-01 5.463869465200483777e-01 4.414092072612228468e-01 4.338582066768340018e-01 4.278645102113053378e-01 4.382339021855987671e-01 4.407970645348927019e-01 4.233790487734579444e-01 4.674809409676982663e-01 4.333749575229489670e-01 4.396684172990444339e-01 4.622489200513814067e-01 4.402462581725362090e-01 4.382460531809262427e-01 4.303297669331760389e-01 4.648584771101075264e-01 4.501453077918091128e-01 4.368570025571747450e-01 4.287850207807786806e-01 4.322126479603322080e-01 4.396001042870358866e-01 4.292894905724366494e-01 4.225341185576961811e-01 4.225908619617135265e-01 4.326656068339990169e-01 4.207425734810638085e-01 4.309237122358817174e-01 4.422269285496484570e-01 4.643591235270085327e-01 4.573343947593867531e-01 4.583643224255410376e-01 4.162604259510329641e-01 4.185756266014193372e-01 4.131751196350592625e-01 4.337927424627730510e-01 4.055005742417188697e-01 4.218868018975233669e-01 4.402631765440208622e-01 4.401475386028421699e-01 4.465940776645704324e-01 4.473111026663587619e-01 5.157231830769921643e-01 4.459700746365809487e-01 4.520996413225895627e-01 4.515595906259535219e-01 4.262320327098689798e-01 4.305159852969746015e-01 4.184628374581882415e-01 4.636169825922945020e-01 5.643454199492544676e-01 5.778610476323597922e-01 6.218455577234126563e-01 5.461915422363371464e-01 4.162237985488496661e-01 4.565949282064194481e-01 4.309383631967550476e-01 4.349105177554336010e-01 5.903268642024113166e-01 5.100905281472704056e-01 4.568157972554581225e-01 4.464802420241340553e-01 4.409771201929271189e-01 4.398120781098300291e-01 4.446033492865411607e-01 4.426587249242760480e-01 4.403963142440204814e-01 4.537313048817551708e-01 4.344355824404568245e-01 4.449571234806449782e-01 4.462205944397679702e-01 4.321935203169697814e-01 4.588898965775045635e-01 4.003922725505544844e-01 4.524679502000993891e-01 4.502072836818526436e-01 4.537216538519735498e-01 4.624940329523413718e-01 4.769849378919941429e-01 4.521481871651658047e-01 4.460246087687205208e-01 4.266409805621822482e-01 4.388715096772562996e-01 4.415515308811350792e-01 4.240557254941110243e-01 4.378490819077395790e-01 4.013715613797219639e-01 3.955507113692583454e-01 4.176238955319897528e-01 4.362706734285738408e-01 4.140935953488557586e-01 4.815272008725924868e-01 4.413099063041925341e-01 4.569081215644534844e-01 4.291751898221313199e-01 4.265453423453702819e-01 4.270835326025302914e-01 4.358350980362606375e-01 4.271887637103902735e-01
4.639647103581013843e-01 4.639150598795862002e-01 4.406891009065523890e-01 4.777869617223411969e-01 4.983179578369547613e-01 5.081192762450053024e-01 4.914965402208171241e-01 4.802291955056966488e-01 4.550650074310963467e-01 4.598676156608642041e-01 4.505204770398866798e-01 4.785418350397189213e-01 4.802513463632074875e-01 4.610369018715158584e-01 4.484137037495433686e-01 4.948947492011567251e-01 4.824270140528955642e-01 4.745304949745776102e-01 4.496711864191030861e-01 5.008197838222750997e-01 4.425786678880753722e-01 4.231485286946376490e-01 4.211974509329401983e-01 4.214523892798827109e-01 4.043165207927266191e-01 4.054529004801469272e-01 4.018677173324716190e-01 4.026631133471855195e-01 4.043885546836871181e-01 4.069631122247714394e-01 4.103928323987354188e-01 4.193975920173995120e-01 3.980065496162818461e-01 4.416773431006980610e-01 4.006370947578463682e-01 4.514533711596219745e-01 4.219974980463440106e-01 4.007375003508155120e-01 3.972777805903013881e-01 4.042867537611110063e-01 4.254564038645873847e-01 4.222766221064742087e-01 3.970240050180313673e-01 3.950679854639758681e-01 4.078457744786553874e-01 4.141252809586810080e-01 4.652453322436435612e-01 4.553050041234973921e-01 3.921358747111021725e-01 3.961893653581211039e-01 3.957207671651093439e-01 4.226092338015387528e-01 4.028785173552634769e-01 4.548860564090007608e-01 4.017934160308997971e-01 3.959306479934930345e-01 3.945314812300909635e-01 4.035647288282309675e-01 4.061158564596646925e-01 4.258918629794332666e-01 3.921161656804035278e-01 4.048973267416332567e-01 4.113645631925317292e-01 3.926765067950744315e-01 3.997235608364079207e-01 3.878256434163983579e-01 4.646350499567893921e-01 4.652257976291457875e-01 4.356483564238594619e-01 4.541457759137627059e-01 4.575424151482944679e-01 4.381117527062541317e-01 4.393659214679972447e-01 4.632044882772302086e-01 4.007558140519071332e-01 4.556023837459856063e-01 4.420476868338847343e-01 4.559382512101331497e-01 4.776964978528218109e-01 4.572407332595180285e-01 4.430798819106503417e-01 4.363120100681807112e-01 4.371626378798376122e-01 4.483138214051768378e-01 3.951342054815739080e-01 4.382407625561664521e-01 4.355652180347767133e-01 4.463940222821692339e-01 4.488627091893237497e-01 4.380946017798349468e-01 3.938449790634553360e-01 4.499439733572682121e-01 4.407926459911372663e-01 6.158852910297180072e-01 4.594168660590751130e-01 4.483351001816833215e-01 4.433193553544487742e-01 4.431217417988598251e-01 4.566048699298692060e-01 4.509200645560864085e-01
4.431980198173748886e-01 5.000305505133254558e-01 4.743514858137484191e-01 4.965067037296237440e-01 4.294007099698599061e-01 4.392830156338490277e-01 4.338780901237335175e-01 4.425243663108702763e-01 4.340647735974010879e-01 4.352380713806728307e-01 4.367722362835505523e-01 4.387893015079115666e-01 4.395941159974726120e-01 4.353580115881397483e-01 4.323031699685851992e-01 4.401805614035407821e-01 4.397099864935857805e-01 4.275300380767648178e-01 4.390611582263387325e-01 4.333568763767917664e-01 4.409443299471630384e-01 4.633600093896751426e-01 4.431886594812614044e-01 4.485071326944775616e-01 4.590533245577224641e-01 4.496007222739504261e-01 4.595123879984198134e-01 4.531788124961235731e-01 4.440015552547961764e-01 4.425486101627916224e-01 4.708486852516187149e-01 4.504307108351707778e-01 4.406803800965087836e-01 4.556362786276885735e-01 4.338383232299344860e-01 4.291247835400790467e-01 4.411641524989964869e-01 4.335007697425118933e-01 4.317225384358794327e-01 4.283139226222211216e-01 4.377733852765607891e-01 4.297835535307758525e-01 4.170514034219914290e-01 4.276756174657600496e-01 4.170782053781921794e-01 4.373089149336363279e-01 4.423436711267660360e-01 4.319794534997651869e-01 4.515206376744252958e-01 4.285351405036615380e-01 4.457306011927825162e-01 4.828999726509291546e-01 4.291855385167164250e-01 4.498056613099760681e-01 4.053363904579638799e-01 4.200588038349085118e-01 4.228231843412761370e-01 4.367583992649479718e-01 4.376918747720195402e-01 4.257370976705254217e-01 4.071864231006223078e-01 4.093658116692623361e-01 4.259772106403937331e-01 4.058501043082680670e-01 3.882247076839954736e-01 4.495092119072258141e-01 4.069304382564745692e-01 4.105937017234073116e-01 4.096395869658991384e-01 4.672666997342927453e-01 6.430975322737010336e-01 4.040459431264392109e-01 4.652696342342985125e-01 4.140301659904717102e-01 4.127619857939250902e-01 4.203655437935102657e-01 4.426917477249746047e-01 4.461419327331743179e-01 4.399089953787817531e-01 4.430101735690348264e-01 4.394162114725822521e-01 4.382583204537209842e-01 4.414946711996505235e-01 4.059056849376129206e-01 4.436405718577229873e-01 3.986780519896423458e-01 4.267742345396490777e-01 4.441266116708220135e-01 4.028354946923815016e-01 4.474173221326903094e-01 3.958450677775980919e-01 4.001468689559263825e-01 3.917922166566490394e-01 3.968090661198224178e-01 3.955494323171185878e-01 3.958433236155893820e-01 3.937098646465125307e-01 3.930947568447675233e-01 3.981671287985521501e-01 3.942247994102228148e-01
4.265995276451081120e-01 5.676950830870177711e-01 4.442319009174156008e-01 4.719792510656766193e-01 3.982906736075037535e-01 3.914223380333313185e-01 4.107460252055029626e-01 4.009452881847886951e-01 4.082271645712307051e-01 4.074941514176956825e-01 4.069809608159941083e-01 4.056091773961290059e-01 4.046731437847779778e-01 4.102053931215307037e-01 4.000889046385029402e-01 3.942161948776464198e-01 4.112738086293442064e-01 4.126009415017858339e-01 4.093365097475157310e-01 4.191460257170072090e-01 4.454925812173246569e-01 4.476937136723401767e-01 4.209328615562160647e-01 4.195194508030760105e-01 4.235689298774749090e-01 4.254979730591287312e-01 4.242707806697872952e-01 4.066374190390081855e-01 4.470177346164905807e-01 4.480594644455705988e-01 4.084316966361209444e-01 4.113017152214838990e-01 4.047678517818519839e-01 4.498882764504561482e-01 4.930157634691533786e-01 4.596716299898167546e-01 4.873005515376850894e-01 4.268457451820069637e-01 4.181622020666170281e-01 4.207884449418933248e-01 4.237749154107057215e-01 4.225471416340280117e-01 4.575245665570717990e-01 4.397971945940222227e-01 4.472386036655292552e-01 4.525203331990949041e-01 5.863086637667023204e-01 4.052780191694050904e-01 6.319702437678814677e-01 4.301265720591591069e-01 4.160824051486753938e-01 4.401441665562919603e-01 4.517911572019790989e-01 4.348805181688835120e-01 4.653529470395820766e-01 4.385582000417550530e-01 4.233368400528467190e-01 4.346555794084911439e-01 4.279050910473751190e-01 4.078182167189174367e-01 4.390029032152472088e-01 4.243050243838920044e-01 3.888666174419412314e-01 4.577472960455864492e-01 4.588907686585089185e-01 4.006577921470165782e-01 4.061615535042933933e-01 4.487103857072280988e-01 4.308719687629561368e-01 4.473197071989351570e-01 4.366117152400139090e-01 3.943872390319690946e-01 5.307280344218836543e-01 4.591764042568050597e-01 4.284503742300372897e-01 3.935760292817093720e-01 4.067071273806237008e-01 3.935848663692202987e-01 4.397493464162494092e-01 6.446887894129977870e-01 4.441602158588568439e-01 6.084423122124030803e-01 4.392845853796568667e-01 4.480387089176667281e-01 4.636600633939100824e-01 4.550232056816204684e-01 4.506888468124625735e-01 4.512054675994480180e-01 4.385348864095716670e-01 4.503980950056075128e-01 3.894523651832059175e-01 4.698763149317525256e-01 4.446404999373271272e-01 3.848481844512977590e-01 3.926688906209696572e-01 3.921109913331110031e-01 4.259081999635817017e-01 3.925351133949001592e-01 4.050545920160869562e-01 3.945622947589118024e-01
4.615105581343529328e-01 4.804547156534252350e-01 4.229169621186121275e-01 4.749958373985064264e-01 4.025261384907666828e-01 4.388499983458153397e-01 4.338625089431222270e-01 4.436909781397752606e-01 4.230380651007515369e-01 4.316306210980194735e-01 4.259819780165509107e-01 4.184442912021620886e-01 4.068898574204048435e-01 4.253644865267273700e-01 4.441158560051015614e-01 4.283814216919589191e-01 4.342020391474880614e-01 4.263224965793883658e-01 4.284925829506485151e-01 3.976282408765886012e-01 3.902059594484439398e-01 3.964660475914391080e-01 3.888708034307621908e-01 3.907999047511496737e-01 3.946113057113571077e-01 4.304854043230882388e-01 4.075193254893549888e-01 4.144161490430033346e-01 4.023963728373172732e-01 4.067020111720647813e-01 4.020773656059208334e-01 4.032976394859609792e-01 3.943056122499605798e-01 3.956504192974239498e-01 3.947143275473393165e-01 3.955157118516164916e-01 4.014895830089793005e-01 3.913786177056458593e-01 3.998766982607743214e-01 3.955543741094766363e-01 3.937400386492634907e-01 3.980772463163689823e-01 3.952918195884293495e-01 4.183049326576646632e-01 4.170071598457033013e-01 3.933780087549850757e-01 4.309517351054886203e-01 4.103096940096526701e-01 3.875808212091065297e-01 4.295696029910384683e-01 5.636767082351078484e-01 4.454817674128705440e-01 4.320507315871885412e-01 4.549960548930179205e-01 4.509516338884443920e-01 4.420017572343215573e-01 4.378161172457746275e-01 4.396884751621448206e-01 4.203074631986196130e-01 4.200784547268735514e-01 4.284215374181596370e-01 4.218987203379163664e-01 4.196738091408485083e-01 4.185603942532097888e-01 4.212512874002762864e-01 4.332380989439973962e-01 4.379274529206651501e-01 4.373551933656013024e-01 5.753813725045503480e-01 4.993155022284803124e-01 4.346082544793209435e-01 4.486106196403288338e-01 4.363000916277877117e-01 4.527459696242907561e-01 4.553028529903532795e-01 4.201972902984015823e-01 4.133580240910412762e-01 4.472808705248741412e-01 4.452364219569760473e-01 4.431629621609994851e-01 3.937438176669491030e-01 4.295726843439205411e-01 4.149314907778490213e-01 4.275123639017430754e-01 4.075694992164727304e-01 4.591959970100364385e-01 4.519134229587909446e-01 5.372885835402491095e-01 6.023243151343856683e-01 4.363698581081368322e-01 4.377123977449888792e-01 4.769241247766231595e-01 4.546469317976040703e-01 4.431137767923533088e-01 4.379886730071715362e-01 4.285035711713035544e-01 4.328638017769241841e-01 4.448821826530032775e-01 4.503779208650399157e-01 3.960158793769862351e-01
5.092018194650894669e-01 4.160943817278019985e-01 5.000390387684345850e-01 5.333838699125746929e-01 4.256730869248050997e-01 4.047729679904109035e-01 4.270188241920064853e-01 4.088816322956392857e-01 4.149868388522593432e-01 4.277516629293406369e-01 4.056679556558231980e-01 4.341816324519859327e-01 4.284551997449281280e-01 4.185867310995415869e-01 3.995852487891157212e-01 4.354383011792749003e-01 4.588197231260200404e-01 4.603808644012994389e-01 4.288981006176779687e-01 4.396913820988260224e-01 4.200606061356508825e-01 4.171787272486285891e-01 4.546518735899621189e-01 4.599095918265409533e-01 4.380541953599660920e-01 4.000419866804681424e-01 4.326033983890210100e-01 4.339814026533838631e-01 4.374074600871294960e-01 4.099465594794353684e-01 4.667359512350366391e-01 4.411421760576864637e-01 5.122514285986178306e-01 4.041232676421595005e-01 4.493150866756542849e-01 4.254948335675130533e-01 4.488546279053499677e-01 4.487942217611143314e-01 4.660552629417634707e-01 4.214644239977429208e-01 4.394275485256389779e-01 4.734489401129650110e-01 4.899569684157124017e-01 4.777944034802451001e-01 4.720297736251961584e-01 4.839797252117993831e-01 4.697574212214908895e-01 4.100381279848936411e-01 4.212419852028964073e-01 4.144867294656232048e-01 4.524466714235929055e-01 4.020611448992396642e-01 4.347971472248662872e-01 4.140697584680698151e-01 4.618066005659678397e-01 4.095140073012706883e-01 4.146014371870639370e-01 4.005699445205103126e-01 4.197890401108918534e-01 4.129529715338808860e-01 4.219848238024139220e-01 4.599213939894666869e-01 4.118472890978142065e-01 4.155056107723888448e-01 4.013214457913378275e-01 4.366143314830269739e-01 4.243558376370796248e-01 4.272175423835342656e-01 4.029683998374466447e-01 5.056795424271957051e-01 4.889186687719162538e-01 4.874334566827501769e-01 5.157791706774723650e-01 4.064100965905372287e-01 4.003005296288953407e-01 4.109666616996071054e-01 4.165773401880189519e-01 4.180183668396305618e-01 4.123271662051490316e-01 4.344218616993215099e-01 4.099746986265095372e-01 4.519813289996641448e-01 4.751389168219557479e-01 4.785400908777102114e-01 4.942656881033419269e-01 4.495193861856100481e-01 4.393164454056829871e-01 4.528308521753822147e-01 4.504581523174414071e-01 5.909394138998768087e-01 4.437760932458011953e-01 4.386651171728900844e-01 4.715410012916167459e-01 4.462709425830866383e-01 4.368414795152970598e-01 4.402130609556367258e-01 4.525625419197061294e-01 4.515783694369142065e-01 4.404886385530158988e-01 4.514429061875696036e-01
4.637840151739970884e-01 4.361234080163035043e-01 5.295017722522801229e-01 4.353403374131179504e-01 4.252850690165966285e-01 4.314538212090680003e-01 4.362596270691851963e-01 4.282172379082039293e-01 4.329469401660069328e-01 4.367936313375243018e-01 4.290505985159744351e-01 4.293623965444015034e-01 4.317949792979753343e-01 4.372015326926322887e-01 4.293912333562791561e-01 4.311478370540033911e-01 4.305644148620836331e-01 4.375526906437229857e-01 4.305397059002933347e-01 4.353112099075722163e-01 4.331565884394560917e-01 4.307665632388952837e-01 4.533137524968655629e-01 4.207803636579195428e-01 4.429819762832270524e-01 4.177227895178846628e-01 4.337191388260047131e-01 4.334588517155688048e-01 4.214379127352102516e-01 4.380877995480009224e-01 4.274392253748436898e-01 4.322132293476684262e-01 4.222064486549897411e-01 4.420543727882515483e-01 4.234132343488290484e-01 4.127823343506936138e-01 4.131815148957579398e-01 4.096084827434101072e-01 4.314351586755745815e-01 4.278803239468511599e-01 4.204736236993178444e-01 4.112993315334052546e-01 4.243024081408788839e-01 4.056717346735087548e-01 4.063708529453408103e-01 4.074807795089621099e-01 3.960658205491695005e-01 3.997237352526087917e-01 4.054398774038150965e-01 3.997332700049232024e-01 4.013401664635648514e-01 3.984110207861060182e-01 3.931368492879115384e-01 3.904508979332030894e-01 4.112653785129686823e-01 3.959088459683839378e-01 4.042040223431636048e-01 4.123134454640137170e-01 3.907803119979182949e-01 3.888756870843866342e-01 4.028429364502854604e-01 4.334499564893242729e-01 4.031693854395858034e-01 5.026079568523573737e-01 4.525219610836363482e-01 4.645370861906324977e-01 3.960613438666804598e-01 4.149425371372376103e-01 3.862027588060100158e-01 3.931553374052040306e-01 4.050852892674405847e-01 4.084146619871690254e-01 4.025538706667055044e-01 6.158897095734734428e-01 4.896683096032677929e-01 4.850849425379971103e-01 3.972426066564587188e-01 4.428794195571137959e-01 4.021296904661826876e-01 4.444659093202533717e-01 5.688169862297656199e-01 4.701810781734110378e-01 4.734910906948425757e-01 5.343253104261528330e-01 5.852396668715525996e-01 4.874550261529247974e-01 4.629565847170561965e-01 4.224916191434168189e-01 6.127992870489408217e-01 3.915498362761693496e-01 4.252813481376446214e-01 4.591115795688139878e-01 5.539073079918171993e-01 4.463268720448331783e-01 3.921699440090060107e-01 4.286845570490759316e-01 4.389672060328018710e-01 3.950025212499149174e-01 4.543270524852032755e-01 4.470351180978442418e-01
5.391514648430385526e-01 4.405428238527537288e-01 5.538970174359656440e-01 4.685891815080444056e-01 4.284915364534432891e-01 4.209578612116745000e-01 3.968006360034468938e-01 4.184817906853497416e-01 4.252088491368151701e-01 4.327997328924702569e-01 4.309029567079778467e-01 4.289649601613458874e-01 3.953010055083420182e-01 4.334804211857434253e-01 4.399637039271221961e-01 4.357665524693176140e-01 4.335202462182760619e-01 4.010257521921247181e-01 4.109028253700876543e-01 4.224047598753821742e-01 4.278509638863708942e-01 4.295721029565843230e-01 4.228412073486996769e-01 4.632165811338240236e-01 4.252603600548062746e-01 4.675515795290517973e-01 4.242270022033681753e-01 4.119423459272898991e-01 4.313496365984132441e-01 6.100798477836647526e-01 6.084123707645865409e-01 4.529559667301416570e-01 5.362781323498589936e-01 4.206145519896231089e-01 4.007279655985011013e-01 3.957180927833626183e-01 4.151044535103812771e-01 4.316242839760544014e-01 4.064983511881788969e-01 3.966691261879887187e-01 3.885483078753482755e-01 3.903940963904521388e-01 4.014005144690668825e-01 3.946563050911822690e-01 4.169108821028215117e-01 4.208468162304521143e-01 4.522551624350344968e-01 4.501069362276171049e-01 4.749045595867162906e-01 4.612920727733929027e-01 4.688085970887425069e-01 4.500051353050409930e-01 5.330080029996937530e-01 4.305476127680662457e-01 4.275359100888608821e-01 4.450344479963652677e-01 4.435087132098631257e-01 4.557811603518803212e-01 4.266765033284266595e-01 4.153872984494634268e-01 4.444671302336594687e-01 4.135122080126129029e-01 6.229189150235842076e-01 4.512952338041639200e-01 4.379129182372590856e-01 4.194250916384038019e-01 4.299855856301202373e-01 6.035962162098842398e-01 5.588228216422833627e-01 5.675780498162320553e-01 5.456063177436750733e-01 4.525329493042913875e-01 4.556849407477320812e-01 4.400503887789559698e-01 4.621608980086742147e-01 4.543902492886528477e-01 4.413254293460702193e-01 4.518601097400574695e-01 5.547322384832121811e-01 4.552248889485631111e-01 6.172606790510677399e-01 4.521993492507552226e-01 3.930684781371693859e-01 4.457503102234811054e-01 4.105491674534511026e-01 4.664901988080067952e-01 4.219740099979598091e-01 3.942722406168602256e-01 4.458990872428256758e-01 4.385844787493531904e-01 4.142181285162789828e-01 4.025293942598496266e-01 3.932271387412300534e-01 4.306959246775417527e-01 4.143991143940514155e-01 4.120096124420932204e-01 3.845870252598574401e-01 4.150238150868443832e-01 4.538222919998771698e-01 4.217342458604932398e-01
4.375616440087011227e-01 4.902258600587247050e-01 5.964983489153631302e-01 4.448457878057544557e-01 4.447285801187679244e-01 4.525137053834617507e-01 4.564763251898258933e-01 4.545820489708793932e-01 4.551479132652445636e-01 4.566275440359826576e-01 4.457639728258828149e-01 4.535283425626727705e-01 4.588615830142295238e-01 4.563772567877301123e-01 4.530461980447265669e-01 4.507844850292745398e-01 4.474951698970132119e-01 4.534003210712321263e-01 4.557608117951117976e-01 4.495132816185795077e-01 4.916378173435241861e-01 4.179442980929932161e-01 4.085821596787405641e-01 4.803442520595390675e-01 4.155374707984149651e-01 4.730708639282062422e-01 4.166694900808134427e-01 4.305326129747911734e-01 4.106582357177302467e-01 4.358706789412387095e-01 4.249239112033225130e-01 4.454985113681543263e-01 5.466484545438903275e-01 5.795721868403898025e-01 5.268597156414580596e-01 4.384382016955545303e-01 4.348637742135996742e-01 4.288403688551890025e-01 4.605578968451853883e-01 4.534016001233718285e-01 4.723219207616581872e-01 4.565861492576421821e-01 4.931258200919041990e-01 4.361986395376133419e-01 4.606195820415607267e-01 4.724673257344525479e-01 4.371204872979600475e-01 4.432094150091652751e-01 4.434128424381166278e-01 4.399093442111834951e-01 4.583283926881612236e-01 4.410883977290840363e-01 4.328072327891077653e-01 4.385847694430213273e-01 4.390288912291772649e-01 4.342390735208067065e-01 4.424870993826170995e-01 4.353363258404979175e-01 4.362894522395344699e-01 4.234509082482175724e-01 4.467244828440896653e-01 4.279596251795146911e-01 4.341340168291476509e-01 4.331432165307225191e-01 4.075639760367784636e-01 4.241042131979537166e-01 3.973561516032269592e-01 3.867449606357901137e-01 3.923957548504027337e-01 4.037113547144314252e-01 3.989167696299036892e-01 4.560058084186045524e-01 4.253296614252864427e-01 4.352057462447777580e-01 3.976821936213919551e-01 4.018019042860089263e-01 3.980831764671986517e-01 4.019307978584539809e-01 4.064549215541615190e-01 4.275267823076818741e-01 4.506730912156504121e-01 4.439234749355387422e-01 4.457346709041362098e-01 4.012166797933468532e-01 5.094462928399796642e-01 4.393149337986087533e-01 3.944170642023183126e-01 4.302618027535692335e-01 4.249622827675145764e-01 4.237621248893084225e-01 4.478861528806365455e-01 4.020562612456152207e-01 4.545592004485650151e-01 4.593773317202106132e-01 4.449609606370641957e-01 3.936965508765125632e-01 4.021905035815536711e-01 5.551855461892807320e-01 4.488310817182321055e-01 4.111973561946282718e-01
4.503174565820706188e-01 4.636627377756568080e-01 4.308753989482399516e-01 6.092503243323134088e-01 4.270792303362421216e-01 4.364996819003199025e-01 4.394337693701367842e-01 4.489236385821619990e-01 4.386261642213618028e-01 4.559500533730588279e-01 4.369489198950347597e-01 4.368889207219344706e-01 4.312353358481079146e-01 4.465213461088064495e-01 4.345583714458713387e-01 4.293926286858861241e-01 4.466690184922121332e-01 4.538742680277372821e-01 4.496307799992341758e-01 4.364084622272633718e-01 4.355459159752134712e-01 4.335023394883197323e-01 4.253146616320113704e-01 4.261313945619653598e-01 4.304888345083720536e-01 4.311165584153134889e-01 4.328222907211164427e-01 4.370250234973489523e-01 4.254233229251551673e-01 4.447234057714753441e-01 4.342975610868327618e-01 4.209455358001461533e-01 4.271610315344515074e-01 4.221814489995312503e-01 4.172983186236937647e-01 4.373693792166056249e-01 4.342002949854793514e-01 4.411692687075554065e-01 4.229295782238086110e-01 4.221209265778284037e-01 4.180215063312462398e-01 4.251345478352433482e-01 4.753570533505140916e-01 4.637338995856129520e-01 4.463150117431738395e-01 4.447455566289861828e-01 4.605776058758840330e-01 4.168225112277125777e-01 4.397403930512712722e-01 4.153317759588522340e-01 4.326424094792828967e-01 4.286776966785082466e-01 3.922455825014511954e-01 4.034228121794540822e-01 4.374151925387015361e-01 5.778349433409625258e-01 6.126414403871508485e-01 5.683246092947015216e-01 5.716693887788404371e-01 5.854686172045650006e-01 6.053750870425865793e-01 5.916630085785646864e-01 5.733076220149055935e-01 5.807746121292073349e-01 5.696380795647414397e-01 5.647453562978559383e-01 5.502844509447533117e-01 4.116924075114390957e-01 4.387437207407501316e-01 4.280180546068070857e-01 4.475818547488470411e-01 5.052800711884631868e-01 5.892615300474799422e-01 5.070652210043969932e-01 4.932953526391525845e-01 3.900699729504967239e-01 3.957064068979041505e-01 4.238803790735001797e-01 3.945672946900035116e-01 4.042237313738622495e-01 4.140195266022184128e-01 3.940743363676031397e-01 4.091385473595250399e-01 4.534239835358171988e-01 4.470576177877568780e-01 4.017421958065768295e-01 3.952644362448923254e-01 4.390561001565134180e-01 4.371935095473921118e-01 4.717668702717471296e-01 4.317539333520365452e-01 4.097004000812701219e-01 4.402277700552437167e-01 3.911601323446857736e-01 4.322385196967949983e-01 4.683929051433288193e-01 4.317091083884122549e-01 4.656449197598432899e-01 4.424614020623551802e-01 4.525854485807541128e-01
4.766443030516894219e-01 4.731035960352367176e-01 4.302740118876303144e-01 4.822100402990097123e-01 4.423793101704777131e-01 4.615557319303790207e-01 4.508419842368289743e-01 4.408970050179928934e-01 4.435848749509109235e-01 4.563387689460708385e-01 4.439075449225257097e-01 4.514038369585740562e-01 4.495869433940814508e-01 4.440806820712588365e-01 4.635611112692815672e-01 4.424360535744950029e-01 4.349867957739486646e-01 4.521207456828951754e-01 4.414494974036244912e-01 4.517265650689225032e-01 4.571939897176841017e-01 4.554463393849380037e-01 4.449850300727846153e-01 4.326097355109860820e-01 4.558879030668144816e-01 4.533934025619308361e-01 4.344894770465265177e-01 4.448715432647500356e-01 4.501646098513724104e-01 4.517097048361714551e-01 4.337792542765722126e-01 4.523476030214971244e-01 4.299641324374128826e-01 4.356014384658246641e-01 4.380712881476516163e-01 4.496074082283172402e-01 4.451013075400331864e-01 4.443109695951446558e-01 4.423840194079012855e-01 4.405995091180374135e-01 4.487254436392367762e-01 4.356418448856935188e-01 4.470651758231279915e-01 4.421242555460679347e-01 4.430813353789909703e-01 4.349699936799312772e-01 4.421984405701725462e-01 4.446854993171522885e-01 4.416542038847156015e-01 4.391774356935873036e-01 4.491890419011568270e-01 5.899107071471286767e-01 5.679421145661873727e-01 5.644661740989921350e-01 5.769718157015762960e-01 5.655213339755392754e-01 5.658583642143593107e-01 5.618661517925803706e-01 5.734002370175691476e-01 5.722192649214589144e-01 5.338774677610449437e-01 4.619734005927358944e-01 4.502519342292760629e-01 4.553108761355934564e-01 4.547603023281714396e-01 4.468900619574516786e-01 4.652556809382286662e-01 4.439732998302547973e-01 5.001772345382594631e-01 6.447286144455304235e-01 5.161891068882572542e-01 5.465167703122313370e-01 4.917954895891132328e-01 5.915193477677791467e-01 5.822605218831768958e-01 4.942870831573156765e-01 5.165727643914439504e-01 4.433765057296014667e-01 4.948278315187552012e-01 5.140760546146825316e-01 5.720017097802368999e-01 4.377207697226307981e-01 4.540417075805752711e-01 4.556909290372954113e-01 4.588576877190767012e-01 4.318617807029095923e-01 4.211111149135081666e-01 4.258405264776430332e-01 4.342979680579681090e-01 4.390494142021466595e-01 4.169512303839567613e-01 4.187218455164844477e-01 4.147614349819979673e-01 4.304226726295076189e-01 4.142078379604274829e-01 4.105155051266826671e-01 4.046976201916338001e-01 4.071621211099673565e-01 4.086284381107055386e-01 4.072338061685261135e-01
4.622485712189796647e-01 4.826624177853403030e-01 5.114945785642969200e-01 4.965287964484009775e-01 4.456906598827826138e-01 4.510328536993175041e-01 4.756498400130459991e-01 4.720100064557638531e-01 4.635041353103297457e-01 4.554768040813571561e-01 4.367885151289653267e-01 4.514265692034211686e-01 4.661522383494487998e-01 4.460922241159255841e-01 4.574361375432292598e-01 4.812940064120254657e-01 4.470630246899839344e-01 4.691501040100515829e-01 4.721962829582960763e-01 4.554075608496106486e-01 5.357023263320440654e-01 5.136146074859064825e-01 4.509048322078768045e-01 4.503562351173980294e-01 4.695963769293515777e-01 4.625922292734327979e-01 4.660767742732044860e-01 4.498463002847793990e-01 4.769984842169285866e-01 4.463918711490251212e-01 4.566794037863755595e-01 4.556989521825355327e-01 4.246478103573407825e-01 4.231679470316681568e-01 4.404585808277320935e-01 4.346366261813295884e-01 4.361035827081375937e-01 4.441168443635731267e-01 4.468550624398098248e-01 4.224451081565174237e-01 4.650370211610677096e-01 4.634566359649587297e-01 5.468057198183440271e-01 5.354491321471103182e-01 4.496683957598890946e-01 4.939464483170110110e-01 4.269919059583384136e-01 4.284878155744913375e-01 4.235961388048110621e-01 4.286036279318709008e-01 4.483881227067486597e-01 4.310856286090253842e-01 4.373765302808413913e-01 4.321900901316859667e-01 4.299332607698583830e-01 4.473156956263150685e-01 4.513595352435523789e-01 4.246814145453756129e-01 4.397804506387384404e-01 4.263190663941045511e-01 4.259423855389528057e-01 4.363279400811937436e-01 4.322756703475809092e-01 4.162012407202034248e-01 4.454799651121281734e-01 4.378641398397483120e-01 4.635718087962684142e-01 4.416318786110038364e-01 6.366086100751606747e-01 4.768788347031298058e-01 6.354215334120200120e-01 4.600588339557544759e-01 4.640070353561798200e-01 4.629031552208555111e-01 4.519520852166510894e-01 4.480000466598065278e-01 4.371889165874358052e-01 4.273064946459794733e-01 4.427923858728782802e-01 4.577515401731410138e-01 4.588373973010418383e-01 4.440992283272849894e-01 4.248765862741523680e-01 4.588080953792951777e-01 4.510943063407583664e-01 4.421985568476398121e-01 4.021336439000691154e-01 4.062967260599698593e-01 3.973992905435761447e-01 4.341933764761780612e-01 4.238193334031947201e-01 4.330087416398495370e-01 4.289157747926997111e-01 4.267821414074219888e-01 4.200101417148650040e-01 4.327335710136058222e-01 4.442074826492934392e-01 4.565141735054152883e-01 4.470257577617307576e-01 4.686798197937647181e-01
4.342369805263962546e-01 6.128298098840935237e-01 4.214769819642057991e-01 4.927119885859664872e-01 4.326657812501998879e-01 4.110556139620522575e-01 4.055184228329415386e-01 4.215693644119347661e-01 4.012642372774515298e-01 4.359998632073519009e-01 4.039628047373564623e-01 4.655544558903239039e-01 4.051523232273093744e-01 4.169041380097210925e-01 4.198302604730314580e-01 4.249377482219250934e-01 4.041130352250416058e-01 4.252408835790421615e-01 4.214286686765639778e-01 4.090290721241104932e-01 4.212734382577871250e-01 4.096406916018379696e-01 4.093120333406599087e-01 3.984372413549705505e-01 4.078806577188299198e-01 4.130886091994263598e-01 4.101679517770766559e-01 4.095472045181701159e-01 4.058376044805388494e-01 4.148435268738754900e-01 3.936984694547221442e-01 4.429184306473757382e-01 4.560148780610499553e-01 4.326870018879727664e-01 4.063028887657340049e-01 4.291577482020439982e-01 4.066820114476979997e-01 4.207264690518498496e-01 4.256301224006567296e-01 4.194007315090152455e-01 4.399660876152007849e-01 4.696173650121899801e-01 4.383040174983496295e-01 4.799369902305009594e-01 4.128694261736627902e-01 6.022638508514164268e-01 4.087896568190456659e-01 5.984958213864927101e-01 4.161864153431292790e-01 4.151041628167131403e-01 3.949997305907009260e-01 4.003298315506420013e-01 4.174351772026453355e-01 4.210413484331589906e-01 4.405821256366837524e-01 4.053305184458678156e-01 3.992968225316056441e-01 5.996396428318169214e-01 3.935349833357706384e-01 4.520649324986158457e-01 4.311002214311650538e-01 3.961559355862871445e-01 4.039622233500201887e-01 3.915609989130252044e-01 4.531264294971281137e-01 4.087386110109235693e-01 4.421037907118322008e-01 4.526578313041163537e-01 4.562668513325776054e-01 4.559236583879934246e-01 4.619069480202033229e-01 4.359064924011513131e-01 4.537574091731524928e-01 3.999689062923024174e-01 3.977843433763698089e-01 3.963689559062865131e-01 5.394890764691947505e-01 4.500521695405430012e-01 4.457734494394636204e-01 4.639581988199354412e-01 4.733978943048428589e-01 3.848878350676295246e-01 4.341117496941695464e-01 4.531250341675210902e-01 4.448241020581126248e-01 4.353605115536856029e-01 4.803332057001504785e-01 4.243711862627564391e-01 4.021196906039993246e-01 3.989174091559735680e-01 4.054660398339460237e-01 6.284554666266251033e-01 4.691357437428463339e-01 4.716923945539743812e-01 4.556922080894351135e-01 4.859583607332347843e-01 5.747034748704911156e-01 4.205849593742083670e-01 4.533496822342453769e-01 4.105106214730582237e-01
4.814031328150382150e-01 4.313828919540463325e-01 5.628416616040622378e-01 4.275533517089481483e-01 4.346334285509802497e-01 4.306452277018213981e-01 4.298888427773694398e-01 4.334837932322936349e-01 4.277387561304760166e-01 4.348851692675734237e-01 4.253690213479500715e-01 4.260565700117908694e-01 4.360037003637711184e-01 4.307179592575853810e-01 4.294858832146195016e-01 4.246486824383451375e-01 4.287355447184644230e-01 4.408192735311372012e-01 4.335615828578828768e-01 4.263463915989079700e-01 4.171204140988034048e-01 4.563115600187346854e-01 4.466491350453126175e-01 4.502985033549091187e-01 4.701920082553324165e-01 4.564142330223151522e-01 4.382254139304896379e-01 4.324321798184975196e-01 4.283175272237058073e-01 4.411603153425772694e-01 4.552497141878206754e-01 4.436299906082033506e-01 4.511801191115878407e-01 4.507451832453445162e-01 4.452851422157532157e-01 4.530764883249448483e-01 4.143870796761912056e-01 4.180869124065735853e-01 4.205765292578328429e-01 4.206617606413260435e-01 4.359689915397974014e-01 4.263673796817463169e-01 4.192931748518102797e-01 4.171561694199823478e-01 4.160731610900291200e-01 4.151670107877610261e-01 4.231689935288734383e-01 4.278784635073751841e-01 4.264172045764623720e-01 4.230647507794850770e-01 4.178701712076222652e-01 4.332920516888006945e-01 4.225960363090060512e-01 4.203211839397549276e-01 4.309205727442660394e-01 4.087109951124520135e-01 4.163649593940894622e-01 4.252531508518368475e-01 4.229994609816249973e-01 4.254629154027532723e-01 4.167191986980622320e-01 4.212062298817174644e-01 4.232549807159037281e-01 4.231813770791353901e-01 4.217903497384407063e-01 4.176038376688893661e-01 4.367364228236380042e-01 4.209555356623295719e-01 3.927529010910567608e-01 4.063519578569129154e-01 4.018126018129958288e-01 4.222442388318454753e-01 4.233281773815367188e-01 3.959473338100432116e-01 4.174413399084094811e-01 4.115399096131425738e-01 4.123446078252363534e-01 4.216323867991835228e-01 4.157520608642222282e-01 3.994169952940070378e-01 3.860289239924734050e-01 4.032279311443454639e-01 4.163167042451813016e-01 4.504557104906292131e-01 4.609252173642236494e-01 3.908453111021102377e-01 4.549634390634547110e-01 4.461156540255761249e-01 4.977622678209738249e-01 3.984183462665426556e-01 4.467986097294606718e-01 4.550014036565113718e-01 4.480867315116403571e-01 4.705032830351568718e-01 4.059425448947306947e-01 4.465994845667974888e-01 4.118710678398665448e-01 4.481214403356140741e-01 4.811807521589253622e-01 4.452603169764956514e-01
4.782759666108550856e-01 4.465559967940465058e-01 5.182114627373780591e-01 5.986892489532606998e-01 4.355077769659559395e-01 4.361664306791854795e-01 4.385305841432834972e-01 4.451494464114741367e-01 4.481148706587145258e-01 4.335726873560051264e-01 4.432017406963268402e-01 4.247868782081700711e-01 4.256035529993904554e-01 4.367993289334194951e-01 4.348525534380102142e-01 4.339537286161787022e-01 4.429620928363275367e-01 4.307326102184587113e-01 4.288694963607347921e-01 4.220247069736802192e-01 4.292371657121747952e-01 4.470977916526912566e-01 4.201908368989692999e-01 4.058310929423729063e-01 4.421780338746704175e-01 4.391092970977796273e-01 4.442299823392060198e-01 4.253841374186924096e-01 4.267581882491687795e-01 4.278273595605194268e-01 4.203721134704098139e-01 4.402813158289116680e-01 4.342957006473567860e-01 4.320010229699398074e-01 4.393223755565126565e-01 4.309659209564929427e-01 4.548215805534114309e-01 4.451359000865396376e-01 4.522012678289648036e-01 4.373457167520204969e-01 4.490959036498907708e-01 4.511286081935966807e-01 4.248075755973403367e-01 4.495124095375751527e-01 4.392863295416656322e-01 4.423521593818751652e-01 4.491737514142136733e-01 4.328853131083651995e-01 4.463720458408592662e-01 4.564909180119656185e-01 4.555622098810512277e-01 4.443841081220439859e-01 4.442542843298609712e-01 4.408868888783422646e-01 4.468602949258360102e-01 4.450744474450987753e-01 4.438743477056262265e-01 4.275434099854984460e-01 4.526240526998805969e-01 4.351113289413718888e-01 4.360268395797535779e-01 4.454867673439622533e-01 4.461921645990257201e-01 4.448089278486366815e-01 4.435411546232254643e-01 4.433567385601692168e-01 4.317906188929535038e-01 4.137622045671973670e-01 4.288615313542282759e-01 4.136175553979400954e-01 4.278048017318732410e-01 4.238392168500941803e-01 4.314835882406836132e-01 4.272456233918748292e-01 4.095213327817073257e-01 4.198363069013283932e-01 4.237073000635007136e-01 4.256947726724469305e-01 4.117006050728800881e-01 4.225994664942899215e-01 4.138784238957122774e-01 4.595967473009086590e-01 4.760486135869749780e-01 4.266664453275096913e-01 4.248389705134974492e-01 4.328753132461818365e-01 4.196456118550407344e-01 4.382601227544632994e-01 4.017162659313803785e-01 4.157476423204667371e-01 3.954437360993896533e-01 4.034508350490609851e-01 4.015706865423851468e-01 4.182181896670972288e-01 4.028629943133857916e-01 4.163188553783253587e-01 4.000708234923457951e-01 4.107034095137563345e-01 4.127596602445801066e-01 4.242779898727567223e-01
4.250001892218375765e-01 5.516122233432647626e-01 4.333457718786695723e-01 4.990700404951185498e-01 4.387115700210559299e-01 4.338031492960918167e-01 4.371022317356020315e-01 4.340840175182307248e-01 4.473540671905070765e-01 4.380618115340708663e-01 4.341215751401520384e-01 4.307297032817775095e-01 4.294719299185496553e-01 4.362518364788795511e-01 4.294498371997724218e-01 4.346043010454345157e-01 4.198747366042540619e-01 4.348505185823333674e-01 4.314365540051815495e-01 4.350477833055205745e-01 4.379468131189620528e-01 4.684116258155558432e-01 4.504793148164806804e-01 4.548776844313588974e-01 4.752612407175012543e-01 4.317266081472331263e-01 4.633342539306796182e-01 4.651176595846046036e-01 4.589493725020022397e-01 4.648826046845616067e-01 4.631785584020337576e-01 4.554756413066846643e-01 4.330091486109849397e-01 4.462998956724315014e-01 4.599674980052307349e-01 4.408452615450672574e-01 4.186621370370522954e-01 4.825591633944235626e-01 4.142603953756238688e-01 4.498588582512422773e-01 4.182489450571844625e-01 4.268778377629675602e-01 4.370600230149907506e-01 4.548841959695247850e-01 4.585101343694707454e-01 3.925062765830225064e-01 4.748078167339654376e-01 4.467854122369279146e-01 4.451171212755790085e-01 4.368905486064759702e-01 4.446827086579383526e-01 4.306534252632624460e-01 4.360555019754303596e-01 4.324581096936939151e-01 4.210323369294472484e-01 4.345495924970940171e-01 4.482615546836485887e-01 4.262162771130568184e-01 4.400812604465104694e-01 4.370739181723269917e-01 4.368936299593580430e-01 4.415010083216155956e-01 4.295462893588551379e-01 4.298814010194655366e-01 4.216620375533318699e-01 4.232802710650303002e-01 4.135340681764556603e-01 4.240962481914472004e-01 4.240799112072987653e-01 4.244178135271231000e-01 4.824879434457338134e-01 4.819759156187047311e-01 4.746806673235291485e-01 4.806916891316778129e-01 4.754967607274132591e-01 4.754029829500772686e-01 4.769718566769287071e-01 4.909921867066264767e-01 4.744624726562371997e-01 4.731176074700401690e-01 4.792653134409395888e-01 4.790754323369226242e-01 4.803402986256526397e-01 4.736858554524839837e-01 4.703792731163362606e-01 4.852861025563371400e-01 4.179486003592813859e-01 4.304462769553590862e-01 4.266515618117018294e-01 4.336936159219436648e-01 4.370524649796196370e-01 4.551140765222752016e-01 4.577739817243199894e-01 4.384691896405762401e-01 3.960366930436237110e-01 4.718783803628384677e-01 4.086625655473429819e-01 4.029496210264860157e-01 4.393172012092201317e-01 4.599219753768029051e-01
4.472087203564463764e-01 5.922402680647202988e-01 4.837626933191799261e-01 5.031699839903033267e-01 4.373204845416275854e-01 4.407080541337139445e-01 4.413440918795636381e-01 4.515621487302330372e-01 4.357297506509334450e-01 4.455035694379796407e-01 4.466233214475834323e-01 4.532352070677391209e-01 4.419407115640160977e-01 4.482921356575349514e-01 4.497686850753909726e-01 4.449000312442259464e-01 4.521419663206680539e-01 4.406535200015743725e-01 4.466500652650505776e-01 4.565433010109610779e-01 4.349419126715907136e-01 4.320079996179747028e-01 4.477875495884097723e-01 4.304345329311669577e-01 4.363792184442503719e-01 4.322485776977120220e-01 4.458241464151839750e-01 4.394903964966868637e-01 4.568079485264188166e-01 4.594833767703412897e-01 4.289694949825685888e-01 4.337789054441704706e-01 4.145846932317801548e-01 4.149485835655345456e-01 4.236266035012301590e-01 4.259106999291275564e-01 4.268494079222253101e-01 4.242358392908791020e-01 4.118456612132727068e-01 4.254136137566398856e-01 4.201126984409782605e-01 4.258876769906123627e-01 4.136658105468482560e-01 4.158037461984142036e-01 4.266098763396932170e-01 4.200090952176597781e-01 4.221537749623260893e-01 4.261331968627077305e-01 4.279429393629645140e-01 4.225319674245521240e-01 4.315766102144824590e-01 4.223404584359937153e-01 4.274652133887737460e-01 4.203378116175714996e-01 4.270774861742333561e-01 4.342798869118109639e-01 4.152470096852280412e-01 4.643015080419868879e-01 4.183403972851754693e-01 4.617353806172780906e-01 5.000422363987838681e-01 4.983795267558628894e-01 5.129915346776550145e-01 4.037459472609378763e-01 4.083583836930206878e-01 4.082397225376935279e-01 4.080933292064276019e-01 4.065417808221962193e-01 4.087043672968188601e-01 4.057552218949932454e-01 4.104772498399578695e-01 4.531274178555996790e-01 4.498368236711986490e-01 4.975287245280050619e-01 4.148555615917356998e-01 4.099959774030160209e-01 4.452685145379366438e-01 4.748967108576769847e-01 4.075332206466911744e-01 4.287186844857133750e-01 4.213813437473938328e-01 4.406107298936268735e-01 4.017691721789784509e-01 4.000414052931319242e-01 4.069566588253391570e-01 4.135246497016085154e-01 4.142451048886806597e-01 4.084696030904439445e-01 4.106669565277739076e-01 4.124965824749302068e-01 4.165365849357483552e-01 4.327696751671865072e-01 4.394039441997875661e-01 4.595593640951882164e-01 4.647478972387541485e-01 4.441655064836166900e-01 4.542176353885223339e-01 4.291780386200788611e-01 4.347501129893642235e-01 4.635157630570546083e-01
4.614742795645713769e-01 4.569891669591257255e-01 5.103726172828153551e-01 4.695920165243297473e-01 4.509302388344706425e-01 4.588783851082469667e-01 4.612844565992880730e-01 4.679654691737230587e-01 4.497634525893647872e-01 4.599252892846195095e-01 4.738317836738809019e-01 4.601692394109070383e-01 4.578977009494724637e-01 4.672839669381791960e-01 4.509295993084007637e-01 4.603510973696837705e-01 4.708186856650686258e-01 4.437774885754081633e-01 4.491368914570958437e-01 4.556993591536709354e-01 4.409355509983857724e-01 4.460617594195064317e-01 4.503011777366558444e-01 4.471141867755732968e-01 4.503347819246906747e-01 4.344054084377058089e-01 4.399164371366856563e-01 4.482603919089760969e-01 4.325479921758770829e-01 4.263697633698249057e-01 4.468811085924735416e-01 5.236867361151789080e-01 4.285357218909977561e-01 4.230633554498781090e-01 4.239228203490459368e-01 4.350312719051712684e-01 4.174708743850906179e-01 4.330067649229063509e-01 4.315768427694169906e-01 5.179285596595623042e-01 4.659231136002354723e-01 4.371303708826761447e-01 4.966673410506276531e-01 4.909421292569759454e-01 4.523759747235057693e-01 4.468452951325609379e-01 4.296178000012129683e-01 4.492309599280999710e-01 4.442582959024810596e-01 4.694410883718411198e-01 4.237132302143303830e-01 4.443289926025681957e-01 4.379885567297042703e-01 4.607926029128266432e-01 4.376696657757750408e-01 4.274945734492540117e-01 4.410292124982544970e-01 5.307464062617088807e-01 4.602522033837888604e-01 4.377486181760368300e-01 4.263706354508293161e-01 4.571706179467671660e-01 4.242408392219707558e-01 4.299855274913866321e-01 4.518616794858653640e-01 4.217929078427201661e-01 4.380916367044201398e-01 4.506420451318950415e-01 4.576430532961980879e-01 4.480763246783215914e-01 4.293387922185500361e-01 4.285054897495131354e-01 4.429583719573755851e-01 4.297302403120423775e-01 4.187816702733838103e-01 4.390344725476051924e-01 4.434482489268938288e-01 4.305816239272364232e-01 4.472290107744812393e-01 4.196552628848223554e-01 4.273498661412631905e-01 4.233748627846370405e-01 4.287911253478092766e-01 4.221927279138543709e-01 4.230783552431531258e-01 4.247827503580827724e-01 4.277071286593844279e-01 4.385248284086546988e-01 4.490760783417248603e-01 4.312751027419069461e-01 4.185402782513757969e-01 4.318466064934336490e-01 4.332751333173160413e-01 4.278996841451480626e-01 4.261983122443668837e-01 4.184442912021620886e-01 4.415968209546284329e-01 4.114371203320948411e-01 4.332344362037790497e-01 4.302561632964076455e-01
4.448564853327413582e-01 4.979389514324580324e-01 4.227788244875207990e-01 5.608797118991770692e-01 3.893522502839049104e-01 4.015660354436952351e-01 4.076679280924986881e-01 4.017713233121225636e-01 4.240151446580412986e-01 4.080719341524538524e-01 4.095334837770348013e-01 3.908593225369136892e-01 4.079934468620610710e-01 4.012485979581065787e-01 4.280749724270253020e-01 4.055077834446882967e-01 4.024457326221643205e-01 4.301451183151852597e-01 4.064235847767380672e-01 4.058583600084427201e-01 3.916373932090075338e-01 4.298139019497277391e-01 3.976777169389028588e-01 3.927916796263841159e-01 4.138847610176773495e-01 4.230682972422361576e-01 3.892399262505428226e-01 4.034821718264844925e-01 3.892207404684467908e-01 3.898266042115454688e-01 3.964426176817885117e-01 3.905995586750803938e-01 4.089712822228879219e-01 3.921002938061241005e-01 4.230817854284369961e-01 3.886122604823349924e-01 3.947576990426230337e-01 5.921993383962488311e-01 3.875337288348708609e-01 4.305837169216469307e-01 4.240876436588708054e-01 4.408169479817922176e-01 4.150936978446607695e-01 4.240675857957704187e-01 4.427882580227909259e-01 4.634771589379280687e-01 3.915498944149030103e-01 3.883506943197593264e-01 4.061062054298830715e-01 4.237049163754220693e-01 4.453956639483729885e-01 4.363609047431586951e-01 3.970570278187299795e-01 4.483894598976220225e-01 4.570995724142782879e-01 4.503131543157824490e-01 4.332888540584513559e-01 3.912143176444236037e-01 4.135519749064119344e-01 3.986599708434852007e-01 4.198806667550837313e-01 4.672822809149040912e-01 4.108061987948040672e-01 4.168179182677562711e-01 6.163009829751315838e-01 4.513183148814127743e-01 4.602009831594658928e-01 4.011512737180195631e-01 4.314432399595483636e-01 4.599090104392046796e-01 4.453952569772375858e-01 4.308380157425195645e-01 4.172338427681044348e-01 4.331880414943468649e-01 3.974191739904756604e-01 3.901794481859112707e-01 4.281538666885534306e-01 4.012401678417310547e-01 4.014191770025602457e-01 4.250423979424488019e-01 4.315051577108582337e-01 4.664367111730724491e-01 4.230171932953804004e-01 6.187502515452556473e-01 6.089749211511351623e-01 4.399439367576899462e-01 4.660055543245147369e-01 3.905308968306701045e-01 4.526752147854700148e-01 4.474840072601573571e-01 3.891671946947788396e-01 4.451527021805570805e-01 5.215371727168881533e-01 4.402674206715754823e-01 4.385560489086109404e-01 4.955371240689714907e-01 4.227874290200971941e-01 4.094487175034106086e-01 3.907108362112372557e-01 3.929487123459033393e-01
4.893207562536618371e-01 4.531529407596607828e-01 4.345568598387971049e-01 5.000587477991331742e-01 4.194139871402815523e-01 4.221496471122387906e-01 4.198121793268743129e-01 4.276244553801706871e-01 4.194168359382291489e-01 4.325561315985844701e-01 4.281247391830076965e-01 4.244093834107475760e-01 4.132104679851028584e-01 4.324553190344799791e-01 4.378000709552943293e-01 4.202214178728556626e-01 4.260951741309174090e-01 4.337208248492798179e-01 4.185264412327732164e-01 4.291297253324370953e-01 4.264045884712658885e-01 4.418673986209158411e-01 4.238271239935003654e-01 4.189243427256978403e-01 4.168593711848304073e-01 4.164057727850936641e-01 4.190592245877061695e-01 4.160736843386317885e-01 4.172332032420345560e-01 4.195652641251719772e-01 4.167721630843939651e-01 4.240826437277790961e-01 4.289057167917827429e-01 4.205262392532478355e-01 4.417237378101302459e-01 4.396239411678218301e-01 4.312796375631296475e-01 4.300769797193776389e-01 4.884872212296904048e-01 4.093533699802667791e-01 4.033277553499783896e-01 4.154402046970614992e-01 4.104496920802199189e-01 4.065891057513664197e-01 4.089577940366870834e-01 3.918783782598802001e-01 3.925810429944633362e-01 3.949246734855920149e-01 3.925922056313191910e-01 3.925112765141142157e-01 3.972877223137511460e-01 3.939144548501363752e-01 3.921436071626742126e-01 4.116845587823997898e-01 3.976101597304314561e-01 4.121570522705643724e-01 4.179682512512464254e-01 4.100965574121860358e-01 4.430508125438382128e-01 4.151022442385035593e-01 3.885774935196276703e-01 4.022909091745228150e-01 3.928811551374319366e-01 4.216545957954279666e-01 3.944831679424491422e-01 4.014098166664467615e-01 4.164537372403337434e-01 3.894388769970051345e-01 3.880252336889305487e-01 4.013972005612502780e-01 3.959490779720519216e-01 3.861576140793507861e-01 3.944684588428422067e-01 4.887701824462398204e-01 4.250565837934531799e-01 3.935706223794823155e-01 3.934413218359019138e-01 3.933181258593520524e-01 4.445944540602966844e-01 4.031735714284067629e-01 4.315592267331287979e-01 4.172752375464449104e-01 5.175921689468121478e-01 3.924775560486121195e-01 5.916314392462067584e-01 4.391559825008799489e-01 4.347815660442549413e-01 4.499464151840804615e-01 4.407284026904824126e-01 4.455765916874117605e-01 4.648974882003694131e-01 4.461635022033489384e-01 4.493001450211128733e-01 4.267822576848892546e-01 3.951621702124472058e-01 4.760657063746605577e-01 4.467604125814694793e-01 4.420828607677274591e-01 4.312148710138721808e-01 4.397798692514021668e-01
5.223516963749644804e-01 4.033616502316813013e-01 5.128977569003190240e-01 4.454411284380671576e-01 4.188398090070081237e-01 4.118322893045391342e-01 4.294609998366282766e-01 3.858669785499629357e-01 4.258593634273373230e-01 4.214651216625464047e-01 4.107763736244547936e-01 4.180072042027747070e-01 4.140376658871092186e-01 4.032518261638650681e-01 4.108638724185593727e-01 4.127773925583355652e-01 4.170973330215546060e-01 4.045465176229443016e-01 3.923634878532412662e-01 4.302169777899448877e-01 4.270064406417444780e-01 4.235764297741124174e-01 4.177976140680591532e-01 4.156821781064057864e-01 4.174373864745230533e-01 4.503440841220705537e-01 4.552045403917946431e-01 4.412693254681228083e-01 4.504196063370485281e-01 4.636586680643031144e-01 4.384146555084366681e-01 4.396374874927563292e-01 4.410187475262021262e-01 3.879670368165726302e-01 4.131637244432689315e-01 4.575838680653686041e-01 3.950369975189541027e-01 4.492530526468772045e-01 4.573448015927055188e-01 4.239652034858580332e-01 4.450460176043565252e-01 4.043187882033379976e-01 4.587130966885530903e-01 4.315317852508581686e-01 4.547064658608353516e-01 4.446602671067593771e-01 3.932906262383477625e-01 4.406650314708319693e-01 5.800528778899953775e-01 4.500348441979230008e-01 6.407941337862403941e-01 5.113484759266990753e-01 4.635102398773602861e-01 4.736107983473750171e-01 6.386561981346744465e-01 4.716779761480355826e-01 4.903137076852310261e-01 4.791473499504159128e-01 3.939743377457693985e-01 4.745548551039661667e-01 4.248404821205716830e-01 4.450159017403391148e-01 4.264981918324010080e-01 4.613996875693314181e-01 5.762763020312289264e-01 4.676489619078724735e-01 4.363532885690539209e-01 4.325958984923835016e-01 4.276626525281618241e-01 4.408297966419231773e-01 4.532331722120622741e-01 3.968297635089926279e-01 4.409324115067700389e-01 4.417440863668987139e-01 3.978469006537495578e-01 5.914083027865567610e-01 4.211351843492285862e-01 4.284898504301681843e-01 4.232739920817988888e-01 4.767329646204664928e-01 4.188314951680998099e-01 4.500984479725079757e-01 4.348947621586214396e-01 4.453142115825653446e-01 4.397718461061620454e-01 4.544655970874299511e-01 4.457293802793763637e-01 5.291573002555562955e-01 4.569144586864185564e-01 4.448907871855796725e-01 4.430448242542749382e-01 4.464905907187191603e-01 4.028690988804163875e-01 4.028975287211586376e-01 4.654455620422455753e-01 4.305955772233062695e-01 4.164258306481940508e-01 4.417817602662872933e-01 4.440521940917829258e-01 4.507152417975280323e-01
5.939782092289510596e-01 5.103413967828591691e-01 4.403928259200030615e-01 5.450940573617114593e-01 4.200751408190569469e-01 4.281622968049289546e-01 4.451056679450550169e-01 4.286781036496436492e-01 4.448913685729158907e-01 4.294407094185934137e-01 4.327698495833873782e-01 4.262230212061572376e-01 4.295060573551870986e-01 4.228641721484812654e-01 4.224887122067356171e-01 4.624858935296339846e-01 4.169018124603761088e-01 4.229989377330223843e-01 4.259013977317476773e-01 4.245908925371226217e-01 4.460797824269299716e-01 4.475506923876244603e-01 4.477933053230385707e-01 4.487521874567039770e-01 4.275493401363281154e-01 4.334301893198920230e-01 4.341580281261344654e-01 4.391995865510981978e-01 4.379559990388746660e-01 4.516342407599271414e-01 4.475066813662708642e-01 4.382869828493977105e-01 4.390187750895266361e-01 4.307703422565808404e-01 4.284349674656268703e-01 4.256889587990845270e-01 4.467894238095480031e-01 4.321967179473191201e-01 4.546635594754206422e-01 4.378748955054687642e-01 4.385348864095716670e-01 4.438213251805608883e-01 4.353531860732489656e-01 4.491380542317683355e-01 4.155042154427818768e-01 4.437420239478973572e-01 5.170267116235823801e-01 4.586428650983349620e-01 4.395588257861626214e-01 4.482938216808100562e-01 4.588169906055397096e-01 4.205101929627674817e-01 6.229976348689115762e-01 4.701976477124939491e-01 4.491892163173576979e-01 4.234626522724097009e-01 4.346095916701943063e-01 4.450084599824352116e-01 4.297982044916491828e-01 4.112843898788638430e-01 4.428556408150614576e-01 4.150296289602067867e-01 4.329652538670986095e-01 4.262746484016156079e-01 4.821612037627653335e-01 4.550159383399174362e-01 4.470585480074948381e-01 4.093691255770789406e-01 4.700398591894376366e-01 4.110836368316591605e-01 4.470118626043945165e-01 3.969849357890358754e-01 4.135383704427438301e-01 3.925052300858172805e-01 4.065916057169122189e-01 4.254021022873822888e-01 4.096545286204405500e-01 6.302127679891528222e-01 4.356221358549948741e-01 3.892503912225951934e-01 4.089263991205299709e-01 3.990773488121739931e-01 4.384421551294409580e-01 4.416505992832308602e-01 4.607560917881105556e-01 4.014805715052675028e-01 6.340818425731155061e-01 4.597854656302530763e-01 4.511946537949939051e-01 6.819407760116245054e-01 6.287159281532619381e-01 4.417158309423573348e-01 5.938015837562005128e-01 4.419448394141033964e-01 4.463373370168855492e-01 4.585075762651912301e-01 4.560554588971196810e-01 4.247388556141964422e-01 4.580031646122669220e-01 4.352255715529436131e-01
4.283593289731816856e-01 5.474735013127526306e-01 4.255417515255478511e-01 5.645211733410007149e-01 4.258106431685601545e-01 4.271266715428795324e-01 4.367713060638125366e-01 4.185549873509827323e-01 4.168225693664461828e-01 4.258896537075555488e-01 4.363720092412809448e-01 4.292256542429171984e-01 4.192436406507624169e-01 4.257106445467264133e-01 4.039723394896708175e-01 4.202078134091876138e-01 4.219867423806235585e-01 4.300831424251417845e-01 4.230303907879131020e-01 4.248701328747200856e-01 4.367040976877428760e-01 4.614056758588947482e-01 4.509405875290557475e-01 4.408853772712680308e-01 4.083287329388723408e-01 4.136968566306036266e-01 4.034678115592792991e-01 4.141385365899473703e-01 4.041219304512861377e-01 4.191336421667452572e-01 4.255287865879496256e-01 4.128789609259771454e-01 4.212404735958221735e-01 4.055509223850374823e-01 4.037155407032523846e-01 5.521861689216037705e-01 4.189647491455666950e-01 4.012639465837833930e-01 3.929513867276500649e-01 3.955934433384721838e-01 4.233132938657289124e-01 3.907907769699706657e-01 3.899845671508026523e-01 3.943354955590434585e-01 3.918316347180462733e-01 4.046143073863502360e-01 3.939360824590446009e-01 3.943704950766853123e-01 4.147112612548802257e-01 4.452150269030022978e-01 4.268985351521378258e-01 4.275691073057603653e-01 4.397171375578216024e-01 4.457606589180662660e-01 4.286822314997309480e-01 3.851268434015589492e-01 4.217047113838121031e-01 4.382169256753804532e-01 4.326017705044795658e-01 4.192250943947362640e-01 4.244990914767298729e-01 4.115831066922254200e-01 4.474723213746988892e-01 4.815498168399723333e-01 4.889771563379422536e-01 3.994963546654042297e-01 4.094447059307905201e-01 4.361539308514562618e-01 4.271874846582505159e-01 4.172176220614232656e-01 4.290475753018259675e-01 4.255864602117049311e-01 4.357352738306277673e-01 4.450986331582865163e-01 4.500419371234251620e-01 4.317912002802897220e-01 4.355660901157810683e-01 4.382850061324545243e-01 4.410171777803942872e-01 4.354461499083142062e-01 4.634219852797186179e-01 4.420807096345833465e-01 4.457950189096381854e-01 4.643739489040827340e-01 6.112442503406919636e-01 4.635111119583646966e-01 4.626285659819480145e-01 4.543260641267316546e-01 4.294739647742265021e-01 5.141379723659923462e-01 4.028796219912023635e-01 4.236309639062519894e-01 4.372916477297499327e-01 4.189192265171388652e-01 4.420928606299108221e-01 4.237752061043738583e-01 4.170164039043495752e-01 4.014796412855295427e-01 3.907654866208440936e-01 4.413110690788650259e-01
4.780177724948296292e-01 5.696633117751344066e-01 4.636197732515084935e-01 4.656078853865245892e-01 4.467687264203777930e-01 4.565996374438430205e-01 4.478054563183660464e-01 4.484413196480148689e-01 4.444221308538343074e-01 4.428801753606509406e-01 4.516065667227219804e-01 4.417365864702612055e-01 4.565673704466815530e-01 4.505595462688821717e-01 4.473494160918171647e-01 4.427476190479875395e-01 4.629182712915977937e-01 4.357227740028985497e-01 4.456486255783722594e-01 4.587079223412605655e-01 4.379494293619751177e-01 4.426418065527913392e-01 4.361485820879628106e-01 4.376564682832423392e-01 4.449079962507324626e-01 4.340687270312875712e-01 4.409459578317045381e-01 4.400440516569909533e-01 4.332419361004165581e-01 4.433895869446669580e-01 4.350302254079660425e-01 4.364686358165645319e-01 4.438923125743161613e-01 4.457543799348348545e-01 4.485550971497176409e-01 4.421207090833168540e-01 4.767180811046586864e-01 4.868170698288655229e-01 4.403204431966408205e-01 4.547001868776039402e-01 4.356778909005405986e-01 4.382595413671270812e-01 4.270806838045826948e-01 4.215026211457341132e-01 4.247199023870348866e-01 4.240395629261635158e-01 4.250568163483876560e-01 4.395486515077783873e-01 4.301275022788971225e-01 4.324504935195891409e-01 4.252857085426664518e-01 4.391929005967313837e-01 4.260313959401315631e-01 4.326442699187588725e-01 4.304469164814289650e-01 4.316453301976264090e-01 4.370358373018030651e-01 4.183346996892802760e-01 4.022395145339989764e-01 4.233913741849862911e-01 4.009180211187188814e-01 4.023721289853959826e-01 4.046416907298872601e-01 3.925388924125857160e-01 3.977625994899943174e-01 3.849111486998128551e-01 3.948858368115309436e-01 3.909112404260401963e-01 4.422287889891244328e-01 4.454623490758400361e-01 4.070376460812777930e-01 4.061191703674812969e-01 4.011333088493296284e-01 4.744526472102547077e-01 5.270430270685754204e-01 4.508958207041650623e-01 4.443234694228738735e-01 4.166850712614247887e-01 4.594725629658871768e-01 4.622397341314687380e-01 4.000703583824767873e-01 4.161391485526926837e-01 4.396421385914462410e-01 4.469047710570586140e-01 6.373391814018835033e-01 4.724756395733608061e-01 3.866695837676462633e-01 4.335629200487562396e-01 4.518224939794025508e-01 6.017169979229464172e-01 5.532399334685439429e-01 4.313787641039590337e-01 4.464478006107717167e-01 4.353598138888821190e-01 4.481528933905047918e-01 4.491761351022922621e-01 4.361338148496222700e-01 4.507497180665672176e-01 4.359091086441643781e-01 4.418059459794749788e-01
6.067725096439798849e-01 4.606078961561022589e-01 5.435209395073055116e-01 4.269939408140152604e-01 4.353996389214147555e-01 4.430699401872005838e-01 4.451470045846618873e-01 4.381358221419746068e-01 4.272487628834905071e-01 4.418293758891255751e-01 4.354668472974844162e-01 4.320128251328654856e-01 4.393559216058138817e-01 4.447321265815190050e-01 4.332097853807223564e-01 4.455844404164510109e-01 4.318564900781498017e-01 4.544640854803557173e-01 4.376532125141593954e-01 4.413806611430133309e-01 5.035974780986427479e-01 5.351969844593817971e-01 5.086621176008552236e-01 4.861016727116186376e-01 5.056847749132218350e-01 4.807450023504112879e-01 4.607916145543550224e-01 4.855979587234978134e-01 4.859397563384750263e-01 4.369801403949910013e-01 4.394014442342417115e-01 4.227761501057741289e-01 4.296009397684619757e-01 4.563821404413545557e-01 4.302652329388530483e-01 4.568813777469863391e-01 4.508203566279207486e-01 4.639542453860490134e-01 4.640770343914634721e-01 4.216826186650348696e-01 4.277829997067640888e-01 4.665598490108887053e-01 4.512714550621115817e-01 4.355432997322003508e-01 4.142822555394665707e-01 4.350180162739049061e-01 4.283452012609109683e-01 4.273626566626604895e-01 4.163953078130412933e-01 4.295277431028289850e-01 4.151427087971060748e-01 4.208606532490546948e-01 4.265777256199990153e-01 4.273099248312632881e-01 4.313314973135224939e-01 4.159719996935228870e-01 4.090681994918396458e-01 4.097634806072524838e-01 4.082584432099205518e-01 4.055027835135965875e-01 4.062090528496644093e-01 4.072620034543338874e-01 4.170686706258778242e-01 4.034535675695413159e-01 4.093884857753758433e-01 3.945299696230167297e-01 4.242900245906169321e-01 4.023061415227323634e-01 4.130312844080727963e-01 4.192725937401072800e-01 4.184651630075332251e-01 4.108078848180791720e-01 3.987994456654498920e-01 4.038300740084921903e-01 4.113466564625754551e-01 4.498938577688840756e-01 4.373702512976099799e-01 4.297452982440510549e-01 4.278189294441439028e-01 4.326302584839554211e-01 4.127286722995583967e-01 4.131327364982471662e-01 4.200581061701050278e-01 4.081102475779122551e-01 4.187139386487115367e-01 4.295125688933530417e-01 4.182254570088002610e-01 4.377854781331546041e-01 4.394034209511848976e-01 4.393383637082593496e-01 3.920248297298797868e-01 4.161772875619502154e-01 4.127885551951914200e-01 4.160980444680203449e-01 5.061266292887663942e-01 3.935259136933252910e-01 4.400298658059866308e-01 4.611642838368866792e-01 4.292483283490306500e-01 4.050718592199733514e-01
4.978059300099256790e-01 4.141581293431787492e-01 6.211631252681307780e-01 4.272338212289490955e-01 4.276693966212622433e-01 4.289831575849702983e-01 4.268710936698671410e-01 4.269103954537971646e-01 4.265565049822261368e-01 4.255442514910936502e-01 4.329596144099370214e-01 4.316725391249625621e-01 4.167746630499398197e-01 4.396528361184331435e-01 4.374268784241600039e-01 4.303700570755776278e-01 4.249211786828421822e-01 4.249755383987808832e-01 4.312121384933918500e-01 4.311229536760121661e-01 4.414589740172052412e-01 4.252530345743696372e-01 4.591486720808662936e-01 4.217431992254713768e-01 4.373200194317585776e-01 4.422765208894299804e-01 4.159639184095491049e-01 4.213958202920662921e-01 4.097601666994358793e-01 4.002239027779785352e-01 4.053727271664790410e-01 4.089047715116217452e-01 4.340248904261348462e-01 4.102866129324038158e-01 4.139056909617820912e-01 4.290615285978958138e-01 4.262492417750217699e-01 4.169180913057908833e-01 4.286026395733993355e-01 4.017669047683671280e-01 4.353161516999302649e-01 4.249685617507459878e-01 4.324099708222530203e-01 4.386529661775626088e-01 3.955994897667691190e-01 4.074171757343771350e-01 4.465629734420814012e-01 6.025414633044724466e-01 4.247229837399170149e-01 3.960929713377720485e-01 4.136803452302543205e-01 4.109502084379914599e-01 4.693759148514483059e-01 3.896871875283144382e-01 3.986801449840528533e-01 4.592826237231366071e-01 3.905357223455609428e-01 4.219070923155582853e-01 4.528334102796616745e-01 4.186094633443886992e-01 4.218099424916720852e-01 4.309319679360563704e-01 4.093763347800483676e-01 4.066188727829820326e-01 4.275323636261098015e-01 4.357784127709770083e-01 4.334423403152194987e-01 4.006908149477151904e-01 4.347047647771372647e-01 4.205277508603220138e-01 4.656054435597123953e-01 4.428368038653672234e-01 4.616364866313831805e-01 4.473858109390659310e-01 4.376111200710153804e-01 4.491204381954801983e-01 4.544674575269059269e-01 4.578824686012629153e-01 4.331057170475348661e-01 5.694044199943054663e-01 4.369379898131133810e-01 4.420799538310462573e-01 4.146989358433518791e-01 4.294729764157548813e-01 4.663538634776578373e-01 4.276472457637514046e-01 3.949688007844128212e-01 4.538294430641129917e-01 4.402312583792611367e-01 4.543966445493515249e-01 4.512667458246880092e-01 4.443539922580266310e-01 4.516102876016739320e-01 3.955568740750224910e-01 3.935181812417532510e-01 4.690123152113619964e-01 4.570837005399988606e-01 4.437599888165872919e-01 4.441406231056254650e-01 4.569680625988201128e-01
