9.271151444750447279e-01 9.382987505456636956e-01 7.813208678222957060e-01 8.919214344940480377e-01 9.128497647241345936e-01 9.239305046609178618e-01 9.266296163233401773e-01 9.306929721439911596e-01 9.022805804631520710e-01 8.852758038011266928e-01 8.948406318381654234e-01 9.230695868877830668e-01 9.187929393347414875e-01 9.188774330986270167e-01 9.228634718624043609e-01 9.151898496571135855e-01 9.173563539698340596e-01 8.565006535031981505e-01 8.545194039208088288e-01 7.907772318940294864e-01 9.309224353895149129e-01 9.242579538795092642e-01 9.437465409936032223e-01 9.210376219091770400e-01 9.204660689627578440e-01 9.051849459461117631e-01 9.076950709905567960e-01 9.079682643041391277e-01 9.320830524474622569e-01 9.260258160400812733e-01 9.353334308978171752e-01 9.153112795397532198e-01 8.502524209998766347e-01 8.696531652201461293e-01 9.373041546432558935e-01 8.726020262865789023e-01 9.216879272538723855e-01 9.224029186511008005e-01 9.093638945943660623e-01 9.125603998974191056e-01 8.132237705701043096e-01 8.690504175205822079e-01 8.803721991235349265e-01 9.110115708348470731e-01 8.790484315928527304e-01 8.916136016079554416e-01 8.630015060933349247e-01 8.435712895296035851e-01 9.405247736818685977e-01 9.626650105026801629e-01 9.584460636740134154e-01 9.407162482249432633e-01 9.236388432879585331e-01 9.137768995806315742e-01 9.240344233784486550e-01 5.528383432340514547e-01 9.407306016389668235e-01 9.044108184831062269e-01 9.045612422620734616e-01 9.271433728559578258e-01 9.219772920805879846e-01 9.223589972041885687e-01 9.107400042415207952e-01 9.227617540016904707e-01 9.150568413538283652e-01 8.380019735095977085e-01 8.231784373320236714e-01 8.331234394618337591e-01 8.190347980822674234e-01 9.287173682377845019e-01 9.236098493916309327e-01 9.067394206848663485e-01 9.303638005157168767e-01 9.452214978186670447e-01 9.514846578725731918e-01 9.446687956893321525e-01 9.315339865163466682e-01 9.593076512731359973e-01 7.474486288257372602e-01 9.417735207019207744e-01 9.380013478070949873e-01 9.280252466135671119e-01 9.351240624319264727e-01 9.302204577543347064e-01 9.165323723154532587e-01 9.419073902100474349e-01 9.220932676658986082e-01 9.182306682627241479e-01 9.152294650798187270e-01 9.235067918789415797e-01 9.323661017720074051e-01 9.414871222474368029e-01 9.299804686718602387e-01 9.520901805655149763e-01 8.746379145316846015e-01 9.310661609086045010e-01 9.459102703129457224e-01 9.268477882164987136e-01 9.327341233075722160e-01 9.399076725682811162e-01
9.047969253203407280e-01 9.627834740130881697e-01 9.103949481683937250e-01 6.439304672356440662e-01 9.410449414060834128e-01 9.628595471074131718e-01 9.387382520830659383e-01 9.527032627231758477e-01 8.956404997569865634e-01 9.284277163427885338e-01 8.428487386676561943e-01 9.364404618767431243e-01 7.585608505839456228e-01 7.022533642636775708e-01 7.683955228046277508e-01 7.024601969597574769e-01 9.401084289857577492e-01 9.219741343295028146e-01 9.238368247120571919e-01 9.380373270315807144e-01 9.138407244283232034e-01 8.114605971914468086e-01 8.949967969827420378e-01 9.218896405656172854e-01 9.188470995503238425e-01 9.065201005185858918e-01 9.157191078768767145e-01 9.186516060513225668e-01 9.330163114272759239e-01 9.585321841581549984e-01 9.473698211402910019e-01 9.422070894948599840e-01 9.418124662986381290e-01 9.050401678433271924e-01 9.077095200940072939e-01 9.337446036548328054e-01 9.326215925416273533e-01 9.289389849503086882e-01 9.229712181570079998e-01 9.191944521696947534e-01 9.524602115790430368e-01 9.607823210299194505e-01 9.229140915691941283e-01 9.252619273457458604e-01 9.374932369506598917e-01 9.261260985593927630e-01 9.262085828453149317e-01 9.419989649915179175e-01 9.419339918707044790e-01 9.269188854606289496e-01 9.258795069064674754e-01 9.499752528538526475e-01 9.258464940542132648e-01 9.033291452022885748e-01 8.471769628217558079e-01 9.288246360852541184e-01 9.549306255113562125e-01 9.503455709356611880e-01 9.309006182001990926e-01 9.511504147046772051e-01 8.924620797556032104e-01 8.711441021794895656e-01 8.801417789837429062e-01 8.667586557481492537e-01 7.807267800158593785e-01 7.799941817640954067e-01 7.868793230923569748e-01 7.777529918537389175e-01 9.179480973853131331e-01 9.369048426651196415e-01 6.521375579954781232e-01 7.110922444641165630e-01 7.166874923187916968e-01 6.437787516494146711e-01 9.492723183244041740e-01 9.529104303322496472e-01 9.104076748621613424e-01 9.417000312221199820e-01 9.503248063300404613e-01 7.724456734843769823e-01 8.069190813049567090e-01 9.294137001967821554e-01 9.529701405345877285e-01 9.371789928729702401e-01 9.350634910247469511e-01 9.419978167183959972e-01 9.373964949401409896e-01 9.438496941957194020e-01 9.458493161480588940e-01 9.359468958131853533e-01 9.305979525431550270e-01 9.339215334050302575e-01 9.410975705908365407e-01 9.461229879087752481e-01 9.487530118050306882e-01 9.331696058890478485e-01 9.418899747343654205e-01 9.542397478496875696e-01 9.388447544151210522e-01 9.436476938156940220e-01
8.810157105189257987e-01 7.534733308279981667e-01 9.299562592468737510e-01 5.443315531894049597e-01 8.149967042702979114e-01 8.206244865300932334e-01 8.198841374347565214e-01 9.101812736782959323e-01 9.189751320034142967e-01 9.238139549390462779e-01 9.435828163843074101e-01 9.285556531064520502e-01 9.110975956295618294e-01 9.164519931969211664e-01 8.991767982146914306e-01 9.248537162509150589e-01 9.376089254676900353e-01 9.213871753853648539e-01 9.348473286095516643e-01 9.151345411684094211e-01 8.185958706814261410e-01 8.630440878882714717e-01 9.185163968912204435e-01 9.279643881381071102e-01 9.276123467368219133e-01 9.254180924903224748e-01 7.604344017164446079e-01 8.077096673493758816e-01 8.402222552801932309e-01 9.080717045745357874e-01 9.489744371387013322e-01 9.326691501867587775e-01 9.272902561261325838e-01 8.494248988367033570e-01 7.777941383072732862e-01 9.194551101683631211e-01 7.717128838537594682e-01 9.436038680582087279e-01 9.206093160347131876e-01 9.041873836714723334e-01 9.145912166029032120e-01 8.892173469814308451e-01 8.106098224975553102e-01 8.269277404538385445e-01 8.953367815162474042e-01 9.140907609006140300e-01 7.284907352728089425e-01 7.927105410735799662e-01 9.092630379384936123e-01 7.847283204667820922e-01 9.229029915956825647e-01 9.260586375134818304e-01 9.335403067285638068e-01 9.258629526356269013e-01 9.427483088929760058e-01 8.997744743746335372e-01 9.239433270441123058e-01 8.905046568404930696e-01 9.352898922086123612e-01 9.192904286647991530e-01 9.091298382563547387e-01 9.392955473048885118e-01 9.298132992431988875e-01 9.356215517619840272e-01 9.386539496980340624e-01 9.337040313378595080e-01 9.346445627141117818e-01 9.325841779757391148e-01 8.912833773959861761e-01 8.939753123513967115e-01 9.392515301685494533e-01 8.307447916898447193e-01 9.465370360586423670e-01 9.462893918220220968e-01 9.345993973046509140e-01 9.176234231600995939e-01 9.697273686494196632e-01 9.369767054246643800e-01 9.175003665572040168e-01 9.235535840086583903e-01 9.317052705903614562e-01 9.054764159402174384e-01 9.211553199041705442e-01 9.179449396342279632e-01 8.319829171835194659e-01 8.391447923341558424e-01 9.439920800628334163e-01 9.598620758121538810e-01 9.417561052262387600e-01 9.463290072447271273e-01 9.399256621805239797e-01 9.278029600750551387e-01 9.287305733786862527e-01 9.524686322486035639e-01 9.187897815836563176e-01 9.193032510479934860e-01 9.382135869557903796e-01 9.619657121714508818e-01 9.552826669126414094e-01 9.451185359954045184e-01
6.936600709771820750e-01 9.194223843843892796e-01 8.908469379202422767e-01 8.638011826333024112e-01 9.225445390028002013e-01 9.175321354469095914e-01 9.147464248532115594e-01 9.147686248002346865e-01 8.980691930992045213e-01 9.217401736809183177e-01 9.212646929190302370e-01 9.298252604215518913e-01 8.823160341400360096e-01 8.692204576320483600e-01 8.991326853889255455e-01 8.529634938406519540e-01 9.176519386092930608e-01 9.217929942445250990e-01 9.264239797450956049e-01 9.327505818889859635e-01 9.227192678961806394e-01 9.239196917556867783e-01 9.140594704580425889e-01 6.761099124269738248e-01 5.185422957660900112e-01 8.714488730039238185e-01 9.451914513386443506e-01 9.372505685642344986e-01 9.071886825438046920e-01 9.323472509549231013e-01 9.501519912251964461e-01 9.380684260952985021e-01 9.306657963467731554e-01 9.206045315633719639e-01 9.279078356868540878e-01 9.375820367387525112e-01 9.444562694723561691e-01 9.106330234623316588e-01 9.354132358797884184e-01 9.634939680072557300e-01 8.766701665785709974e-01 9.410851309653495145e-01 9.439884438646140019e-01 9.488617149939027051e-01 9.316981895727765028e-01 8.858461127849972527e-01 8.926391051952274891e-01 9.238607470687631995e-01 9.267975512674161420e-01 8.835790388846849197e-01 7.532635796044001575e-01 7.697335959046199827e-01 9.394974519954869541e-01 9.194862092320807978e-01 8.802830165777350002e-01 8.810053760608287376e-01 8.870206048098341345e-01 9.242789098639837553e-01 9.205413765416682326e-01 9.239417960132830787e-01 9.173495600205294753e-01 9.436183171616591148e-01 9.395644345942637532e-01 9.283324096736719211e-01 9.344272520257946857e-01 9.443173284246079158e-01 9.435489423272117593e-01 9.592802840970643397e-01 9.410948912868855043e-01 9.433409135132966306e-01 9.477278909754660585e-01 9.417296949444353693e-01 9.435034898494704114e-01 9.622699088593241745e-01 9.498024377490086323e-01 9.433596686409541077e-01 9.472689644844185519e-01 9.294432682296707160e-01 9.183198508085240741e-01 9.280208448999331949e-01 9.442586708059648171e-01 9.502392599824598385e-01 9.317505316892491507e-01 9.361095678387860719e-01 9.368000627427474081e-01 9.428820827116758396e-01 9.392252155761728893e-01 9.352516164378827934e-01 9.265774655857211828e-01 9.081122768915090848e-01 9.253929261710678311e-01 9.177411211550929870e-01 9.248184068524170076e-01 9.423920571569105453e-01 9.109682235244959125e-01 9.491200764463272321e-01 9.335242309048573661e-01 9.440983910160347659e-01 9.365314625216527578e-01 9.471705957536435960e-01
9.297617226421407421e-01 9.316887163195208821e-01 8.318130684509069672e-01 8.630063862541028641e-01 9.660388283136379650e-01 9.197811240455521231e-01 9.272322683334772719e-01 9.294280536108057156e-01 9.301162519685234331e-01 9.324722213463552123e-01 9.294434596085243694e-01 9.230895859779892909e-01 8.673254242232273370e-01 9.135125096943170764e-01 7.909391862489288938e-01 9.099438682103457854e-01 9.498076049780571628e-01 9.346735566104394932e-01 9.268382192738163772e-01 9.173546315601511791e-01 9.142886466352859731e-01 9.169599126745024975e-01 9.166184927995947307e-01 9.362736752057890799e-01 8.977360025150036282e-01 9.133044808804019477e-01 9.038423275983452632e-01 8.920975987288308762e-01 9.024924368541402675e-01 9.260818900442000512e-01 9.050230394359256580e-01 9.258257294485924271e-01 9.277160740754989421e-01 9.282208358019952144e-01 9.364041955839769171e-01 9.227372575084236139e-01 9.131671665529095261e-01 9.227325687265092169e-01 9.584421404075136319e-01 9.049726111079894331e-01 8.997843303855964647e-01 8.724310292808444833e-01 8.567581537507813483e-01 9.035165051000098035e-01 9.228317029726987863e-01 9.264469452075333455e-01 9.322578770302696327e-01 9.314753288977035695e-01 8.987549035318247448e-01 8.997204098484781198e-01 8.916102524780166183e-01 8.802909588001613939e-01 9.010719273129391693e-01 9.328702893619427172e-01 9.199207349192882743e-01 9.215487948272704788e-01 9.406452466702398540e-01 9.215148250807480013e-01 9.380623019719818156e-01 9.156263848222843116e-01 9.027352966194193140e-01 9.137160411051715725e-01 9.183305680243283309e-01 9.053170930445555431e-01 9.231168574646340108e-01 9.275799080211285519e-01 8.987783474413966189e-01 9.061139945911451665e-01 9.346686764496714428e-01 9.418594498072085930e-01 9.397044282257071002e-01 9.454490472756543751e-01 9.447708963077532385e-01 9.072657125323978500e-01 9.185271141070247003e-01 9.171913853979896114e-01 7.248965447118755900e-01 7.171389550345469432e-01 6.469552100175481879e-01 7.022644163924757210e-01 8.720070294305877212e-01 9.050884910038732301e-01 9.216631436923250487e-01 9.285271376572585833e-01 9.122329506788275921e-01 8.940901396635854148e-01 9.229011734965729685e-01 9.337202028509927754e-01 5.654081063416417363e-01 4.598488414326808438e-01 9.270469179137192928e-01 9.507571311604309239e-01 9.228686390914527804e-01 9.498283695836780005e-01 9.465279455630940530e-01 9.499946778074979115e-01 9.558902947729733812e-01 9.388586293820104789e-01 9.528529209867284688e-01 9.359606750906480643e-01
8.721544868373234394e-01 8.661157184893193417e-01 8.307999087996953413e-01 9.251060492694497261e-01 9.446534853810403254e-01 9.140922919314432571e-01 9.185647200517664812e-01 9.132358715613690947e-01 9.163085547461120584e-01 9.088173165883477456e-01 9.144917952884331624e-01 9.342153956348064892e-01 8.697854080080167360e-01 8.955564844402351676e-01 8.774806560237696784e-01 9.032797694580474435e-01 9.128539750589148571e-01 9.155830375119331510e-01 9.033223512529841015e-01 9.063940775434587982e-01 9.319026778778991549e-01 9.088089916082140451e-01 8.944073501135066939e-01 9.011446512773253481e-01 9.174220926060620007e-01 9.358543641374466038e-01 9.084780975702569927e-01 9.211132165563680196e-01 9.168153259505715802e-01 9.269033837734834691e-01 8.831852768933045050e-01 7.995547751718743434e-01 9.092021794630336107e-01 9.180113480964438022e-01 9.144070144562671532e-01 9.100914213065083302e-01 6.956051978009454295e-01 8.702413681268327261e-01 6.959219776484459885e-01 5.626655995241547359e-01 9.082465291573430521e-01 9.021047032966497126e-01 9.126380040225733348e-01 8.953386953047839381e-01 9.432084793465722594e-01 9.312034752360968115e-01 9.221929760486491379e-01 9.396055810477980108e-01 9.530367403756572209e-01 9.280316578051642784e-01 9.572206648741062862e-01 9.310663522874581544e-01 9.254446941509796298e-01 9.294381966900491232e-01 9.355956199273147700e-01 9.275708175255802379e-01 9.592536824364072956e-01 9.180926841092440505e-01 9.205345825923637593e-01 9.159817753535083318e-01 9.394254935465153888e-01 9.109763571257758485e-01 9.316574258769494410e-01 9.181005306422436174e-01 9.437246281148604643e-01 9.444268928183212619e-01 9.375506506067542434e-01 9.417269199510575062e-01 9.505207782761758706e-01 9.419286332628022951e-01 9.259636179126456978e-01 9.308743036078225286e-01 9.523786841873891351e-01 9.447607532285099419e-01 9.492682036790507372e-01 9.446399931718580945e-01 9.584247249318317285e-01 9.538233074641497833e-01 9.410219759436456721e-01 9.191384738550026912e-01 9.510477399496951589e-01 9.422350308074924907e-01 9.313154318654808250e-01 9.520620478740287052e-01 9.573552042082207336e-01 9.498032989538500726e-01 9.410096320075853615e-01 9.386012248238541078e-01 9.275826830145064150e-01 8.913387815741171671e-01 8.832270931728265495e-01 9.074258009434743588e-01 9.391823467129557512e-01 9.317847885040521083e-01 9.547246061754043334e-01 9.393811893418958503e-01 9.488998950752054462e-01 9.400720670035646043e-01 9.399833629048988115e-01 9.257896545346797623e-01
7.734945252917939662e-01 9.348853173120007520e-01 7.652565268470957749e-01 7.755987357876520383e-01 9.257500391119747318e-01 9.273845102115541028e-01 9.385505094276374027e-01 9.246082728711116916e-01 9.410924990512149479e-01 9.219971954813673820e-01 9.195430487516143003e-01 9.277398050533512963e-01 9.259470636418051237e-01 9.314097816403291707e-01 9.373533390086433714e-01 9.467517631324352534e-01 9.258979749658444725e-01 9.431321191839667772e-01 9.317968453718319388e-01 9.093100214470641873e-01 9.027598888021131085e-01 9.153880224600660087e-01 9.284666619395057774e-01 9.236463070632507932e-01 5.383266588984966239e-01 5.090292357089630793e-01 8.661112210862587091e-01 8.582732044456844456e-01 8.337861844320162419e-01 8.067149757575412528e-01 7.797167302710195091e-01 8.906067574589141556e-01 9.156991087866704904e-01 9.039464376947297097e-01 9.105735046388472309e-01 9.085767533693124287e-01 8.180704400387359687e-01 8.853304424638431813e-01 9.133593109219719786e-01 8.496798154697622341e-01 7.899593743629653719e-01 9.274959883938039829e-01 8.795119511763878073e-01 7.964997945310937633e-01 8.927902944896092263e-01 5.374866971098362090e-01 5.557693582223816042e-01 5.366775473166131016e-01 5.388107517087987741e-01 5.540695312442814879e-01 8.577856668160165343e-01 8.621049918534215983e-01 9.085096750811089139e-01 9.107685196907143732e-01 9.184298936493715537e-01 8.992512445887603789e-01 9.337190545778708550e-01 9.185912260229966986e-01 4.957298885665538113e-01 9.264600546590081587e-01 5.547221331352206741e-01 5.638941560751471460e-01 9.178754691103537811e-01 9.153774009336884676e-01 9.201645515788355878e-01 8.448656804062507630e-01 8.461713626352631579e-01 7.610919316128651468e-01 8.442910653981731128e-01 7.125469151306937921e-01 9.346668583505617356e-01 9.250424158006118613e-01 9.150432534552194186e-01 9.226977377751452991e-01 9.393949686193585613e-01 9.204099949586389551e-01 9.001346493771987811e-01 9.092027535995945708e-01 8.978132238824505507e-01 8.175450093960457965e-01 9.004971209260078657e-01 9.143052965955532629e-01 9.336441297566677733e-01 9.273282448285816715e-01 9.480690237820933453e-01 9.344288787460507395e-01 9.531775952119420081e-01 9.483896790513802744e-01 9.217534745112467842e-01 9.256317669804203785e-01 9.304968088190020969e-01 9.108599987827580291e-01 8.893277725799856315e-01 9.144538065859839637e-01 9.008976768666927537e-01 9.345026552941319009e-01 9.533616059797244136e-01 9.488798002955723954e-01 9.417514164443244740e-01 9.597854285812679187e-01
8.594439645828750862e-01 8.927334549700758348e-01 6.223130774429983525e-01 8.726541770241978968e-01 9.552356834040709455e-01 8.868594638150626430e-01 9.493038001458292685e-01 8.751239211305232857e-01 9.140718143941028995e-01 9.307282815424892108e-01 9.091568226747190895e-01 9.267637728997473179e-01 9.251053794434619393e-01 9.023091916017724756e-01 9.192733959468244453e-01 9.104356161747939602e-01 7.589207385182303867e-01 7.633358008271726725e-01 8.445965060485950415e-01 7.954447229109332662e-01 9.449774897802660778e-01 7.842423138679434080e-01 9.358960847275419326e-01 9.310888393027617616e-01 9.300366383654059543e-01 9.546929329751255855e-01 9.346591075069891064e-01 9.175503164380061083e-01 9.143061578003947032e-01 9.465980859129560221e-01 9.281462937384993284e-01 9.294322639455859791e-01 9.640776735108816942e-01 9.507589492595406311e-01 9.372386073858814948e-01 9.230439421213941786e-01 9.130264074060515656e-01 9.075055102360186643e-01 9.314084419883535970e-01 9.082061482192234081e-01 9.251677689497511681e-01 9.307166074324166871e-01 9.473914469507531688e-01 9.266643515852772683e-01 9.220211178380732786e-01 9.299731962754216319e-01 9.163094159509534986e-01 9.224940149854371496e-01 9.117384277210015542e-01 8.931009980585065122e-01 8.913190695521914231e-01 9.246614761924257797e-01 9.130135850228572325e-01 7.647118626296141031e-01 9.092633250067740924e-01 9.281010326396116339e-01 9.280872533621490339e-01 9.363546284608821324e-01 9.479037681419684169e-01 9.385358689453333625e-01 9.427664898840726337e-01 9.298686077319030518e-01 9.210399184554208807e-01 9.304752786979667567e-01 9.131857303017134608e-01 9.237697464238536771e-01 9.310275023801676264e-01 9.293620279062972944e-01 9.273207810532894113e-01 9.081881586069805445e-01 8.047144926003603205e-01 9.219841817193192846e-01 9.250417459746240745e-01 9.477339194093559183e-01 9.318746408758398214e-01 9.162387971539573961e-01 9.430484866249226883e-01 9.320239163816851358e-01 9.255858360555448971e-01 9.325206401963280767e-01 9.467061192758402521e-01 9.200450354847324874e-01 9.287751646515861603e-01 9.326752743100755749e-01 9.370402432040755292e-01 9.219468628428579837e-01 9.350310523090535897e-01 9.220198738755246426e-01 9.262150897263389249e-01 9.198378678756587989e-01 9.335317903695764530e-01 9.339887073826607100e-01 9.160853113133318182e-01 9.211002984837467489e-01 8.950207193394480454e-01 9.322397917285998314e-01 9.086688065979170448e-01 9.408717435435320908e-01 9.354137143269224408e-01 9.364928996826427099e-01
7.249279308438738578e-01 5.053086872599087398e-01 9.105386736874833131e-01 7.962416244575228896e-01 9.237369249504530089e-01 9.378377188872261128e-01 9.326849389421847381e-01 9.150431577657925919e-01 9.318006729489048956e-01 9.205636721781181864e-01 9.347217840815587042e-01 9.332439565736900811e-01 8.707462255427557141e-01 8.897578008641323644e-01 9.116324038360806847e-01 9.142217597259360007e-01 9.422182851577983742e-01 9.233561767211206917e-01 9.282762399801262054e-01 9.141790822415725160e-01 9.340615270364737155e-01 8.942315686364311622e-01 9.316178104542444105e-01 9.273204939850089312e-01 9.248395542157451521e-01 9.206054884576402308e-01 9.076183280702440070e-01 9.302538533642962237e-01 9.341181751771534536e-01 9.214543493629951953e-01 6.093831871775563513e-01 5.934260662051126234e-01 6.035719204418261707e-01 6.103696494786841065e-01 8.339929692833827346e-01 5.392336989753605536e-01 7.733971134552872773e-01 4.990578232973495454e-01 5.052320878737361909e-01 4.912008601502642069e-01 5.244468118482600305e-01 8.448511356133735495e-01 9.427092676068318244e-01 9.031237956923244825e-01 7.889213833054928848e-01 7.645197182605516506e-01 6.099600508871643179e-01 6.849011871375679794e-01 7.409235668106141093e-01 8.519591376167080510e-01 8.887636834088586957e-01 8.121564507033103286e-01 8.750665074744289340e-01 9.354165850097272417e-01 9.434760269839719271e-01 9.074559431129238796e-01 9.267831021639657552e-01 9.198796841551808434e-01 9.184787909464785516e-01 9.300859184202202590e-01 9.331034844951126006e-01 9.494703954379296595e-01 9.677468845824449550e-01 9.263928806813778172e-01 9.499834821445595212e-01 9.379400108845008521e-01 9.447214248740852804e-01 9.503069124072244245e-01 9.334941844248346721e-01 9.564963916024760149e-01 9.377961896759844374e-01 9.370744043294516601e-01 9.446128173746400902e-01 9.283004494051126931e-01 9.542416616382239924e-01 9.285802452891458447e-01 9.264272331856076015e-01 9.564844304241231221e-01 9.253105375745724892e-01 9.433050299782376191e-01 9.416108486763200558e-01 9.551943455716829234e-01 9.413055037153249538e-01 9.188534150524942934e-01 9.517554589504848561e-01 9.129903324921390118e-01 9.438000313831977905e-01 9.479612774874895953e-01 9.422893824019284992e-01 9.300970183937318225e-01 9.244902878078378183e-01 9.433177566720052365e-01 9.396598369528071926e-01 9.522716077187731720e-01 9.271066281160574851e-01 9.360765549865317503e-01 9.221929760486491379e-01 9.437725685176993062e-01 9.400819230145275318e-01 9.387328934751638654e-01
7.849326173930512018e-01 9.194822859655810143e-01 6.103476409105146328e-01 9.276439242476737235e-01 9.207547639634855452e-01 9.429818867838531959e-01 9.323211277414001907e-01 9.416673054381462515e-01 9.290057761702318340e-01 9.187326549958424460e-01 9.247332432625436915e-01 9.568917803141124834e-01 9.499934338449491644e-01 9.467637243107882572e-01 9.239460063480633423e-01 9.401361789195366025e-01 9.333545735510985208e-01 9.383597047105505240e-01 9.389613998264193517e-01 5.344557345151884631e-01 6.040142448173198009e-01 6.748934605884747695e-01 6.024105378684642131e-01 6.727023640930606119e-01 9.116184331797644314e-01 9.489093683284610670e-01 9.421890998826170094e-01 9.137600582415106309e-01 9.227315161428141232e-01 9.371830118288967393e-01 9.336165712017424623e-01 9.360587567531425401e-01 9.039773453795938440e-01 9.302428490802114869e-01 9.442446044602217370e-01 9.445158839852675348e-01 9.365780632725159149e-01 9.253802951667270404e-01 9.283172907442336363e-01 9.212418231460193230e-01 8.608608379258568810e-01 8.374436257040801523e-01 9.013028258998652120e-01 8.646573159350959825e-01 9.433455066057840899e-01 9.343240988236785061e-01 9.267476970760408772e-01 9.354783046900286836e-01 9.391726820808465881e-01 9.470876330205871829e-01 9.215310922833079843e-01 9.366632268623892310e-01 9.330741078410775824e-01 9.519153559827077116e-01 9.413903802369177898e-01 9.366061002745753594e-01 9.169753186722211513e-01 9.199650391239077019e-01 8.877196160727828245e-01 9.172501387060594258e-01 9.336091074264502021e-01 9.353939066155699811e-01 9.180284765038452255e-01 9.163378357107202499e-01 9.143878765709023693e-01 9.243980432003795489e-01 9.291380189581024407e-01 9.462849901083881798e-01 9.359278536172473961e-01 9.530632463468874382e-01 9.455918159004756962e-01 9.244787093871921213e-01 9.516643626161485070e-01 9.479398430558810817e-01 9.209213592555860473e-01 9.301004632130974725e-01 9.371352628049116618e-01 9.426432419023234033e-01 9.533544292727126335e-01 9.384108985539013625e-01 9.442806793741342908e-01 9.279332890743893225e-01 9.169485256327104539e-01 9.183532464184855915e-01 9.342322369739275434e-01 8.732359687392873271e-01 8.660757203089070044e-01 9.192017245661333602e-01 9.345803551087129568e-01 9.209629841562544383e-01 9.012804345739884315e-01 8.953739090138551626e-01 8.923077327101361922e-01 9.513810262233228787e-01 9.298186578511009603e-01 9.500342932302030530e-01 9.442007787027363319e-01 9.325596814824722580e-01 9.013775593422147514e-01 9.293462391508713338e-01
5.983783768009578452e-01 9.351245408790606062e-01 6.655902474443726735e-01 9.476938255395167543e-01 9.074367095381322690e-01 9.274040308546261935e-01 8.873027929295378424e-01 9.224980339413637598e-01 9.203715278090557339e-01 9.431057089021633866e-01 9.453229286111004548e-01 9.393621471459578931e-01 9.084891975437685563e-01 9.595642903158777548e-01 9.310799401860671010e-01 9.411583333768697157e-01 9.394756348061711337e-01 9.504127449132916405e-01 9.306961298950763295e-01 9.391722036337124546e-01 9.186160095845441464e-01 9.325583418304966843e-01 9.321197014979358819e-01 9.086223015364806033e-01 9.308776527377613519e-01 9.064679497809668973e-01 9.128101493014295631e-01 9.145632752902705942e-01 9.262034156162664011e-01 9.344334718385381988e-01 9.189916862742548709e-01 9.208188758794575435e-01 7.941570302941637349e-01 7.823639304193897859e-01 7.883085882161124935e-01 7.913184034474320949e-01 8.992177532893720349e-01 9.430481995566422082e-01 9.250525588798551579e-01 9.347182435727662275e-01 7.708645492402519395e-01 8.212608212184723255e-01 7.569831233144728166e-01 7.584342534722575691e-01 9.246418598599268623e-01 9.026825717452393594e-01 9.127902459006501656e-01 9.363147259698965108e-01 9.078811869257293887e-01 9.337008735867743381e-01 9.248123784185271479e-01 5.917842270196678189e-01 6.457551210710359424e-01 6.720740673165347401e-01 9.202877038711579916e-01 8.977026069050419999e-01 9.393687497164088240e-01 8.780277124769220176e-01 8.798203581990413635e-01 9.262826464616766842e-01 8.128745998516239135e-01 7.158692041853068622e-01 7.621281524159413401e-01 9.374782137106485447e-01 9.311629986085502297e-01 9.225271235271181869e-01 9.448869675824906889e-01 9.171038295724456280e-01 9.258569242017370415e-01 9.454592860443244984e-01 9.134192125031638243e-01 9.238935685421638677e-01 9.508647817656078471e-01 9.384342467740464100e-01 9.214110020526440348e-01 9.280246724770061517e-01 9.356375318962636412e-01 9.099986025624891006e-01 9.293269098866528966e-01 9.296614401228292524e-01 9.420086296236270806e-01 9.465802876795668119e-01 9.226140095266743835e-01 8.935886313776012502e-01 9.291212733084083242e-01 9.324058128841393733e-01 9.203706666042142936e-01 6.738337001863997644e-01 7.381895763521144627e-01 9.135998741410072954e-01 9.025041109642127912e-01 9.448902210230026855e-01 9.263353713358566388e-01 9.217099358220419703e-01 9.285229273224783197e-01 9.432431189190825238e-01 9.340603787633517952e-01 9.054958408938627024e-01 9.161739197225707843e-01 9.168225983470101870e-01
8.191880925440393479e-01 6.620835648642698912e-01 9.253625926227646570e-01 9.412041686123183704e-01 9.174723295551445723e-01 9.048691708375927734e-01 9.257812338651193462e-01 9.122718962755449468e-01 8.845927726724576168e-01 7.702005603075207096e-01 9.398599235442959277e-01 9.229521759610700427e-01 9.396748601928185396e-01 9.376897830333562611e-01 9.365616046911022785e-01 9.278468815219672594e-01 8.993982235483619636e-01 9.164488354458359964e-01 9.184927616027949160e-01 9.362686993555942028e-01 9.274928306427188129e-01 9.463381934297022680e-01 9.155599763600685836e-01 8.995259689331718267e-01 4.828279396137443169e-01 7.083365325057278117e-01 7.825977953785474561e-01 4.834774315983116910e-01 8.828921801789428869e-01 9.096010129940357292e-01 9.488723365202801352e-01 9.150509086093653321e-01 9.152539615730856948e-01 9.046461187836661866e-01 8.155550520758155786e-01 9.207826095866913363e-01 9.180026403586027950e-01 9.338601007930092956e-01 9.364077360927693938e-01 9.199882916546259226e-01 9.495407271666452820e-01 9.426402755300917757e-01 9.358671865206410478e-01 9.283590113343289651e-01 9.223655997746394997e-01 9.197360543255180820e-01 8.325513123788536030e-01 8.590555611993968554e-01 8.986518460191353919e-01 8.747572392469340485e-01 9.093901134973157996e-01 8.198257668843939028e-01 9.023302432756736824e-01 9.321259213106793950e-01 9.230115990951277549e-01 8.984378844607570080e-01 9.270251964138302991e-01 9.341928129300760553e-01 9.355499760707197687e-01 9.432323060138514403e-01 9.695037424589321162e-01 9.460343794995362821e-01 9.553234306084684713e-01 9.427227598160140554e-01 9.573255404859053463e-01 9.589484331648390203e-01 9.608046166663694043e-01 9.503960949530242397e-01 9.131249675156801748e-01 9.229958103397017943e-01 9.361748280278799905e-01 9.502207919230828415e-01 9.546084392112400563e-01 9.235262168325867327e-01 9.425454473081092965e-01 9.574148187211320993e-01 9.325939382972752156e-01 9.144123730641692260e-01 9.520683633761991560e-01 9.465109128451194564e-01 9.333291201635633971e-01 9.330826242000649362e-01 9.167446114641486510e-01 9.015023383547930980e-01 9.440502592343422705e-01 8.491562986156085957e-01 6.979974813162568292e-01 9.314614539308140317e-01 9.274646979512325418e-01 9.365132815305561298e-01 9.638549085252355875e-01 9.331352533848180641e-01 9.273100638374850435e-01 9.483610679127599807e-01 9.111429524178763506e-01 9.337513976041373898e-01 9.167012641537974904e-01 9.049373973989182085e-01 9.477836779113043564e-01 9.402670820554317466e-01
6.537517429365707899e-01 8.023311560464569947e-01 6.340834989236150410e-01 8.529854067193946010e-01 8.977471024885151918e-01 8.913714116686641820e-01 9.315692959148446084e-01 9.470867718157457427e-01 8.408421313871585756e-01 9.064326403824688461e-01 8.800013069051654258e-01 8.615667388275369820e-01 9.176999747015587294e-01 9.126477643441093246e-01 9.492567209478318668e-01 9.276371302983692502e-01 8.340786113203901841e-01 9.503585846977092855e-01 8.411654659603965412e-01 8.661460520376225158e-01 9.411422575531633861e-01 9.619734630150236221e-01 9.527230704345284185e-01 9.434019633676102856e-01 9.417867258428224142e-01 9.518101933026281714e-01 9.361304281338336253e-01 9.436263550735123351e-01 9.060253861819062005e-01 9.190875670799323327e-01 9.302654317849419208e-01 9.148424013483159589e-01 9.223589015147617420e-01 9.193010501911765830e-01 9.221255150027382053e-01 9.440354273731845769e-01 9.221936458746368137e-01 9.201830196382125848e-01 9.395084562795716909e-01 9.308166028834476968e-01 9.227235739203877296e-01 9.245501893890295531e-01 7.611468094991487021e-01 9.562230069100401408e-01 9.056054052875760485e-01 9.581554548847491803e-01 9.225981250818215962e-01 9.250216511949910236e-01 9.549314867161976528e-01 9.014637755157830501e-01 9.334226087335703026e-01 9.292263402990609267e-01 9.645801386911341258e-01 9.625268349703464121e-01 9.364931867509231900e-01 9.386309842355963218e-01 9.273323594739351083e-01 9.470766287365024461e-01 9.416918019314131083e-01 9.414950644698631965e-01 9.368921159713520241e-01 9.237646748842319733e-01 9.202423470828434704e-01 9.377262407049762327e-01 9.395443398146307024e-01 9.207388795186327579e-01 8.691860094383917490e-01 9.179490542795814001e-01 8.969076191469889103e-01 9.557423589191035296e-01 9.211246992875868900e-01 9.332674961726887819e-01 9.361916693670009337e-01 8.782697110373597349e-01 8.971018686834414391e-01 9.226285543195515970e-01 9.039907418993492483e-01 9.243367062777854137e-01 9.278044911058842548e-01 9.466217212013815496e-01 9.547770439813038079e-01 9.541419532554734628e-01 9.180392894090763090e-01 9.604305666969147337e-01 9.531875469123316513e-01 9.300937649532198259e-01 9.274597221010376646e-01 9.436568800006691626e-01 9.313673912242461661e-01 9.380272796417642445e-01 9.410139380317924518e-01 9.398007874785188065e-01 9.337127390757005152e-01 9.291783998962221958e-01 9.376175375161042158e-01 9.273751326477253087e-01 9.536327898153433846e-01 9.532300330178414827e-01 9.230562860574544892e-01 9.351513339185713036e-01
8.255144076196492264e-01 7.127754693266626917e-01 9.100294145579264082e-01 9.219379637261633231e-01 9.229005993600120084e-01 9.235844916935225246e-01 9.076199547905000609e-01 9.240912628979820465e-01 9.356679611339936420e-01 9.486241181470989048e-01 9.424139700356533034e-01 9.209293971674392676e-01 9.082431800274042288e-01 7.803319175960704568e-01 8.106248457375666572e-01 9.028286894999995038e-01 8.666730137111419152e-01 9.300187444425898065e-01 9.322005590636019967e-01 9.202267497062711632e-01 9.197272508982502481e-01 9.247564001038350856e-01 9.062464287578695377e-01 9.192354072443753576e-01 9.243895268413921951e-01 9.127302486300316042e-01 9.069339572895993573e-01 9.002736861143739722e-01 8.989754676606538375e-01 9.143222336241011439e-01 9.049101259122733776e-01 9.396363930432353184e-01 9.288114309443523675e-01 9.508567438537546268e-01 9.124416493187306187e-01 9.321120463437899684e-01 9.513146177611070398e-01 9.575879208942564835e-01 9.512586394464150885e-01 9.478246329859850716e-01 7.324554352944043778e-01 8.848258721162006735e-01 8.346464323791633610e-01 8.816397012712445802e-01 9.446916654623430665e-01 9.255602869785828357e-01 9.372677926610627486e-01 9.600562296591795830e-01 9.427362520251961753e-01 9.163601313471702037e-01 9.211413492478541798e-01 9.571441133326471506e-01 9.403682257795846766e-01 7.625704767914349702e-01 9.327275207371213961e-01 9.013114379482793925e-01 9.251947533681155189e-01 9.379860374988031602e-01 8.769293892358370757e-01 9.480600289759718580e-01 9.092146190885206369e-01 9.112970123950628887e-01 9.163935269571317210e-01 9.422888082653675390e-01 9.368405393702939898e-01 9.596136660601188861e-01 9.404280316713495846e-01 9.253571383254356464e-01 9.262368112262280295e-01 9.419047109060963985e-01 9.264667529188859163e-01 9.355036623881369806e-01 9.236777888846758877e-01 9.154539524751476032e-01 9.385337637779432862e-01 9.431589122234774747e-01 9.362993199721778570e-01 9.512004602749061233e-01 9.453930689609624238e-01 9.360466998853627096e-01 9.477998494244376237e-01 9.326380511230409898e-01 9.559697169972372066e-01 9.592992306035755812e-01 9.560081841468204278e-01 9.188366694028000659e-01 9.051001651139457538e-01 9.185282623801466206e-01 9.091796924477300035e-01 9.422396238999800611e-01 9.084185787467724538e-01 9.561014813379737909e-01 9.450858102114307879e-01 9.289000393535913336e-01 9.619216950351119344e-01 9.627991670790873036e-01 9.487879384458214327e-01 9.393005231550833889e-01 9.383931960099388681e-01 9.442252751960032997e-01
6.840338103281224935e-01 9.148610607865466093e-01 8.002750294875778936e-01 8.566446660905681076e-01 9.131242976896924990e-01 9.170822994514102877e-01 9.053123085732143194e-01 9.299420015222770175e-01 9.255784679696794637e-01 9.210196322969341765e-01 9.259655317011822317e-01 9.052747026284725385e-01 9.337003951396402046e-01 9.238727082471162033e-01 9.123183056475545616e-01 9.297166529221067011e-01 9.357329342548070805e-01 9.301843828404220416e-01 9.409971923820983353e-01 9.107400042415207952e-01 9.318928218669363384e-01 9.446646810439787156e-01 9.418769609723174341e-01 9.041219321035247614e-01 9.249477789574829245e-01 8.686068013378265285e-01 9.384633363598008371e-01 5.770665711928744113e-01 7.911804192939519975e-01 9.432814903792389183e-01 6.054363810787768418e-01 9.714948480522842544e-01 8.787633727903443326e-01 9.193114803387003597e-01 9.124504527459984526e-01 9.138754596902601834e-01 9.231426936098765523e-01 9.138505804392860199e-01 9.448295539263963372e-01 9.446477440154308347e-01 9.154390249245630828e-01 9.044783752184438752e-01 9.514572906965015342e-01 8.850440440093592098e-01 8.494559979004210337e-01 9.029224651382868894e-01 8.611660871974252673e-01 8.069985992186473611e-01 8.856267926187169071e-01 8.890225233084173562e-01 8.865241680634715626e-01 9.503390640546371948e-01 9.005815190004665682e-01 9.117645509345245758e-01 9.317343601761158833e-01 5.575543009456416232e-01 9.059817518032745598e-01 9.301080226778165594e-01 9.101076885090683133e-01 9.169004895404448963e-01 8.898294722448234495e-01 9.095272364459544567e-01 9.166716961209088188e-01 9.170926339095072377e-01 9.256622919075772060e-01 9.086365592610773367e-01 9.203509545822886606e-01 9.129369377919712703e-01 9.094736503669330618e-01 9.222067553261117379e-01 9.478005192504254106e-01 9.310252058339237857e-01 9.194765445999716347e-01 9.248111344559784008e-01 9.379952236837781898e-01 9.326849389421847381e-01 9.023886138260363010e-01 9.037211847839862200e-01 9.485539777972369357e-01 9.168135078514618730e-01 9.233268000670857845e-01 8.851769566232176034e-01 9.639724151413753273e-01 9.508263146160246260e-01 9.498024377490086323e-01 9.388184398227443772e-01 9.541529575395581997e-01 9.460430872373772893e-01 9.303264816392555758e-01 9.269118044430438852e-01 9.238762487559086800e-01 9.386863884137274239e-01 9.481793536912213050e-01 9.453459897629650222e-01 9.571357883525134502e-01 9.380673735116035195e-01 9.141647288275489558e-01 9.508481318053404463e-01 9.235898503014247085e-01 9.606597428741580069e-01
9.168189621487908836e-01 6.320556485903624511e-01 9.149005805198249242e-01 6.281292721842099969e-01 9.176031370016128896e-01 9.364868712487527391e-01 9.288960203976647234e-01 9.300911813386955052e-01 8.880018041924866434e-01 8.966633240403074634e-01 8.782939204623461116e-01 8.997111279740761525e-01 9.310041541600225790e-01 9.245518161092856069e-01 9.328016800429099753e-01 6.714577317183618721e-01 9.147252774898835259e-01 8.718797624929118806e-01 9.002775136914469289e-01 8.880607488794101112e-01 9.002202914142062307e-01 9.037429062838752136e-01 8.980000096436108192e-01 8.901152008733197452e-01 7.846223444265746361e-01 7.744506061999052449e-01 7.136513146503820071e-01 7.666758881151750638e-01 8.964396021603930897e-01 9.070791181500912348e-01 9.312694052511785170e-01 9.003866953274530793e-01 9.249099816338874902e-01 9.314788694064960461e-01 9.365270608080188408e-01 8.617186936373333328e-01 9.095201554283695033e-01 8.996098885604963957e-01 8.896498631906749610e-01 8.934691152834981498e-01 9.429793031693289862e-01 9.204853982269762813e-01 9.357067153518573432e-01 9.086175170651393795e-01 9.178108787472476493e-01 9.290691225707892187e-01 9.183329602599989983e-01 9.270786868034248673e-01 9.273419284166174448e-01 9.327610120365097401e-01 9.472226508018357638e-01 9.345738482276889636e-01 9.636860166868913558e-01 9.242545090601436142e-01 9.295250826896052088e-01 9.481042374911645698e-01 8.653751780151290873e-01 8.507196724710578417e-01 8.469913253337173487e-01 9.304443710131026224e-01 8.740257892682919971e-01 9.358979985160783555e-01 9.269575439890658242e-01 9.217012280842009631e-01 8.957442270956637032e-01 9.474650321199807879e-01 8.607599812699845421e-01 9.497567938924136310e-01 8.474975224016159103e-01 9.068588410895426222e-01 7.968914513550841017e-01 8.511612791758501606e-01 8.878043969049488338e-01 9.339077541275676575e-01 9.402470829652255224e-01 9.020027940570822800e-01 9.300665891560018217e-01 9.280982576462337708e-01 9.311658692913550306e-01 9.386628488147287230e-01 8.700254927799179194e-01 9.060161999969311708e-01 9.216041033159746432e-01 9.295471869472015092e-01 8.957675753158087506e-01 9.346277213749908386e-01 9.269414681653593835e-01 9.267254971290177501e-01 9.176595937634389744e-01 9.318807649991565079e-01 9.348212053960287538e-01 9.289709452188679162e-01 7.729440240192759770e-01 9.047810408754879408e-01 8.326665224487496131e-01 9.004288943646824306e-01 9.219774834594416379e-01 9.044418218573971879e-01 9.413257898738116580e-01 9.102958139222041556e-01
9.455704771582938983e-01 6.165442489680647009e-01 9.267832935428194086e-01 6.892081682389126218e-01 9.098081806031095287e-01 9.051779606179536364e-01 7.056206751936112687e-01 9.247598449232007356e-01 9.466017221111753255e-01 9.335648032218306636e-01 9.149062261960074771e-01 9.126016420403801899e-01 9.321877366804076637e-01 9.132799843871349799e-01 9.176233274706727672e-01 9.240589198717155117e-01 8.971594737183894441e-01 9.013161267301937896e-01 9.219462887062970236e-01 9.091649562759990255e-01 9.356064328325458535e-01 9.216434316703993046e-01 9.160782302957468648e-01 9.330509509997861883e-01 8.230481083326894876e-01 8.573918091352092929e-01 8.893558095820450760e-01 8.914859519125724052e-01 8.828251018907392611e-01 9.111475455103639209e-01 8.632781442262827953e-01 9.004761649415333746e-01 8.898723411080405876e-01 8.674935505461570662e-01 9.218608380481432274e-01 9.202817711266949585e-01 9.208606921589796990e-01 9.326256114975538525e-01 9.139024441086245343e-01 9.168257560980953569e-01 6.071744359828931126e-01 5.395851662400847903e-01 6.016955943159493225e-01 6.249807072839956845e-01 8.981658394202967077e-01 9.216175955251568741e-01 8.485571871142639777e-01 8.376271580247284243e-01 9.283768095677181753e-01 9.276741621065500709e-01 9.426148221425566520e-01 9.592942547533807041e-01 9.165357214453920820e-01 9.301297441777055530e-01 9.441735072160915010e-01 9.513007427942176131e-01 9.318888986004365549e-01 9.229323682497175829e-01 8.604571242340868231e-01 8.892228012787598557e-01 9.196725165461070439e-01 8.797056265762794869e-01 8.147633177582743746e-01 9.365774891359550658e-01 8.446149741079721496e-01 7.716360452440198525e-01 9.470346210781267482e-01 9.461523645628101553e-01 9.317979936449538592e-01 9.278165479736640853e-01 9.448970149723071588e-01 9.323183527480223276e-01 9.283072433544171664e-01 9.105450848790804796e-01 9.478687458117508458e-01 9.600217814655229720e-01 9.189393441577821120e-01 9.515227422644491062e-01 9.333982079297302725e-01 9.245468402590907298e-01 9.350745909982585147e-01 9.300304185526623302e-01 9.413217709178850479e-01 9.053461826303100812e-01 9.422286196158953242e-01 9.081755276026397539e-01 9.255662197230459798e-01 9.207507450075589350e-01 9.268852027823868411e-01 9.424271751765549432e-01 9.200606328613047946e-01 8.131305690683778842e-01 9.405727140847073287e-01 9.371943988706887829e-01 9.292893039419111156e-01 9.187566730419752803e-01 9.301456286225583403e-01 9.384481217409358367e-01 9.344658148648047336e-01 9.359296717163571033e-01
9.110913758168182053e-01 6.586883126217034645e-01 9.431414010583687446e-01 6.099897624541931185e-01 6.705908812007639330e-01 8.736992012545419239e-01 8.830925538387121021e-01 6.090642543179521917e-01 9.352740077637595739e-01 9.475216802606605260e-01 9.397793530469102929e-01 9.444811487233304437e-01 9.240899232460064727e-01 9.266514335126559976e-01 9.026541519854727191e-01 9.065101488181962486e-01 9.195929029429895651e-01 9.388856138003748297e-01 9.334422250660692200e-01 9.420591536409901323e-01 9.061719823838004784e-01 9.076706701867167659e-01 9.475482819213175700e-01 9.257597994335107217e-01 9.302865791482699542e-01 9.539967923949815853e-01 9.168873800889699721e-01 9.484986693085327714e-01 9.171525354906990835e-01 9.142876897410177062e-01 9.362410451112420651e-01 9.293218383470311927e-01 9.261865742771454579e-01 9.246534382805725594e-01 9.263908712034144566e-01 8.668291788557185296e-01 9.262290603826552893e-01 9.239676321585255092e-01 8.534219418845653271e-01 7.660507490897343619e-01 8.493636576035360486e-01 8.596111340115365484e-01 9.209540850395597777e-01 7.592629239085526560e-01 7.193557441410632913e-01 6.537526041414122302e-01 9.408115548940598760e-01 8.825382249891211561e-01 8.622636449230955957e-01 9.327158466270488724e-01 8.941561653680939470e-01 9.241789144129527456e-01 9.297178011952286214e-01 9.229407889192779990e-01 9.050396893961930589e-01 9.477185134116372645e-01 9.281423704719995449e-01 9.288441567283262090e-01 9.238351979918012491e-01 9.057886505399438404e-01 9.175816068805775494e-01 9.297946398049682371e-01 9.309085604226254862e-01 9.111510860191563976e-01 9.254685208182586997e-01 9.364974927751301692e-01 9.120124822394253261e-01 9.164999335997598973e-01 9.072276281405219356e-01 9.057436765093366260e-01 9.122220420841696820e-01 9.560688512434267761e-01 9.138629243753463305e-01 9.567617383830587796e-01 9.503284425282597647e-01 9.264868476985188561e-01 9.513949011902124164e-01 9.454406266060938480e-01 9.462209738818430083e-01 9.356246138236423704e-01 9.404910910036266003e-01 9.400364705367860729e-01 9.364366342996701675e-01 9.408417927529362235e-01 9.553485969277231149e-01 9.500611819591405771e-01 9.299354946412530243e-01 9.290038623816953001e-01 9.372798495288425791e-01 9.207672992783995092e-01 9.120341080498874931e-01 8.906654150775572543e-01 9.221306822317867358e-01 9.075780428215511897e-01 9.390679978479011814e-01 9.274184799580765803e-01 9.314273884948647275e-01 9.164704612562981634e-01 9.407432326433076142e-01 9.361192324708952350e-01
6.275849907244355208e-01 9.391812941292607686e-01 7.505510235775090244e-01 9.258244854860436801e-01 9.487466963028603484e-01 8.804429136099577446e-01 9.426139609377152118e-01 9.187730359339622010e-01 9.417976344374804354e-01 9.288538213604353722e-01 9.174317572381712749e-01 9.363036259963849472e-01 9.377407854978534463e-01 9.306206309373122876e-01 9.300156823809314632e-01 9.252480523788564337e-01 8.982844943095583679e-01 8.918302424702848619e-01 8.778761404248329736e-01 8.921432425854258774e-01 9.441585796655069807e-01 9.441018358354004159e-01 9.567187738304148148e-01 9.412408176627919953e-01 9.474594821332249506e-01 9.582894200823026676e-01 9.466617193817938869e-01 9.267884607718679391e-01 7.824507685742325691e-01 9.375656738467657014e-01 9.440548523268298409e-01 9.279812294772280534e-01 9.356939886580897259e-01 5.736817012531184590e-01 9.268566873331933742e-01 8.180010652042886132e-01 9.020974309002111058e-01 8.746608799941223422e-01 8.794449685776111192e-01 8.692643790789604807e-01 9.205434817090583088e-01 9.228050056226149156e-01 9.294669035180962435e-01 9.339020127619581668e-01 8.607683062501182425e-01 9.103625094527004746e-01 8.915583888086781039e-01 8.734538535641653834e-01 9.410159475097558124e-01 9.248429033456839754e-01 6.700412889778007974e-01 9.027473534871991445e-01 9.272089201133322245e-01 9.240703069135075554e-01 9.311407029721002759e-01 9.527363712648568850e-01 9.158742204377583462e-01 9.412347892289020246e-01 9.127823036782237720e-01 9.346118369301380513e-01 9.005951068990755148e-01 8.862318368645245581e-01 9.350334445447242571e-01 9.598062888763154721e-01 9.273936007071024168e-01 9.440422213224890502e-01 9.533781602505649877e-01 9.377233700221714319e-01 9.311790744322566704e-01 9.118580395045314813e-01 9.264781399606779599e-01 9.114954722662956810e-01 9.183606145043510249e-01 9.516031213829811986e-01 9.181361271090221488e-01 7.917820187203939986e-01 9.343206540043128561e-01 9.429380610263679019e-01 9.148384780818161754e-01 9.430046608674372832e-01 9.307405297891226947e-01 9.377540863281819128e-01 9.395051071496328676e-01 9.407992109579995654e-01 9.404781729310053295e-01 9.492269615360896529e-01 9.428623706897500956e-01 9.169273782693824204e-01 9.153256329537767799e-01 9.532713708502295047e-01 9.285153678577592329e-01 9.374694102833808218e-01 9.361126299004444151e-01 9.476265558724594751e-01 9.429238989911978841e-01 9.458486463220711071e-01 9.375518945693029904e-01 9.280918464546364932e-01 9.411026421304582446e-01 9.255096672717930684e-01
9.251107380513641232e-01 7.481392194191255340e-01 9.425443947244143139e-01 5.794804805186480889e-01 9.317248869228603736e-01 9.479862524278906966e-01 9.331346792482572150e-01 9.322894545411214429e-01 9.455163169427115433e-01 9.239426572181245190e-01 9.392713378799020241e-01 9.349671317719352448e-01 9.090563487765539463e-01 9.157433173018632022e-01 8.884896288904349237e-01 9.248150577224781843e-01 7.286680956254270036e-01 7.117006378398630373e-01 7.933079301652417037e-01 6.389030882844554116e-01 8.953870184653299757e-01 8.592984209646759020e-01 9.343340505240681493e-01 8.670773972288997600e-01 9.156306908464914018e-01 8.887053128584960771e-01 8.914870044962673878e-01 9.491405539836675898e-01 9.246585098201942632e-01 9.342128120202822794e-01 9.522613689501029377e-01 9.162475048917984033e-01 9.100109464985494112e-01 9.155853340581768807e-01 9.406103200294492206e-01 9.237534792212935830e-01 9.004776959723626018e-01 9.283073390438439931e-01 9.106592423652813961e-01 9.073918311969517703e-01 9.177767176218715184e-01 9.140541118501405160e-01 9.322448632682215353e-01 8.979776183177340387e-01 9.287606198587089468e-01 9.428717482535788896e-01 9.339971280522211261e-01 9.436273119677806021e-01 9.100123818399517006e-01 9.548957945599922947e-01 9.421322603630836179e-01 8.711380737455997059e-01 9.280574939504067089e-01 9.207785906307647261e-01 9.283263812397819503e-01 9.242212091396089235e-01 8.971898072666926183e-01 9.051142314596888339e-01 9.369462761869343792e-01 9.348190045392118508e-01 9.038026164862134060e-01 9.317458429073347537e-01 9.141110470591007342e-01 9.257154952288912941e-01 6.911213347941166374e-01 6.606087994180596112e-01 6.367796920585192533e-01 9.273980024207363337e-01 8.765428039514684411e-01 9.152243935401970232e-01 9.244072293853545785e-01 8.715481986289670413e-01 8.843045561188639381e-01 8.992187101836403018e-01 8.711980710162182673e-01 9.376091168465436887e-01 9.308872216804436883e-01 9.243897182202458485e-01 9.326670450193687012e-01 9.079948659647961717e-01 9.162195635791657855e-01 9.020400172441167541e-01 9.118591877776534016e-01 8.966058146947862850e-01 9.383748236399886977e-01 9.099233906730054278e-01 9.260315574056906529e-01 9.321758711914814866e-01 9.464845982527428925e-01 9.009083940824970105e-01 9.207095985540246774e-01 8.778607344271143198e-01 9.464136923874663099e-01 8.977073913763832236e-01 9.267137273295183997e-01 9.175394078433481981e-01 9.237058258867353322e-01 9.097132566917001117e-01 9.073323123734673423e-01 9.103210759308857369e-01
9.467299459431194331e-01 9.121838620028669409e-01 8.209145211827965083e-01 7.884500650336716543e-01 9.613680360115086643e-01 9.232086236249581468e-01 9.218826552374591587e-01 9.171292829599808627e-01 9.438528519468045719e-01 9.499599425455608204e-01 9.409393002788698501e-01 9.488283193839411878e-01 9.345820775183958373e-01 9.409658062501000675e-01 9.331896049792540726e-01 9.180244575479186153e-01 9.245635859087849573e-01 9.296395272440866053e-01 9.164682603994811494e-01 9.221002529940567349e-01 7.954721857764317505e-01 4.934034393768972349e-01 7.225782769682124185e-01 8.176020402944328413e-01 9.038355336490407899e-01 9.207678734149604693e-01 9.093158585021003937e-01 9.135515509804612577e-01 7.510976494282407545e-01 7.951797588880578083e-01 9.216286954986684377e-01 9.198460971663655616e-01 9.523724643746455110e-01 8.965518458580575833e-01 8.989354694802415002e-01 9.087605727582411808e-01 8.991676120297162900e-01 8.220003091089675973e-01 9.583319061878124989e-01 9.358993381680539292e-01 9.375367756398648167e-01 9.282370073151283707e-01 9.274850797991460727e-01 9.269622327709801102e-01 9.056402362389399663e-01 8.946133694494585731e-01 9.147972359388550911e-01 9.464295768323190972e-01 9.035602351680683819e-01 9.299198015752538904e-01 9.279135770524635785e-01 9.449055313312945126e-01 9.211949353268755747e-01 9.662213080505911433e-01 9.435384164902611559e-01 9.240682017461174791e-01 9.456526743759356979e-01 9.202730633888539513e-01 9.494326938037610519e-01 9.475938300884857446e-01 9.333031883288941399e-01 9.155963383422616175e-01 9.421035535350364976e-01 9.425182715108912923e-01 9.242400599566932273e-01 9.303262902604019224e-01 9.198931763643629633e-01 9.364009421434649205e-01 9.348016847529566631e-01 9.274184799580765803e-01 8.965426596730824427e-01 9.163079806095510982e-01 8.954066347978288931e-01 9.185378313228289571e-01 9.362621924745702096e-01 9.277813342645928607e-01 9.327345060652795228e-01 9.254474691443574930e-01 9.458046291857320487e-01 9.418551437830015027e-01 9.402340692031775360e-01 9.498075092886303361e-01 9.208988722402824401e-01 9.324436102077348076e-01 8.977983920212927460e-01 9.131354933526308892e-01 9.614471711674921206e-01 9.281187351835740174e-01 9.330964991669544739e-01 9.339640195105400888e-01 9.428416060841293689e-01 9.287455966186975997e-01 9.466656426482936704e-01 9.355300726699403713e-01 9.231757064621307629e-01 9.528196210661936671e-01 9.250028960673335465e-01 9.157922145989702001e-01 9.434817683495814178e-01 9.296974193473150905e-01
8.198423211552344769e-01 6.312291311661708537e-01 9.040382038550538457e-01 7.251553846114343616e-01 9.271871029240164042e-01 9.355430864319884687e-01 9.249858633493588389e-01 9.409270520322363662e-01 9.308263632049836866e-01 9.207936138707760731e-01 9.093703057859632288e-01 9.365090711957758662e-01 8.897061285736473923e-01 8.897121570075373631e-01 8.776918425887700881e-01 8.672245675673549981e-01 9.212893807911508581e-01 9.281087834831843741e-01 9.308832984139439048e-01 9.247498932228110924e-01 9.100552507031688387e-01 9.164721836659809329e-01 9.162568824556271974e-01 9.182899957073550334e-01 8.979927372471722125e-01 9.366865750825342785e-01 9.400268059046769098e-01 9.487908091286261225e-01 4.608784596653062171e-01 9.161595663085472241e-01 9.356581051230308255e-01 9.613868868285929681e-01 9.372412866898325312e-01 7.213480936969641766e-01 8.903055271432724904e-01 9.509934840446859772e-01 9.316856542578625389e-01 9.257052564602211708e-01 9.271533245563474690e-01 9.498530574557985107e-01 9.465126352548022259e-01 8.441489665993395786e-01 9.629836562940037314e-01 9.175395992222018515e-01 9.109617166434718083e-01 9.545674841365594521e-01 9.120921915319696316e-01 9.194061171818291855e-01 6.157480172474628644e-01 5.291654488638012355e-01 7.331362177215432485e-01 9.233528275911818683e-01 8.262481541445350075e-01 7.774160693818918944e-01 9.234339722251285743e-01 9.110789361913311790e-01 9.419953287932986141e-01 9.265474191056984887e-01 9.274038394757725401e-01 9.144273006147537464e-01 9.364244817424636214e-01 9.426378832944212194e-01 9.379981900560098174e-01 8.943270666844014283e-01 8.532256828701494378e-01 9.280426620892490153e-01 9.166812650635912663e-01 9.339362695767611244e-01 9.038109414663469954e-01 9.498302833722144234e-01 9.516364213035158892e-01 9.413240674641287775e-01 9.439056725104113532e-01 9.251294931790216003e-01 9.408153824711328328e-01 9.335613584024650136e-01 9.236576941050428369e-01 9.609588680224095958e-01 9.452899157588462442e-01 9.218726078476425778e-01 9.211021165828563451e-01 9.433857918544770182e-01 9.283868569575346452e-01 9.280418008844075750e-01 9.491253393648025893e-01 9.239684933633669495e-01 9.241124102613100799e-01 9.170269909627061233e-01 9.467469786610940297e-01 9.416351537907333702e-01 9.400164714465799598e-01 9.526178120650220515e-01 9.375843332849963518e-01 9.375149584505489964e-01 9.474549847301642069e-01 9.451485824754273235e-01 9.434312443322183661e-01 9.454243594035338649e-01 9.354078772718862345e-01 9.504700628799591655e-01
8.923371093641712104e-01 9.274934047792797731e-01 7.080463064741708834e-01 8.465658901420581861e-01 9.284599636796281308e-01 9.181777520096905398e-01 9.142449165672273947e-01 9.314648987501797928e-01 9.178995828459134421e-01 9.270474920502802529e-01 7.747043267151287882e-01 9.170522529713875937e-01 9.002331137974006747e-01 9.245190903253117654e-01 9.225040623752536195e-01 9.169579988859660746e-01 9.047679314240131276e-01 9.343730918102123306e-01 9.139629198263773402e-01 8.979947467251354620e-01 6.879618134545310015e-01 6.403902933561528288e-01 7.121735349872267973e-01 7.080601814410603101e-01 7.598093105357173194e-01 6.954532429911489677e-01 6.852875331983695473e-01 9.186595482737489604e-01 7.713681626936262914e-01 7.675469011228397420e-01 7.586575925944646359e-01 9.392211966202462792e-01 9.255819127890451137e-01 9.344942346245714848e-01 9.125224111949700179e-01 8.972045434384235962e-01 9.254868931882089811e-01 9.229436596020827999e-01 9.166027997335955968e-01 9.170824908302639411e-01 9.060801205340495157e-01 9.220088695914399057e-01 9.149804811912228830e-01 9.289988865315004229e-01 9.302410309811017797e-01 9.332263497191545243e-01 9.017920859392160038e-01 6.895187761183830810e-01 8.725475790027160672e-01 5.407055937387661437e-01 8.431616430933703832e-01 8.397206513047822396e-01 8.237547747497842021e-01 8.163788423513427261e-01 8.488838708174408776e-01 8.626828603020112451e-01 8.256812899800300976e-01 8.660567738023958739e-01 4.916764844462925277e-01 4.923302346103535232e-01 8.575730449096138353e-01 8.363979316477483383e-01 8.334302197642312615e-01 8.349784746902423338e-01 9.393145895008264690e-01 9.238590246590804300e-01 9.354168720780077217e-01 9.244686619973755404e-01 9.489748198964085280e-01 9.259449584744150474e-01 9.325104014276579534e-01 9.348128804158950533e-01 9.534196894618065521e-01 9.581164135986049990e-01 9.456816682722632983e-01 9.528498589250701256e-01 9.448149134440922969e-01 9.476344980948858687e-01 9.531012350493365259e-01 9.525627906445983673e-01 9.475232112914896421e-01 9.497915291543507221e-01 9.599252308338576123e-01 9.602056965438785507e-01 9.383613314308065778e-01 9.547635517721216880e-01 9.316274750863535736e-01 9.345657146264089166e-01 9.301949086773726449e-01 9.539802381241410112e-01 9.466102384701626793e-01 9.439153371425206274e-01 9.438233796033428380e-01 9.610693893103912089e-01 9.287398552530881091e-01 9.426866849021013905e-01 9.390537401233044479e-01 9.636353012906746507e-01 9.363974016346724438e-01 9.454412964320816348e-01
8.354506063221915912e-01 9.071984428653406818e-01 9.117644552450977491e-01 8.817875414356874941e-01 9.312934232973112403e-01 9.283679104510235147e-01 9.067868826405709459e-01 9.182640638726857762e-01 9.075652204383567456e-01 9.063437449049493999e-01 8.912677800194138689e-01 9.204450172888565262e-01 9.320894636390594234e-01 9.191380910972953844e-01 8.944872507849046528e-01 8.917090996559257077e-01 9.322291702022224014e-01 9.340869804240088392e-01 9.473023600943800693e-01 9.297401925211054019e-01 9.672537012765943798e-01 9.290334304145838606e-01 9.345586336088239632e-01 9.245356445961523395e-01 9.255063181418541340e-01 9.343913684907356743e-01 9.256923383875999001e-01 9.332277850605568137e-01 6.422669065503101571e-01 5.916097851945678610e-01 6.278161285349286302e-01 6.590333208501171214e-01 9.375974427364711650e-01 9.541954436450680310e-01 9.363779766810271799e-01 8.459169244493384143e-01 9.262641784022996871e-01 9.469564428164115588e-01 9.465799049218595052e-01 9.305709681247906762e-01 9.203011960803402225e-01 8.992676074807472997e-01 9.401592400714011699e-01 9.298733922032442756e-01 6.251290258955727319e-01 9.497455982294752408e-01 9.464096734315396997e-01 9.478232933340094979e-01 9.107550274815321423e-01 9.442769474864881607e-01 9.515629318237152079e-01 9.346483902911847386e-01 8.999080568144798287e-01 8.982534909352674068e-01 7.629053419406052194e-01 9.157231268328033247e-01 8.326198260084595182e-01 7.663555677588819171e-01 9.381475612512819584e-01 9.329684667138640197e-01 9.261690631120366168e-01 9.400312076183108267e-01 9.245480842216394768e-01 9.375739031374724641e-01 9.453165174195032883e-01 9.322284046868077878e-01 8.834841149732756138e-01 8.996072092565453593e-01 9.257451589512066814e-01 9.066936811388445205e-01 9.164632845492863833e-01 9.011807261912379019e-01 8.806342924636055836e-01 8.387892104240781688e-01 9.244353620768408497e-01 9.094387237261423174e-01 8.819405488291789386e-01 9.216551057804718283e-01 9.025047807902005781e-01 9.185974458357402117e-01 8.466183279479576607e-01 8.632663744267834449e-01 9.129974135097239651e-01 9.170894761584220678e-01 8.900641027193957333e-01 8.907912466738306945e-01 9.214953044376759106e-01 9.240460974885211787e-01 9.107469895696789219e-01 9.466863115644876814e-01 9.162778384401015774e-01 9.586590683381235323e-01 9.459345754273589257e-01 9.252394403304422532e-01 9.480931375176530063e-01 9.313538990150640462e-01 9.409698252060266777e-01 9.458208006988653160e-01 9.272611665403780457e-01 9.356071026585336403e-01
9.260617952645670004e-01 5.972577579234229495e-01 9.395897922923720502e-01 6.633141787379388532e-01 9.146234639397428090e-01 9.178970949208159480e-01 9.007560565149933529e-01 9.042985747854417333e-01 7.266300065235042904e-01 6.928757047455064155e-01 7.461499797695964054e-01 7.329077592150010645e-01 9.524279642422034398e-01 9.224090427744174869e-01 9.391530657483476707e-01 9.397690185888132319e-01 9.323342371928751149e-01 8.220377236748557248e-01 9.184172626450308741e-01 9.344084012087103819e-01 5.260834838046564155e-01 9.256352117997860285e-01 9.367067655515941560e-01 9.281350980755609381e-01 9.145193538433583624e-01 9.391703855346028584e-01 9.420103520333099612e-01 9.115284851185498916e-01 9.253739796645567006e-01 9.081095975875580484e-01 9.330784138652846726e-01 9.080371606914523497e-01 9.372272203440894511e-01 9.127751269712119919e-01 9.610055644626996907e-01 9.223361274311776548e-01 9.054940227947529952e-01 9.413601423780414423e-01 8.276637835249681663e-01 9.625761150251607168e-01 8.570400548022045761e-01 9.162659729511754003e-01 9.214436321471909386e-01 9.336196332634008055e-01 9.394494159032213965e-01 9.221014969566054820e-01 9.212378998795195395e-01 9.349445490672048109e-01 8.986472529266478215e-01 5.989191655966532579e-01 8.367165774390720179e-01 9.444232566201019585e-01 8.646299487590243249e-01 5.184662705164784224e-01 6.137706430868599128e-01 6.147824630860960760e-01 9.197199785018116414e-01 9.213689943942683369e-01 9.144139040949984532e-01 9.379935012740954203e-01 9.257351115613902115e-01 9.134073470142376472e-01 9.397640427386184658e-01 9.544367723795179614e-01 9.477707598386831966e-01 9.427959622275343676e-01 9.361383703562600189e-01 9.444550255098075331e-01 9.213923426144133844e-01 9.383743451928545642e-01 9.379182893846117475e-01 9.470474434613211923e-01 9.458410868573520203e-01 9.517467512126439599e-01 9.393507601041658495e-01 9.075876117642335261e-01 9.143094112409066998e-01 9.432209189720593967e-01 9.448130953449825897e-01 8.992054093533117243e-01 9.450629404384198740e-01 9.375561049040832540e-01 9.372924805331833698e-01 9.448926132586732418e-01 9.538706737304276650e-01 9.528940674402627264e-01 9.318515797239752541e-01 9.316576172558030944e-01 9.359023045402854457e-01 9.312644294009836399e-01 9.317130214339341965e-01 8.912221361628188676e-01 9.387866709330389137e-01 9.143402232363440074e-01 9.437709417974432524e-01 9.240670534729955587e-01 9.487702359018590492e-01 9.337903432008546334e-01 9.548297688554838736e-01 9.513025608933273203e-01
9.315419287387729508e-01 5.729177647140696328e-01 9.145671985567703777e-01 6.971546488447917245e-01 9.543414657104013488e-01 9.527676617074283261e-01 9.456872182590191356e-01 9.525788664683046969e-01 8.109778440331201210e-01 8.001108742758614722e-01 8.119466994797123194e-01 6.626976039161989185e-01 9.297418192413613447e-01 9.342732877380349743e-01 9.323926077432376225e-01 9.354940934454545332e-01 9.422179024000910674e-01 9.542424271536386060e-01 9.450148086567273786e-01 9.373854906560562528e-01 9.091303167034888721e-01 9.239245719164547177e-01 9.339644022682473956e-01 9.301284045257300903e-01 9.175615121009444985e-01 9.135772914362768615e-01 9.324215059501385072e-01 9.158979514156105894e-01 9.399881473762400352e-01 9.406654371392997316e-01 9.196044813636352622e-01 9.258573069594443483e-01 9.183560214118635656e-01 9.205259705439495788e-01 9.071945195988408983e-01 9.148717780023508661e-01 9.741889838645118038e-01 9.560753581244507693e-01 9.503476761030513753e-01 9.305632172812179359e-01 9.098657856380574227e-01 9.074810137427516965e-01 9.262086785347417583e-01 9.028134748811345034e-01 8.230949961518332358e-01 5.834599645566879156e-01 8.604416225469413426e-01 9.256958788963923768e-01 9.172333930563653093e-01 9.130303306725513490e-01 9.012089545721509998e-01 9.414345887521103906e-01 8.765345746607615673e-01 8.858366395317417430e-01 8.825878878016427675e-01 8.685612531706583539e-01 8.584424790417359841e-01 8.762418607041071450e-01 9.425831489422779041e-01 9.546876700566503393e-01 9.437501771918225257e-01 9.325349936103516368e-01 9.379632634152190729e-01 9.471715526479117520e-01 9.301982578073114682e-01 8.633400552854378907e-01 9.219586326423573341e-01 8.870762003668187790e-01 8.791135004030929956e-01 9.518372734104193489e-01 9.274856539357070329e-01 9.413432053494935614e-01 9.247613759540299627e-01 9.437255850091287313e-01 9.495807253470576192e-01 9.319960707584793447e-01 9.207125649262561939e-01 9.353690273645957065e-01 9.377634638920107069e-01 9.446567388215523220e-01 9.201128792883507268e-01 9.306426395054817613e-01 9.304870484974661071e-01 9.423444038223522945e-01 9.203395675404966170e-01 9.498040644692646861e-01 9.502630866497390194e-01 9.524124625550579593e-01 9.744976779554457291e-01 9.290828061588251030e-01 9.342407533329148972e-01 9.414890360359732258e-01 9.238331885138378885e-01 9.160308640294690941e-01 9.134393072827967641e-01 8.816655374164870107e-01 9.370338320124782516e-01 9.275346469222408574e-01 9.429865755657675930e-01 9.558935482134853778e-01
9.128201966912460330e-01 7.852801135465622417e-01 7.283018443442584866e-01 9.381010561898455169e-01 9.306676144458828626e-01 9.309364060458312773e-01 9.375587842080342904e-01 9.321467816057270594e-01 8.818881110232794640e-01 9.077698044329063354e-01 9.158994824464398166e-01 8.888440625273907880e-01 9.085050819886213436e-01 9.332241488623375103e-01 8.874062331999345021e-01 9.133625643624839752e-01 5.494324216203942957e-01 5.762186671817876027e-01 6.126191643691742961e-01 5.474699750103758644e-01 9.296214419424169151e-01 9.210601089244806472e-01 9.110889835811476489e-01 9.200070467822833997e-01 9.131524303811786591e-01 9.208749498835764324e-01 9.362309020319987685e-01 9.206378314839067656e-01 8.894043241214447670e-01 9.044620123264569544e-01 9.067287991584889184e-01 8.964583572880505669e-01 9.394202306280400316e-01 9.209883418543627354e-01 9.308455967797752972e-01 9.259678282474259614e-01 9.366061959640021861e-01 9.418480627654165493e-01 9.235827692838397551e-01 9.405656330671223753e-01 9.250608838599888584e-01 9.185510364637307079e-01 9.144082584188157892e-01 9.113760518616194073e-01 9.212808644321635043e-01 9.195877357139410346e-01 9.254130209507008820e-01 9.118344042161059537e-01 9.405756804569389562e-01 9.034716267588294158e-01 8.986063935413939330e-01 9.456001408806093966e-01 9.399145622070124162e-01 9.261130847973446656e-01 9.257322408785854106e-01 9.256322454275545120e-01 9.168879542255309323e-01 9.042767575961259130e-01 8.880872548506403286e-01 9.508264103054514527e-01 9.358533115537516212e-01 9.508776041488022912e-01 9.372801365971230592e-01 9.246621460184135666e-01 9.423203857762194602e-01 9.274600091693181447e-01 9.504078647525235901e-01 9.189995328072543268e-01 9.288335352019487789e-01 9.150535879133163686e-01 9.155536608578981328e-01 9.133770134659344730e-01 9.340301409044754477e-01 9.134478236417841179e-01 9.459255806212375495e-01 9.355513157226953425e-01 9.447140567882198470e-01 9.364133817689519468e-01 9.210157090304343930e-01 8.411353237909470204e-01 8.813052667244949401e-01 9.785466803620731513e-01 9.521541011026333212e-01 9.399156147907075098e-01 9.192940648630184564e-01 9.582485606970488901e-01 9.488098513245641907e-01 9.457957300690374991e-01 9.415314264520562304e-01 9.334226087335703026e-01 9.053291499123353736e-01 5.471120965540544612e-01 9.060640447103430750e-01 9.224855943158766225e-01 9.051403546732117444e-01 9.312296941390465488e-01 9.450130862470446091e-01 9.030062890761847427e-01 8.967955668281780701e-01 9.180368971734057526e-01
9.102018469050631166e-01 9.192693769908978352e-01 8.618141916853037099e-01 7.171099132935058185e-01 9.647800339037692074e-01 9.451592996912315803e-01 9.219666705542105545e-01 9.310797488072134476e-01 9.378072896494960009e-01 9.199482934742135853e-01 9.475680896326701408e-01 8.962572181128667381e-01 9.627322801697373311e-01 9.417538086799950303e-01 9.532729975704854475e-01 9.482434656071933032e-01 9.164475914832872494e-01 6.908294820423037663e-01 8.488539200268450102e-01 7.188004583972040784e-01 9.662148968589939768e-01 9.332437651948364277e-01 9.272985811062661732e-01 7.830338042518706354e-01 7.221563344406324303e-01 8.089735332988662320e-01 9.400521636027852068e-01 9.219073431095796689e-01 9.082334197058682390e-01 9.273588654451653257e-01 9.336102556995720114e-01 9.300284090746990806e-01 9.397026101265975040e-01 9.337507277781496029e-01 8.860215115043655887e-01 9.203058848622545085e-01 9.073831234591108741e-01 9.131916630461764939e-01 9.328137369106896948e-01 9.067465973918781286e-01 9.265926802045861832e-01 9.096947886323231147e-01 9.151044946883867270e-01 8.079624788150446824e-01 8.146455240738541548e-01 9.276980844632560785e-01 8.405256864526517990e-01 9.329261719872078418e-01 9.540951611257565412e-01 9.228462477655759999e-01 9.253632624487524438e-01 9.323935646375058894e-01 9.478873095605546695e-01 9.337047968532741216e-01 9.350682754960881748e-01 9.439936110936625324e-01 9.259714644456452648e-01 7.687432103369924441e-01 8.390367589712716123e-01 9.426197023033247024e-01 7.834969410776985166e-01 9.636936718410372693e-01 8.818998808227788144e-01 9.486729197547790760e-01 9.444850719898302271e-01 9.279978794374954543e-01 9.631363766192148068e-01 9.484294858529390693e-01 9.357862332655479953e-01 9.284532654197504842e-01 9.167301623606982641e-01 9.555201680700183831e-01 9.383489874947462672e-01 9.422006783032627064e-01 9.456639657283009148e-01 9.225471226173244110e-01 8.920197075353961669e-01 9.019958087289240423e-01 8.921384581140846537e-01 9.005419992671882534e-01 9.622876114032865580e-01 9.558676163788161206e-01 9.502011755905839241e-01 9.389469507229689649e-01 9.371093309702424046e-01 9.323929905009449293e-01 9.548812497671150812e-01 9.395546742727276524e-01 9.236988405585770945e-01 9.441389633330080633e-01 9.446151139208839309e-01 9.435070303582628881e-01 9.523088309058076462e-01 9.511340518126903953e-01 9.512256265941608779e-01 9.563303704469365840e-01 9.452962312610165840e-01 9.483817368289538807e-01 9.348862742062690190e-01 9.331600369463655120e-01
9.585965831424074768e-01 9.165570601875737689e-01 6.350976154690949338e-01 7.731790850962689809e-01 9.028042886961593627e-01 8.963865902179326550e-01 9.260996882775893724e-01 9.262543223913367596e-01 9.222677094909985662e-01 9.299198972646807171e-01 9.195198919103229063e-01 9.675076610153851009e-01 9.469077368981582143e-01 9.537502007420562977e-01 9.243580450199671006e-01 8.986096469819060406e-01 9.528574183897892125e-01 9.471438984035597253e-01 9.186103639083614825e-01 9.556873374986798453e-01 9.481894967704646016e-01 9.278446806651503564e-01 9.486869861005222671e-01 9.520602297749191090e-01 9.296039307773080740e-01 9.262525999816539901e-01 9.405618054900494185e-01 9.227309420062531631e-01 9.208458602978218943e-01 9.151642048907248084e-01 9.322465856779043047e-01 9.316089113375497499e-01 8.763590802519665157e-01 8.853210649000144983e-01 8.764945764803491191e-01 8.896981863512211097e-01 9.376440434873344332e-01 9.408007419888287926e-01 9.321560634801289158e-01 9.216153946683398601e-01 9.425052577488433059e-01 9.351298994869627901e-01 9.329481805553773155e-01 9.287532517728435133e-01 8.524248580570600309e-01 8.875539776749505894e-01 8.956149506800246130e-01 8.889613777646768744e-01 8.466136391660433747e-01 8.874732157987113013e-01 8.907456028172356932e-01 9.087055513378173854e-01 9.261017934449794486e-01 8.961033495145338534e-01 9.288064550941576014e-01 9.088608552775526706e-01 9.518811948573315806e-01 9.314792521642033529e-01 9.384834311394338879e-01 9.223230179797028416e-01 9.136896308233681818e-01 9.187357170575007892e-01 9.266080862023048370e-01 9.301784500959588975e-01 9.347617822619711525e-01 9.336694874547760703e-01 9.404904211776388134e-01 9.533309853631407593e-01 9.575230434628698717e-01 9.242116401969265871e-01 9.336353263293999394e-01 9.191192402802110806e-01 9.323106975938764140e-01 9.237979748047667750e-01 9.317299584624819664e-01 9.211364690870861294e-01 9.564608908251244213e-01 9.420539864119417128e-01 9.694856571572624260e-01 9.471149045072320138e-01 9.439733249351758282e-01 9.509628634281023229e-01 9.522957214543327220e-01 9.446383664516021517e-01 9.304414046408711059e-01 9.484156108860495316e-01 9.465723454571404183e-01 9.389698204959798788e-01 9.094845589615909720e-01 9.051623632413813292e-01 8.990780467262090569e-01 9.115059024138194577e-01 9.182457871921623216e-01 9.305558491953525024e-01 9.339283273543347308e-01 9.437333358527014715e-01 9.405649632411345884e-01 9.682033231483950786e-01 9.322240986626006976e-01 9.368461850464765428e-01
8.950252167425087890e-01 9.086289041069314232e-01 8.986067762991012398e-01 8.036199012469215086e-01 8.669798897029662443e-01 8.755946174210701427e-01 8.860900251339715039e-01 8.288963590318870756e-01 8.925882941095839573e-01 9.198025584771607477e-01 9.220804452827041642e-01 9.351192779605852490e-01 9.296227815943924888e-01 9.326422614578212533e-01 9.423082332190128030e-01 9.332883564677363353e-01 9.158131705834445802e-01 9.270869160941317411e-01 9.103212673097393903e-01 9.198467669923533485e-01 9.103938955846987424e-01 9.154459145632943828e-01 9.240600681448374321e-01 9.390860831495709826e-01 9.305193915237325308e-01 9.173200876770677414e-01 9.112665831573328878e-01 9.009152837212284215e-01 9.164946706812846511e-01 9.172897541287645673e-01 9.126553238088284115e-01 8.625448761485311477e-01 9.236016201009240589e-01 9.188753279312369404e-01 9.107599076423001927e-01 9.438120882509776211e-01 9.269741939493331140e-01 9.399010699978302963e-01 9.497572723395477645e-01 9.156448528816613086e-01 5.306772461181923362e-01 5.929477147604198528e-01 6.810660984446054167e-01 7.428726169008771363e-01 8.678433910906252491e-01 8.939012487350349589e-01 9.322806511138537200e-01 8.989602530417888371e-01 8.889544881259455744e-01 8.961691838401887322e-01 8.165165394365423435e-01 9.380789519322492165e-01 9.590957948821479118e-01 8.253369037328908142e-01 8.567876260942430822e-01 9.275554115278615841e-01 9.257672632088029818e-01 8.922179760277754168e-01 9.367989144696255988e-01 9.624982238317260075e-01 9.201530688476167175e-01 9.309855904112187552e-01 9.212382826372268463e-01 9.320300405050018222e-01 8.985654384667133288e-01 9.169455592604789373e-01 9.315581002519062181e-01 9.193222932439314432e-01 9.142179321488630439e-01 9.318865063647658875e-01 9.325167169298282932e-01 9.421075724909631077e-01 9.391835906755044983e-01 9.330562139182615455e-01 9.358381926243134474e-01 9.159386194220108246e-01 9.100936221633252332e-01 9.145128469623343692e-01 9.357842237875847458e-01 9.163662554704868901e-01 9.370945947985115376e-01 9.312765819581902971e-01 9.309762128473899612e-01 9.614885089998800316e-01 9.594223828958978739e-01 9.579412062580904275e-01 9.374619465080885616e-01 9.229785862428734333e-01 9.374120923167132968e-01 9.387780588846247332e-01 9.408688728607274010e-01 9.314386798472299445e-01 9.158705842395390428e-01 9.423092858027078966e-01 9.391934466864674258e-01 9.226994601848280686e-01 9.148199143330123517e-01 9.449046701264530723e-01 9.221399641061885921e-01 9.307335444609645680e-01
