5.409523635470505809e+01 1.472989121187817041e+01 7.767458590955445175e+01 1.725796850657824422e+01 7.947298679026690138e+01 8.272171096187649653e+01 8.475927091258944301e+01 7.642259134559920142e+01 7.786344685662876941e+01 7.993089409777611820e+01 8.548878461267008788e+01 8.815408179940600064e+01 9.195095658085563173e+01 9.284969274419727014e+01 8.516255841580304775e+01 9.754539046973893335e+01 9.816529140400163556e+01 8.815405576518087116e+01 8.891658954078501154e+01 8.975228816704316159e+01 9.268716107679135519e+01 8.064687000079588586e+01 9.711501869432854051e+01 5.002551421595342163e+01 9.296410448551178263e+01 8.969687865791898673e+01 9.034437587080579135e+01 6.210831484252756240e+01 7.316030334270361379e+01 9.635232871337370852e+01 1.606514756679534983e+01 8.461718478997548232e+01 8.695313167283029543e+01 9.220763668435992599e+01 9.226229987903074914e+01 1.941510582277269137e+01 7.749516670812259633e+01 6.803346149307309076e+01 4.858621641939336655e+01 8.311645923925168233e+01 7.060849802132808861e+01 7.320590879655245686e+00 4.232686408198240713e+01 2.858943658290487377e+01 5.161348045504454518e+01 4.668603473558570727e+01 5.375511655970053226e+01 9.358739854711474493e+01 3.500539563198883997e+01 2.326047368754040079e+01 2.741218410974198960e+01 7.093542714227329782e+01 2.566181203533302480e+01 4.763731664328864213e+01 2.207785816400340195e+01 3.377487279519890251e+01 8.673989401297136226e+01 5.257201723348010347e+01 3.014156020256606183e+01 3.540658304104299248e+01 3.564016861734967989e+01 5.013112205014084566e+01 4.488899197361686078e+01 2.164540798962116241e+01 7.382264874198220639e+01 2.159143253239718518e+01 3.837067285992882404e+01 2.562903060687310841e+01 4.237973091512015600e+01 6.358766195539271848e+01 2.776864688956376170e+01 1.914634149977655042e+01 6.979583534526102540e+01 2.020702356045896408e+01 4.377804650230841332e+01 2.339679973784721412e+01 2.478299422372471028e+01 4.339476196205977487e+01 2.943957118699044884e+01 2.093681495894085387e+01 7.585677217497969593e+01 2.864292172888914578e+01 4.998692281625487510e+01 2.036505130691961796e+01 5.351352762868910418e+01 5.589074743642951404e+01 3.972857031262282135e+01 2.548305670664165845e+01 6.943211552518786789e+01 2.986601613344568307e+01 4.277367213151671876e+01 1.419555935177839245e+01 5.446815927335710228e+01 9.331977539098623708e+01 9.313340505144812198e+01 9.673044112089908708e+01 8.834253487695346507e+01 9.880234889261650721e+01 8.622103190638802062e+01 9.177762938810117532e+01
5.156768625306360576e+01 3.228346749706701502e+01 2.562469590839111433e+01 4.947753716761415888e+01 4.619848746278069029e+01 5.233157380837382533e+01 4.751167547287362680e+01 5.233048904899394671e+01 4.693793755878101592e+01 5.263607010534315123e+01 5.448401845549091860e+01 4.949200351870420889e+01 6.289067801959586745e+01 6.158300926522775143e+01 5.944572955424135330e+01 6.278554747953559456e+01 5.826350237456234993e+01 5.699114904656554614e+01 5.813596070571379215e+01 6.077651236147591618e+01 7.245893697901205144e+01 7.060825937426452015e+01 6.341677330172423410e+01 6.437656406200292736e+01 6.647188528017564124e+01 7.180011921723684054e+01 6.545579116904374928e+01 6.804892148375510885e+01 7.060479248328643109e+01 7.320995928807691655e+01 6.963296957196611459e+01 7.577256881287603107e+01 7.773956733544667941e+01 7.560930818716684598e+01 8.014128534902225454e+01 7.677263018037334064e+01 8.221462500312111388e+01 7.907800420486566395e+01 8.200488460750290187e+01 8.550839706225828252e+01 8.608389228654630188e+01 9.764400811448241768e+01 8.840569390708749609e+01 9.817487199884472204e+01 8.791359498392452565e+01 6.758584638256014898e+01 8.984431047475699472e+01 9.128888020190325392e+01 1.948033457380352473e+01 9.365861083088499583e+01 9.149706722208948406e+01 4.882648628299886440e+01 9.466307198242706988e+01 9.741048111518223607e+01 9.711363888039733183e+01 9.509431156534137131e+01 9.221972524288928241e+01 8.988892445853262814e+01 9.354049355152881162e+01 9.537653124368551971e+01 9.892448412071574637e+01 5.176793717362664182e+01 7.702836437369838052e+01 1.097391185904994160e+01 8.380843158671349613e+01 7.752102737173889757e+00 8.562537751378435757e+01 1.242401602855234444e+01 6.499316298871328890e+00 6.408267020321253504e+00 1.016258126750136803e+01 3.757181266221132887e+01 4.141300637288527042e+01 2.942547582360831271e+01 5.085460014903183890e+01 4.613178343899322442e+01 5.328654823700586718e+01 3.487415059461738309e+01 8.701955365917899599e+01 2.489061754083994771e+01 9.269313159241821154e+01 9.725723498806809175e+01 8.899434509313468311e+01 8.983768042542718035e+01 9.718346267216134038e+01 8.975232287934332476e+01 9.288104662931326061e+01 9.807374639041495357e+01 9.498509799097523398e+01 8.902964750239343061e+01 9.130296471769159439e+01 8.748588737755110856e+01 9.238640503016385708e+01 9.377607725461324151e+01 9.447116503101406693e+01 9.077779365055488370e+01 8.545980852011477680e+01 8.721470621065660112e+01 8.812157373030980523e+01 8.987109969240246699e+01
3.548289803293618405e+01 5.166305829774249503e+01 4.036278139262488196e+01 2.425004543183428041e+01 5.664526267069759058e+01 6.089274215951110136e+01 6.311229002186746584e+01 6.283952944531585416e+01 5.364769500782995237e+01 6.487658172863902450e+01 6.285502414829803541e+01 6.061809844067602171e+01 6.628301131598877305e+01 7.479722260308987813e+01 7.611304440895716539e+01 7.737024581793582456e+01 8.045182158621874180e+01 7.751234061862483316e+01 8.610183854572700568e+01 8.222157614122737357e+01 7.770093254537293603e+01 9.091600935170144737e+01 8.269073023398716771e+01 8.839218214425173414e+01 8.704569202119654392e+01 9.011504905982451419e+01 8.996838091358993950e+01 9.375669911305109849e+01 9.306628881909630024e+01 8.997183478745547802e+01 7.891077769886364024e+01 8.030340914690133047e+01 8.297599591667001562e+01 8.156933202129421545e+01 8.679961652538993633e+01 8.773507830229672777e+01 8.053395088838809102e+01 1.431128473670193557e+01 8.473520661050622493e+01 1.007499172051747678e+02 5.275783651525323847e+01 5.288419796589649025e+01 3.758085521640199289e+01 7.410000002022945864e+01 5.271123091325615206e+01 7.112900679265007575e+00 4.155982204639550304e+01 3.120412757505070189e+01 5.152699042016809727e+01 4.775035290970946988e+01 5.475013162656264143e+01 3.392923405495557176e+01 2.251687113263390216e+01 2.652644770280881303e+01 7.314410137660576083e+01 2.493808227226589835e+01 4.550159030773422586e+01 2.477937546643343936e+01 3.955811990174380099e+01 5.219775789127205456e+01 2.878381027714772600e+01 3.518206605315208435e+01 3.963516385194026981e+01 8.989459991960814023e+01 9.583771886355948766e+01 8.948790193290420802e+01 8.757935892379644827e+01 9.213271886254801757e+01 8.891343939954583675e+01 9.300470052054434689e+01 8.577894472967494721e+01 9.049470616470684092e+01 5.333504132032394551e+01 9.531351106275211293e+01 1.004001994591770739e+02 9.375396551941379641e+01 9.140040214422977272e+01 8.863035191369779398e+01 9.182788412065217187e+01 9.391582897504170546e+01 9.984235543951844249e+01 9.702572998025200945e+01 9.453966107729709734e+01 9.809316792235229343e+01 9.571855153712358799e+01 9.130278247811577330e+01 9.678829784718426765e+01 9.098974695530804979e+01 9.358525506258010296e+01 9.648208329135721328e+01 9.822592511429931506e+01 8.795878172065272338e+01 9.391326894290519078e+01 9.418261035789143421e+01 8.936546297217860513e+01 9.713207111178022046e+01 9.174799376184290622e+01 9.427558725385955540e+01 9.702793421131191565e+01 9.583469889344591763e+01
5.839315715468291046e+01 2.364519878824551924e+01 4.476809337121067500e+01 3.228659811263734980e+01 6.351532586090492316e+01 5.563662302602421050e+01 5.202197046424403482e+01 5.839950516657395951e+01 6.131863604820135549e+01 5.674664428234100200e+01 5.691610105362805427e+01 5.701855440753878668e+01 7.514477083032781479e+01 6.754833974224148108e+01 7.164415685263547573e+01 7.310070232333559659e+01 7.078242834029775565e+01 7.774594572060036057e+01 7.606206071810288449e+01 6.568784289558728062e+01 8.269602385976098446e+01 7.592583229614027118e+01 9.334226028341235804e+01 9.897108538367531594e+01 8.634859093138665287e+01 9.032596099557298430e+01 8.699811013575755680e+01 9.400413706663883318e+01 8.952517426519682431e+01 9.986053600672519792e+01 3.959443764578212210e+01 4.684052182743043602e+01 6.993967660855163082e+00 8.941234193353942317e+01 9.199956247914920482e+01 8.585345468196001661e+01 5.751694493510506589e+01 8.289726841991597439e+01 9.187655944354605708e+01 8.285319247679277055e+01 9.422574906891043156e+01 8.451596372272028646e+01 7.003455183343453427e+01 1.610855963717807526e+01 8.401209190600749110e+00 9.294030052567973144e+01 2.028660150856682876e+01 4.585999046780846555e+01 3.124363451166586358e+01 8.469540895837725714e+01 5.329645425966291583e+01 4.625721633560729629e+01 5.379710976481437967e+01 3.480939479867617337e+01 2.351605167551474196e+01 2.864763392363533967e+01 7.110628108364163324e+01 2.318813542353384349e+01 4.652065232052947863e+01 2.252129261186628639e+01 3.545011009591998175e+01 4.997209198601318292e+01 3.030845260267907904e+01 3.542225998360099481e+01 9.458505608782623142e+01 9.428132346146034592e+01 9.786489983652576541e+01 9.352376222285357699e+01 1.042109418045390754e+02 9.734793822837598043e+01 9.325382202068963977e+01 9.857867150848562687e+01 9.658207207195687261e+01 8.939140173847025039e+01 9.456303113337719424e+01 9.734884074818003796e+01 9.966074068510171458e+01 9.149563533970804485e+01 9.607037805535576069e+01 8.825720336509473896e+01 9.443153226231083863e+01 8.883367053378711375e+01 9.607668701590914395e+01 8.676250039844802586e+01 9.300150698892997525e+01 9.030982845407544346e+01 9.179942871259920878e+01 8.503402744640003164e+01 9.292001986431353089e+01 8.571175039464776546e+01 9.393057302453301816e+01 9.609623004089702647e+01 9.207894950960621827e+01 9.085467271732561301e+01 9.649930927030968064e+01 9.216946183226325218e+01 9.153938151597976969e+01 9.604583645914540568e+01 8.676178011821977520e+01 9.593109495097939998e+01
3.644712545907858470e+01 3.630881863814411759e+01 6.398409811836300776e+01 3.147363604298143613e+01 6.701982327717723820e+01 6.529002257964828004e+01 6.595489763780074099e+01 6.681139760992743959e+01 6.833403530012478200e+01 7.444118721846378151e+01 6.907227046561963846e+01 6.967720605947754109e+01 8.398163728641740988e+01 8.763520233667257742e+01 8.829226278825240115e+01 8.415416609626828404e+01 8.722345371029594219e+01 8.711712993491779855e+01 8.916636189655824296e+01 8.833567919767264698e+01 8.067147234353151930e+01 8.339561555710706386e+01 7.715627919977362126e+01 9.274916592294519546e+01 5.646100978146899507e+01 6.966847591598829048e+00 9.481090299071688321e+01 1.247561260845625064e+01 8.844509236776467276e+01 9.445594368739561730e+01 3.469547336860136255e+01 7.288734317042610655e+01 2.079754053263953395e+01 9.446385809183121296e+01 8.734407895333839633e+01 5.458973476561632765e+01 8.955062705928628475e+01 4.306533355550332232e+01 9.101550348202387397e+01 9.436431189305854161e+01 7.620816478945992856e+01 8.565281758705775417e+01 8.834000955711711356e+01 6.320449456915710584e+01 7.931900302677443904e+01 4.315283458612181988e+01 2.813525867814367487e+01 5.595745146021698702e+01 4.747921513319015219e+01 4.968749017607081697e+01 3.783200304706891615e+01 2.179886456005500861e+01 2.718672338119058907e+01 7.519598882920814731e+01 2.674951762168696590e+01 4.881154263778166325e+01 2.123482656433726845e+01 3.401888724818374499e+01 4.769549879738778486e+01 3.125429335733254632e+01 3.433161903836510476e+01 3.876073497678294189e+01 4.775003182093302456e+01 8.457098271846771809e+01 4.084995550820321597e+01 1.807743587823528131e+01 7.682275474179874664e+01 2.152937778731187279e+01 3.740687282898209531e+01 2.273687769102327749e+01 4.357860698176152425e+01 5.818202392802093925e+01 2.848965173706863752e+01 1.723713678744706357e+01 7.303629365039594745e+01 1.926857869525750644e+01 4.831371618509292887e+01 2.389143699795910791e+01 2.816286146532405610e+01 4.038982227444648743e+01 2.816314350276282497e+01 1.931795911174831915e+01 7.643150372866428199e+01 2.561724578097011218e+01 5.075080603252757783e+01 2.280970843578829843e+01 5.491013363509467382e+01 9.226562358177069711e+01 5.548512119199290282e+01 8.823956083854039889e+01 3.833323130517295141e+01 2.329529446363449097e+01 6.492199409531824017e+01 3.226036863083189132e+01 4.706793078382809625e+01 1.407664260475924500e+01 5.547568378538796452e+01 4.970252928011345261e+01 5.253916204138235457e+01 4.448203364466176168e+01
5.003031753048752250e+01 2.821907152687058229e+01 4.681907830400900394e+01 3.095263912993850042e+01 4.763455701542623189e+01 4.344379742506778541e+01 4.641275347453175470e+01 4.699302597912875257e+01 4.592027705510457025e+01 5.249800627050977653e+01 4.565260616956334871e+01 4.717160340728181467e+01 6.711490026730479030e+01 7.169680239485971640e+01 6.600860624421726186e+01 6.584196116924286457e+01 7.196437348253799371e+01 7.330780458414193390e+01 6.566784427165984539e+01 6.527166411190322037e+01 7.663186312516531018e+01 7.110448038307103502e+01 7.530078526337941014e+01 8.156128744573304346e+01 7.811757560607158268e+01 8.477234877167326488e+01 8.458204726414247432e+01 8.678176572503465991e+01 8.066982350927411005e+01 8.886503309697815212e+01 8.615640628157240144e+01 7.959635430502169129e+01 8.416228877450480184e+01 9.400273989655754292e+01 9.927865371920846371e+01 8.892197862538424147e+01 8.341770993615641316e+01 8.779467932166475919e+01 8.167316518913615653e+01 8.297040723634488302e+01 8.794420255458716440e+01 8.110415248690229362e+01 8.841245412754290101e+01 8.521040932156823544e+01 8.270518790700218403e+01 8.693342376441665920e+01 9.103003057963920241e+01 8.119517681598662762e+01 8.908665377732479840e+01 8.870295268947427303e+01 8.635301674965656105e+01 9.704004880406640154e+01 9.440818824045585700e+01 9.302742839907155314e+01 8.916945129127213931e+01 9.114156120004075490e+01 9.473982087807222285e+01 8.658235223871288611e+01 8.716193483634428674e+01 7.070000615309584902e+00 7.143699167578509091e+00 7.081817441614288278e+00 5.591561446045384187e+00 9.162957274986035827e+01 7.971093418404008091e+00 7.693831090425903518e+00 7.134782987855600389e+00 9.102159549070127298e+01 8.591659635594396605e+01 8.835022365143804279e+01 8.875891759540095904e+01 9.143947083805547038e+01 9.032276746395862688e+01 8.835055341828953601e+01 9.182319796013109681e+01 9.403976056467402600e+01 9.100611380483164226e+01 8.893940420006261149e+01 9.289168594931111045e+01 9.774422252503308073e+01 9.057515192031860352e+01 9.133716501142039590e+01 9.416565339926516742e+01 9.990974069219646481e+01 8.997440349766702639e+01 9.407519314505837826e+01 9.732451610384565299e+01 9.278608245416121747e+01 9.809664783044294722e+01 9.341287378000490094e+01 9.884245895544687244e+01 8.928677018772472707e+01 1.012631038506825831e+02 9.463629144285664552e+01 1.024207764170386525e+02 8.913247401353085309e+01 9.125906233606916373e+01 8.728146664193182858e+01 9.449008323459914038e+01 9.444726561235658835e+01
1.461427104861447290e+01 6.014745605804703388e+01 4.788471120650117996e+01 3.957706413955399682e+01 6.542619893316066282e+01 6.863135482903682316e+01 6.663135792613029196e+01 6.334911468968246595e+01 6.657093248963356302e+01 6.536753514589685210e+01 6.468505227349021425e+01 7.261179259274945252e+01 7.717140508456664350e+01 7.565674254533016097e+01 7.578693102706562001e+01 7.966084108063668623e+01 7.332119485392715319e+01 8.246645406267859357e+01 7.780802866942954665e+01 8.030483235120773600e+01 7.893116249713030186e+01 8.097991716464360934e+01 8.459910835966918796e+01 8.530006251479639445e+01 8.158780764305230093e+01 7.996640478083581627e+01 8.392546410668980172e+01 5.933979195320245026e+01 4.118286382285031522e+01 3.550278384188811032e+01 9.429950402866710135e+01 8.542025385408690852e+01 8.871209938056540523e+01 9.035097988591049045e+01 8.298303383552666901e+01 6.350359310345216279e+00 6.056506238507501649e+01 1.796639448431405128e+01 8.575261545000654451e+01 8.653975156834631832e+01 1.515597059442238326e+01 8.412479081226118183e+01 8.515594572262330075e+01 8.533874937332038257e+01 4.221374103481119278e+01 2.647846228688052150e+01 9.189629338618480858e+01 7.610671809225371476e+01 4.920747547239968611e+01 4.631409243941307352e+01 4.801590200590364788e+01 3.421066185895240608e+01 2.163586427659699396e+01 1.868778767567692256e+01 2.636082664068901238e+01 9.244602340568195586e+01 7.137551402268987033e+01 2.434247777859370032e+01 5.108335854609807569e+01 2.398520359875577768e+01 3.569783225646524727e+01 5.006224416855609860e+01 3.338588892916838091e+01 3.496447199962356223e+01 4.284147827083414484e+01 5.113603012254743874e+01 4.535085648334387542e+01 1.751448481141617819e+01 7.256747800256266601e+01 2.254289451015717916e+01 4.060773307771393803e+01 2.193649449113643612e+01 4.077319793448303642e+01 9.604014364191979780e+01 6.329032940936811258e+01 2.552014029080217483e+01 1.970601225423090241e+01 7.357815265583269593e+01 2.170353156671379580e+01 9.181615136319940973e+01 4.145352430524248177e+01 2.309973838166757076e+01 2.602382661366101502e+01 4.222019752264022685e+01 3.050561412852821874e+01 2.147558456966371310e+01 7.468465929175867757e+01 2.978059350179903575e+01 5.026448670734058766e+01 1.754964837147430856e+01 5.411235385771954043e+01 5.848938832879066752e+01 3.742962240269690000e+01 2.364075995286305698e+01 6.655781991824959221e+01 2.810152483094822173e+01 4.185656882235497989e+01 1.473099441216750627e+01 5.706749441172137693e+01 5.221905822645533846e+01
4.235175280119433694e+01 4.837917924414981741e+01 7.401487678217165467e+01 1.544517286889480800e+01 7.477057223464503011e+01 7.883336059144049557e+01 7.610440972429333328e+01 8.129081788099173878e+01 8.012397258931940769e+01 7.759585841280041052e+01 7.608219385219342712e+01 7.752656398361379786e+01 9.178819928349871304e+01 8.769371859666073021e+01 8.673230069731221192e+01 9.054273931004784970e+01 8.234266132224689727e+01 8.840612781083945038e+01 8.851866508794553567e+01 9.305073770862637161e+01 9.093504904833706348e+01 1.001488997621969759e+02 8.925983344280358267e+01 9.233685322169101539e+01 8.581622574004259718e+01 5.400705409519600408e+01 4.355474661444172568e+01 3.837308536478967369e+01 9.160209796428679851e+01 4.348139518517436386e+01 8.873198952855486255e+01 1.982511666462276878e+01 6.875424071062694509e+01 9.348894578579700010e+01 1.941668957146731245e+01 6.289387697500712804e+00 6.144137440251581239e+01 4.452490767439206110e+01 2.940880090242082545e+01 5.207073256788832083e+01 4.832869020357276213e+01 5.414630682630972558e+01 3.633215615144281685e+01 2.064427054081902213e+01 2.783078407636194385e+01 6.990605557633168132e+01 2.494002399155587923e+01 4.780755878036672613e+01 2.257331550220648353e+01 3.598788823656963842e+01 4.864044137127471856e+01 3.086161046181664247e+01 3.472700081521814752e+01 3.905258297938289047e+01 5.234620938192714590e+01 4.251381151351061760e+01 1.661168839371565653e+01 7.014774430520606074e+01 2.865668081686352409e+01 3.752703379500996306e+01 2.347422552334539958e+01 4.472238594998012928e+01 6.119030467452424915e+01 2.887450483938058099e+01 2.050767330066724270e+01 6.234458411354007268e+01 1.886360113693006113e+01 4.814359120202787068e+01 2.316025493795221379e+01 2.639005005838292917e+01 4.007712953560280056e+01 3.208799385681297167e+01 2.079325790260777396e+01 8.170045773513389520e+01 3.044785936962474437e+01 5.057446754773457798e+01 2.149596936793038182e+01 9.197123724222183228e+01 9.070137452176122395e+01 9.031269221883832188e+01 8.926359104929548494e+01 8.982221609570763121e+01 9.512096193378621933e+01 8.881551600080547360e+01 9.138282904227574477e+01 9.476572493206370495e+01 9.598356259266535062e+01 9.325785732558279051e+01 9.328186955921577805e+01 9.386202490979974300e+01 9.869164268934365225e+01 4.977929987094618980e+01 5.535478952201930269e+01 3.613873704545425625e+01 2.313006825392896459e+01 6.461149257042191607e+01 3.045414663499051855e+01 4.517835804675564759e+01 1.449392241921388802e+01 5.829989822127602395e+01
2.729561369726152265e+01 7.521705919540289642e+01 3.712294790889277607e+01 2.857019295150583460e+01 8.040161024404294210e+01 8.511760598710088743e+01 7.806147185094428664e+01 7.711157843524759414e+01 8.264354753999998593e+01 8.088455379803976086e+01 7.720489377614224225e+01 8.447951580755638190e+01 8.353214771169604091e+01 7.747622247031240761e+01 7.228961037885059682e+01 7.739552505052451181e+01 8.566665043866996143e+01 7.412810830528086115e+01 7.726552748643990753e+01 7.716362085125662418e+01 8.616977051713250546e+01 8.956664678580833083e+01 9.455148929357528687e+01 8.995668286843734052e+01 9.535013253941680489e+01 8.067357677672848837e+00 9.295476687676978145e+01 9.562944506262287803e+01 9.830553777470733223e+01 9.139788550246845489e+01 8.901543281547951381e+01 8.957854442668683248e+01 8.090561548615946208e+01 5.242032014276042418e+01 9.193905893997713008e+01 4.399658212697867299e+01 8.249746082479303766e+01 8.532599260301300603e+01 5.556714201822425281e+01 2.071188793200435185e+01 6.394811881925120645e+01 2.276965911948319743e+01 4.423170589208602621e+01 2.914087184414719189e+01 5.309379951231407091e+01 4.752086989337747980e+01 4.910581616235501912e+01 3.247299665591933859e+01 3.801499327637932168e+01 2.310704315133166986e+01 2.971065038650325008e+01 7.226461752273819172e+01 2.748052828971183814e+01 4.697593017130186865e+01 2.704762034687129102e+01 3.602424503194563243e+01 4.998444522583123728e+01 3.110583318860241775e+01 3.552305582517927007e+01 4.026567807197570659e+01 5.216878613775426743e+01 4.020734405156338198e+01 1.909164793184309161e+01 7.341387669534394433e+01 2.524794378912810089e+01 9.014926670970338307e+01 9.618119707360412463e+01 9.357912834160255500e+01 4.222244948311285384e+01 2.358039309337283740e+01 4.280771621989481446e+01 5.799342766223531953e+01 2.609222937063737291e+01 1.788603117041515489e+01 7.080025310642791680e+01 1.867221270050063353e+01 4.928759580019748654e+01 2.659033352172735931e+01 2.636094379470203819e+01 3.603815164719566866e+01 3.181311149091431645e+01 1.800207547459638491e+01 8.155734759966532010e+01 2.996583786110083381e+01 4.889933872295148376e+01 2.058695402470501890e+01 5.624518605524843196e+01 5.650138886462558219e+01 3.799708172949877394e+01 2.494149926431251174e+01 6.672397468198428783e+01 3.158259361413391986e+01 4.664524344386476429e+01 1.566147063496437930e+01 9.206391040556358973e+01 9.385030950849706244e+01 9.674953288598494794e+01 9.462946179780092848e+01 8.708811045198729062e+01 9.909039155931183984e+01
3.672009430943113273e+01 4.761303972836697085e+01 1.691471158744710834e+01 6.221266435583432752e+01 7.629058914618057941e+01 6.938655563123298009e+01 7.225762733329426624e+01 7.043783933664812480e+01 7.301613448208028956e+01 7.807570389400828503e+01 6.506506517944913526e+01 6.492884977459907248e+01 7.656282036015481651e+01 8.802944728569551103e+01 8.539103477543051213e+01 7.653218675526706249e+01 8.043207896550497082e+01 8.142597022164952136e+01 8.915034217003619688e+01 8.439645795135787409e+01 8.656581182768850624e+01 9.110020149440475734e+01 8.675854319623022093e+01 8.545138210925189526e+01 9.238082502791375816e+01 8.761148515759091993e+01 9.381393101793347000e+01 9.052192928610425326e+01 9.370224419218121170e+01 9.021877809076597998e+01 9.312630638606620437e+01 6.307579437729084049e+01 9.461419706380728201e+01 1.787447956777883462e+01 9.219286660064349803e+01 1.110219550331433602e+01 9.715738505666905667e+01 4.047203401832869218e+01 4.133435697880658211e+01 8.930309364687312268e+01 9.066362489534147073e+01 9.093834671685189619e+01 8.081092033133361952e+01 9.399319401401461960e+01 9.197346750750686795e+01 8.884332055323051236e+01 8.330296842799042167e+01 4.718612616585962627e+01 4.604944586302294596e+01 1.791649338332089414e+01 8.310481326254931389e+01 4.935727857324209822e+00 4.238312404246041609e+01 2.995758935077623875e+01 4.943953153798074140e+01 4.482627552530982484e+01 5.189894139441577181e+01 3.794803758841572261e+01 2.329519900480906003e+01 3.053013619906974441e+01 7.016786008314652179e+01 2.672393465647191846e+01 4.817408161867748362e+01 8.435719833988132166e+01 2.290770993720401449e+01 9.120539712002782551e+01 3.308311523009430033e+01 4.732049747976390108e+01 2.913322429051904905e+01 3.412475325510357038e+01 3.982855041514743277e+01 5.434476572437719710e+01 4.334136142730712749e+01 1.964025197110392895e+01 7.351244227163719813e+01 2.531950319589990528e+01 3.883765309489134410e+01 2.113982767688505504e+01 4.037343372973528943e+01 6.306166647112731027e+01 2.943449451309261988e+01 1.740470933169126511e+01 6.881390247652025494e+01 2.115315936966375787e+01 4.655040943983829038e+01 2.609812612262638964e+01 3.013250680078159505e+01 3.346574457567749761e+01 3.020948783493403056e+01 2.027746783458825419e+01 7.553356594822624004e+01 2.847685591542359518e+01 4.764302681666431738e+01 1.984587245059735849e+01 5.427458179249907744e+01 6.140094758994651869e+01 3.545191296600934550e+01 2.394340348081155412e+01 6.398024505304567811e+01 2.865905427038669728e+01
4.342131253264167157e+01 3.914084334156729739e+01 7.595059952230164413e+01 1.016501980658733473e+01 8.427989404743368596e+01 7.937699860226024384e+01 7.750315921523353779e+01 8.201570616707657280e+01 7.073841314369981603e+01 8.910148460756649058e+01 7.770291982455687219e+01 7.299774564107259778e+01 9.345948372103951840e+01 9.463886883114322757e+01 9.279366709174531991e+01 9.232295094547849601e+01 9.423278698776707074e+01 8.931993779052388049e+01 4.433157317963513577e+01 5.977224646662220664e+01 8.213889144225554162e+01 7.831776144107182347e+01 8.745254621325116773e+01 8.882748306628430157e+01 8.988075838992089928e+01 5.779670871821316780e+01 5.704344312675071649e+01 3.852220072818524699e+01 9.429025320067550808e+01 3.751215957439306692e+01 9.233075253493858270e+01 3.710945350220708860e+01 9.152963603771094370e+01 1.771163115063399829e+01 8.612926994092536859e+01 8.854967185005996555e+01 8.860320689497571323e+01 7.112230948823871302e+01 1.131579872708429058e+01 1.109282752130970806e+01 8.466901025410854231e+01 8.607413813020244220e+01 8.109249457784674320e+00 8.923365169041085210e+01 8.585608413869684341e+01 4.250656532085302786e+01 8.355163866823369290e+01 7.744875636281389575e+01 2.952982967595259467e+01 5.305249187512831099e+01 4.764625506057883797e+01 5.526377821004751922e+01 3.261750396146918973e+01 2.138752380320520174e+01 2.825160779971064784e+01 6.995829758806662824e+01 2.585100274925882147e+01 4.480201596653822804e+01 2.440738544084809192e+01 3.572732469448537529e+01 4.633424292965369062e+01 3.361091358444907229e+01 3.643665970058152226e+01 3.487441093686854998e+01 9.558313017613960483e+01 8.716025128978671432e+01 9.615984900900811283e+01 8.895477307095671904e+01 1.014512965859788807e+02 9.758327026728427711e+01 9.470171545057586115e+01 8.950714122526574101e+01 8.525246327320733997e+01 1.005878975441961529e+02 9.607289469711707852e+01 8.956351400071923763e+01 9.478827057101510434e+01 9.269417296142289331e+01 9.077792382168047425e+01 1.001884283939997289e+02 8.658036495952894995e+01 9.148936976952985844e+01 8.763570566502484382e+01 9.439121392567952284e+01 9.662895971139272433e+01 1.027213675802404254e+02 9.030505551280397469e+01 9.180967751922030118e+01 8.766355360782507944e+01 9.261181802930254037e+01 8.855692672079260319e+01 1.009116157773769231e+02 8.480685279802843013e+01 9.586498537533211106e+01 9.913177729917295267e+01 9.262855803605282290e+01 8.858623258019937907e+01 9.094121048161477461e+01 9.659074146892085366e+01 8.945994985320351134e+01
5.523668959881320006e+01 2.563424612997156160e+01 2.395312509437401971e+01 4.634141101963592035e+01 6.729060959165747136e+01 5.968845531308289765e+01 7.055348770365570488e+01 6.349061070319378075e+01 6.441030875679219037e+01 6.810615338863748036e+01 6.185472413373715739e+01 6.920305339549527446e+01 6.948670061718334523e+01 7.506024637944770461e+01 7.306416762742129833e+01 7.292663749420282215e+01 7.166272793321898860e+01 7.043278435793790493e+01 5.663554756569139670e+01 7.075607736544175452e+01 9.007399308681488037e+01 8.582507737658239932e+01 8.104814419060042496e+01 8.197074506029937879e+01 8.778340650218905239e+01 8.529469946442227979e+01 8.672884682344667340e+01 9.188391845117915580e+01 8.948064706217158459e+01 6.237417417990438473e+00 9.723647703257474006e+01 9.460672524119868854e+01 8.989631817846587580e+01 4.813494350025148094e+01 9.063855393655371984e+01 8.882636359460425979e+01 8.262837826483178105e+01 4.813975115382309866e+01 7.982246155016349576e+01 2.265983374082680868e+01 8.700613735516866143e+01 4.189051311287013135e+01 4.393087174278316809e+01 7.599605527935605664e+01 2.790146699755480952e+01 8.815197302717150762e+01 5.417019756689216337e+01 4.994108522389874594e+01 8.862486737027312245e+01 8.385799207326137150e+01 9.164140964421359570e+01 8.316733879320548795e+01 5.015787221644863791e+01 9.341170223987464283e+01 3.609021575839230422e+01 2.181012436241814711e+01 2.938543518537824895e+01 7.263084096746011653e+01 2.469190047004006061e+01 4.842163672627824411e+01 2.199240298957535700e+01 3.866108030207229262e+01 4.470312496243101208e+01 3.350569192460088885e+01 3.623061833444869961e+01 3.919739835659662930e+01 5.158713815826358484e+01 4.245068719567674265e+01 2.111542276035655519e+01 7.371174294298344876e+01 2.142952351687532442e+01 4.054161048495408437e+01 2.369120560306491186e+01 4.243668512160127904e+01 5.750700853918537803e+01 2.889755163716547415e+01 1.850432015223936588e+01 7.436254650246013398e+01 1.659016242858135470e+01 4.798714720426183789e+01 2.200337641546220624e+01 2.870658408737543965e+01 4.090001064502831696e+01 3.043361430944818480e+01 1.845781434810522725e+01 7.333580873229287533e+01 2.943489587406317298e+01 5.001634582967469100e+01 1.966566137481819609e+01 5.693171291062326134e+01 5.460465237660841353e+01 3.545533646661223770e+01 2.343425647923440636e+01 6.670614557681660983e+01 3.070715157371578741e+01 4.403787240801435843e+01 1.607891207856662419e+01 5.485348316123991452e+01 5.320187191981257513e+01 5.436742417830409124e+01
5.458570813879822481e+01 3.279479269547896081e+01 2.771573015749454427e+01 4.965308160854108621e+01 5.614865114851431116e+01 5.480669965870452387e+01 6.175729972431153669e+01 5.758041203690297749e+01 5.618754194180170458e+01 5.696860774665167781e+01 5.502252338492509409e+01 6.121630852637868969e+01 6.307912241906830531e+01 6.812496745532209275e+01 6.448417653152436912e+01 6.921472106738524133e+01 6.864429383892002079e+01 6.850225110668124273e+01 6.398338217717228815e+01 6.336050032413366750e+01 6.487021636059789387e+01 6.807079023285345443e+01 6.605059077125606848e+01 5.203634569554618139e+01 6.312372772476889793e+01 5.489692126584775167e+01 6.749734303427464965e+01 7.218868002710919995e+01 7.812487386717940296e+01 7.662233459877245423e+01 7.776510691028653355e+01 7.901904536305052318e+01 8.072035594022635507e+01 8.225255686911670239e+01 7.382978211966427295e+01 7.234160940448443000e+01 8.010460312583229836e+01 7.030337690295594655e+01 7.624831824266549063e+01 6.781481305342731503e+01 7.107096131823278995e+01 7.793898949984348690e+01 8.670422712456095837e+01 8.361524895826975978e+01 8.165559208718212858e+01 8.754613925254706430e+01 8.452639476891719994e+01 8.496512353059017641e+01 8.446188195907708973e+01 7.884669879277547011e+01 8.935345251632459451e+01 8.754953237988732440e+01 9.452573276685946269e+01 9.060247050054145745e+01 9.405889572013508371e+01 9.309845844326596875e+01 8.995837509306994662e+01 9.146777871883276134e+01 9.132221268812814685e+01 9.278148307439052189e+01 8.807184836033619035e+01 9.211527593171958017e+01 9.380047132354793860e+01 9.759681674242020222e+01 9.138685566909384761e+01 9.035251590519240494e+01 8.544134157643173921e+01 9.737759121078433111e+01 9.296564050479368291e+01 8.078873917153387652e+01 9.876796635931188462e+01 9.126308028481223289e+01 9.198133852156725254e+01 9.045689579176180928e+01 9.484023488434878857e+01 8.544184490478400562e+01 9.203951633662887843e+01 9.333820762236912572e+01 8.757782290451454799e+01 8.887433599341999013e+01 9.799494079098556654e+01 9.954510533520669924e+01 9.587022693265568307e+01 9.106302462093758265e+01 9.467038759968497175e+01 9.016201480193571172e+01 8.952093068650275143e+01 9.111608237172617919e+01 8.632263480894494023e+01 8.767101675235863922e+01 8.644629737825104598e+01 8.476811387105421147e+01 8.991251146648869508e+01 9.033139347054741108e+01 9.365487925861820884e+01 9.150394893559543164e+01 9.019621509566451323e+01 2.092720182131637330e+01 8.999956991528019046e+01 8.895910343040119983e+01
1.588021344867619611e+01 6.590741988926222916e+01 2.076445537155324672e+01 4.925512244340145429e+01 6.291166594407775392e+01 8.459693016283439704e+01 6.854393624013120245e+01 6.469319230787681363e+01 6.087151558796564643e+01 6.704300241560646612e+01 6.411718073812397733e+01 6.494448332678187796e+01 8.506542472189123316e+01 9.343798812916784868e+01 9.197507295138908034e+01 8.851449961192679439e+01 8.675588770526827886e+01 8.880240342942151699e+01 9.301625103842128794e+01 8.233698586117137097e+01 9.927170258110220402e+01 9.015013451720729165e+01 9.201113035317622746e+01 8.200184728123925026e+01 8.225476977825164226e+01 8.798109305157805693e+01 4.225509206237214954e+01 8.135192020734150731e+01 4.216041426369638145e+01 8.512388891342914121e+01 5.755598759470564119e+01 1.976697573138005737e+01 9.104203235741817934e+01 8.720518636233879306e+01 6.618704482316971394e+01 7.799623876087593999e+01 7.777913935762462927e+01 1.580830041034655054e+01 7.776124516689415600e+01 6.604411041872068289e+00 4.488610217462886709e+01 2.918305162787437368e+01 5.230379962921142578e+01 4.970505026091228729e+01 5.249243494633472551e+01 3.692410283648606395e+01 2.147012172142664710e+01 2.840547223967133306e+01 7.165637558229042270e+01 2.744107342154690699e+01 4.751745507084962128e+01 2.339216564577637314e+01 3.525386410698746431e+01 4.774466443152138595e+01 3.002527399704311861e+01 3.299319518605867785e+01 3.865431574257937086e+01 5.320077414332013888e+01 9.685227261637196250e+01 9.217021682479165179e+01 9.480821278745477798e+01 8.801222130674304367e+01 9.084845053752263766e+01 9.916321796503933683e+01 9.606140492576541590e+01 9.247485197096159482e+01 8.770284793160178083e+01 1.027239970369772522e+02 9.382614106951338329e+01 9.826476817817399478e+01 9.249058532100735874e+01 9.343272921569419509e+01 8.562827599084738495e+01 8.645665899984764735e+01 9.662412602359597713e+01 9.356655381087101375e+01 9.276366698633540864e+01 9.363216873624108416e+01 9.411379322283195847e+01 8.576709915724667610e+01 9.589230395555496500e+01 8.847767853953621398e+01 9.024687769774234880e+01 8.832483160387386079e+01 9.021299849278999261e+01 9.411873972560420043e+01 9.761186452453786444e+01 9.364524659532489181e+01 9.600595202626604419e+01 9.809762845292236477e+01 9.451805267044991865e+01 9.367915183450236327e+01 9.261032540039582273e+01 8.926845944939238109e+01 9.293925915667504967e+01 9.724124997384620883e+01 9.655333028742761314e+01 9.367546365261077312e+01 9.380260613000754688e+01 9.409897974874033366e+01
6.407918378656560776e+01 1.117251286059618032e+01 4.861415548198150560e+01 4.663994981809096174e+01 7.318555654106718578e+01 6.905589493802099810e+01 6.527782554518093150e+01 6.827143166679324793e+01 6.994797501780770688e+01 7.112311654921734316e+01 6.299491037888960676e+01 6.968716415058483449e+01 6.867541341600995963e+01 7.549658867048495381e+01 7.545696457985675920e+01 6.777725868369593343e+01 6.782733551570863995e+01 7.788224356716330021e+01 6.269231458035382332e+01 8.780577857963966437e+01 9.100252108176549370e+01 8.460274447311054757e+01 9.146314462676193102e+01 8.907877408518935169e+01 9.434804050236037654e+01 8.503759413524107913e+01 3.396243203101736441e+01 9.276952468698675602e+01 7.845721810694897158e+01 1.421797373484481497e+01 6.941981869285757512e+01 7.455712630098516058e+01 5.381051305171214949e+01 7.693865043394492886e+01 8.368219162912079412e+01 8.561738500667340190e+01 8.916292537884278602e+01 2.069200646208994243e+01 9.331790092677780990e+01 9.149890697399774808e+01 9.401105349244492970e+01 9.529960010846455987e+01 8.809059300242047641e+01 9.760350753827528081e+01 4.656236782724207046e+01 5.899336319764454828e+01 6.279797882202899473e+00 4.282000437415007355e+01 9.359312607664050176e+01 3.194804037113984307e+01 4.681605833389541971e+01 4.858875475634228280e+01 5.230981787425098872e+01 3.303424682003078772e+01 2.148838039130875543e+01 2.980876904193199195e+01 6.984196799216847751e+01 2.934724948568777592e+01 4.816207550186099695e+01 2.357206864989165140e+01 3.554796623957879831e+01 5.032484271923701158e+01 3.029438110400329975e+01 3.231439615650610619e+01 4.402006065899675491e+01 5.301796181454803047e+01 3.897683640140475347e+01 2.098234447963309890e+01 6.984968713991570155e+01 2.251440005076653961e+01 4.166832835764596155e+01 2.423991594874497579e+01 4.202122227910793129e+01 6.286980291008948996e+01 2.626857002494913118e+01 1.953393904331958808e+01 6.673620642875179954e+01 2.059569718530683957e+01 5.019550902789289637e+01 2.473212117832718349e+01 2.818013951272675399e+01 4.003397346843372873e+01 2.978631452276851022e+01 2.143912797642476775e+01 7.870627886056900024e+01 2.795395416490959306e+01 4.832458113504178243e+01 1.949727417627970283e+01 5.693297557054143709e+01 5.962477559844652575e+01 3.702272915930458907e+01 2.227176324219414738e+01 6.324321180094371897e+01 2.956798500238042848e+01 4.151439666260372263e+01 1.450338802956270534e+01 5.730200203350096189e+01 4.962301641756837967e+01 5.165756941528031376e+01 4.385250872518076903e+01
5.826750296715533750e+01 2.840478450222448714e+01 1.987738254106405833e+01 3.642319132812095717e+01 6.800163899190498284e+01 7.381324170863989309e+01 5.687954032348864075e+01 6.420458630991704752e+01 7.467362078030903660e+01 6.807824469931198053e+01 7.155081113847819552e+01 6.091542230862559393e+01 7.613297794732180535e+01 7.491204221393122964e+01 7.306347338141817715e+01 7.300376822514967046e+01 6.981762165264649411e+01 7.392343590548544796e+01 7.462460701248862449e+01 7.472765047550201700e+01 7.323908290790788556e+01 7.231256388732880680e+01 8.002322881619134876e+01 8.284290895787152920e+01 8.702961154814921940e+01 8.253823042132637511e+01 9.580165278369730686e+01 8.679093845035090737e+01 8.953374820333539219e+01 8.842746719736041427e+01 9.399845292748827319e+01 7.984806187152862833e+01 9.520577276114261167e+01 9.341328164953173996e+01 8.504582095037807221e+01 9.478883464589263497e+01 4.433807739687688354e+01 8.894190348567384774e+01 9.134965276140155765e+01 9.523263140338839605e+01 1.840577627113371051e+01 6.620365682831316434e+00 9.449902165188933623e+01 9.161444686506733603e+01 8.567171843449274604e+01 8.813079852407628323e+01 9.077437448898950834e+01 5.194597656112728856e+01 7.043617314624063397e+01 9.214993616342545124e+01 8.959902468377893570e+01 4.367455177939299205e+01 7.718023936495636406e+01 8.620213973702806243e+01 3.550381870233651682e+01 8.637306310299670997e+01 4.321854063127980083e+01 4.610756293155930052e+01 9.161829125230963200e+01 8.891331790649529410e+01 7.821004049561240379e+01 3.162154298442782618e+01 9.044176122889373914e+01 8.006640223951050928e+01 7.949833544745590075e+01 5.078022470690986978e+01 4.799834192106217756e+01 5.464039736769416322e+01 3.385550946846152698e+01 2.214832847235780733e+01 2.851963882536599115e+01 7.131935386007482691e+01 2.908099312637791556e+01 4.858297081932877148e+01 2.450779510808713368e+01 3.915501029906850761e+01 5.032886934605511442e+01 3.140632672345999410e+01 3.803209342324372244e+01 9.247617103836752506e+01 9.530988362738580122e+01 9.474776999480796746e+01 8.967435037511768314e+01 9.297869232965237529e+01 9.104037484508572220e+01 9.883368542158243031e+01 9.257893680297966910e+01 9.530931955250827059e+01 9.321457108728813523e+01 8.850533556468559482e+01 8.822972857952117920e+01 9.136889205376307643e+01 9.049843773697361371e+01 9.680616600368962565e+01 1.007425408413915875e+02 9.398386508334766631e+01 9.079465515035570888e+01 9.328932402567430415e+01 8.853526624549519397e+01 9.294788516326384809e+01
1.962880992916497291e+01 6.132065803968545481e+01 4.197199589844905887e+01 3.169272923397295472e+01 5.200197617935411643e+01 6.103745773886189596e+01 5.646709745110887724e+01 5.845250217083728472e+01 6.325157312624381944e+01 5.477199603662346306e+01 5.707517450813091386e+01 6.121656886862985658e+01 5.941538232582988144e+01 6.000385127230124027e+01 6.324216609290152036e+01 5.669651104284055521e+01 7.088356696584007466e+01 7.190392635085366635e+01 6.878472244920152434e+01 7.202864764531453545e+01 7.433562711368907117e+01 6.848819696415554859e+01 7.078219403227170403e+01 6.981590339378877275e+01 8.271946334044137927e+01 8.104557548038887660e+01 7.399230510899515423e+01 8.632091655008720466e+01 6.982336219928481569e+01 7.336857714364022343e+01 8.956892044146856335e+01 9.008154301209883386e+01 9.698174081787918510e+01 8.891770033439000542e+01 9.300742543610660107e+01 8.594492159287135280e+01 9.074385369907726329e+01 9.105081456935766937e+01 8.550883964408527049e+01 8.137639237895156441e+01 7.831698909239335649e+01 7.382126892805099772e+01 8.254027844703558969e+01 2.219312252619049630e+01 8.040880436825030131e+01 8.539152074763269695e+01 8.234752104426874553e+01 4.559317871169610470e+01 3.736874136726061835e+01 2.029448553973978164e+01 8.540032899379730225e+01 9.404206893263440747e+01 6.604422974225246712e+00 4.723289665128245218e+01 4.559750473210306154e+01 7.286934484279517221e+01 5.256444127397103472e+01 2.771310070075772103e+01 5.404062522848447259e+01 4.639789227102742331e+01 5.445965909885637757e+01 3.664263381163279121e+01 2.254641563910426427e+01 2.794869308191718460e+01 7.449291722377141411e+01 2.667228058432087678e+01 4.512426326599987902e+01 2.460090217518083833e+01 3.595010606736848047e+01 4.784258349122423226e+01 3.151767076524821221e+01 3.548909851755156808e+01 3.774999957698764064e+01 5.118793368935585164e+01 4.181217179045532362e+01 2.075029492260831887e+01 7.214188784649877562e+01 2.544708174656738109e+01 3.858034383094671682e+01 2.366324267577041240e+01 4.412740844722949873e+01 5.766279300324844570e+01 2.928564817002325427e+01 1.940757325363881591e+01 6.979442081902966777e+01 1.796494850006067523e+01 4.516536696842222653e+01 2.447173987581874499e+01 2.516051001359116057e+01 3.971103626200647341e+01 3.053346641036597120e+01 8.952386387586594196e+01 9.248769552201935085e+01 8.953898108258391630e+01 2.025191958167336281e+01 9.315831980488516706e+01 9.310049779090014965e+01 9.295086174300222126e+01 9.471365648182955965e+01 9.089965118025288859e+01
3.171980265857595427e+01 4.545078885645577316e+01 5.868018882563620053e+01 1.752616116138118585e+01 6.011838884570381936e+01 6.430698325634003254e+01 6.260624543211676496e+01 5.859881017695773409e+01 6.190167251969828754e+01 5.408121692447951290e+01 5.206143834952152361e+01 6.766017843430692835e+01 7.302258229183428284e+01 7.745791173198006163e+01 6.899344317100265300e+01 7.742391103397716279e+01 7.680474773609276440e+01 7.923039988062598127e+01 7.345962750694968690e+01 7.561513985359307810e+01 7.644910286484342521e+01 8.313151569944439245e+01 7.637741328694603737e+01 7.993819235888393848e+01 9.167269410472927404e+01 7.534351610487158268e+01 8.047500940272301762e+01 7.797903881614858790e+01 8.198510727448896773e+01 8.914449314745989739e+01 9.497868489352138965e+01 9.455059545184626302e+01 9.049537437648484683e+01 7.842770397374124514e+01 4.997980679472287591e+01 7.562252489545128853e+00 9.094805748282057323e+01 5.524327191873030074e+01 9.153220474792249206e+01 9.336236738327777118e+01 9.278178680701689984e+01 9.058142616857182361e+01 9.160405053117058571e+01 9.919887617537469282e+01 8.964247580549933048e+01 9.210202451113498512e+01 1.628611956103281599e+01 7.814309782476135524e+01 3.835432336655529895e+01 6.518344280105648636e+01 1.895739811098936656e+01 6.284584925346302420e+00 4.345014543695883447e+01 2.868977248650608658e+01 5.314065677848729052e+01 4.507710660623781251e+01 5.276817210262471747e+01 3.553925779127713724e+01 2.182321089957699556e+01 2.632407282337997856e+01 6.884751266114639634e+01 2.577680737719391502e+01 4.567151135603587164e+01 2.226138860348499193e+01 3.409864092731114482e+01 4.995432796640829309e+01 3.466888591620055138e+01 3.532829161755966396e+01 3.534704059868148107e+01 5.115916153156396007e+01 4.048775869029940822e+01 1.911363383495446300e+01 6.664510833602963658e+01 2.521547694088834746e+01 3.931047367435512996e+01 2.369956475884625391e+01 9.103918594880538251e+01 8.614556736584866314e+01 1.024550721695928814e+02 9.560500760331298409e+01 9.300143756432966313e+01 9.713646221774996548e+01 9.532491405335339607e+01 9.641818662484486424e+01 9.264314588019341556e+01 9.401263290210204104e+01 9.374041036620285183e+01 9.441106936136881700e+01 9.769493105881142014e+01 9.752134352380579685e+01 8.772699901443539261e+01 9.811442920619791153e+01 9.025579008080742938e+01 9.301247607577930410e+01 9.387900790265112505e+01 8.764246588548024874e+01 9.332114652684241207e+01 9.049386439142804761e+01 9.814891587640299520e+01 9.432288276282223194e+01
5.506209106806552711e+01 2.702541532236518407e+01 6.882134392586621630e+01 1.502402914152903968e+01 8.342749880480043601e+01 8.038198911637971378e+01 8.540800041213179838e+01 8.747017138365542621e+01 8.051137053713654268e+01 7.465427735104705675e+01 7.989972245223594882e+01 8.265982760877319890e+01 8.311522695259614579e+01 8.369244043574188652e+01 8.213501234271309670e+01 8.582595386216134159e+01 8.257235261237983082e+01 9.181736629370486469e+01 7.680059961622411890e+01 7.535710597038269043e+01 1.003736792618578164e+02 8.893443166306524006e+01 8.677844202229471193e+01 8.535481249021761130e+01 7.881366136110190723e+01 8.276100528565319792e+01 8.102445304574388274e+01 7.542644378994449994e+01 5.096072432868408697e+01 5.125734961159301406e+01 7.786402828765638162e+01 5.428991595109303603e+01 2.173321492238478214e+01 1.556155236372442019e+01 1.845821787859454233e+01 4.904139881134032919e+01 7.641369414916543867e+00 4.996894184477401524e+01 4.180917351552934491e+01 2.658071170602784150e+01 5.360718141451026497e+01 4.702703101616917536e+01 4.954270951115724131e+01 3.322885916133721906e+01 2.351347211770939083e+01 2.721006089448928833e+01 6.955113098531057858e+01 2.550408802149873821e+01 4.737973401998028322e+01 2.333631138530644478e+01 8.375719623168309624e+01 3.688896531065304885e+01 4.696077825228373115e+01 3.415842635577375574e+01 3.605758619624556616e+01 3.781092400279911914e+01 5.414857614293242705e+01 4.249543135057795951e+01 1.726088867882887357e+01 7.108347944147658382e+01 2.517623902459939345e+01 9.625942124200589944e+01 9.614992129116347996e+01 1.015669926823991744e+02 9.022399361386443672e+01 8.969878783442757708e+01 9.577218204086477726e+01 9.596094752911365333e+01 9.536142271504257906e+01 8.899201936902422005e+01 9.754279572530226972e+01 9.324754777243643389e+01 9.618621300097667870e+01 8.884894394585580812e+01 9.316421221783666340e+01 9.185116739598187507e+01 8.989879142985199678e+01 9.622796321998943370e+01 9.166943114851460450e+01 9.377382963317813847e+01 9.366196924592509276e+01 9.440611418052152715e+01 9.724167519952311523e+01 1.004756032531911671e+02 9.119966959050206867e+01 9.290912020206451416e+01 9.002212423230662353e+01 8.965118859283852260e+01 9.167678147807265532e+01 8.590430820168870696e+01 9.514934791723887031e+01 9.689623574451967158e+01 9.161077603932582747e+01 9.750071573943802150e+01 9.278066733533685806e+01 9.264228675076455488e+01 9.140650283098220541e+01 8.715997359138546585e+01 9.644659864252264470e+01 9.369486782839804562e+01
3.769296726783116469e+01 3.579764530604536077e+01 3.323728123316259087e+01 4.331255021817756301e+01 6.119475652701927260e+01 5.968013303912047007e+01 4.236416678753766263e+01 4.105238028656352611e+01 4.134373363888624908e+01 4.865210036508964464e+01 5.438290152513619802e+01 5.205682161360076066e+01 6.555038652600664761e+01 7.601499951716625958e+01 6.269637591947208932e+01 7.442138385122473210e+01 7.543494830348275570e+01 8.285202961473754613e+01 7.608064047676144526e+01 8.425512682127229880e+01 8.576752438292358249e+01 8.720660088857015069e+01 8.567203952326919136e+01 8.875729479536865085e+01 8.870483583175774811e+01 9.327313941572651856e+01 8.400528504089875526e+01 5.843077660997708733e+01 9.100700764656066610e+01 6.487369301441041181e+00 9.361591470169298645e+01 8.593598317558115696e+01 8.972292156111110728e+01 9.192802042852748912e+01 9.692291214718963488e+01 9.762570605422510539e+01 8.960637501333698651e+01 8.329580033800819194e+01 3.095926700974955637e+01 1.556042963776624610e+01 1.687414484091780409e+01 2.107857348422209398e+01 7.139227572462775129e+01 2.210846139562852386e+01 4.430396822293599257e+01 2.947979189527757171e+01 5.152538063724835382e+01 4.975559570897708994e+01 5.034478927471420917e+01 3.797964313770785338e+01 2.143701486515276500e+01 2.838978228000077308e+01 7.290490759430510082e+01 2.652346244499538841e+01 4.868630065881844615e+01 2.193513854191158785e+01 3.809149050784833435e+01 4.949729714447801854e+01 3.146721643697131654e+01 3.510617845645456470e+01 3.709054397669705594e+01 5.156324741768114706e+01 4.340296708200916953e+01 2.053190031665744186e+01 7.234232968471266645e+01 2.267744372459975111e+01 3.921077994830680780e+01 2.337657548396876450e+01 4.391371084939349601e+01 6.636265868869695339e+01 2.748898290431860758e+01 1.939138430465351348e+01 7.337192688060528667e+01 1.923612486413031064e+01 4.927520350904175928e+01 2.689425706574411024e+01 2.545490069217754225e+01 4.134080478856057539e+01 3.031308018619364120e+01 2.121910189236655242e+01 8.218930238015724399e+01 2.696014318095915385e+01 4.849819904331005205e+01 2.056923339547532947e+01 5.853687909444172988e+01 5.732347593018502607e+01 3.671264418201013058e+01 2.343567100546576754e+01 6.516073661771687853e+01 2.892819175060951409e+01 4.253728570649118268e+01 1.653607849541938535e+01 5.603216968630299277e+01 4.963960889704299717e+01 5.438050203738790600e+01 4.315844496163455091e+01 5.675852022803191232e+01 2.987021198272704936e+01 2.043684285219871555e+01 2.363155468476541188e+01
1.761943962045691237e+01 4.876513663151047240e+01 5.710006756638035341e+01 2.906201417626756722e+01 6.216488721370696879e+01 6.253587492162530737e+01 6.513071915615688567e+01 6.995432736873627277e+01 5.165385086012609150e+01 6.670686151800732944e+01 6.282720223972291507e+01 7.474337514747273303e+01 8.178580660314270290e+01 8.509071263255495410e+01 8.362187032952452626e+01 8.533697904601241646e+01 8.539920084404222678e+01 8.604103995200360089e+01 8.759190742030288845e+01 8.381389877398808608e+01 9.544856794458446814e+01 8.702302488919460188e+01 9.139464858047890061e+01 9.432042686758619254e+01 9.654494726693991424e+01 7.900697416067123413e+01 8.384943549127289941e+01 8.308531362793662822e+01 4.921649633140275171e+01 9.068864378567897688e+01 6.061935893107544437e+00 7.988989019321672913e+01 9.800351472912412021e+01 8.882807317538694747e+01 5.629052031925230182e+01 3.308788383232824515e+01 6.221713790351694229e+01 2.002443686163786651e+01 7.320335527297221745e+01 8.764137244802532223e+01 4.354533524206190265e+01 8.608378814964584080e+01 3.083094214462872529e+01 4.995475319208520659e+01 4.625518132701064644e+01 5.491013797413219066e+01 8.573121531696030218e+01 3.332343933166879424e+01 2.098002743359768019e+01 2.760530816117922370e+01 7.121909605914896702e+01 2.753017121797258326e+01 4.962059089559497238e+01 2.376570036871866876e+01 3.731749733415517056e+01 5.054221548185203972e+01 2.924322540019497652e+01 3.549919545785947150e+01 3.583945627158338709e+01 5.327758378549055607e+01 4.343032037453217953e+01 1.855793763886798686e+01 6.864001554792577053e+01 9.800833973884581951e+01 9.568103621872988640e+01 1.011315702673160644e+02 9.528032610380287792e+01 8.928753385832816036e+01 9.780606248776118150e+01 9.620704905914537619e+01 9.412581235676100277e+01 9.465605141972049807e+01 9.216404671343890698e+01 8.831012226668271126e+01 8.840236152627251442e+01 9.503458037484776355e+01 9.656621722886056602e+01 8.942069024172695890e+01 9.638725796540578017e+01 9.567920514489665607e+01 9.342143036199338724e+01 8.946089576338276572e+01 2.293688996452273798e+01 9.696085269126025707e+01 9.322662493351734270e+01 8.955826376532063193e+01 9.788216920585342962e+01 9.120618682485638828e+01 8.936965448242244747e+01 8.955868899099755254e+01 8.971577082727894492e+01 9.424418997836835388e+01 9.060473547812664208e+01 9.037730048750385947e+01 8.821161743691473589e+01 9.301088798804717328e+01 9.421405102375781837e+01 8.395320791258956206e+01 8.591566780191479324e+01 9.670770456429683293e+01
2.557847648073326496e+01 5.653367998184580046e+01 1.545029076364907361e+01 6.902372965288884643e+01 8.103733130910180193e+01 8.003179407625486874e+01 8.026263087229294513e+01 8.010331877072651707e+01 7.797513368238102771e+01 7.670652928280108540e+01 7.771559849218888871e+01 7.615698150287974499e+01 8.984129050464341049e+01 9.604817086133090243e+01 9.789287795045159157e+01 9.305484243811983447e+01 8.992675218762774136e+01 8.637692484638907331e+01 8.914419809290856733e+01 9.666179754734039875e+01 7.881537961995962860e+01 3.532278537894740111e+01 7.740087074474854489e+01 6.344361024878242006e+01 7.148600761312427210e+01 5.545588909622394880e+01 8.596687712272007786e+01 8.131816249543970798e+01 5.569502213199933038e+01 4.672654832890539467e+01 9.235918190876643052e+01 1.229579530033198331e+01 1.414015309693235345e+01 2.151926349085388779e+01 7.852984491695056590e+01 8.604902378103949445e+01 8.035783803354610200e+01 7.934972341241258675e+01 5.702824673259800470e+00 4.393410432573520552e+01 6.911082281398050498e+01 4.261722379471316202e+01 2.997630795863541664e+01 5.131566193681774735e+01 4.870330968589493637e+01 5.014627830819650001e+01 3.855328993201256083e+01 2.219113958604408054e+01 2.731460566448442862e+01 6.960874906453219069e+01 2.813825261403213673e+01 4.707654811234185388e+01 2.376576979331898087e+01 3.433800610159382671e+01 4.647167326500921547e+01 3.393191558014262910e+01 3.532207594631296388e+01 3.846721644473798563e+01 5.029525482239144907e+01 4.191984066746451987e+01 2.096948357242526484e+01 6.828927812811100750e+01 2.575212693178292511e+01 3.949183676459572467e+01 2.230839556645263499e+01 4.131678821589007811e+01 5.968579982212095558e+01 2.803589471894683172e+01 1.893252674792752188e+01 6.863489982269027223e+01 1.724235881910179558e+01 4.468021918336550158e+01 2.367796503007411957e+01 2.532398976069508123e+01 9.750981036207892316e+01 3.786399043166276357e+01 2.738272638402201764e+01 2.216553058660391429e+01 7.828276276443943971e+01 2.705142134373838303e+01 4.798093370253389622e+01 2.193507996490507495e+01 5.563076532537287022e+01 5.797533387577895070e+01 3.491595288208036862e+01 2.251595125667976660e+01 6.650530020811341103e+01 3.114655722524180703e+01 4.285582746791116904e+01 1.541430387122161427e+01 5.556285504915497597e+01 9.026032871405283231e+01 5.269748050335681455e+01 5.218559123006733813e+01 4.326732443011168527e+01 5.499730055982416133e+01 2.947638358130599556e+01 1.953909165037400797e+01 2.494056854076457697e+01 7.215405450770349205e+01
4.056728456995703880e+01 4.585310441526499403e+01 6.308365671327619850e+01 1.329164563191659454e+01 6.764516970352693193e+01 6.697529173511446743e+01 6.860471747770453987e+01 6.545126121387336582e+01 7.605466699816963683e+01 7.182222661339875458e+01 6.930766325105319936e+01 7.015055600151870863e+01 8.331004105914722402e+01 8.882253656351204540e+01 8.048117951407577664e+01 8.437878939057841876e+01 9.246533212264378676e+01 8.750505724531231522e+01 8.496183454015037739e+01 8.989001789598754044e+01 9.182581006071784202e+01 9.196919789458766559e+01 9.474354377226396196e+01 8.836078486876054683e+01 7.538660274744033529e+01 8.947643819577766067e+01 7.368532688256466656e+01 5.785367160276933163e+01 3.546398416838862744e+01 9.366666408452120152e+01 4.729839008360197994e+01 9.210312662666494532e+01 9.040920109134731320e+01 9.345070150910001416e+01 1.470461197928948849e+01 9.368547815120581390e+01 8.648079272653117755e+01 1.566844346825823564e+01 4.978538754058606486e+01 8.714181038032879201e+01 7.383991268751295856e+00 8.311446328199271250e+01 4.458204845948652917e+01 3.011529383894168888e+01 2.192233621171026670e+01 5.099374440420757537e+01 4.675814086108496781e+01 5.259763491099531052e+01 3.639815725115212786e+01 2.148499594204353613e+01 2.692697774767875529e+01 7.347682745167703899e+01 2.602347515162193403e+01 4.766200576677466927e+01 2.294453534863211885e+01 3.644539852214582254e+01 8.023041785774809398e+01 5.159694004402015821e+01 3.275422486419027734e+01 3.648278800845146463e+01 3.802971996972055280e+01 5.322160152341380268e+01 4.194541495460452296e+01 2.114948203536597049e+01 7.437307300748247485e+01 2.170849542563611934e+01 3.794375495838396262e+01 2.289751319903315974e+01 3.986928096034309732e+01 5.958233547246817352e+01 2.682017667817347117e+01 1.952359043883554790e+01 6.978387695785724532e+01 2.255465547135381854e+01 4.632043611226659863e+01 2.451521486224550017e+01 2.749799291572787396e+01 4.198466154896851776e+01 3.016423601264303400e+01 8.637854764642138150e+01 1.971681645765449176e+01 7.460420485807188129e+01 2.744375711625272629e+01 4.701978048447406877e+01 2.086246121200648318e+01 5.746265489766091861e+01 5.575603333856120258e+01 3.883016825517018589e+01 2.561232314290422352e+01 6.429702082619522230e+01 2.995619435021371402e+01 4.349642127210443476e+01 1.658539165682864791e+01 5.395468625137300478e+01 4.954178095712806140e+01 5.181265963334026026e+01 4.181837227507070764e+01 5.745159903006120317e+01 2.956569616008888701e+01 2.278045898386926282e+01
1.938969641905842423e+01 5.430209129037279325e+01 2.840028492031675356e+01 5.129531618988875152e+01 5.761443443009347476e+01 5.236027220252788084e+01 5.968832948099483104e+01 4.899541369170853500e+01 4.760958151546391548e+01 5.220572002512035681e+01 5.841941267071348420e+01 5.101165595108812312e+01 6.471993379610957220e+01 6.280107255578040792e+01 6.688242765412185520e+01 6.944427784735506748e+01 6.062883755853681578e+01 6.870683238668875958e+01 6.743150247895356131e+01 6.562582937135840666e+01 7.454856971899668849e+01 7.613861869609716848e+01 8.225240066376599657e+01 7.823056414307970385e+01 8.065370832392663658e+01 7.898606867790222452e+01 8.664393185918981999e+01 8.229564351168545500e+01 7.447356511643438637e+01 9.022797685030734272e+01 7.357692036917715939e+01 8.904961575305823374e+01 9.221086492827444658e+01 8.734456492554058116e+01 9.335782007195733456e+01 8.782000194462862908e+01 5.138104689319928298e+01 1.834538554693713408e+01 8.937641470287785239e+01 8.899011887059067760e+01 9.258486392823132860e+01 9.077703865802649830e+01 9.053342773553096379e+01 9.329042614120425014e+01 8.923846802205750350e+01 8.840820187077378023e+01 9.238993700670474141e+01 8.773558163064899418e+01 9.396698622739675955e+01 4.397122479171463993e+01 7.718343289657072148e+01 7.467039253639453023e+01 4.129585235985842928e+01 6.229315350182128697e+01 7.147601589447621251e+00 4.497429745125047873e+01 8.740727269577257630e+01 3.121151695594643272e+01 8.611804918989990654e+01 5.208059953920768947e+01 4.312377605185363905e+01 8.484353502121838631e+01 8.179062293478936851e+01 8.198423946698507336e+01 9.296963241931163680e+01 2.047105182400255430e+01 9.039179287281903896e+01 8.584829990538683830e+01 8.199473125970725107e+01 8.830285871787505414e+01 5.146417417399811001e+01 3.512196387495055205e+01 2.178685844323851839e+01 7.432431958191322963e+01 8.733410784511855240e+01 2.602539517572432004e+01 7.311759853543657073e+01 9.147747212865135680e+01 9.175044965707894562e+01 2.751473943103443531e+01 5.092320467125285433e+01 9.102015493024478587e+01 8.450197466575738758e+01 9.764103153474403030e+01 2.545550598791151486e+01 3.486295587781703631e+01 4.923693753715717492e+01 3.208717160920301836e+01 3.396488575673464538e+01 3.550988467678879346e+01 9.129976250800218907e+01 9.375252495895732352e+01 9.535356037905721394e+01 9.471880258032770428e+01 9.443035204410553263e+01 9.250897416201505052e+01 9.175434611277147212e+01 8.495191550038077821e+01 8.708581944017699072e+01 9.912740354935327503e+01
5.270365495374708331e+01 2.334446443680560890e+01 3.748525754177209279e+01 4.598385263284047397e+01 5.640807786276846514e+01 5.016019360152157702e+01 5.242753162311785076e+01 5.988497466137914671e+01 6.261633369434963470e+01 5.715068677808299213e+01 5.402066131685719341e+01 6.124453396544311801e+01 7.879461298639124323e+01 7.817861718589608699e+01 8.118494536551561680e+01 8.121385203347061577e+01 7.922777042388915447e+01 8.196133802695707971e+01 8.039301894975430685e+01 7.893500688437259782e+01 8.637491153298002189e+01 8.088366863438577070e+01 8.809283194578054577e+01 8.605984534061316538e+01 8.214960018685370358e+01 8.355066672382932325e+01 4.626936130162441430e+01 8.080669410878961401e+01 7.858578378865213487e+00 8.081140630353580434e+01 8.842814408721345387e+01 8.918553176431944962e+01 8.115727966229120227e+01 7.917453911159977054e+01 9.120359208041971044e+01 9.175997818347180157e+01 9.533452068242159783e+01 9.196375674153819091e+01 5.651903139117992225e+01 8.956882498264312176e+01 7.830032718831841976e+01 7.851106556256611668e+01 3.015823295423478712e+01 7.327373446153872294e+01 8.260309903224309380e+01 4.187859377680403128e+01 3.401346779032186873e+01 4.807872259111115198e+01 3.574624723710797269e+01 7.670964471174008281e+01 8.020253520264769520e+01 8.411112284407471407e+01 3.061713607085473754e+01 8.894668510502035019e+01 4.189187990968877529e+01 2.804983604649702755e+01 5.357577546094402976e+01 9.214914645859688846e+01 4.520379348469502645e+01 5.418829135334853220e+01 3.570614368283387563e+01 2.335344190543348120e+01 8.849100806279615483e+01 3.073993734121322774e+01 7.603574879458456337e+01 8.996802511251334522e+01 2.717386681302027185e+01 4.911518848339716925e+01 2.560917951022133821e+01 3.957780177593231485e+01 4.564346815654725731e+01 2.943936508270827090e+01 3.495475255557985150e+01 3.814256965752804263e+01 5.269699019211711288e+01 4.149353890924742672e+01 1.914843074634219633e+01 7.372958506526369149e+01 2.581069959925882884e+01 3.911461819879936286e+01 2.222074917807723438e+01 4.076849007877436293e+01 6.297706825660936403e+01 2.566551106481841060e+01 2.057690481380982916e+01 7.074117277156223338e+01 2.016503035534512023e+01 4.613421763904167250e+01 8.594863580898804400e+01 2.387390294734275642e+01 2.817973164319992208e+01 3.981061283404176976e+01 2.983336053707382973e+01 2.301369092861811438e+01 7.576580859242064037e+01 3.027577965015714767e+01 4.996230745640667692e+01 1.948955936757000984e+01 5.556445615399967863e+01 6.246445002501661037e+01
7.102311909054265016e+01 2.953287568029129062e+01 2.450923349902485526e+01 4.239958201177192620e+01 6.070332581563429386e+01 6.885329659815990055e+01 7.179061238603158301e+01 6.697985640258499984e+01 6.222560770475503489e+01 6.577491436149134074e+01 6.803066281387300762e+01 5.582722826618136480e+01 7.419217853329398338e+01 7.804705756830446717e+01 7.673719759998898837e+01 7.045727822473554625e+01 7.755049811457142539e+01 7.963064137950088650e+01 7.863604719927816689e+01 8.133725426052555463e+01 7.861998408238092395e+01 7.866013753558650023e+01 8.018421578624031554e+01 8.666866437305102977e+01 7.825698888157353394e+01 8.464276775519053331e+01 8.644313855893683751e+01 8.513661964951138827e+01 8.781736380981676859e+01 9.342907574610276811e+01 9.780544634443340613e+01 1.057785319234385639e+02 8.949785568497397037e+01 8.574996863711963613e+01 9.167482891118888233e+01 8.432626100236718969e+01 8.750253192547596370e+01 8.874797454277674547e+01 8.996262734983906739e+01 8.403014772588556980e+01 9.050905970082138197e+01 8.824683306542310390e+01 9.063232307867569659e+01 9.026561366175160117e+01 8.636939227725520141e+01 8.448365524934999371e+01 9.067811728065663601e+01 9.285417063091740886e+01 8.453386659152579341e+01 8.116651313413272817e+01 9.681511309905485518e+01 9.739527712771386803e+01 9.890779618241570859e+01 9.447684917016462691e+01 9.174903513084758799e+01 9.591844231757251293e+01 8.926896277774463329e+01 9.503618581872997595e+01 9.531742487459472102e+01 9.541125222191665500e+01 9.426808071895079877e+01 7.737035429387381313e+00 7.331197656871694335e+00 6.674683924019336523e+00 5.868671907710306890e+00 4.996875743567943395e+00 7.291861027479171753e+00 9.420585892092097424e+01 7.795199142577070361e+00 3.822409583348216700e+01 3.618363957522493735e+01 5.103722156015309253e+01 6.793349440766102987e+01 4.842432692954034223e+01 2.652017996311187886e+01 1.297395540660980906e+01 5.321995268915638633e+01 4.523086040074174718e+01 5.305729085062489503e+01 3.401108782824241672e+01 6.253964988426728411e+01 2.147737876167803250e+01 2.492819577527768615e+01 7.198521821878172489e+01 2.508331853611902673e+01 4.864503641200788309e+01 2.401631232825192441e+01 3.954702932184392949e+01 4.914667253963875027e+01 3.426441819478164774e+01 3.498355291711561676e+01 3.957039069984898561e+01 5.030880997560240786e+01 4.029083147247632013e+01 2.198001069841962973e+01 7.346065151980428709e+01 2.579696437599081094e+01 4.187829438321518438e+01 2.444158356505813146e+01 3.993728235634890211e+01
5.019549167174281479e+01 3.762611137773051695e+01 2.421817303173469682e+01 5.021716516415278164e+01 6.399342270999243709e+01 5.941166810971317602e+01 6.679744326526468967e+01 6.276416036360191697e+01 6.463488866072712824e+01 6.572178718610243209e+01 6.703208105816985096e+01 5.635820062648166129e+01 5.878883398608727617e+01 7.289543113636247540e+01 6.123708383802211586e+01 7.110344335310387009e+01 6.904329003402681053e+01 7.599876283876824345e+01 6.457868944677439060e+01 7.234598749334162449e+01 8.562603704748731559e+01 8.137820609663471316e+01 8.300452942739833873e+01 8.259859511129783982e+01 8.970470628160418869e+01 7.987387914476973094e+01 8.213202708489967563e+01 8.519573469667723487e+01 7.015688665725967610e+01 7.446266545418536964e+01 5.044587149276878080e+01 9.143151304324467787e+01 8.008895655653692813e+01 1.651673832043553958e+01 8.166609906653564011e+00 9.025760379849057813e+01 8.022890787269129476e+01 8.436788105025435414e+01 5.888981857579765666e+00 9.084516154708283864e+01 9.177389781583438833e+01 5.281337619550300388e+01 9.804692246046933235e+01 6.508685148683461819e+01 4.615530970042402004e+01 9.361414437438502034e+01 8.229388186245253678e+01 3.698499254999738639e+01 6.364710676941004230e+00 4.270942834200280913e+01 2.994417521628466616e+01 5.630654438481186475e+01 4.855702337496208543e+01 5.601756014697479458e+01 3.454427526719642572e+01 2.290055486433433884e+01 2.979732266095551552e+01 6.521975186701976668e+01 2.814335966119260490e+01 4.923775327621084585e+01 2.116072665109778939e+01 3.455909958888184264e+01 4.865614000902031222e+01 3.035324231747425117e+01 3.746812702164505282e+01 3.926140349904696336e+01 4.966766077460664519e+01 4.354172950188318936e+01 2.147440001242088670e+01 7.753678675600976078e+01 2.513582522914265027e+01 3.824356509483222055e+01 2.298795392757112310e+01 4.147010376760454164e+01 6.194357026598670046e+01 2.728317801573059853e+01 2.206125917597250563e+01 6.809958842487046127e+01 1.938682831525802541e+01 4.474887577403675465e+01 2.521638813876744578e+01 2.465694735330162501e+01 4.074857389655980455e+01 2.956647718684239834e+01 2.164274599010294153e+01 8.024349571683190163e+01 2.886520628197626692e+01 4.983723903894424723e+01 1.830620403813593455e+01 5.164379731019337783e+01 8.960514272668144997e+01 9.610716441544619215e+01 9.326167567859997121e+01 9.300692210775433466e+01 9.891774125641042303e+01 8.995296865232063510e+01 9.542742815378940691e+01 8.623306839646714650e+01 8.836029021848331411e+01 9.314600561640479270e+01
5.682909467328678232e+01 1.587515955472534301e+01 4.398559134494174572e+01 3.285204195651141390e+01 5.876562881343292588e+01 5.519542101296511305e+01 5.889122225443522041e+01 6.003672382054907075e+01 5.686251827929959290e+01 5.430030360691475266e+01 5.677174995342890185e+01 5.790288062727812246e+01 6.678012182748679493e+01 7.045933926755731136e+01 7.070344917936758122e+01 7.367209281813015309e+01 6.776686234979918311e+01 6.419680641564455925e+01 7.390135888258616603e+01 6.784076483683152503e+01 8.750146452224615246e+01 8.064555093338995562e+01 8.258273159012649955e+01 8.713916356744188363e+01 8.290074832800662818e+01 9.496401026863040329e+01 8.020949501882900279e+01 8.784453486276395040e+01 9.470276549765557661e+01 8.173554319251667266e+01 9.248386849092715067e+01 8.766598346883600357e+01 8.965860834699688553e+01 7.922536659710334561e+01 8.165474163582830158e+01 8.979787409522316466e+01 9.197389273318377434e+01 1.412650899345224609e+01 4.786607937939239577e+01 7.643920118122389340e+01 4.959922981388641006e+01 2.025317356351650133e+01 6.077722396362911894e+00 4.194533251289165321e+01 2.800152303323601188e+01 5.539066034519311188e+01 4.476322497111378595e+01 7.119189029390162204e+01 5.339358795357473042e+01 3.593242231995770197e+01 9.092760325995358528e+01 7.826663022294188465e+01 8.749283851565736825e+01 2.142721297939618452e+01 2.765021719950618007e+01 7.220751144994389392e+01 2.692377119895183668e+01 4.938321950905250901e+01 2.301823823993856166e+01 3.368441471051085756e+01 5.015242672436165350e+01 3.075409562063939717e+01 3.419227952650098956e+01 3.913519391471689346e+01 5.482895892117962688e+01 3.977553171569650914e+01 2.211756686586322118e+01 7.492788837895248832e+01 2.421748746380661643e+01 4.397412760781519125e+01 2.483806745744112732e+01 4.359460067405845507e+01 6.204367186156186165e+01 2.541693845291932519e+01 1.937846265092040454e+01 7.091276434930888684e+01 2.040174654722213887e+01 4.592224697813843193e+01 2.552644925135554743e+01 2.624854319727781871e+01 4.205392560489249831e+01 2.949721313091841779e+01 2.047320615613099193e+01 8.012653262145590816e+01 3.042256278088598620e+01 5.226410177494540221e+01 2.200298156304792840e+01 5.653864384076811689e+01 5.706752478498400905e+01 3.718052259773919133e+01 2.676295345136613690e+01 9.462218089284318978e+01 9.714112234404592527e+01 9.407379597497708801e+01 9.296915512518448566e+01 9.112738990350203494e+01 9.762894297621467388e+01 1.031945222655932071e+02 9.329253491343874316e+01 9.494707066615423230e+01
2.093540477174700953e+01 4.098985475590734495e+01 6.481938453605680195e+01 2.559664836986498315e+01 6.437730169838124539e+01 6.627122649008578037e+01 6.178905280087933249e+01 6.225257916197632113e+01 6.908920572905829260e+01 6.082418970574032357e+01 5.590605122176083341e+01 6.230963316632039550e+01 7.330461973060261016e+01 7.583119788783969284e+01 7.690609897447355081e+01 6.746791568181731691e+01 7.089111255208651130e+01 7.569206231073899005e+01 6.995773351318908340e+01 7.515943677714376747e+01 7.517628959886955897e+01 7.084026337139533780e+01 7.818526459137598295e+01 8.670324650208155504e+01 8.291414727586688116e+01 7.847608424208381450e+01 8.262002995664423111e+01 8.717335518309563724e+01 8.785997315825838427e+01 8.457940912933059963e+01 8.080995706500429776e+01 8.357147674777290547e+01 8.494604044357934924e+01 8.447595779679038230e+01 8.862557897242632521e+01 9.094397878755222564e+01 9.452514265775680258e+01 9.448701119603532561e+01 7.078945324204184431e+01 8.145019072908343105e+01 9.078385962500716744e+01 8.852371572761825291e+01 7.573803875229575056e+01 6.868976261308699094e+00 9.401723228187272241e+01 9.047086749257464078e+01 6.909817018057360372e+01 4.817291875662225920e+01 8.701772258534576565e+01 9.247511231321277592e+01 8.446376510136055060e+01 8.953111006852351750e+01 9.232721188032266468e+01 9.354344409704208374e+01 9.149596510655952386e+01 4.163388507781606762e+01 8.997906362396298618e+01 9.287820022070046377e+01 5.219837837363734678e+01 3.378519970449534071e+01 4.148184954216986142e+01 5.570164350325411107e+01 4.407159974665352564e+01 2.139138771611632706e+01 9.201445405591617543e+01 2.902953648043401458e+01 5.279996423053018617e+01 8.862734929973429132e+01 4.389006309491215063e+01 5.033303048303633176e+01 9.074598850553685736e+01 4.082785245107881877e+01 2.133763788884336421e+01 2.459083126909805017e+01 7.336158261515878110e+01 2.597340699768427541e+01 9.099456328695470120e+01 4.667521751504956029e+01 2.541134109451915180e+01 3.479642324601159231e+01 4.852281440315824312e+01 3.090620058088591549e+01 3.668270916216301458e+01 3.755553259343812300e+01 5.279196738438172787e+01 3.989952405185410811e+01 2.202463769930781723e+01 7.359165574059342418e+01 2.400217791353211183e+01 4.223380474430142328e+01 2.266151294834686070e+01 4.237306181445266162e+01 6.198401877374359970e+01 2.714238492629744925e+01 1.938427696119655153e+01 6.831172396919943424e+01 1.947268918969414386e+01 4.907735207622701523e+01 2.548847182546601076e+01 2.592853267165747511e+01
4.048991085290909098e+01 5.692611121318557110e+01 3.180270430942376336e+01 3.693463368054592166e+01 6.220099234490683671e+01 6.014333831144101339e+01 5.758160093318332429e+01 4.444607604073755880e+01 5.835903496362946186e+01 5.993143707513809204e+01 5.931150576761274351e+01 5.178291553114399903e+01 5.419179729566429415e+01 6.446563148516597153e+01 6.542185555660363150e+01 6.196195910699439935e+01 6.240817270838853403e+01 6.805503518762010629e+01 8.317463705431330823e+01 7.352101620977575180e+01 8.127353983358902667e+01 6.731551566701946854e+01 7.670888971921169741e+01 7.948448523969361190e+01 8.088484017451604302e+01 8.241554847449967269e+01 9.306755581805199995e+01 9.566000924291033414e+01 8.751518455888285075e+01 9.190649012435565623e+01 9.161241619550820303e+01 6.600143598471627016e+00 9.301310089718211316e+01 9.691846897276964512e+01 9.197235671390185985e+01 5.081380885731090302e+01 8.917492715662176295e+01 8.837886129906682697e+01 5.782361075083414903e+01 8.884870095975470861e+01 8.151000002225239882e+01 8.731217834949492840e+01 9.578755091175888481e+01 9.438347308274471459e+01 5.395794052951263353e+01 7.860672398372129521e+01 3.469905524407372610e+01 8.042957100181868668e+01 9.146351778398860688e+01 2.640934575823220243e+01 4.351306582002928991e+01 3.017127176198092542e+01 5.101149974573742440e+01 9.635561770381349334e+01 4.684391929380821296e+01 9.261164446780175297e+01 5.195275847677028480e+01 3.717762845971367369e+01 9.078018879926565887e+01 2.136336404229655273e+01 2.838844151740724442e+01 7.045454029206074154e+01 2.631175863489960065e+01 4.934963101961395893e+01 2.132629564476735595e+01 3.432893534365928190e+01 4.846826836250045289e+01 2.910714233598925915e+01 3.456141012636098253e+01 3.780414642619363974e+01 5.015280855966337015e+01 4.133696040131828653e+01 2.126419100075057145e+01 7.259844137430191324e+01 2.412396601862979750e+01 4.017991265636501907e+01 1.904404218169775831e+01 4.157030950008016390e+01 6.524315663540002674e+01 2.637981426887439795e+01 1.909031150828708334e+01 7.358307312437982262e+01 1.972874881083314946e+01 4.530500587387518152e+01 2.374188990033034230e+01 2.542033374977834370e+01 3.854347936818093956e+01 2.916783679281220287e+01 2.213773688177267829e+01 8.353697272141774022e+01 2.857059214295762928e+01 4.943255002661184960e+01 1.925802832552880872e+01 5.396687026872779569e+01 5.952471305420904457e+01 3.653062589710408758e+01 2.347244217892487939e+01 6.245867042704062300e+01 2.942918787020625615e+01 4.689967592593395551e+01
