6.843861056747621241e+00 1.851711886738662116e+01 9.175117293498264104e+00 1.194700246189242065e+01 5.671770245182825576e+00 1.770442301189882528e+01 1.802210000943015089e+01 8.955071804047417316e+00 7.577969484380101761e+00 8.398486398303262490e+00 8.027498145766484683e+00 1.239598003287362360e+01 1.746743201108068178e+01 2.112460346522180998e+01 1.740694067732066586e+01 2.992269609559707533e+01 3.074175058015140749e+01 1.915009840266083430e+01 2.180037721025331621e+01 2.083066276810328787e+01 1.826187619488074532e+01 1.450812078844815822e+01 2.738655177563390453e+01 2.690902398780218263e+01 2.611661821619091128e+01 2.931857378362244049e+01 3.031128328538935079e+01 2.651541129604648717e+01 4.404213911352136357e+00 1.597631275129833206e+01 4.446900945434648200e+00 2.773536088659409415e+01 2.640597317734060923e+01 2.944854261288113051e+01 2.459243076627392099e+01 2.755839794403851073e+01 1.126181108659925023e+01 2.417130642452915978e+01 1.876098294051026727e+01 2.059510861278321414e+01 2.613654321131720337e+01 2.577153466997740239e+01 2.790604540897523833e+01 2.015429990258844839e+01 1.086029989333995793e+01 2.320296659684023055e+01 1.653495108980657236e+01 2.369500666249367171e+01 3.233315861329291607e+01 2.386008209407579628e+01 2.102158620661944255e+01 3.178134632808446014e+01 3.025694590972983633e+01 2.919044146141037288e+01 2.846153900574852713e+01 2.690605625879461371e+01 3.011625951299274817e+01 2.153614422727298106e+01 1.937083742244592699e+01 2.237405609894156555e+01 1.732502388898738488e+01 1.938732311559560273e+01 2.963427045126614701e+01 2.420272618364002426e+01 3.136880986944174765e+01 1.774065253871161119e+01 2.018833751398791065e+01 6.041930064326322736e+01 5.563360667226892531e+01 4.425874944973138980e+01 4.659997786442870904e+01 5.233382944636616685e+01 5.538091547227887190e+01 5.120053311752132430e+01 4.282637628884999259e+01 4.454512561857806219e+01 3.489683117818834290e+01 5.920892633493760826e+01 7.359498855038209797e+01 8.492512516684008972e+01 7.811635273456077755e+01 5.464002317016055343e+01 5.726365603063383958e+01 6.227316046881575318e+01 6.890268538802666853e+01 7.719508999488471090e+01 6.059397348365826730e+01 3.901648710415732069e+01 5.800840942286824742e+01 2.698711702464155593e+01 6.449814960392218666e+01 6.022557127643563035e+01 5.293264690816697993e+01 2.950017501280029109e+01 3.409555540944075602e+01 2.525606807618408212e+01 5.584196724734444928e+01 7.252318754936041501e+01 7.334915106193049894e+01 6.418327715179037796e+01
2.270295127807092683e+01 1.178789429529988197e+01 1.917786589135744890e+01 7.761878102117655054e+00 2.002843140721020632e+01 1.147190998197417677e+01 1.965023956641601188e+01 5.672452020765645031e+00 1.475360701726885715e+01 2.255389549831716067e+01 1.712717482751228459e+01 2.029542191658433836e+01 3.655534086412814787e+01 1.128185155487192226e+01 7.607341150918644601e+00 6.882451905685485372e+00 1.103947411207592388e+01 1.472479681297498999e+01 4.232724188498181661e+00 6.083217314950558396e+00 7.014015923858540447e+00 1.898515158188844865e+01 2.123699271799205945e+01 1.820916788947794984e+01 2.416643304287833516e+01 8.111698121700648301e+00 1.593660934971061316e+01 1.261631247655050458e+01 3.996627101953332328e+01 2.297307270006068336e+01 2.529548383208980056e+01 1.291688976803403754e+01 9.573554964987138760e+00 1.502344632522434331e+01 1.501058662716219771e+01 2.416510544742294897e+01 9.910527041259413750e+00 8.485425922776098417e+00 1.515849320709989456e+01 1.929916386279812812e+01 1.206024497132514561e+01 1.688880229767337582e+01 2.623822042825678480e+01 2.416142690168197404e+01 2.284175138293181817e+01 2.779751724632107468e+01 2.047613669921332757e+01 2.115502061318147042e+01 1.431666492883791264e+01 1.212563181332690476e+01 2.664586691030548593e+01 2.584271867880102747e+01 2.594462822494530130e+01 2.514367882341383265e+01 1.820857047152302499e+01 2.543709401399792824e+01 2.196332710619488537e+01 1.730882445860777707e+01 7.447822259482094864e+00 2.863805111901405454e+01 2.783485033685615306e+01 2.908908784586304108e+01 2.545634138227719845e+01 3.328896649304774513e+01 3.527427762945081469e+01 2.670466555985987611e+01 3.426898362909636830e+01 2.684665465963756503e+01 2.310683762257462348e+01 1.705977999738425055e+01 3.219080165894112611e+01 3.113154366914899640e+01 3.156843597275036117e+01 3.092318862572119897e+01 2.963406578030010508e+01 2.893939316079636725e+01 2.218394028099410420e+01 1.907273830914578738e+01 1.560580990084992870e+01 2.570294500393951864e+01 2.283027736262623364e+01 3.663367452764381227e+01 3.146389612811009684e+01 2.744251822155013443e+01 3.547279740321327068e+01 4.012468150705581493e+00 1.506702049731167925e+01 2.289587302432983051e+01 4.922918662581462712e+01 4.567300923011833191e+01 4.436137811008067189e+01 5.012903082547709488e+01 4.221492177780820043e+01 5.611212185922059348e+01 4.460487294571828443e+01 2.455315883320920278e+01 4.879854784997291972e+01 3.549137544211711770e+01 6.007298630542961604e+01 4.914944239212761090e+01
7.708878002297058885e+00 6.704306573427445848e+00 1.738930993309071837e+01 1.773098875012592757e+01 1.941499518336886254e+01 1.669465252561823831e+01 1.109959897417377306e+01 6.847415831870617531e+00 2.837796687183180921e+01 6.640040581547136611e+00 1.107247177370199687e+01 1.943425223203166041e+01 1.404985281510309925e+01 1.237646161385554322e+01 2.119228317520797944e+01 3.114388754106024493e+01 1.776032584386615198e+01 6.216511355951416462e+00 1.612497301823934848e+01 1.474926190797632408e+01 1.973769076830394198e+01 2.895345184350416190e+01 2.716561776526630112e+01 2.930940231168479571e+01 2.099051355840368416e+01 2.416164263594347617e+01 2.030627362652020906e+01 3.477392902890573367e+01 3.198432184409406887e+01 9.409400552752188673e+00 2.225056068043982904e+01 2.678899552951571295e+01 3.509336232459158111e+01 2.518131062292637168e+01 2.188717014606128686e+01 3.283122817497291379e+01 2.593829172246968540e+01 1.938585031438728024e+01 2.716439250529392879e+01 1.803831741766488506e+01 1.589512752337744672e+01 2.693968867699779324e+01 3.146577688833856357e+01 2.885368027920783263e+01 1.629115201354376552e+01 1.240776105962826570e+01 2.588056068092733497e+01 2.147995374962365389e+01 2.728686595187740593e+01 1.864573244295126742e+01 3.095066708582388060e+01 3.373183850784609206e+01 3.240996830785874749e+01 2.866008643774964071e+01 3.414529045418825604e+01 3.023696559812623619e+01 3.426748731838518580e+01 9.366751548747826561e+00 2.434980439933003638e+01 2.529442175572548734e+01 2.968237919158079308e+01 2.874345390070032025e+01 2.758563577746490125e+01 2.511137953231376940e+01 2.878171077640643816e+01 3.345861659730323368e+01 3.085289797800609790e+01 3.504259839336615556e+01 3.962367118315093961e+01 1.919670530061657132e+01 7.041155847120097633e+01 8.047649108702579213e+01 9.334644482406410759e+01 7.852078809510175006e+01 7.548082683146630245e+01 7.390883211603599534e+01 7.019340134799422515e+01 7.274697035830936898e+01 5.279817047746366399e+00 6.714107685168046658e+01 5.423699284814319554e+01 8.688250424802654948e+01 6.868884295004993135e+01 6.004816580206158250e+01 3.703912771136725723e+01 7.130243586989183768e+01 6.439346870226479780e+01 2.225386445704704030e+01 2.161209375061667615e+01 3.826899831212003278e+01 2.946333423891325154e+01 8.682454917475109823e+01 5.666018092144370399e+01 3.475444933142176751e+01 1.017081499136934326e+02 1.807169261424858320e+01 7.093956531039998481e+01 9.014502029481472789e+01 8.000257269933840121e+01 8.366981175234955970e+01
1.912646996937877830e+01 7.805086493998793173e+00 1.973232783582894712e+01 2.172092615389603409e+01 1.274321400714247332e+01 7.841262087246202661e+00 1.320447875064568422e+01 4.159783535792050735e+00 1.238265291057822637e+01 2.193400937322171984e+01 9.264635257269612012e+00 1.796840015617161157e+01 2.050052020241063389e+01 2.529044726683092037e+01 2.656062145295020116e+01 2.532824778159924861e+01 2.505450313034582521e+01 1.173123777632923570e+01 7.454325402845600301e+00 1.749632519009050924e+01 2.677404901734713150e+01 1.514806190239156436e+01 1.456696645700826309e+01 2.316976979589584928e+01 2.850218831909820949e+01 1.266380720396703552e+01 1.672772348157674571e+01 2.840932301699377049e+01 2.240029823577641821e+01 1.084417514020471529e+01 5.402142177025058167e+00 2.442532521997459583e+01 2.774532338415724197e+01 2.855743841663330329e+01 1.627412145309260438e+01 3.341299986429130087e+01 1.337042403383347455e+01 1.850159014929437262e+01 1.127107659654831728e+01 7.095911968512831791e+00 2.099060759641510643e+01 2.879534628806282726e+01 1.375499109863740266e+01 2.441014361277745337e+01 2.682645861377246632e+01 1.820234460200202520e+01 2.389699754520719566e+01 2.855918918314009858e+01 3.350822717997678524e+01 3.084333099325570160e+01 2.391513028646871319e+01 3.038609882094823433e+01 3.959570040640021915e+01 2.938185583366263742e+01 3.449067824102695567e+01 2.873192594682936019e+01 2.634279346278343326e+01 2.800514487807227226e+01 2.906130514513516516e+01 3.116981160815057450e+01 2.600206332333405612e+01 2.911445598235642507e+01 1.517605203990934370e+01 1.470334370016306735e+01 2.559744818424182711e+01 2.771705389842905731e+01 2.288060014494513084e+01 3.204212203123305613e+01 2.707927704166032257e+01 2.940441389310878151e+01 2.249212497101940045e+01 3.011391962600262673e+01 3.073008710091104589e+01 2.735110221115116147e+01 2.851369967802597571e+01 3.147080792194971366e+01 2.004658904088651283e+01 2.248651034857265429e+01 2.492589508642890905e+01 3.010243315948964593e+01 1.824602525830817967e+01 3.478895021831868206e+01 2.800485446656640676e+01 2.968417697709329772e+01 3.052946530101088740e+01 6.926328244030115933e+00 1.883871780315907429e+01 8.460200917667746623e+00 2.347238273374431117e+01 2.378622906522206648e+01 2.772701639599220513e+01 2.314026398689983566e+01 2.469666637028899103e+01 2.661643854437770074e+01 2.220895439203271948e+01 2.404017041759927409e+01 1.734281643391345895e+01 1.214548074829689916e+01 3.378826961217171032e+01 1.228984430786302617e+01
3.805498162723977629e+01 1.712314363922847349e+01 1.382770184223472221e+01 6.568578607425041405e+00 9.583052804140898218e+00 1.058644806641175329e+01 9.236117538849510922e+00 1.231777498016769989e+01 1.960210593368657328e+01 1.306704772859816366e+01 1.496076860769873740e+01 1.934568087147824400e+01 2.200827174400752639e+01 1.748794750960223610e+01 9.313868996441510006e+00 3.079923269754587523e+01 1.638063886179662632e+01 2.601308513143764856e+01 6.998528969706657676e+01 9.518631234668161412e+00 1.275023228520090868e+01 1.016539771045539098e+01 2.211829621737286544e+01 1.147750593510983386e+01 2.112535853513706030e+01 2.431765169689484196e+01 8.667480747067871860e+00 3.247092153420427962e+01 3.745144843574846760e+01 9.493542446385179190e+00 1.453291778231334064e+01 6.230969147042986123e+01 6.081580362095825620e+01 4.970991447185861034e+01 1.625297396381780857e+01 3.920723491285801998e+01 4.481091299457074939e+01 2.965189151511256682e+01 1.233901097580618789e+01 6.173987505476963733e+00 1.399323916640236831e+01 3.774364942965566172e+01 1.582092876654054336e+01 4.353244410267915043e+01 4.764314705679585416e+01 2.052621055738433853e+01 1.009716691006404155e+01 9.287971896133868199e+00 7.379751876874937722e+00 7.560213586620244897e+00 2.270346295548602455e+01 5.323931039506630469e+01 4.297793513920193931e+01 1.152893712134278559e+01 3.774843983659052071e+01 4.040148446804839466e+01 6.324569328548461655e+00 1.251630028557788776e+01 5.869292870296212783e+01 1.105972201713850112e+01 8.638044083668493300e+00 4.595991920297102240e+01 2.628820992879990115e+01 5.049544163951664899e+01 4.937842494994351483e+01 1.352685488292431337e+01 3.843179747066093910e+01 3.227675793302981333e+01 7.679960484037214030e+01 3.170329754442693115e+01 8.507747780864140452e+01 7.738897424784876478e+01 4.013864822612008965e+01 8.884663747109230769e+01 6.743469118158286335e+01 7.635000910775701755e+01 6.662637915692171475e+01 6.317981412683482034e+01 2.062318863957661819e+01 4.129424539279159490e+01 6.157243346087066982e+01 5.809022802445431211e+01 1.389678382492064657e+01 6.567033341631446319e+01 7.841067511537272594e+01 1.657478725093983130e+01 1.411439884664977917e+01 8.474495386860064627e+01 6.880155027256469680e+01 7.099074964685294731e+01 2.468884185457379488e+01 7.163009195992950140e+01 6.690672859556569563e+01 4.855027643651976632e+01 2.764851678304461657e+01 3.849739451527646850e+01 6.790469869432457983e+01 4.603163701580066913e+01 1.301539043626421588e+01 8.093907512851279762e+01
4.268494588549311075e+00 1.382572566108289891e+01 8.847407269895224857e+00 7.716189457685225683e+00 1.692538446702899790e+01 1.644004460968947257e+01 2.577820583714073166e+01 1.590749767061541675e+01 2.406834863113989798e+01 1.295164096199077086e+01 2.167585843692138425e+01 3.229158274894832203e+01 2.942248578624526090e+01 2.949856806913449603e+01 1.168838271844690269e+01 2.758403159962297480e+01 2.114880165822013325e+01 1.577572414128455769e+01 2.497486676378956005e+01 2.935824676114764031e+01 2.657487063177672582e+00 2.575938440573673205e+01 2.240791116596590982e+01 2.016866835756916743e+01 2.239026382679277205e+01 1.888550309675413175e+01 2.186098609152760730e+01 2.714645890335071954e+01 1.768687247656097483e+01 2.411615866247708340e+01 8.676355584395951226e+00 2.827214091909413440e+01 2.572550306338566628e+01 2.655239865859838844e+01 2.547971535976363811e+01 1.468404792996615171e+01 2.768068054877527118e+01 2.647997832650693439e+01 1.345021666943813443e+01 2.774256309193958003e+01 1.300911063317784233e+01 2.838260239263020779e+01 3.379697089405223664e+01 2.995503410823124923e+01 3.514327161624260043e+01 2.949210157293720513e+01 2.782173756591032188e+01 2.983568327679180499e+01 3.223073462390967592e+01 1.927909781065470085e+01 2.145754781049010518e+01 3.107046874655338442e+01 2.035575698129595779e+01 2.643735698074122453e+01 3.348355603109747847e+01 3.325415306805404470e+01 2.875398615797973889e+01 3.199719398836360895e+01 1.239827290085803391e+01 2.321582491199044185e+01 3.512879252830726529e+01 4.388550428492045086e+01 2.694621602132012228e+01 2.942289789400120625e+01 3.146241088069438163e+01 2.139730678378990802e+01 2.943250083446184817e+01 3.082112972508819126e+01 3.376056435451206283e+01 2.999487580101223827e+01 3.149635307117048555e+01 3.414198806049297019e+01 3.353881719192803956e+01 3.476408269594492850e+01 3.639418737078715083e+01 2.666486535443686989e+01 2.880920029980457997e+01 2.865860948780552064e+01 1.610524024787169850e+01 3.419911338660880062e+01 2.824257979362081272e+01 2.448110082404411614e+01 2.576515944596767227e+01 3.120849165490809796e+01 2.910944430951233386e+01 2.116725800087390041e+01 1.746370091468626384e+01 8.619362326369694571e+00 2.569245146819421777e+01 2.682742941794921876e+01 3.064307428210577555e+01 2.638367510533781157e+01 2.769065964128161283e+01 2.887269808410627547e+01 2.811770284609831450e+01 2.965158450866350748e+01 2.979543224207873919e+01 2.922633079188771532e+01 5.002841015325409302e+01 2.299713121895380752e+01
6.433289024505302045e+00 9.156160336724859405e+00 7.771037819303870720e+00 9.043258023627579689e+00 1.558471911096437346e+01 1.122887427309821540e+01 7.116946059009146452e+00 8.009347426649840784e+00 1.291209382945144668e+01 8.871961562716219163e+00 2.178133313002815186e+01 2.254356376326798284e+01 2.234352002055569386e+01 1.787869895656918118e+01 1.428210872546369181e+01 1.884963174413191567e+01 7.884440055064821706e+00 3.425181062871613591e+01 2.937774581939866181e+01 2.692232206894698976e+01 3.334563822404965094e+01 2.712082248194239043e+01 3.354808546770097166e+01 2.904166502986700849e+01 2.195531451445684112e+01 1.599757363935160903e+01 2.655667462229428466e+01 2.529182464711588452e+01 2.209685969950413309e+01 2.121260368314702305e+01 2.388688845897918611e+01 2.939749656762143459e+01 3.409524563716782808e+01 3.395341142352660313e+01 2.624678341894404099e+01 2.815177226447222480e+01 3.001879741162402482e+01 1.518045108276725053e+01 2.165622247038902515e+01 1.131110843972005142e+01 1.337041435344994689e+01 2.798398909132588130e+01 2.721925538748786977e+01 2.467813258456699188e+01 2.151025196715710308e+01 2.983824719551502369e+01 2.462149127762760514e+01 2.430458871077858873e+01 1.720769210896967749e+01 1.785868683799112944e+01 2.939699042185406697e+01 2.643866521542955539e+01 2.748442598475856968e+01 2.638893846815365407e+01 1.589775782187343545e+01 2.069174788155198286e+01 1.826687265569357876e+01 1.553458440466832435e+01 1.686554863352508349e+01 1.696106497780450439e+01 3.006864308932614094e+01 2.777196656545257269e+01 2.971546674248249076e+01 3.043286337086430038e+01 2.948281946804494780e+01 3.184741909440483809e+01 3.288963131171455245e+01 3.501449762289376366e+01 2.958330738072240962e+01 2.491253615715906022e+01 1.981275937674651288e+01 3.456152481933899878e+01 2.835723978778455390e+01 2.560452592751336809e+01 2.248373622723566356e+01 2.889655054912142873e+01 2.475361191785357207e+01 2.692576551965940723e+01 2.903553319835743451e+01 2.990160945444731766e+01 1.926454681129886737e+01 3.590170753913911028e+01 2.723594990033938146e+01 2.786452486110795590e+01 3.109913927674204714e+01 3.529954066463731266e+01 3.053784574732302914e+01 2.715894383227910680e+01 2.321404925306886113e+01 5.552864918822498197e+01 4.314678038871259957e+01 5.439154155409362801e+01 6.235869633767690345e+01 6.610983942346862818e+01 4.946904440306925466e+01 6.025125471684966527e+01 5.388641360990914819e+01 5.260133993062699176e+01 5.848120488606628697e+01 4.922317372473126795e+01
8.724717397594284662e+00 2.736972726906071784e+01 6.439391123408325868e+00 1.457070308505040934e+01 8.624147893112791508e+00 2.373658805848599229e+01 9.788289381160463876e+00 2.665721231980132799e+01 6.916754344720057901e+00 1.168107126305873500e+01 2.126308273451431319e+01 4.921910796364913665e+01 5.970960130269880750e+01 4.963694097499408286e+01 1.027053082431478259e+01 2.117603119417492863e+01 6.506166408990512018e+00 6.897999984544792795e+00 6.087635718575524102e+00 2.334683645684638620e+01 3.510893114712987995e+01 2.209557635723059121e+01 5.090786469938088032e+00 2.251730226566607485e+01 1.332255453728318351e+01 3.847356763413207315e+00 5.991882896355613219e+00 2.519956506043796551e+01 1.698769156415664483e+01 1.153304022104709503e+01 8.500731992047183994e+00 3.242912163812659543e+01 8.968927336992297228e+01 5.707465622261606342e+01 6.113261768144357688e+01 3.724947967962586404e+01 1.315154779642172400e+01 1.461063605001895560e+01 1.618011524864369122e+01 2.907048491454440509e+01 7.251088516480713508e+01 7.516400723933324457e+01 7.474883495054680793e+01 3.800468512024760059e+01 2.742299150506045891e+01 6.693022150347835009e+01 1.796783731101500337e+01 8.401527421643262272e+00 1.704804045798758949e+01 3.312808681626942331e+01 3.640739141392053568e+01 7.242246730747825723e+01 8.662248914644094100e+01 3.247175128136390043e+01 8.498088417596640909e+01 7.660412747286162016e+01 6.218503025716886157e+01 7.634482595383327919e+01 5.317445182542283533e+01 2.250498466908154782e+01 5.141549294833968275e+01 6.468876465307735657e+01 6.540718740211322313e+01 1.547835520548488120e+01 4.245334409247669072e+01 1.567701741917640845e+01 1.103296405415275494e+01 5.005828658264807274e+01 1.735687096788545603e+01 1.448043350864364065e+01 1.775295354035294793e+01 8.419075467739635599e+01 7.585408582539656663e+01 7.730417408813580948e+01 6.939465354225960425e+01 5.946493652356613069e+01 8.519724904530839638e+01 3.401666028368041594e+01 7.631489420796198431e+01 6.135211899504891164e+01 3.936034539039845725e+01 8.778435643581529746e+01 8.932523563275992728e+01 8.537343755718165994e+01 7.092695315357379116e+01 6.270086747136014793e+01 5.961178517587531189e+01 2.110710548053739899e+01 3.451450304780345135e+01 6.043785378975228184e+01 5.778231438516782248e+01 8.247501456403384168e+01 6.952243460484076820e+01 8.448635486883412682e+01 6.438006551981310110e+01 5.022396496383284870e+01 8.198419699252890780e+01 6.725060347675002959e+01 2.671947931248292463e+01 6.906417078023150680e+01
1.075236984009668717e+01 6.149517570283864032e+00 1.307169154686815915e+01 1.323678219048154325e+01 1.150360563201561526e+01 1.205520149150660103e+01 2.542602795271249150e+01 3.272677130504860799e+01 1.312472207075127528e+01 1.292459950205882180e+01 8.734681278069363231e+00 3.382872531785081804e+01 2.346409632544359170e+01 2.655042662618236449e+01 2.108888285000025675e+01 1.183723659305849552e+01 2.463342027595904682e+01 2.559310307494929404e+01 7.128920693434365852e+00 2.601013952902100357e+01 2.456035274108308997e+01 2.423353192985277360e+01 3.121190468155799280e+01 3.050200343585139962e+01 2.249871316346676764e+01 2.013412460040234109e+01 1.584045410011828636e+01 2.117448509863417527e+01 2.862783139983142533e+01 9.607109248666121815e+00 3.030747198010283583e+01 3.037959913486455932e+01 2.696913916951650236e+01 2.856518825510413606e+01 1.346267394012786589e+01 2.512276919499145933e+01 1.066841394811864596e+01 1.287999091184582845e+01 1.855671578475552153e+01 2.176920914111419947e+01 4.671514192999191906e+00 2.516459121766006746e+01 2.865275700450634844e+01 3.050404184804019536e+01 3.129461941007643944e+01 1.520766955542658572e+01 2.469532494571427605e+01 2.847765822723603790e+01 2.660341981144329537e+01 1.478779813189284731e+01 2.933146528865903946e+01 3.151468218592644632e+01 3.023822128216112404e+01 3.081870686338210774e+01 1.906147310854203880e+01 3.327138968238317318e+01 2.503048471589875135e+01 2.560244326214272803e+01 2.921923368784911546e+01 2.589911935906412310e+01 2.480250338632212603e+01 3.114151723000760086e+01 1.542468301046499413e+01 3.304919445633294828e+01 2.841541889279309885e+01 2.870857962758157811e+01 2.830345004525038632e+01 2.334023996692742386e+01 1.024155605350092380e+01 2.261503541777360837e+01 1.994214185134573825e+01 3.206133620962594222e+01 3.263100188788550327e+01 3.267051997927423912e+01 3.124517754265867353e+01 2.972487884109642664e+01 2.120087935578161975e+01 4.738252900560758718e+01 1.617118163755847249e+01 3.024969115373090744e+01 2.649818574501281887e+01 2.427973501752416752e+01 3.280758038092380247e+01 1.537817568216840947e+01 4.859407049160439840e+01 6.179517632004623806e+01 3.566991490427597711e+01 1.877418283490785456e+01 8.295142772484780380e+01 5.684486051258373607e+01 7.249715561513933437e+01 7.471351537978574697e+01 5.597412937492839546e+01 6.929097386884147625e+01 6.814517601612506326e+01 5.877587576068527397e+01 5.864498038043167583e+01 7.069651577240469464e+01 4.237280606734030641e+01 6.182962189046584456e+01
7.854367943632368565e+00 3.930083592411065752e+00 3.665204443830178960e+00 1.497646880687064197e+01 1.558205285675813379e+01 8.957449029659722228e+00 4.907230149015390452e+00 6.843253266953201575e+00 2.229610411911932744e+01 9.224845423686101498e+00 1.504037316728054918e+01 1.763454585485159853e+01 2.738462123057585984e+01 2.730019998873246578e+01 2.472402589996546141e+01 1.769378012166479408e+01 2.694929991493003740e+01 1.657186654093797529e+01 2.179322617264934081e+01 2.541581099935372734e+01 1.618275246169934434e+01 2.576268126778428069e+01 2.948552167796143664e+01 2.856025679115213833e+01 2.426252329560982446e+01 3.434023125186889303e+01 3.535594411072427334e+01 2.169294984549757999e+01 1.477289172417031082e+01 2.604771324623236950e+01 1.378687275033378867e+01 3.136367373452371154e+01 2.545997844066019056e+01 2.292954416406712781e+01 2.607180910374767535e+01 3.216670856724968530e+01 1.712078024273549559e+01 3.408802407105528687e+01 3.063787729906270130e+01 1.703484609523773230e+01 2.667393449089149371e+01 3.523463507598813038e+01 2.684049793571320208e+01 2.528488796086147872e+01 2.291624884874618218e+01 4.010896263857281951e+01 3.147196956797317924e+01 4.878800452939803733e+01 1.679642239765731304e+01 8.219347443821581223e+00 1.063405204387096781e+01 1.232878572497582859e+01 1.874818270766122907e+01 2.336101960162812219e+01 9.873755412969011047e+00 1.565568323679069707e+01 1.277002590369359503e+01 1.322621259457994469e+01 1.628036391755679801e+01 1.462880059825492474e+01 2.382546780840040057e+01 2.936080791404699397e+01 2.490554968607507647e+01 3.022470193510708114e+01 2.234541046116768825e+01 2.830234648152809385e+01 3.175521482420422714e+01 2.011138261366914293e+01 2.944958256265451624e+01 1.821708506029263930e+01 2.979995159827479156e+01 2.752391918373252011e+01 1.359148942083468548e+01 3.165773336206844490e+01 2.803903451789493673e+01 2.866279417931385964e+01 2.688669549173686235e+01 1.967240211304940445e+01 2.858885264409644122e+01 2.309175973377243452e+01 3.365096305219812933e+01 3.297143885000514985e+01 3.297583097830339227e+01 2.625592723264303174e+01 3.089618865314723095e+01 3.162619190670750058e+01 3.133675673666570560e+01 1.921189382237337995e+01 1.898400929663204195e+01 2.991308209184096611e+01 2.898651450199107060e+01 2.051194720371050551e+01 2.531247705391877645e+01 9.751122240057311430e+00 2.409400441331528597e+01 2.184514345242663680e+01 6.729107301154846255e+01 6.269156323987696311e+01 6.900136445189616552e+01 6.015659716088045172e+01
1.500978453824123449e+01 1.069617106497576486e+01 1.457454758022330488e+01 1.947483239978470948e+01 5.220682696320311678e+00 1.730552068200056581e+01 5.508969358002003602e+00 5.174630346049582386e+00 1.468205238804727131e+01 2.860583756845381842e+01 1.542365965563479868e+01 2.041320729171597037e+01 1.280533302824727038e+01 2.558933878866849554e+01 3.226991805061069840e+01 2.634237582337976136e+01 2.500493403503024936e+01 6.836665765961800645e+00 2.114300310848633657e+01 7.376564956326038924e+00 4.755399210740683280e+00 2.798008651385181267e+01 3.584486432705755021e+01 2.798715872547562356e+01 2.794789508988250049e+01 3.424912224791897586e+01 2.443405416009377618e+01 2.255782296820601829e+01 1.803127009845586315e+01 1.520771795734422938e+01 2.845989610637248290e+01 2.393561121219195087e+01 1.532098259336787649e+01 8.925046711620675310e+00 3.298267639237024440e+01 2.787424120034708253e+01 1.930229062667795503e+01 2.315271019429410160e+01 3.516049993310013377e+01 3.439979050298627072e+01 4.408883106056096324e+01 4.445726369184612281e+01 5.654596345909843080e+01 4.784958261846106353e+01 3.634231987583943635e+01 5.106410055788921198e+01 6.423542399494849064e+01 6.013814358405055316e+01 4.862298441429322082e+01 1.499021218565778035e+01 9.717391635106908510e+00 5.358350058017128958e+01 4.703454411015928116e+01 1.252448020965978870e+01 4.701874572424015497e+01 1.316017578396981769e+01 3.923203328963514025e+01 9.376467887986953187e+00 5.697476019624578925e+01 4.573663977396556390e+01 1.525871283486241481e+01 6.369384664095393056e+00 7.153224817486734821e+01 5.449376087251083334e+01 5.178646184010940345e+01 4.209875717546169227e+01 7.514798205585715607e+01 7.824115223901505090e+01 5.458603981995580767e+01 1.889900584886498081e+01 7.004280223852356357e+01 7.455851861036910577e+01 7.394724387787857722e+01 9.071095764250374316e+01 8.762258616375230957e+00 7.031537418045806476e+01 6.669083391628083746e+01 5.011061597018130698e+01 7.243272298237113205e+01 4.040521556444281259e+01 5.640720760741938733e+01 6.174028024796591296e+01 8.563222463297104525e+01 3.537146038260912917e+01 3.180563302744647913e+01 1.369684380060330930e+01 6.174330052762692134e+01 5.807047451040767072e+01 2.861645833209692924e+01 5.475045698545796569e+01 8.599134473530142486e+00 8.456094360683604805e+01 8.547857758560071773e+01 9.862764167219131650e+01 8.360610376543409927e+01 6.130042574700470936e+01 5.816699070001443062e+01 8.358919351832108191e+01 4.142321022798714836e+01 5.067619929241555354e+01
8.485401721817275700e+00 6.030551188361708448e+00 2.162352628356428141e+01 8.394614521474099433e+01 1.054544611051923297e+01 7.483726110534729692e+00 2.113829152753163854e+01 1.719208594780919697e+01 2.611130783436935587e+01 1.469736398896608698e+01 1.264477003830153556e+01 1.883269245586831531e+01 2.660066228504949848e+01 2.317916806539045282e+01 2.160948972744741070e+01 1.290177039187386576e+01 1.494696714661042591e+01 2.126831152453183904e+01 2.276023978779481638e+01 9.810417354995541572e+00 2.462422391160661306e+01 2.799013198613091902e+01 2.584703889567877155e+01 1.540521990792422358e+01 3.016870783095219721e+01 2.751374371773173877e+01 9.538260286640856123e+00 1.543642393277358948e+01 2.442095798409113883e+01 1.018767849605903208e+01 2.389002766906640574e+01 2.780617427501975669e+01 1.909623674870616838e+01 2.452366961915637944e+01 2.305233844621898598e+01 2.170674715785009568e+01 1.228551302768982012e+01 3.233166783422946366e+01 1.582425052100288099e+01 1.050481339211274090e+01 1.178455594589435229e+01 2.726197353708886695e+01 2.450246681340427557e+01 3.045338578394551732e+01 3.128223405080720809e+01 3.289612270032662877e+01 3.661568560922329851e+01 3.083973818805455736e+01 3.384425818467886415e+01 3.003424730373610885e+01 1.497029825382694845e+01 2.622163654835988922e+01 2.737500999264361923e+01 3.483369571681301124e+01 2.714099640121656876e+01 2.517382353772275039e+01 1.584546024131464925e+01 2.602630300369036220e+01 1.822582091497148227e+01 1.844902843255643887e+01 1.983361783742737572e+01 3.467505912318951999e+01 2.740839625252277756e+01 3.384021455018766034e+01 3.295744101542239690e+01 3.145516442216705144e+01 3.265893670892597811e+01 3.322241523919865358e+01 1.502613055728570757e+01 1.476225298267207720e+01 2.193415596188658512e+01 2.989851726336580739e+01 2.785189334351470336e+01 3.287561135054087202e+01 3.322717522207099705e+01 2.710741653366683224e+01 9.023475468430355306e+00 2.584196360888577360e+01 1.906047741195049738e+01 2.777265248977118972e+01 2.829763351766146329e+01 2.656951634250130567e+01 2.909681002609521983e+01 2.613449097000907884e+01 3.596933469847184028e+01 1.824379185553687321e+01 3.432579088546767565e+01 2.929599636340923752e+01 2.792453770733925467e+01 3.046062947664898246e+01 3.223131544692140693e+01 2.767125738686587866e+01 3.255213165453995572e+01 3.412412360414639778e+01 3.231383656776927893e+01 3.576388653592657363e+01 3.463843684938785117e+01 3.119265454745485755e+01 2.882986376990293209e+01 3.031001930388286425e+01
5.970678016235610563e+00 1.676090921922566324e+01 2.214418018001714472e+01 1.536780107684931984e+01 2.219284623384067245e+01 1.284914782701089564e+01 1.450750815846197384e+01 1.047487680604969285e+01 1.702093123537093788e+01 1.548368079933769614e+01 8.395494468336874405e+00 1.991853969339040376e+01 4.368539623680328887e+00 1.961102848147633182e+01 9.030379656254341469e+00 2.424241022446068428e+01 2.112170073307507678e+01 1.612187806133397316e+01 1.306557907612564051e+01 1.347921771557871473e+01 1.468221833747919547e+01 1.971022060567285905e+01 2.261565081358365958e+01 1.531194249806383922e+01 2.256573045863717653e+01 2.709923799249686382e+01 3.440136978841341175e+01 1.506684210167236238e+01 3.472465034509602333e+01 3.370169655936103936e+01 2.804871490142381063e+01 2.699234996339487935e+01 1.711311476189255742e+01 2.629452153886072807e+01 2.897012422976474966e+01 3.405035355000863007e+01 2.497706006211481622e+01 2.355036790345293696e+01 2.058889795529347211e+01 3.138043462714799503e+01 2.617253487727756323e+01 3.409076223668202488e+01 3.378714115603462886e+01 3.416581563309333802e+01 3.120560690061649112e+01 2.286667698760674128e+01 2.648089104838251373e+01 3.135736765611061472e+01 2.506621916023962982e+01 1.273233740479181542e+01 1.946348007572920480e+01 3.210777715814975863e+01 2.675495653520432171e+01 2.790971565724461456e+01 5.378435470927614404e+01 5.626911555346804050e+01 7.495754401942937761e+01 5.922886239335936409e+01 5.987019609961899391e+01 4.768442974381071053e+01 6.948639591987469544e+01 7.332430843197153081e+01 3.058062751087292952e+01 4.099277059146373858e+01 1.072827536549331562e+01 6.215383729561496295e+01 5.095001032344174519e+01 3.169481476263177200e+01 9.372097886279631140e+00 1.042655578875337419e+01 5.127178627194158622e+01 5.715395792448461521e+01 5.946042269901780486e+01 4.317083475886992261e+01 1.536930983376789150e+01 5.224514053829847171e+01 6.145407279437502979e+01 2.541560356256382391e+01 3.767651735279483916e+01 4.139918075024461075e+01 9.419221993298199536e+00 7.473455776775365678e+01 2.986098779933628578e+01 6.552116700360608093e+01 5.789246608643097147e+01 6.889950469058146609e+01 3.493953549867001129e+01 1.299199294927492332e+01 6.662049348373616908e+01 4.550686342470029899e+01 1.986013102500103145e+01 9.446223348784100082e+00 1.891251966427129361e+01 5.482987485192887078e+01 7.388030540868832929e+01 7.264419787511909021e+01 3.750225385433187597e+01 6.578743286712747818e+01 5.869432267819028937e+01 1.024655735450552108e+01
1.276631693389010280e+01 2.210038647066049577e+00 1.035279818082300274e+01 8.552684536078762889e+00 2.016486258393038611e+01 3.440485749230766999e+01 1.197920494915719303e+01 5.179682261630916429e+01 1.528602396262123975e+01 1.695443529799915439e+01 1.747437284607088515e+01 2.722101168564239515e+01 1.520092509393082381e+01 2.042446557776005278e+01 2.319178022221664648e+01 2.454376332953846074e+01 9.748393063358134825e+00 2.455254758613494914e+01 2.579056353817130898e+01 5.039358740984968499e+00 7.760231054005813256e+00 2.145187648865411489e+01 2.781708545016873302e+01 2.080052496835402920e+01 2.533356922671626421e+01 2.514199996832753925e+01 2.190807147701206148e+01 1.343279197908615785e+01 2.590355020889648330e+01 1.837078604122833170e+01 1.123318964978419565e+01 2.074491807954030165e+01 2.595979876884698356e+01 2.626022255710598685e+01 1.580681200153157739e+01 2.419686263704539186e+01 1.631981148043696805e+01 1.527147572908927309e+01 6.639719745978751142e+00 1.747078833834133604e+01 2.406496326272865716e+01 2.765767719168679761e+01 1.601242334768490494e+01 3.050783655838351294e+01 2.808705198602202557e+01 2.879427868005078395e+01 2.274439299995804475e+01 2.647516302715728642e+01 1.185110443391957702e+01 2.285160463045227885e+01 2.239566686371381721e+01 3.068756255898062690e+01 2.460989141233614674e+01 1.462525757788335667e+01 2.313613461186880116e+01 1.579157092912132931e+01 2.102168301045472987e+01 1.664214474244568365e+01 8.739548436616487948e+00 2.827134712764476632e+01 1.444771657813990373e+01 2.359176122342240944e+01 2.098390600518925808e+01 1.573768714857573947e+01 1.626101144797064180e+01 1.254940304851084676e+01 2.935572986143013097e+01 2.615681393442666902e+01 1.554494794669195201e+01 2.146034959006574638e+01 1.304039763274316854e+01 2.864483845077972646e+01 2.928920903164356204e+01 2.851415327313990034e+01 3.238877103375437372e+01 2.426055679484153060e+01 2.676996666132180991e+01 1.559999613908487248e+01 1.994762371424694791e+01 2.612797468898221354e+01 1.315749431773231848e+01 2.763957210866393410e+01 2.854422331020445469e+01 2.736112002519161379e+01 2.436522939902733498e+01 2.042943299742229968e+01 2.165358387442143950e+01 2.258751270448908244e+01 2.611402663922903500e+01 2.937697968618794775e+01 2.658717059623410961e+01 3.460209668962045271e+01 3.602256297876133573e+01 2.791067263230204176e+01 3.500985380462376639e+01 3.455547043089764969e+01 2.684232614528822580e+01 2.780425202743330715e+01 2.542838443464580678e+01 2.628645639646924081e+01
2.244172889436807239e+01 4.695100101739314802e+00 2.629561680511142185e+01 1.378064549790085636e+01 1.068342476569210042e+01 1.165173970096624068e+01 2.327221452895807730e+01 8.587304353401888690e+00 3.085149017365861113e+01 8.936392121116519149e+00 2.584791289602023312e+01 2.793052018436010187e+01 6.152880535521795480e+01 8.996468581296722888e+00 8.264370216158416937e+00 4.356512438601667370e+00 1.950095145745754976e+01 3.223298323871223658e+01 1.052255200347343944e+01 1.182634754450044312e+01 3.448356592495709361e+00 2.370845962977494281e+01 2.080575652419542010e+01 1.695414212066942383e+01 7.938834959860736262e+01 5.474780732619492341e+01 3.196743095774811039e+01 9.448671102904974362e+00 2.049936961968262850e+01 1.582422147985229444e+01 1.718606751507810060e+01 6.019246989641460033e+01 6.005618115962349179e+01 2.747967983100555500e+01 1.232460656511521968e+01 7.978794061864809883e+00 1.932866690597027670e+01 2.762191508910726512e+01 7.063333329202365896e+00 5.107762543659098498e+01 2.794827677357592677e+01 9.218284059730228819e+01 8.241714799712208617e+01 5.722630634515557091e+01 6.386090931698333861e+01 2.339336867755775984e+01 5.935126669434620084e+01 2.714417156701404110e+01 1.686573117790020149e+01 1.818315255020006305e+01 1.289684445956960168e+01 8.329271379489412652e+01 8.597812962887256560e+01 6.237467726797114409e+01 1.296117752267864631e+01 9.877753826240017077e+01 1.140794256078013689e+02 1.072314780462926365e+02 8.317557562254700088e+01 7.872787085955147290e+01 3.176120283287280088e+01 7.672559139373421999e+01 1.069617438396440292e+02 2.588589872098754441e+01 8.238379769295316635e+01 2.251510205278115606e+01 2.750992134914976361e+01 4.723852362023203000e+01 4.697764004995268294e+01 6.561830273775868250e+01 5.707745523636783957e+01 8.824862209821245074e+01 4.491264829381150747e+01 5.285508214368589108e+01 1.659263649525514595e+01 2.551631827279825160e+01 9.054305000728345476e+01 1.464579382008390063e+01 4.119061273837917980e+01 7.212082655671846965e+01 7.775183927569288755e+01 8.664730964980897454e+01 8.303576322615137428e+01 6.749972123230598697e+01 8.638450659776705720e+01 1.779851357397563660e+01 9.742363429040383949e+01 2.778614417858657859e+01 7.011396688658012977e+01 9.242706284461650057e+01 2.415290539835269712e+01 6.956019363225111363e+01 7.671986060668511698e+01 4.489633546465341851e+01 9.095148474913379744e+01 7.067115316755904075e+01 2.091394310760220776e+01 5.532939370531433099e+01 5.817133857513083228e+01 7.058421226017426875e+01
2.147578841888237378e+01 5.933915376872771041e+00 1.295257442754533983e+01 1.139766697195542910e+01 1.616252737468365552e+01 1.357723021589665180e+01 1.599099512728777128e+01 6.338787046128515179e+00 1.774939669086204930e+01 4.371095936387918712e+00 2.133019959934387444e+01 2.619931358394229903e+01 1.951388998149985810e+01 1.294375974688633235e+01 2.904729348143308343e+01 3.067826662496903722e+01 2.704939784644247780e+01 2.255407527686841007e+01 7.989820710160166151e+00 2.397839850738958134e+01 2.287951455907796117e+01 2.460066738974505895e+01 2.651414178289227053e+01 2.725520003444251671e+01 2.688894410653942657e+01 2.136713855997813383e+01 3.281572296638351816e+01 2.692649016551213847e+01 1.459734764925767436e+01 2.962423327645863225e+01 1.889788707311143057e+01 3.014406434031154447e+01 2.838980459797569011e+01 3.075575671220575913e+01 3.060126332273262761e+01 2.944702970722676127e+01 2.005241939759476111e+01 2.520692491774377686e+01 1.637963486773348976e+01 1.188307459197965699e+01 2.568957224555034102e+01 3.382043890955009857e+01 2.460148054196148593e+01 3.175284451315158307e+01 2.633521510539225829e+01 2.304773473239503900e+01 3.309746914607951851e+01 2.446720809076824565e+01 1.326378216305551128e+01 2.746896502935102191e+01 5.641529072766600095e+00 2.283430578508617970e+01 3.526122847245388670e+01 3.301506695565786487e+01 2.453832295399523389e+01 3.208563950393114794e+01 2.289974932647717765e+01 3.008284282905106721e+01 3.090276301647526935e+01 9.445686087498248895e+00 1.628715124932247349e+01 3.076337102530718681e+01 3.376038734178467848e+01 2.888370882891440772e+01 1.764406443768434940e+01 3.364164499159561927e+01 2.565611960589841090e+01 2.764113479914788130e+01 2.985662609510056242e+01 2.816995755638718535e+01 1.866003590107114718e+01 3.108375853022659641e+01 3.030014807850727721e+01 3.497751302616572389e+01 2.451040472789795643e+01 2.867716263429457868e+01 2.860073462342216999e+01 2.735194302160623891e+01 3.118324521466479027e+01 2.671832872975491924e+01 9.091249907883915071e+00 3.236747695581470907e+01 2.965144621747023734e+01 3.380535963783597708e+01 3.013047031601313819e+01 3.137717925245842565e+01 2.193638521592209045e+01 2.687868289999881810e+01 1.798446267826988176e+01 2.815547570262798871e+01 3.311252075955498952e+01 2.792862836083617140e+01 2.978342303485520048e+01 2.999112257802689996e+01 3.359466747324191971e+01 2.436638551340306691e+01 2.952583356079954058e+01 2.799827733741450331e+01 3.006859330449656298e+01 2.730690434578217918e+01
1.123366813731290748e+01 4.800835128017412856e+00 9.432498639308054322e+00 1.128090080291819319e+01 1.808443061606065072e+01 1.250045764647691726e+01 7.780688470226193587e+00 1.138327846475168670e+01 5.131309246845930261e+00 9.039511023745937734e+00 3.182568801629444266e+01 2.283735510589777462e+01 1.973867816742388825e+01 2.581751649173956409e+01 2.920019099053588363e+01 2.539839184064948086e+01 2.450147111681273415e+01 2.021038804475475814e+01 2.314492163428915461e+01 1.558718760876423737e+01 2.264312927368633765e+01 2.781629442454322998e+01 3.363549656514285147e+01 2.937065148118392699e+01 2.937751072437010436e+01 2.372847589708879212e+01 1.369276144457798949e+01 2.566945640857733935e+01 1.727233356143971221e+01 1.231553742866059586e+01 1.314829933629181902e+01 2.775359596333863266e+01 1.621637934825479377e+01 2.302575611304869341e+01 2.928803632232463627e+01 8.679420808694773726e+00 1.565899116213370768e+01 1.995188031717578880e+01 2.939281679364118816e+01 2.684312270256145894e+01 9.079793173977490639e+00 2.967381620089353689e+01 3.120408293166666169e+01 3.440846689245200452e+01 2.519438743816195014e+01 3.379837316675199332e+01 2.557264427581698030e+01 2.835722042701749501e+01 3.194870633017940165e+01 2.177387508597512067e+01 2.254487476378017874e+01 2.853345319207261355e+01 3.574049043184921004e+01 2.586747833404402641e+01 1.314122021010834551e+01 3.236102705456061557e+01 1.269427413675627392e+01 2.830643990084887562e+01 2.194595220067248675e+01 2.243527622729011028e+01 3.609878908449157109e+01 2.979229856363924966e+01 2.204681211665984719e+01 3.106328037032722733e+01 3.197003636382931191e+01 2.897041464127061516e+01 3.270182357378276095e+01 2.626740816750827889e+01 2.853751065568314615e+01 3.118718927949683817e+01 1.694071819453873928e+01 2.551229676489796816e+01 3.221501091523491311e+01 3.127127309082865736e+01 3.235758360384819809e+01 2.828238276486768754e+01 2.639160472235989374e+01 1.308468400447584301e+01 3.170270565811973640e+01 2.199549778648520615e+01 8.662748422434184192e+00 2.113044765104938350e+01 2.824813633376638933e+01 6.234151089108928012e+00 3.365084412177191808e+01 2.500099826766979660e+01 3.184399223863561446e+01 2.874473724297386212e+01 2.833735628001624107e+01 2.993986079850570192e+01 2.897859594826444862e+01 3.096792029509620292e+01 2.888895283096319133e+01 3.170313159499500699e+01 3.521599618895924522e+01 2.626471148923952015e+01 2.242600518569331314e+01 1.182518313265311249e+01 2.969053837198370260e+01 2.591286550367512831e+01
9.376218963839066944e+00 1.136202794853790543e+01 1.441015945587172986e+01 2.992904919301587974e+00 1.052871909923729987e+01 1.570859483024760195e+01 2.235152016608634185e+01 2.236170807829451945e+01 2.005681014298107101e+01 1.857668918179945905e+01 1.972619600431936959e+01 1.209787953666154969e+01 2.071386617500353111e+01 2.047851530773756679e+01 1.002490215556501596e+01 3.328223171193551622e+01 2.390574861191729994e+01 1.309469628686856701e+01 1.014985654615574795e+01 1.720942489762134642e+01 3.087973753279587186e+01 2.794266215112917706e+01 2.871281963556722516e+01 2.646652812504952834e+01 1.987284275148638102e+01 3.390927440628266254e+01 3.291985346909170573e+01 2.985217035285341325e+01 2.955244078638462213e+01 1.448109730637133374e+01 1.289758155162972741e+01 2.842825508135238621e+01 1.044415749183273689e+01 1.886847115339104164e+01 2.871822682122406789e+01 1.945386330614923054e+01 3.281987723382933808e+01 1.032644057084177369e+01 3.910450668284958908e+01 3.549684900754672867e+01 4.317986517379043221e+01 2.871944378372484152e+01 8.532832835284903439e+00 1.936013644991072269e+01 1.725839104333426732e+01 1.240368008651487841e+01 4.735934033832013057e+01 3.816301194159816390e+01 3.941937360333367479e+01 3.085820835982765331e+01 2.119847723775452764e+01 4.316745215628254329e+01 5.011816113768610137e+01 1.526661894238164230e+01 2.982001488459435379e+01 6.456594547851071120e+00 1.413214852130593968e+01 4.413438141380012780e+01 1.570720776957910658e+01 2.239712860162667596e+01 1.729408123449330148e+01 3.732846607757376489e+01 2.031025641288637473e+01 6.731574416042776932e+01 5.397706072127354560e+01 3.653268046919898637e+01 5.830096720805407529e+01 3.678317837086377295e+01 3.546144093042196488e+01 3.401164584501245969e+01 7.926862261512221508e+00 4.538293238893976422e+01 5.635187453516833500e+01 6.649459871303119485e+01 8.520527684907769128e+00 3.099134682323608203e+01 3.862835627530283489e+01 2.294134870032462459e+01 3.676291041357817591e+01 5.584901456655347118e+01 1.796254905578437189e+01 6.461437505439374718e+01 3.851375989508800046e+01 5.266701718413462174e+01 3.163655268290726497e+01 5.211194952423659998e+01 2.684653296338748873e+01 3.935744127533979508e+01 3.466374966940392710e+01 4.324288723638727561e+01 1.859544561634262294e+01 2.935084265065998110e+01 2.549970396883883339e+01 4.833997425309073037e+01 1.588718684305990259e+01 2.657761744060304210e+01 4.963083403589929077e+01 3.261948776313387555e+01 9.679244009443474184e+00 6.291368378868281930e+00
1.339554186326704333e+01 5.596551936523542992e+00 4.654548283680886911e+00 1.573199923179655890e+01 1.651096033359815252e+01 1.067338413360475613e+01 5.746774893948506602e+00 1.699533215258479046e+01 2.152579313145674789e+01 1.354948070505516178e+01 7.542783364620537334e+00 2.105764148652870915e+01 6.371745709638086197e+01 2.533182952350493267e+01 1.790954480722797726e+01 1.554404490519990212e+01 1.584702984635825906e+01 5.569400880820928101e+00 1.749902048544733546e+01 1.331252565994726744e+01 2.565755748858043361e+00 1.853158965785035761e+01 2.653967033716984858e+01 2.243705603494749212e+01 5.639431541092682743e+00 2.162893485213305667e+01 1.464457270884732942e+01 2.129170624569726655e+01 1.774148366878316097e+01 1.594176069665990703e+01 9.673838898154528465e+00 1.916387082259855745e+01 1.994634037197340604e+01 2.087479425369949837e+01 1.901838710436694768e+01 1.577518757145467276e+01 7.029978184841690236e+00 1.465046114785675080e+01 4.462400622376311077e+00 2.337188099194752056e+01 8.679090292742859702e+00 2.458843138496456149e+01 2.367844490918769651e+01 2.415899021085656173e+01 3.112824957292531280e+01 3.144091213178867861e+01 4.184361268970303627e+01 3.354650894809769568e+01 2.325186912860424471e+01 2.537361835628715667e+01 4.079565862204876936e+01 3.601557097602962187e+01 2.968093543152305713e+01 2.854860990685497057e+01 2.932991919311828255e+01 3.216025313434786170e+01 2.720088478537392618e+01 3.375308556678004379e+01 1.531520478731307122e+01 2.843559557789113867e+01 3.381508980619442895e+01 2.831166177630673886e+01 3.380347058013590811e+01 2.751894623242254312e+01 2.984450625492240761e+01 2.397166925792508252e+01 3.069374417531977883e+01 3.109312914148254947e+01 2.925986087460787388e+01 2.321409350625070545e+01 2.646111264192108692e+01 2.557463290317619808e+01 3.098198450945172411e+01 2.521064218501886600e+01 3.457551712227402163e+01 3.437493127808411231e+01 3.568026185135641271e+01 3.233192505584894860e+01 2.041485433982781217e+01 3.043011414194209863e+01 2.528258126375774140e+01 3.338600265754119789e+01 3.072429546573691184e+01 3.508285772555081650e+01 3.029036535949538234e+01 2.733068489937682699e+01 2.777532980727289313e+01 3.362373351624333395e+01 1.524819164087845991e+01 2.106103100367574754e+01 2.860823277192124792e+01 3.833186548858041931e+01 3.315733263782208695e+01 3.386358576185023139e+01 3.650658215520513039e+01 3.305780999767365103e+01 2.894192665545706689e+01 2.768120605530969769e+01 2.807479938629833427e+01 2.855296331361909878e+01
1.500962550336897472e+01 1.238525831665942611e+01 3.220353136328160115e+00 1.773616913822580798e+01 7.275372450018865678e+00 1.450040137403984630e+01 1.205209823712963058e+01 2.373688953328731799e+01 7.594603840562543340e+00 5.995261350207191420e+00 1.011698887825134818e+01 1.481596528213801101e+01 1.753178166913291847e+01 9.961154755659467952e+00 1.749731120629852299e+01 1.225705546593879092e+01 1.171968216421962339e+01 1.604125567856969425e+01 2.452371663816209235e+01 2.596791922771577887e+01 1.384269537340901834e+01 2.585499340511564270e+01 2.536036729414805890e+01 2.749278707030365609e+01 2.520437759396374844e+01 2.616010803065035262e+01 1.696170388311740851e+01 1.450777367755305036e+01 2.592718140800240079e+01 3.981960076286346073e+00 1.330037262988273028e+01 2.118473109314352243e+01 2.626432150807449872e+01 2.426424087223023562e+01 2.057587783944713422e+01 2.173797469220231449e+01 1.650775474373816110e+01 3.246651004513898187e+01 3.137497489083770574e+01 2.316754883933193909e+01 2.208586278381533319e+01 2.719744410048537731e+01 2.106425318847892925e+01 1.965717210393462011e+01 2.632016902356451737e+01 1.707914767900166453e+01 3.228111687144167519e+01 1.661114538856235612e+01 1.039692551768341744e+01 2.897383319956824366e+01 2.643463541005768036e+01 1.641852373419284916e+01 1.681542222470062953e+01 1.444186547775266583e+01 2.231906045720208809e+01 3.122578635153839954e+01 2.682880403241031786e+01 2.620170325576199843e+01 1.748736530367856901e+01 2.419491273122028829e+01 2.788165084248246828e+01 2.938958631136641131e+01 2.550515264185365893e+01 2.045511367201247310e+01 2.527988181966511760e+01 2.879974671383266838e+01 2.564138053051973287e+01 2.562801883542601900e+01 3.017396289629644457e+01 3.088296801507065226e+01 2.192921758337492477e+01 2.700972763474114657e+01 2.735622451694986879e+01 2.808492230164567260e+01 2.823480229691132948e+01 1.634568299687385462e+01 2.736898602826479276e+01 2.203876218629961770e+01 3.199978003367775159e+01 2.961789953980688495e+01 2.548206077840148964e+01 2.846917267961701370e+01 2.921990854887227229e+01 3.128559452680366348e+01 3.310531025673790850e+01 2.257581326953846812e+01 2.839335314999499005e+01 2.280009945843092822e+01 3.798038459176625992e+01 2.004421181527420615e+01 1.273999182233928984e+01 3.096139018495000883e+01 2.859260586708177954e+01 2.795357332627815339e+01 2.831230897909124167e+01 3.329004239853138358e+01 2.689326432341717066e+01 3.141705413512579881e+01 3.904583802701687034e+01 2.827754810475098068e+01
8.264562440917060826e+00 1.902003276956685340e+01 1.797288632248127982e+01 1.073304848602901806e+01 1.440989670260451838e+01 1.202445797633082414e+01 1.048147951907235154e+01 2.099516429123334049e+01 4.227554172237796060e+00 4.284394480204296940e+01 6.494059706475719729e+00 1.135467223996789166e+01 1.350151717049344668e+01 3.381949852943586521e+00 2.686431444501809906e+01 1.671437561560235707e+01 1.866645399535079264e+01 1.610472857045660078e+01 1.394847292422904772e+01 1.641074208874756479e+01 1.857658546340450556e+01 2.286697293076033688e+01 2.471712516942130478e+01 2.020922086708356247e+01 2.442768999937950625e+01 1.980299740141360587e+01 1.574259648593681149e+01 2.103307820478014989e+01 3.563028064828489505e+01 1.863586813213534299e+01 2.713749210237911669e+01 2.876326549704813118e+01 2.235684575993915857e+01 2.303650963623734071e+01 9.963294120419350364e+00 2.822116678525494038e+01 1.519475454088713207e+01 1.922408280814816806e+01 2.425838838893106342e+01 1.692176123776533458e+01 9.682241471057594140e+00 2.748143889498394543e+01 2.567681626588315069e+01 2.952656650412387052e+01 3.039188769029850334e+01 3.555436708065144558e+01 2.719752430937747434e+01 3.094168368990908391e+01 1.063251355434584156e+01 2.255129700679562177e+01 1.306888700146865112e+01 3.038936525893326390e+01 2.976676171189007292e+01 2.733707671832975095e+01 1.946764678938241744e+01 2.007255182951095662e+01 6.093838770049634590e+00 1.435353474387553696e+01 2.786176456889029396e+01 1.860016272894505107e+01 1.982020359168021884e+01 2.493639138799807498e+01 2.871541397835296650e+01 1.689420533459442098e+01 2.031572029793245804e+01 2.286327779007617167e+01 1.964579212164045785e+01 2.241535814672348081e+01 2.205648696854099100e+01 3.123950760373461577e+01 3.291514050522507517e+01 3.827690027090346092e+01 2.217853724407305904e+01 1.876326474519921561e+01 3.009870482891909660e+01 2.841065061244916023e+01 1.940264854563374541e+01 1.819385352273526735e+01 2.766897834800079536e+01 2.848523105297948632e+01 1.891672924819442159e+01 2.931924587882173228e+01 3.342405762810514602e+01 3.083137157086174085e+01 2.678322325510863777e+01 2.529671462370989943e+01 3.277406136149910054e+01 2.540461771017048420e+01 3.105248535978059721e+01 3.084952920453804737e+01 3.227784213598504692e+01 2.463905702499671690e+01 2.199223273141210910e+01 2.235580442725383676e+01 2.843904456025128624e+01 2.976540645819602915e+01 2.334876147025669724e+01 2.228810120776481085e+01 3.103736460070849290e+01 2.320337593877230731e+01
2.502152068075101354e+01 2.059198599763918480e+01 7.645949286255667943e+00 1.149267924483537939e+01 9.391462802073181848e+00 7.525772164936435971e+00 9.209864338719198074e+00 2.112835945403101334e+01 1.413357430350855104e+01 1.052560823884470054e+01 1.001055167843942328e+01 1.962582840498005154e+01 1.676183853604443641e+01 2.120540424362540222e+01 2.614541597427738395e+01 1.729608922261957460e+01 3.102438458930820175e+01 2.601361616961980516e+01 1.828237924719490692e+01 2.509969945813021397e+01 1.359650939115037538e+01 2.390353595282498844e+01 2.334079313170050085e+01 8.879165150973635789e+00 2.594986946117022342e+01 2.106722368331036321e+01 2.241538995369793597e+01 2.572561369634027884e+01 2.457583029143382802e+01 2.904945082404809042e+01 2.985805602603896958e+01 3.102594451396828390e+01 2.135589686887724170e+01 2.456557461654095320e+01 2.941591142291722250e+01 2.812636817226859165e+01 1.845015688869352033e+01 1.426153237881709934e+01 2.932214169640879931e+01 1.176336558634964291e+01 1.894603315204826188e+01 2.537158824156995607e+01 3.181664377225460782e+01 2.673076663967759359e+01 2.804670967912140256e+01 1.475683473371977072e+01 1.682703591911141672e+01 6.791390612197248267e+00 7.363065661495021175e+00 2.566774159778079323e+01 3.042941992015188646e+01 3.045407723991186799e+01 2.944753032134639525e+01 2.909618494990164095e+01 3.091671936370004303e+01 2.794296915757823641e+01 2.646180962953516769e+01 2.815516039870733422e+01 1.089857405544523417e+01 3.291523730906036604e+01 9.191204708011323277e+00 3.461621622045328195e+01 3.719712539967783727e+01 3.686303047168154023e+01 2.486039761147253557e+01 2.837245181904421543e+01 2.678571249658749309e+01 1.460122810014082084e+01 1.078339823513060125e+01 3.105435229088973870e+01 2.543609001993479168e+01 2.734488187327789177e+01 3.212340406298923057e+01 2.883622793061720202e+01 3.212401807588734215e+01 3.660624861819457720e+01 2.616510864019898364e+01 2.591008861651427253e+01 3.129416581496251482e+01 2.228438117466585666e+01 2.571572034437376786e+01 2.597828830138713840e+01 2.545237519085422662e+01 3.089128761325775230e+01 2.975123437670975690e+01 2.987285871536655435e+01 1.858466720073918665e+01 3.136065622068656822e+01 2.827646943344347719e+01 3.101233112890281873e+01 2.505289895250389876e+01 3.251915197076900910e+01 2.920971648792829711e+01 3.197724686664639293e+01 3.561686916836160322e+01 2.471077207200249504e+01 3.124391632697605203e+01 2.691665489584680060e+01 3.117326059051071852e+01 3.480686169367096738e+01
1.033599165210494242e+01 2.310396393157848038e+01 1.853475514326429874e+01 1.667564716692719173e+01 1.188792584703955590e+01 1.182518451556504502e+01 3.735150400746055865e+00 9.899174717203907292e+00 1.543123386429017785e+01 9.071100881024525719e+00 3.051816137887302460e+01 3.169190511592537618e+01 3.018455876752476641e+01 3.682256923435470242e+01 2.046502776765797549e+01 2.238520513494296793e+01 2.866090512161379777e+01 1.593272336717973481e+01 2.390475844697349217e+01 2.870939554562187013e+01 1.710915133629345064e+01 3.171852617062978652e+01 3.497508739863577176e+01 3.496324690666802582e+01 2.114574542284887215e+01 2.533116849160110107e+01 1.164809572802358595e+01 2.885237757616723187e+01 1.295783640744924980e+01 2.497614734023923688e+01 1.842438079317998856e+01 2.993127291540365675e+01 2.392461982815087751e+01 2.986240390115536769e+01 2.537766199077836049e+01 1.157154602090109918e+01 2.507230673856736303e+01 3.268326489564597637e+01 2.588565256266352321e+01 1.651942928627398643e+01 5.301927251163108679e+01 9.996188063650469857e+00 4.410503049094057104e+01 5.686989121856554874e+01 3.682367003225313340e+01 5.162280804199409090e+01 1.101473865779174766e+01 1.204429308218148975e+01 2.685890725936125634e+01 6.473431224049265609e+01 2.512793298814814946e+01 6.401501549111532086e+01 4.416668623654791759e+01 2.943180108102390591e+01 1.227227717758198189e+01 5.522808710877271210e+01 5.659204208469588337e+01 1.516945278416651455e+01 2.287648874776922270e+01 1.269212094287706627e+01 8.830883408376206489e+01 8.498508269659407688e+01 6.703635169684120854e+01 5.453377681219534168e+01 3.494746511569208991e+01 6.114895816884032342e+01 8.661681505878108922e+00 6.416194158649273049e+01 5.499948623465023445e+01 6.211352264695298686e+01 1.235360346252000241e+01 4.696675376721849915e+01 7.020889549328815349e+01 3.685441493034083749e+01 4.394965480365438282e+01 1.538760990737326573e+01 3.424551284777464133e+01 2.057159772701544043e+01 5.603648210814981923e+01 1.755732958417755540e+01 4.071661967344742550e+01 5.642102566345089087e+01 5.822086894891229036e+01 3.426326943699046268e+01 5.668359085464039282e+01 6.189303670005158153e+01 3.383653600444668541e+01 4.394921780348364848e+01 5.990681560759679769e+01 3.210940622840647052e+01 5.368900569734057626e+01 4.357616071469555408e+01 4.839865950386664650e+01 1.944081968080003620e+01 5.805043335067903598e+01 5.425045134707219319e+01 2.854614002614317414e+01 4.729688250379182080e+01 1.559030607517246736e+01 2.588581851209544737e+01
2.286497185719372638e+01 9.587410359640823998e+00 1.430246380620105207e+01 1.006245028890562665e+01 1.450518071767924511e+01 1.695041932174660460e+01 1.516594710241712995e+01 8.374442399985433383e+00 9.995372145610179615e+00 3.895129110400227024e+00 1.076391577182277182e+01 2.156668030565885630e+01 1.398311901687889502e+01 1.448167674647113401e+01 2.375717961716384252e+01 1.993010222005968046e+01 1.578839023167612687e+01 1.621769726332665229e+01 1.214464132075375247e+01 6.732185386534641935e+00 1.235144888572886046e+01 1.969469603631640808e+01 2.298181408638725998e+01 2.422270372941975936e+01 1.734503185882963905e+01 2.042913152262097043e+01 5.305407487332932881e+00 1.998646417878866188e+01 1.874519146915080370e+01 1.243948920810012204e+01 1.419369639978253339e+01 2.145280995420868564e+01 1.599072269363703036e+01 1.804721092430405704e+01 1.133579894936641530e+01 1.422881544831336420e+01 4.817165174429063512e+01 2.626760177517885708e+01 2.280880350613531959e+01 1.784389659487093738e+01 1.574451181896359664e+01 1.465913200567475805e+01 2.640299715086144516e+01 2.083341199702548607e+01 1.928763452601523909e+01 4.705967991744797274e+01 1.271622509786396726e+01 4.318886793047228423e+01 5.941537295989828493e+00 1.638659921222654958e+01 3.777407072635111973e+01 3.581601125249377304e+01 2.870044257376959251e+01 1.029755914658337090e+01 1.046973306511602786e+01 1.038269120516017274e+01 1.298485159205447736e+01 1.328314846176099451e+01 3.203879751094684991e+01 1.978515645456988992e+01 1.091189564609290130e+01 2.492238525594372689e+01 1.071012395492070723e+01 2.044237013855267548e+01 7.643613548001343183e+00 7.509591265576726471e+01 2.555539106654465797e+01 7.670173892871906673e+01 4.392786011159508064e+01 7.038626224612808358e+01 6.024010291502440140e+01 6.143281467214561786e+01 2.962269824421333908e+01 3.361421631632251916e+01 5.987370316428031458e+01 4.847204234266325784e+01 4.009747893788370732e+01 3.238681006463380641e+01 6.652265523032174599e+01 6.092431795449309107e+01 1.014135025485773056e+01 5.688511984476839700e+01 6.914286953249740009e+01 5.794526566402132772e+01 4.742344660387221467e+01 2.163004671332694429e+01 2.584287633076135293e+01 1.834748535807433001e+01 5.929935218039277345e+01 3.713514328685437960e+01 3.782212968183619495e+01 6.101222136858301326e+01 7.476460567822728365e+01 4.088821415188028396e+01 6.128651365296178710e+01 7.028282596521010817e+01 5.700537233478796395e+01 4.732792611085699264e+01 4.944960619294327131e+01 7.912904531375515305e+00
1.129369688703143382e+01 3.276274361024191251e+01 8.969117349091849434e+00 4.063197163404707268e+00 1.889946912436243665e+01 2.798492947144011467e+01 2.012996895004458509e+01 1.034649901696957031e+01 5.045339835093881398e+00 9.273273616657201401e+00 2.582949250907671512e+01 1.509580166045496163e+01 2.694383741279588307e+01 2.658165554344651582e+01 1.232502005578309578e+01 1.072739237622428909e+01 3.354058455337802513e+01 1.376796834421382698e+01 2.494576476507789309e+01 1.653300118398147234e+01 1.453175751920180758e+01 2.923508462442168465e+01 2.693565333997818456e+01 1.858103843982778969e+01 2.957314574384095707e+01 1.502589407934521581e+01 1.767162172376719553e+01 3.792029706829058711e+01 3.415058700689048266e+01 1.257565209990536026e+01 8.220493186357819226e+00 4.654377632348392524e+01 5.105435932623529993e+01 6.952970042413515905e+00 2.018111456496343692e+01 3.932079964077106382e+01 4.724457524284950694e+01 1.805581125361349493e+01 8.001472434649100407e+00 6.882717424776563675e+00 9.927616375467710697e+00 3.065522178052258440e+01 5.219963167241728996e+01 2.996832942355219487e+01 9.561139873111354603e+00 6.198141030419861863e+01 8.362135866696366548e+00 2.436289504368494363e+01 1.390251599488167500e+01 8.055187499938901041e+00 4.005443165524273041e+01 4.974091935738967152e+01 3.845240009263424952e+01 9.460185227656605633e+00 7.856419493484523286e+00 2.790763022605010590e+01 4.115261308429253972e+01 9.527297252294403052e+00 4.984857075387850500e+01 8.173945753615186050e+00 1.702792462101458426e+01 1.726488519777020869e+01 3.527608371243491092e+01 4.816913484457312933e+01 1.508133778455088780e+01 1.255056192871044551e+01 8.571086253711190039e+00 7.186456191229433443e+01 1.535837376620412620e+01 6.609222665709380351e+01 9.817069161391811960e+00 5.234948954109202646e+01 6.032045009831407612e+01 4.487814187526686283e+01 3.730862682298729993e+01 7.314160917071912138e+01 6.609389168306077522e+01 1.803251333628335829e+01 3.611824665538460977e+01 8.228723171851683560e+01 6.604516339820027326e+01 7.663756628339422150e+01 9.136742593695480252e+01 7.523531017858307735e+01 6.265299659189792436e+01 7.701643989977122828e+01 7.585300715408907024e+01 9.089414922040418787e+01 2.439268573253909267e+01 6.570346245457413659e+01 8.064465870968942340e+01 8.090710773627657204e+01 8.448764927440312533e+01 8.736135133384206597e+01 8.802278151630764569e+01 5.637448237944405349e+01 9.772852765002932074e+01 9.534260628749110822e+01 7.321295636315080912e+01 7.268255985213208703e+01
9.736560177406015981e+00 1.642698577230902046e+01 1.095156378342633552e+01 1.992630336098056532e+01 4.499069915183693702e+00 1.112313751818020080e+01 1.724496296846778165e+01 4.734799700319218374e+00 9.889868411352825461e+00 6.855773460135869968e+00 1.555744947056352956e+01 1.220789018090756173e+01 1.617627628511852578e+01 1.500434139687414081e+01 1.567283549349193272e+01 1.996348433120304477e+01 2.541464105585866662e+01 1.430163405904143481e+01 1.271553917354535024e+01 7.957827042597230616e+00 1.652833662203248721e+01 1.545378500917666109e+01 1.892959447790429550e+01 1.416317000178018937e+01 1.959764604270362653e+01 3.210101195297500709e+01 1.448831334083614486e+01 3.230058273980631611e+01 3.755628698936619969e+01 2.756522676316216547e+01 2.303481971785558713e+01 3.580900265481886890e+01 3.501630923752559710e+01 3.311765412864915703e+01 3.163445895424116117e+01 3.047889497745604004e+01 3.083068564654312382e+01 2.581878047324604708e+01 3.448303350386300536e+01 1.327037865297447361e+01 1.962953737478354199e+01 2.805762638591810898e+01 3.049682857939924929e+01 2.964820190607613171e+01 2.913790463708722811e+01 2.979061970855295627e+01 2.913816462453057810e+01 1.121717345523567033e+01 2.326634268489184976e+01 3.245148885572602637e+01 2.340297438384227036e+01 2.339737635633871449e+01 1.927894430743017296e+01 1.234345288893401005e+01 3.050691830486020351e+01 1.981153688259800916e+01 1.833342944119040041e+01 3.115864044555825174e+01 2.707760924986948936e+01 2.954794632260335874e+01 2.788171169060750998e+01 2.858061325480143466e+01 3.251454963985699465e+01 3.292870133963709378e+01 2.678129547587446169e+01 2.408732218285649651e+01 2.908809768091922976e+01 2.348444172579742428e+01 1.661140675891763507e+01 2.215449670303506124e+01 2.578058997731270097e+01 4.558380587881167401e+01 8.201969357601736021e+01 6.233367116334282088e+01 7.325834353278190747e+01 8.332450417440296064e+01 8.562069667910007809e+01 7.595376058585760859e+01 8.052283523171431057e+01 4.618022537132118543e+01 6.290705964052520471e+01 6.789825432471822353e+01 5.346481354645953843e+01 7.922309162265011651e+01 8.496600957521833664e+01 6.298606263341629585e+01 5.644766054727463001e+01 6.106047946338639321e+01 6.935650176786036525e+01 4.993072678597614100e+01 8.378806731753830661e+01 6.440538940312463012e+01 4.553281515002928614e+01 6.762681637056853390e+01 8.053436871723300783e+01 8.933232167350307407e+01 8.038578312753635657e+01 8.063269928729546621e+01 7.414251104277532534e+01 7.038362918180823158e+01
1.792901205850454716e+01 1.546626578936924901e+01 1.214918971810039139e+01 5.908398577346620328e+00 1.167242391474358421e+01 1.444093201219809508e+01 1.669987301816416903e+01 1.055272161019714794e+01 3.120467827525368776e+00 2.165517560605597325e+01 2.952020510923346563e+01 3.501992416931766172e+01 2.989991400441783043e+01 3.313057329192441358e+01 2.365394800721190904e+01 2.363230820128907439e+01 3.291993367798379921e+01 3.409335657946776621e+01 2.277604232244974014e+01 2.686696963592887855e+01 5.283815391871775624e+00 2.493743410359532930e+01 2.272938840548828665e+01 2.448350432498314078e+01 3.514950025158746882e+01 2.870596315820491640e+01 1.589408480778019239e+01 3.004542952962389535e+01 1.994164262013803324e+01 1.371693889389732313e+01 2.074035861889819898e+01 2.215587408332002894e+01 3.150080604759376968e+01 2.736904964221369596e+01 3.281986340471001284e+01 2.817392651363402578e+01 1.569602830951518690e+01 1.158330630397675165e+01 2.006439679784384467e+01 1.549928696049817667e+01 1.244301010188076795e+01 2.167381172726099337e+01 1.745029358349877313e+01 4.275094120874526027e+01 1.824198992128857100e+01 6.562764015912824789e+01 2.222254979924306184e+01 4.242693877203377895e+01 1.024486397884393440e+01 9.086261053086712280e+00 2.417502645762811397e+01 4.916482590446693024e+01 1.668427792029914869e+01 2.736876199653169550e+01 2.899172254832960505e+01 2.292065757198761844e+01 7.950570903686371871e+00 5.373172661276544204e+01 2.893003361283587793e+01 1.594085074060819274e+01 3.628391397327392554e+01 3.952843833581772515e+01 2.127462866624039606e+01 2.464156562724262756e+01 1.356753738616038163e+01 6.388225041392871617e+01 4.629231868093783930e+01 4.502387313473442987e+01 6.247532559843279643e+01 8.243164644582446954e+01 7.524290513091744970e+01 8.387500269327534852e+01 7.346928738734770548e+01 7.813024270201277943e+01 8.754317106310527663e+01 8.416768770635898989e+01 5.955872007919387556e+01 7.484259084793590944e+01 6.784999622991483648e+01 9.280603603065266327e+01 7.557935654084707267e+01 8.902705769347963383e+01 7.149998760530141340e+01 6.157323001814390295e+01 7.588372439393812385e+01 8.803302059625733023e+01 4.651423732460152394e+01 5.445911616277291500e+01 6.583258770755388412e+01 3.735321743534516514e+01 4.540878177878573041e+01 8.844845840413483984e+01 5.222093404782854975e+01 6.302237236912117879e+01 7.388448180272507670e+01 6.863179506700232935e+01 4.735161815808795183e+01 5.364556566771071289e+01 5.797580035949526689e+01 9.963067322862387698e+01
1.403701662654381010e+01 1.873599787062223854e+01 4.768780612329439172e+00 1.086801861629230359e+01 1.180514059001254168e+01 1.748129708611789823e+01 6.397924509106418967e+00 1.218497394727084782e+01 2.313391642112875601e+01 1.518438546721577254e+01 4.564905512107612751e+00 2.041771281879269395e+01 1.656535302573497503e+01 2.179564765144349536e+01 1.354850436923067925e+01 1.830416287595874181e+01 1.672673193372100187e+01 2.458343077541593047e+01 2.113246670247112036e+01 3.010601766721919503e+01 1.721229582279362447e+01 2.546502330339066944e+01 3.179309001621691877e+01 2.407192484139785194e+01 3.305727342784376077e+01 3.713542540088864996e+01 3.162438858954726584e+01 3.003787329882364077e+01 3.513908415891039283e+01 1.493341046093420132e+01 3.635865483158844569e+01 2.725809861785344879e+01 3.253448293245487832e+01 3.189868363974990118e+01 2.920377549826543273e+01 3.324967796503983664e+01 1.160882241204693521e+01 1.496866780065830049e+01 3.100900107696888597e+01 1.620092115867111104e+01 5.726877833643254689e+01 5.943535880314961162e+01 6.787855612714888309e+01 3.000450639971153777e+01 1.967723400734224626e+01 7.660545506831699925e+01 5.918594233861618648e+01 5.244018643728599471e+01 3.676588367423347137e+01 2.247177680484170637e+01 2.451034941142064838e+01 4.956604737767631974e+01 1.212747800075705484e+01 3.981814732242219179e+01 5.912533760607769295e+01 1.552558579672226813e+01 6.138450679251266706e+01 9.071354092199402430e+01 4.812835553750177553e+01 2.107328636922330389e+01 1.390387124857571699e+01 5.673186001273923296e+01 9.136964412769485477e+01 6.940178936783232189e+01 6.844753034944210413e+01 4.981189039777565597e+01 1.298058530874210881e+01 4.357972033001031775e+01 9.555928369492987073e+00 4.974054873699170543e+01 7.492835904600174501e+01 8.662221256405440784e+01 6.239255002178931164e+01 4.391711765170189352e+01 1.623124841735514678e+01 6.215598910658223986e+01 5.700380134683241806e+01 5.956193949817319577e+01 5.214050942147064660e+01 2.801760491458587055e+01 7.290074463357750290e+01 5.773169980843112370e+01 7.914672169407887736e+01 6.001027954675342357e+01 3.439400439945986676e+01 5.533676186009174103e+01 6.383438506611422270e+01 6.973871649946677564e+01 6.505619329029937603e+01 9.008692139869827997e+01 1.163969315512052027e+01 8.677095857153524605e+01 1.037232628022461114e+02 8.182048234628855710e+01 7.997649651193547982e+01 8.117740617099372002e+01 6.734068636004587916e+01 6.875655031827474772e+01 8.982821729762487450e+01 6.763652441233607249e+01
1.724415119916329076e+01 2.328727720572900850e+01 5.884157514078381723e+00 7.239428494520183222e+00 7.599553282369663876e+00 1.318773030422879700e+01 9.645682119748860472e+00 3.035625281561677724e+01 6.809853177954713566e+00 2.493106164540946423e+01 2.076670309121606905e+01 2.103248770138489121e+01 1.818696385548657446e+01 1.756081313933601606e+01 1.582870073160229829e+01 1.908555237111415437e+01 1.417997791341018399e+01 1.306030465001433605e+01 2.430317814060724046e+01 2.220255565852013291e+01 4.015492924830372345e+00 2.133367485703074351e+01 1.961711605980406148e+01 1.661835865720330219e+01 2.908635244606016812e+01 3.026129101902236940e+01 3.515299072130559210e+01 1.401517491547880034e+01 2.664416039698053851e+01 1.825532810687942842e+01 1.507119135970069301e+01 2.656644074636298924e+01 2.570181654780243719e+01 2.574967359814533552e+01 2.660084759524848153e+01 2.686669581936620332e+01 2.505255045869685659e+01 5.348592715439198564e+00 1.204175129004919320e+01 2.599226124355510237e+01 1.874769039101318668e+01 2.449475293064369552e+01 2.650364824714696965e+01 2.288836519544722137e+01 2.966999659813543033e+01 2.621887072449449363e+01 2.870880089349081032e+01 1.999218528545423013e+01 1.286937153111465015e+01 3.020437866134417249e+01 2.989749390853561195e+01 2.197720324452756202e+01 2.962445177654399942e+01 2.166241515002364082e+01 2.313593270672662783e+01 2.744436579189221703e+01 3.380481477053449169e+01 2.413736423405305587e+01 2.534886423269188782e+01 2.878064593421826345e+01 1.046024490634579607e+01 2.791096580963177232e+01 2.131584912221828176e+01 2.534980184698225614e+01 2.539877352434290714e+01 2.972649961388154694e+01 2.589076103934290529e+01 2.233230598769345576e+01 1.283509882468663221e+01 1.461706105885826368e+01 2.189377493345184433e+01 2.832777546614651953e+01 2.442718108778827357e+01 3.237412323056324936e+01 2.824262404680266059e+01 2.911609611590860425e+01 2.981586338297239891e+01 2.953038334105811202e+01 2.021894412088235171e+01 2.406391224965980769e+01 3.075539715510325678e+01 2.893914147082461596e+01 2.922057511242383043e+01 2.569437924742839741e+01 2.986625945962372697e+01 1.517822459455561024e+01 2.388572128130799044e+01 2.401945716267134401e+01 2.909808230507329796e+01 2.463368302922625830e+01 2.915505274505266797e+01 2.427559457919767283e+01 2.841057593520479330e+01 3.194772446270718547e+01 2.889194268656168418e+01 2.269475475904583561e+01 3.498033416650842753e+01 2.687611621545173435e+01 2.655914173718221605e+01 2.112498653182716524e+01
6.752675560481428141e-01 2.794955458420173855e+01 7.983334853195819036e+00 2.186108566118676322e+01 1.799625615123191835e+01 1.740384572041529410e+01 1.987590451850536866e+01 5.811092745026290807e+00 3.398412036590406249e+00 7.787629305216397846e+00 1.441276486195293138e+01 1.401991830340794998e+01 2.124850545983175820e+01 1.685973902049582662e+01 2.181298936707950986e+01 1.913340942145704915e+01 1.914409656487292821e+01 1.008021171831321539e+01 1.816455515052915715e+01 2.117368439262514102e+01 1.126144945512884910e+01 2.240973660971707204e+01 1.769690135389688734e+01 6.989644175412662364e+00 9.825612099856044779e+00 2.685663098632003809e+01 2.392191208658665857e+01 2.592278651388029331e+01 2.515408938444317144e+01 1.944425621695278750e+01 1.723981853607815040e+01 2.334089823300738686e+01 2.592869984530450367e+01 1.438736353557315972e+01 2.222784911776915351e+01 2.394715022935837112e+01 2.193853564397743483e+01 2.368875036891014929e+01 2.811363155336845310e+01 1.824531444157477367e+01 2.372837632742963976e+01 2.689508146969673419e+01 2.113686159659323138e+01 2.629044748030700518e+01 2.619812151385631438e+01 2.983985137335695370e+01 2.926256308452436272e+01 2.289381110263817831e+01 2.781920130542575720e+01 1.822385164837932336e+01 1.573125937391256635e+01 2.987100284755287660e+01 2.667121845185567963e+01 2.773171553073950690e+01 2.493488677981530444e+01 3.095212744082480683e+01 1.858705687255888606e+01 2.317522400055840492e+01 2.196471554977531326e+01 2.222517871482711627e+01 2.882672732563957751e+01 2.824256043285375739e+01 2.749233070936586643e+01 2.579202942481996530e+01 2.321201913835166053e+01 3.301830020375651031e+01 3.329258695648754696e+01 3.213838099922033109e+01 3.454737486444364691e+01 3.209578454586941376e+01 2.324312082771800547e+01 2.853915355505919038e+01 2.791297103193418039e+01 2.713275977774542724e+01 2.592112978538492030e+01 8.936643119632302401e+00 2.321692847571273433e+01 1.705783838903074567e+01 2.882180139333531343e+01 2.450312784530810717e+01 2.478196161247385021e+01 2.937845387030820277e+01 2.858938368227859428e+01 2.922952255262837795e+01 3.383616814987259147e+01 3.036413817945701155e+01 2.962619977722692965e+01 2.366582445488990771e+01 2.318516713735449031e+01 2.715409534304307115e+01 2.734375341714081031e+01 2.520162006756995154e+01 2.885337603858264188e+01 2.769226658494740434e+01 2.570937001277882672e+01 2.686989034593073455e+01 2.585923894474901985e+01 1.863127686451878873e+01 2.828821312157593582e+01 2.853777617477422623e+01
