1.967952964115052339e+01 1.002766106487074538e+01 1.136423645889442113e+01 8.921330135801554206e+00 2.655044598694941982e+01 1.606382756713516713e+01 1.934178797438770303e+01 1.953550351209597480e+01 1.744973350416602997e+01 2.094587869286396753e+01 2.635838717773652107e+01 2.569054581555096206e+01 1.359132347140276309e+01 2.616144392357733750e+01 7.802303383734241038e+00 2.651296630774947971e+01 2.120857940942287456e+01 2.003128712035122305e+01 2.012807989234452322e+01 1.717256338005531902e+01 2.551929983092514576e+01 1.566561392737939151e+01 2.249097300537946609e+01 2.149133926356554625e+01 2.108081770760876950e+01 1.918315138076421533e+01 1.900879522720176240e+01 1.662053536058536807e+01 1.402986697185176901e+01 1.749071333346762813e+01 1.545949920128256316e+01 2.171945058686384655e+01 1.721052846134363890e+01 1.917580535257772922e+01 1.977485929231902873e+01 2.142009302370495050e+01 2.128669457285317534e+01 1.780279921805506049e+01 1.943530877674823998e+01 2.685891002518512138e+01 1.675351617203346777e+01 1.779033088406987062e+01 1.880058677243883025e+01 1.910180573505913770e+01 1.870997561678468557e+01 1.994249864262437200e+01 2.483642898185503611e+01 2.012783511693243454e+01 2.952871554926728237e+01 2.696703437755493837e+01 1.831189335366251569e+01 2.220255289269626786e+01 2.587943775643798716e+01 2.454178299965084165e+01 2.124974178309958717e+01 2.345084802912835897e+01 1.962887910870357899e+01 1.792533904441130588e+01 1.848922000205639904e+01 1.957150070970406475e+01 2.604738964484011987e+01 2.568883930222601464e+01 2.187223608010009457e+01 2.061719648217224332e+01 2.522837388181990192e+01 2.182363087440160854e+01 1.889329580549487630e+01 2.254407682359501308e+01 2.422218928618079659e+01 1.684145139309784511e+01 2.492097468577237507e+01 2.794400634152775709e+01 2.669791418380445336e+01 2.926800069424372808e+01 2.554098942167755837e+01 3.012281451555372769e+01 2.727305619331749753e+01 2.770330775381805566e+01 2.319960473793184264e+01 1.800449000887919482e+01 3.339995623894211008e+01 2.251150924758000826e+01 3.950920203083391158e+01 2.830458679885906292e+01 2.428490710815245279e+01 2.497848999305322693e+01 2.697807831224945119e+01 3.185958318776483722e+01 3.341246882610914781e+01 2.987835993903482290e+01 2.842155072430267282e+01 2.612227156017177165e+01 2.642468397578999628e+01 2.594691002963425319e+01 2.780409160964911663e+01 3.559914300320829739e+01 3.253139627302110171e+01 3.126181397320901212e+01 3.400912617947108174e+01 2.956030678945780110e+01
1.069188472944037116e+01 1.183349996501634926e+01 7.360104847047117538e+00 1.895147629341535378e+01 1.843059283358166311e+01 2.482548185099581062e+01 2.569161342356300182e+01 2.967119696569301013e+01 1.833153761766646994e+01 3.389068253825949029e+01 3.299745972093077029e+01 1.345263538240842038e+01 3.349601053596334310e+01 3.336399499704426574e+01 2.525112278311275915e+01 3.469008584425020558e+01 3.311311264586218783e+01 2.423529375965502908e+01 3.141420533654444469e+01 4.311733058764986026e+00 4.961347987405588356e+00 6.767079711876408332e+00 3.960241029509766264e+01 2.107260735946434949e+01 3.482885275922470925e+01 3.183247258223625309e+01 2.996125721192838398e+01 1.757486767330801314e+01 1.818122200514201836e+01 8.872080493142430413e+00 7.504385431897284242e+00 6.591458885351506147e+00 6.451685210489998212e+00 3.895476567023317127e+00 2.843267210206542117e+01 1.579912439409771707e+01 1.756109940210608400e+01 1.411428683078323232e+01 1.686136670784060954e+01 2.218856197267317754e+01 9.304373923111615596e+00 3.319815619807529572e+01 2.762901219314586498e+01 3.202320379599376565e+01 2.309181505024974257e+01 7.485183699711791760e+00 3.315359047813221594e+01 3.325754396811301206e+01 1.887709775802720102e+01 2.604807798925461881e+00 8.788508359225710720e+00 3.051363372520537709e+01 7.734147952043223029e+00 3.477647704414172480e+00 2.357103690519901917e+01 2.874417301490532139e+01 2.068152539654548860e+01 1.762290450220216087e+01 2.675197497707742755e+01 2.998413887276678125e+01 2.840533746480373978e+01 2.347952409096475535e+01 3.439882246463338333e+01 3.045665222193054689e+01 2.553282194380305015e+01 3.797896848994717800e+01 3.525668145801918030e+01 3.502049392903393255e+01 6.992409999278055288e+00 3.033743138421277763e+01 2.867817216000544533e+01 3.291643767661794584e+01 2.260053835198315042e+01 2.322325944654062013e+01 3.214805031945374481e+01 2.869535898950499941e+01 2.966673569179813086e+01 4.424650791330316224e+01 1.987832323147565816e+01 5.433310591892157149e+00 3.208375044623108607e+01 3.170853048318025458e+01 2.833865898305684183e+01 3.446936756814410074e+01 3.071756068462467937e+01 3.147331652419562786e+01 2.691321421095825173e+01 2.931757808703089907e+01 3.078881937069266783e+01 3.234657285904007296e+01 3.241676117127214951e+01 3.061412163788284246e+01 3.135953882784494695e+01 3.358213552530782664e+01 3.289396535771162178e+01 2.497960738589484464e+01 2.810730888001216599e+01 3.292773053546034134e+01 3.178644374146838203e+01 3.406102963012904894e+01
1.713768910693657688e+01 1.070522568085509540e+01 2.461133240657001764e+01 6.628989040836992253e+00 2.435073371614880955e+01 1.526321559611527512e+01 2.408084462336374543e+01 2.510551045407140691e+01 2.748692905535675379e+01 1.347563873949689572e+01 2.470882216617739502e+01 2.894212026312764507e+01 5.267358878163879154e+01 3.191410863944719623e+01 3.322201142891430692e+01 3.256442297579776124e+01 1.135291455890143375e+01 6.613262428047173103e+01 2.114373328598680146e+01 9.150549863013910823e+00 2.388485004679039037e+01 5.795767314988148122e+00 1.832559524509167304e+01 2.877581957157315173e+01 1.779318936303475240e+01 1.138850172312148246e+01 2.064580616423587145e+01 4.334710140526738975e+00 5.926235375454540488e+00 5.943799048455753464e+00 1.385455246031995991e+01 1.226803855250826736e+01 8.409048388189233947e+00 1.880743356941761135e+01 4.153132351706150160e+01 6.814654648185036301e+00 1.103080463716984916e+01 2.124228650487042103e+01 2.023856349247151698e+01 1.093510090832354997e+01 3.025075253863925173e+00 4.979849620425152779e+00 6.201852212882446480e+01 3.302272828776499836e+01 1.289307187581720449e+01 1.046871939066936008e+01 9.137790426066885630e+00 8.289320713248129024e+00 5.471240063198209214e+00 -4.859876651479985710e-02 3.694438164903434796e+01 3.606007861367152856e+01 1.903827372368710691e+00 2.980341994140199446e+01 6.581149000310867336e+01 5.586382693626458895e+00 6.238801821938586123e+00 1.111101767800204954e+01 1.691862755932584284e+00 8.077499401061027484e+00 -3.730460687086294413e-01 7.987254025613080444e+01 7.779391298833324697e+01 1.073517139413689989e+02 9.559349970196865343e+01 1.000030526905649424e+02 1.087956399485361487e+02 1.009278224949023439e+02 8.115470428870656860e+01 9.329941475505695792e+01 1.038477248761888063e+02 8.723784623495680535e+01 1.048960163743546588e+02 8.938450723819531163e+01 9.043228429312219419e+01 8.833524217002883461e+01 7.941505639385158588e+01 7.024497843143606701e+01 1.003246626896328593e+02 8.981121854414816141e+01 9.058310466850208797e+01 9.851318081734588361e+01 9.799787464133676451e+01 8.078079809199179806e+01 8.881411138243527148e+01 5.740246166714246101e+01 1.000154214548909835e+02 9.576984863162611816e+01 1.168377264322806468e+02 9.648322098628378285e+01 1.117297807910816658e+02 9.513543501667770386e+01 8.950733747605741542e+01 1.056852276194014024e+02 9.237933025634754358e+01 9.789675612081798306e+01 8.625655958575396198e+01 8.460584399146684120e+01 8.488533049306481360e+01 9.988211980787450273e+01
3.718260551584049445e+00 2.100849003061680520e+01 1.863916776000675668e+01 1.549491281005505705e+01 1.627761607154652879e+01 1.908291100932270368e+01 1.038729699335201850e+01 2.320137763102956185e+01 1.924457341425493340e+01 1.963796345718946412e+01 2.366211271926254867e+01 2.204022530712441252e+01 2.074587920333352642e+01 1.865208968910587473e+01 1.307427067762263917e+01 2.022818335550469726e+01 2.219646393145660568e+01 1.159838557569087492e+01 1.810406934841687487e+01 1.154961718638432977e+01 1.487246000041253247e+01 1.381815836698718414e+01 9.622400797361914115e+00 2.201535640183872999e+01 1.800817961791562638e+01 3.129284236824292353e+00 2.180769004855341464e+01 2.248099252996119546e+01 1.413916126771664494e+01 2.562045707297803432e+01 2.759439237582273918e+01 2.197254421422631054e+01 4.916527811666892234e+00 3.991841396919042495e+01 2.657548775622668913e+01 2.768958926744570448e+01 2.336503004623294188e+01 2.541348770730679973e+01 2.834126438913803980e+01 9.416218308580383223e+00 1.574139611837923169e+01 1.343355949520880444e+01 9.605196681463201713e+00 7.052751978549338219e+00 2.345986461492953978e+01 3.588470048819080915e+01 2.874759710485067998e+01 3.358608235596373959e+01 3.639693659970935613e+01 3.377112703585400055e+01 3.226630588464249882e+01 3.466358648579586799e+01 3.856848725191252925e+01 2.317647968459329277e+01 2.673028815214887999e+01 3.032780908298507327e+01 3.697974547297726389e+01 2.748120656577925303e+01 2.921878009273519083e+01 3.121630787315169897e+01 2.988124469332642619e+01 2.893273582275236677e+01 3.241480020215158930e+01 3.099143256377590916e+01 3.485915789131782105e+01 3.332512134261616410e+01 3.914680995887077586e+01 3.618686121383728249e+01 2.586315811716628232e+01 3.500902405746414559e+01 3.493576844656534774e+01 3.674541657762956248e+01 2.435302934995708313e+01 3.890431911729629633e+01 3.677575766543292701e+01 2.152809982856048521e+01 3.569228488769927310e+01 3.300808048457388111e+01 3.233757563400594393e+01 3.317791866485221419e+01 2.820990711629892544e+01 3.322174867564709899e+01 3.810725846411956752e+01 3.452434384911651932e+01 3.081998190818405448e+01 3.376681788227172376e+01 2.410414115778195310e+01 3.805333872786373206e+01 2.885072084767186240e+01 2.730904785927785738e+01 3.393165821882528377e+01 3.551383116608024437e+01 3.775706090957895356e+01 3.298760509049837708e+01 3.422969233526458765e+01 3.202588664514319561e+01 3.596354582912157127e+01 3.912680198902852169e+01 2.755275842917697560e+01 3.345122631593490325e+01
1.841707210361568769e+01 6.704090147709978353e+00 6.749968942533153715e+00 1.367959370288283516e+00 1.839802525756665830e+01 1.696064180675309885e+01 2.044547339292964594e+01 2.805387869458050076e+01 1.612245473560990661e+01 2.801621923682930770e+01 2.828097496052020077e+01 1.617327951496037031e+01 2.096102849308665839e+01 1.949062801987997062e+01 1.467657329096992669e+01 1.741536814263852051e+01 2.561440545036055383e+01 2.369401373172599534e+01 3.005098330394560335e+01 2.094522734134366715e+01 3.104682924997586824e+01 3.000582569769532881e+01 3.014741375301253612e+01 2.354870564330983385e+01 2.599866965745122016e+01 3.283477949281607522e+01 3.179257557297795600e+01 2.936201104742843881e+01 3.458583917693967180e+01 3.220494884801261293e+01 3.037082594156353466e+01 2.584975216889072058e+01 2.551016708052161519e+01 2.943985516011992942e+01 2.652214884298258468e+01 1.645136789259439425e+01 4.635792194865706151e+00 3.214745566732268856e+01 2.848913086462968991e+01 2.939810781469568468e+01 2.917804780466954639e+01 2.929036238019542893e+01 1.284115459603991027e+01 1.938776703032599968e+01 2.192055502302851266e+01 7.754203632347155484e+00 5.121043200113557070e+00 4.299380889382139692e+00 1.348959646963360193e+01 3.067761665636067292e+01 1.670533137156252224e+01 2.033727021457966799e+01 2.904466318293709648e+01 3.592604678915457583e+01 3.078519614142900451e+01 1.315611002288768994e+01 3.312499185936405155e+01 9.272479133751867053e+00 7.573236468290447831e+00 -6.816428664898698253e-01 3.101753640941748813e+01 1.059212215407160684e+01 3.023528674303994279e+01 5.762151491728159769e+00 6.748790442270509171e-01 1.709521434983573585e+01 7.280639961570507523e+00 1.746226234054827908e-01 7.628508000960498414e+00 5.289512297578518485e+00 2.465778718421315929e+01 1.251962895459988978e+01 1.895792757758138336e+01 4.076519583799532853e+01 4.377299057007626004e+01 4.581739007608361725e+00 7.710722530232889937e+01 8.407068473175191059e+01 7.443675044887130809e+01 9.053362961119792374e+01 6.940051155720651366e+01 8.729468391539063532e+01 8.176686408483404023e+01 7.792657296421296564e+01 8.877973219178844033e+01 9.008631291744789849e+01 9.787236155432522366e+01 9.677675234147022820e+01 6.982169121542857226e+01 8.812179247904099100e+01 8.975354558490698764e+01 8.240361758677258308e+01 9.310501052720620407e+01 9.945046320885032287e+01 9.537152574182765363e+01 8.533630360596490050e+01 9.645316201251469579e+01 8.872294429618419542e+01 7.636955241918988690e+01 1.025637519948050738e+02
6.173358972003552658e+00 8.581835628164039775e+00 1.135129378611631346e+01 2.413174407995857607e+01 2.544095510411401762e+01 2.819546951572157312e+01 2.913497286378991191e+01 3.031078267126971326e+01 2.970551807403867173e+01 2.957895673978214646e+01 2.296247959465622657e+01 1.629281980533459517e+01 3.520992243975084790e+01 2.313802090374500153e+01 2.490766277550823915e+01 9.355092909699228798e+00 8.925426320946201031e+00 1.174787282396764354e+01 1.574120942526831790e+01 3.516625561256401511e+01 3.898802401075855784e+01 3.079103202978498288e+01 3.269771355951878888e+01 3.229682398517324060e+01 2.928873607576257854e+01 2.181197984136863965e+01 2.976890799120961972e+01 2.814980576370393095e+01 1.125072635600272086e+01 2.341525464180461569e+01 4.922801045921587182e+00 2.322981168327773460e+01 2.689127846188181792e+01 3.274361240656498495e+01 1.619472986194842790e+01 2.740591807433938598e+01 2.951167599988856249e+00 1.035845843936352964e+02 7.886024318974918401e+01 9.898275132991687997e+01 7.531218348709782617e+01 6.256295243013618546e+01 9.373487712771991198e+01 5.168176434350881010e+01 1.574386046744329626e+01 7.628883461550225320e+01 9.915978618389296173e+01 2.457264129651703044e+01 1.334797660734194480e+01 2.829425091507408752e+01 7.340381480480613163e+01 2.778266477216391550e+01 8.487789595851464242e+01 2.089187736480409896e+01 1.060125241523365673e+02 6.327284537837117995e+01 8.455748632700429823e+01 2.322800560029363481e+01 9.106686385750253976e+01 3.046146475545633336e+01 8.024668984534572758e+01 4.305865017706570796e+01 4.415872066381558625e+01 2.835779295255763088e+01 2.316403071137515823e+01 7.579511292893865004e+01 2.582405489935735332e+01 2.478181778963284998e+01 8.360690032270733241e+01 1.031341644455083042e+02 9.511871837723526824e+01 5.867816473516866438e+01 1.068534341770752292e+02 1.211503096361562513e+02 9.407166596816111337e+01 6.828459566553179627e+01 9.183013720633961441e+01 2.570368901055930877e+01 8.358803740394534998e+01 1.023612273080855317e+02 9.427900318840644900e+01 1.138593213445933827e+02 9.416917785435941823e+01 1.007865442118580575e+02 9.210711787151555541e+01 9.104889706567294638e+01 9.569031460055288107e+01 1.101465457674623849e+02 8.550895186329046282e+01 1.099159756267477519e+02 1.159372073715950222e+02 1.039656596058091651e+02 8.346084269602364714e+01 1.056186044541318125e+02 1.082819711402553366e+02 8.445372367887021881e+01 9.441677440678940059e+01 9.286107592557399926e+01 1.002890056883602199e+02 9.895124306444232332e+01
7.698127936388241999e+00 5.435518756520690609e+00 1.532525993997570701e+01 6.414269145238959524e+00 1.592756372275884402e+01 1.354599300116090177e+01 3.775671794741964504e+01 2.614138063725777528e+01 1.614208378758260309e+01 2.454676424843241378e+01 7.241255459474467671e+01 5.855293929383912399e+01 1.079470907182812667e+01 7.070080279939605816e+01 1.615679520472262709e+01 4.128093071670359393e+01 3.400224757551784904e+01 1.247648901685941958e+01 2.541787430395731207e+01 1.067276804633874043e+01 1.536461761358025235e+01 6.609956162198481877e+01 5.347305570157841004e+01 8.122281546721573875e+01 9.062309848159566172e+01 3.920483970939059049e+01 8.881131236868350243e+01 9.564004298597548370e+01 3.908708475832148110e+01 8.212736156744938398e+01 9.667667653654870463e+00 2.536267571989171188e+00 5.720551288133554380e+01 2.573202383887631228e+00 2.503775537538490248e+00 3.416216474559101357e+01 1.050076560888573880e+02 2.173822776508599830e+01 5.116496462261237355e+01 8.383372000626049214e+01 1.167468082701774357e+01 1.229461397111889731e+01 1.038717875438177316e+02 1.251182794838754830e+01 4.385358598605784586e+00 3.669100175890181958e+01 1.805935150816119972e+01 6.867530285931689349e+00 9.879342515468297847e+01 1.546929021776605495e+01 1.001350156788305839e+02 3.186793321001446078e+00 8.918483135005710949e+01 7.497735284995331995e+01 9.868560227711449784e+01 1.000244491039876351e+02 7.362697253756149962e+01 8.633761481995317411e+01 1.617994929921176706e+01 2.542216409677253708e+01 6.233213474818559696e+00 9.902555522005769717e+01 8.717905864869786470e+00 7.279323429410579749e+00 3.188046792377242156e+01 8.350405592809654820e+01 2.102738060761744165e+01 3.525453068423585468e-02 6.182513157542038229e+00 1.027118784577400703e+02 8.122137723880574356e+01 9.935441167765294779e+01 7.450981245209953840e+01 9.697538274818730031e+01 1.183818665355625832e+01 1.052633357615339982e+01 7.545083423746997653e+01 8.323063764405924303e+01 8.422712249540241558e+00 5.735566392734000374e+00 6.820633944508436741e+01 1.804127408337699023e+01 8.863623018635638573e+01 1.010926877238706965e+02 1.390403996383150620e+01 9.104720438146732420e+01 1.588741917226459499e+01 1.057445268830754230e+02 7.808710138136038381e+01 1.068708146142453614e+02 8.493084489059371833e+01 1.066752376770756854e+02 9.013937248248159051e+01 6.636247530698136643e+01 1.111616031260616779e+02 1.010668659922633879e+02 1.192169102478827512e+02 8.810026330607276179e+01 9.008668353784585747e+01 9.324791511468333738e+01
2.982700688732606764e+01 7.981033687739811811e+00 2.270996125865776705e+01 1.773795274889100382e+00 3.331307894550624127e+01 3.377434092318559067e+01 2.317456020283070828e+01 3.241793111476721378e+01 1.918450663445825555e+01 2.621618234369733358e+01 3.750626429893669922e+01 3.047180617088903531e+01 2.626861959836132243e+01 1.100807440518808278e+01 1.842606379700207953e+01 1.305064224434058495e+01 -1.658756881447777998e+00 6.390709857553540374e+00 3.032694061429133825e+01 3.645443254622314555e+01 1.275364392893887100e+01 3.836566662203938449e+01 2.276300146292441084e+01 1.583318413208810149e+01 1.552036530417633786e+00 9.365872016758631347e+00 1.626250775868182075e+01 1.962751140880214251e+01 3.345635968502907076e+01 3.125794458562132760e+01 1.380906710394163639e+01 3.071050783376792737e+01 1.005013200086513159e+01 2.682390299252084276e+01 7.977335781231781553e+00 2.758581002436842411e+01 3.421409862031150340e+01 5.013536317921691854e+00 2.721147235913065288e+01 3.096179399523435549e+01 3.585670758484916831e+01 3.071119652391040944e+01 1.794313988680897509e+01 3.044198229214850215e+01 3.011729946276613390e+01 1.614327862349245279e+01 2.923096907850997894e+01 2.889160249022624072e+01 3.187941967652743713e+01 2.640799776041007618e+01 3.085101168612989753e+01 5.672313038116408634e+00 3.134649796831962121e+01 2.795336312366438491e+01 2.660595883775172510e+01 2.813554794167783157e+01 1.156677497473329552e+01 3.157202877795150897e+01 3.197885657613604948e+01 3.506876308713277268e+01 2.878115761163336117e+01 3.243596705219344045e+01 3.890692452337749785e+01 3.070103488702895689e+01 3.004558441576035577e+01 3.087002395938061028e+01 3.218482471356801256e+01 3.526475766370612774e+01 3.241713455749398065e+01 3.201605690712558783e+01 3.939767018346193339e+01 3.673452752907150654e+01 3.244837177222972713e+01 2.692126275840654515e+01 3.287587133798422201e+01 2.892838518181210361e+01 3.432109728236810042e+01 3.268653133363100238e+01 3.230533165938319229e+01 3.478855193968206549e+01 3.424691788629825595e+01 3.034304324083565874e+01 4.042821615570742466e+01 3.265383099807046108e+01 3.323061867278341452e+01 3.197794385426047015e+01 3.086724707221975805e+01 3.839715552674688581e+01 2.416074927483495216e+01 3.126076019431629760e+01 3.651310120205586429e+01 2.763349282780779959e+01 2.643389693508562033e+01 3.425187700848891126e+01 3.535743765561159080e+01 3.127421869324529879e+01 3.132264273748060290e+01 3.536658700095831165e+01 3.788312716136357494e+01 3.066551894277344203e+01
5.830010980265580400e+00 3.193622969872261308e+01 6.669992379641445090e+00 1.472654204783405341e+01 3.101357574964224639e+01 2.418921513405758006e+01 2.717115771046868034e+01 2.688421454772960573e+01 2.755402241068345859e+01 2.945107610754183014e+01 3.249213816907570873e+01 3.211838685849740216e+01 3.551715845219030854e+01 1.587935126404924446e+01 2.589653607957384551e+01 2.821211700956737545e+01 1.549786670994329718e+01 1.358056441656638391e+01 8.007766758310769006e+00 1.229858431127766849e+01 2.856376108998959396e+01 2.411348134497538354e+01 1.689629629743665973e+01 2.903366350142442798e+01 2.885742520472157580e+01 3.029888133117692561e+01 1.518118679191544551e+01 1.837964359215725452e+01 2.817066560729672631e+01 1.752898680411693988e+01 2.821429924459716787e+01 2.637680756468003906e+01 2.703582594873499545e+01 2.053167582534235436e+01 1.985103008157195603e+01 2.450231192726781515e+01 1.940840422509763030e+01 3.110272931611932989e+01 1.069067675586716071e+01 2.271615255538045020e+01 1.472135612808644112e+01 2.764103799531259398e+01 2.877829221810881322e+01 2.541267455509037276e+01 3.095578662579872287e+01 2.599368840866964447e+01 2.072476766976897977e+01 1.462699313235889065e+01 3.620738985002219579e+00 1.663400907154563058e+01 2.417968133919356788e+01 9.923460033653991985e+00 1.728706019061100108e+01 2.864213070921550752e+01 1.333352241182140041e+01 4.594934061814186066e+00 2.485773135726629590e+01 8.854705587620030904e-01 1.647792256752603279e+01 5.561243429057934229e+00 1.329152199351347186e+01 1.339735900954660686e+01 1.846874737380476006e+01 6.006781974644906086e+01 4.616543927693679450e+01 7.031181733096715902e+01 1.547845754096790039e+01 3.708702348324427334e+01 7.283714866252857689e+00 3.283495650554345957e+01 1.975560086074429833e+01 5.946145158549573040e+01 7.715157805383434209e+00 6.478819602103824593e+01 4.563418259469594318e+01 5.751722676261307754e+01 7.359151467560717208e+01 5.550832038281434677e+01 6.410741613481036438e+01 7.461790084875910622e+01 7.414494496777687971e+01 6.605416892070599033e+01 6.397094485364414140e+01 6.959981682494674260e+01 6.893871854134501120e+01 7.055723994583895831e+01 8.357363852490210832e+01 9.012452553997216853e+01 3.467904052664375403e+00 3.731484301212477206e+00 8.440914827854360425e+00 8.680907715604809027e+01 6.555304588947859656e+01 2.567322933805771701e+00 8.347370377699772348e+01 9.757729240106961299e+01 9.902625220767177439e+01 9.163869241002483079e+01 1.093361483116067348e+02 8.300617444243940213e+01
1.591873797880437458e+01 6.365022959859667928e+00 3.111504829561578944e+01 9.681711815787370057e+00 3.211899257392392570e+01 1.619752887570020761e+01 2.736784650883225112e+01 3.238086907497094558e+01 3.143840076371890291e+01 2.001270078397578089e+01 2.847653806857055514e+01 2.859871557200043313e+01 2.584994854238516382e+01 2.453006696975703349e+01 2.216024270211541847e+01 3.479699046829537679e+01 3.162511323539999708e+01 3.238918867315804562e+01 3.119378576941580405e+01 1.547724472720292610e+01 2.541456637861430323e+01 2.818003068690494928e+01 1.165034849156194774e+01 2.127673276674599379e+00 2.988774437941010120e+01 4.707551495053332147e+00 5.681094528889031992e+00 2.217808641478299947e+01 5.474095776339227726e+00 2.853438804053911682e+01 2.948556316531941590e+01 2.869863095913775908e+01 2.121702485259585202e+01 3.592582275742147857e+01 2.666512534188021633e+01 2.165702455930998838e+01 3.606509858398721491e+01 3.135868971991827081e+01 2.183552944867053114e+01 1.005757621579883754e+01 2.734632286751175911e+01 2.966385923497812271e+01 3.340851922962936271e+01 2.845167331202067018e+01 2.774328220614458118e+01 2.310083440187478843e+01 2.482216839400507169e+01 3.203142382452170978e+01 3.594691769604283138e+01 3.301335491068518735e+01 3.215893936801180075e+01 2.470600932330629007e+01 2.889993315170880450e+01 3.333062533210829770e+01 3.669334717753967112e+01 3.399069196340823851e+01 2.979053120218926054e+01 3.360014657031926077e+01 3.010302227997297564e+01 2.538215645455962388e+01 2.910611702340226614e+01 3.403318884710000702e+01 3.024424524653995050e+01 3.337007704372426531e+01 3.005533671070973156e+01 3.279248451426648359e+01 3.270611060077412446e+01 2.646088307854025956e+01 3.473727909686540727e+01 2.729369753682492572e+01 2.757198090504145682e+01 3.149850211631389740e+01 2.620743680863495939e+01 3.213866034743073641e+01 2.668388039351144769e+01 2.980060709853088952e+01 2.671532227921323610e+01 3.778420470499391826e+01 3.248225588040466505e+01 2.971086441157047631e+01 2.925796628526008192e+01 3.343947156450698088e+01 3.101482037038167405e+01 3.191461478521456385e+01 2.546696491174417432e+01 3.694734108057031818e+01 3.476267212577358379e+01 2.765151493611470102e+01 3.031898333903060205e+01 3.310881178975149908e+01 3.163307327648459832e+01 2.864186242430056595e+01 3.963250522457700953e+01 3.408964760966427576e+01 3.381038790562325858e+01 3.456720305573465168e+01 3.132625766927267108e+01 3.542002271803770697e+01 3.383039310964164770e+01 3.414233102265228581e+01
1.720556933915298714e+01 1.074171588656719400e+01 2.186002358482245356e+01 7.569468724729816245e+00 1.712288641760899210e+01 1.777616848296712249e+01 1.774297306493467374e+01 2.462853029936503191e+01 2.556734495729088863e+01 2.621515622304327309e+01 2.146935511257146700e+01 2.276526943849403395e+01 3.385110083292184413e+01 2.958309717810864115e+01 1.893907019046713458e+01 3.060342896281922975e+01 1.926185013303011218e+01 2.654742294146454640e+01 2.129321500261583822e+01 2.781974340690337399e+01 3.083471545191500240e+01 2.978047466661469400e+01 1.883988912956606754e+01 2.718705843187082749e+01 2.929295119133344016e+01 2.386701878033020208e+01 3.153860656236209792e+01 2.122809782844095494e+01 3.027785000650447600e+01 2.343051645789385518e+01 2.678515933181441255e+01 2.580437053090734878e+01 2.865991772249385150e+01 3.342612369853259224e+01 3.104563164824215349e+01 3.190823679538096869e+01 2.654762484660671973e+01 2.855077278111770767e+01 3.458115110548782667e+01 2.078521751617101287e+01 3.051323268074489548e+01 3.629738906714612057e+01 2.599217550301527524e+01 3.264450740582022092e+01 3.275026974460898543e+01 1.224777750978232937e+01 2.764437911054198693e+01 1.742534446932099357e+01 7.952451663914839486e+00 2.824174728063733042e+01 2.805388699205209591e+01 2.501235750628496390e+01 3.222234311430207043e+01 3.305276513494317214e+01 3.230865064802166131e+01 3.361120433413310593e+01 3.589665161311317831e+01 9.660554646129046574e+00 6.027851052813118393e+00 -8.026432957850324623e-01 -2.851591199139030808e-01 1.263599822791243987e+01 4.357672010257233275e+00 7.309652416734532254e-01 1.553292767617295311e+01 1.294695703927472685e+01 1.064424894500670504e+01 1.882358183205571223e+01 6.800592784779797739e+01 6.638611203773501757e+01 3.676769528886530480e+01 5.497742602349985930e+01 2.978041105266578725e+01 8.328239727187622066e+01 1.127927311557340886e+02 8.188543495394344518e+01 8.970683081982049600e+01 9.040211468639849102e+01 8.077315888647558495e+01 1.028776508769362721e+02 9.096550747613133581e+01 7.472428549791757746e+01 1.021204346823644045e+02 8.152006408967727680e+01 1.010038383980188001e+02 8.546466549155779546e+01 9.127980463689915780e+01 6.670315842742503776e+01 9.738137250174062842e+01 9.878639996206489116e+01 9.393453642091492384e+01 8.355127960477427962e+01 1.010234646841676351e+02 9.483110588512076333e+01 9.487945248628783190e+01 1.056131170595828621e+02 1.053438475113436539e+02 1.054477318557278238e+02 8.997233884760277078e+01 1.019821324257992785e+02
1.143321748900925883e+01 1.843379980635358351e+01 1.017902838192001447e+01 8.319706745689304128e+00 2.067120887352757208e+01 2.335243171852607347e+01 1.458806001271768338e+01 1.990623177718940440e+01 1.056941335722479636e+01 2.694524798296723489e+01 2.666406879716363676e+01 2.956252774602171129e+01 1.348477702154815461e+01 3.072979945522904544e+01 2.538994224874070582e+01 2.833782923589722458e+01 2.823992460271003679e+01 1.796250065386672645e+01 2.611879768539683866e+01 3.986804001913002082e+01 3.663571017400874297e+01 2.618220419751097694e+01 3.373854286489580545e+01 3.553182008450075813e+01 2.614627061385179019e+01 1.254710050014290701e+01 1.914051620587918023e+01 9.959639775637199932e+00 1.281261682539678315e+00 1.759260490175677916e+01 1.449731056587026856e+01 4.570669834771075024e+00 2.149807992205349017e+00 1.602726614145853645e+01 2.564177604333248439e+01 1.746015097975503494e+01 9.638964625035786327e+00 2.437795772045587483e+01 3.606868032589289896e+01 2.453531926927741580e+01 1.265187958854752814e+01 2.730879340348224105e+01 2.746769551619680882e+01 1.326810099702132284e+01 1.502364269871878655e+01 6.968789172011631727e+00 3.143312633760759667e+01 3.570968191981259565e+01 4.111480842078841569e+00 3.473012944217336440e+01 2.899523237881479076e+01 2.729719906983851274e+01 3.173975110297281432e+01 2.759807921903530570e+01 1.922852057254019087e+01 2.818984659580322827e+01 3.097759791280121178e+01 4.424598378968067180e+00 5.844147106041604367e+00 2.705432101292288039e+01 1.786321725748264200e+01 1.188650836230854146e+01 3.214916494647150103e+01 3.639673192874331420e+01 3.531098564379230709e+01 1.675569702415133122e+01 3.009115136394270706e+01 3.022621207493758533e+01 9.735827234081686044e+00 3.599658636101756315e+01 3.110472070930241273e+01 3.372254533965837453e+01 3.111716415087281717e+01 2.971066527225216802e+01 3.755306480456301443e+01 2.762949897814617373e+01 2.401884038394936027e+01 3.448233167605716520e+00 2.663017085986937715e+01 2.823064249781777590e+01 2.314315427283916904e+01 2.946429951144227388e+01 2.405489289803476183e+01 2.424321888221332877e+00 2.351943492934237767e+01 3.231000313589184003e+01 3.019499422096889418e+01 2.910171383180855997e+01 3.163396940341698738e+01 3.094950267397654997e+01 3.816553437296340689e+01 3.679543650223519791e+01 3.672625771571398445e+01 3.135994540395316221e+01 3.283987414037613206e+01 3.201889740823534680e+01 3.365790527010027233e+01 3.516436932068781829e+01 3.248175803210889256e+01 3.086423785585420987e+01
1.642596518330269006e+01 1.344592549371097689e+01 8.399175088445746340e+00 1.932624681008805823e+01 1.663341995106230087e+01 1.418155305010152567e+01 1.229205834986727375e+01 2.412361532361818561e+01 2.049821073948303152e+01 2.959970318459646066e+01 1.554742474196341284e+01 2.409895800385820408e+01 2.713652406402622930e+01 2.151400657305437392e+01 1.404266305596501141e+01 2.449947419198192122e+01 1.644976233184053171e+01 1.559971817378639969e+01 1.878557388049747701e+01 2.779641921424651585e+01 2.329891302673071607e+01 2.537933808004078884e+01 2.139327559550610047e+01 2.786941483770197081e+01 1.778203479538562348e+01 2.137258170134522572e+01 2.486341789113354395e+01 2.322648716299153193e+01 2.278302879353372390e+01 2.275333075977906461e+01 3.047975514867817637e+01 2.356813002431649196e+01 2.347377117732473906e+01 2.692321543005551376e+01 2.238595605612242068e+01 2.802760060203540249e+01 2.404157269029902722e+01 2.458932198024921689e+01 2.882401405242762849e+01 2.472781507866104889e+01 1.705154752264890661e+01 2.178104548434615140e+01 1.773197338342200524e+01 7.808409631373063320e+00 2.922334923376082116e+01 2.610991109331733284e+01 1.192033438818230096e+01 1.264368445243436767e+01 2.326341920906612870e+01 3.261297148210700669e+01 4.859479582891309768e+00 3.321095366510046887e+01 3.002152174813143759e+01 2.967417575799603924e+01 2.802747337413759254e+01 1.567522101657583455e+01 2.799603148843580414e+01 3.987474990782746431e+01 1.768370111377131737e+00 1.553420410388683237e+01 1.697895847530166336e+01 7.735146414458630382e+00 9.793223610936324874e+00 2.869083686748508200e+01 2.990541246226223038e+01 2.995229870842837627e+01 2.421987152578159552e+01 2.610416371132504310e+01 3.206948156090952295e+01 2.939965667606030664e+01 8.413160476821106215e+01 7.702935076557488969e+01 7.701084187226767597e+01 1.027914221691968422e+01 1.014284255512430377e+02 8.297056169434860351e+01 1.060405032265588829e+02 7.226474896737806830e+01 9.954758787970746425e+01 7.281799671517266859e+01 7.812219968621221255e+01 8.966093473859815788e+01 8.968620330543238595e+01 8.209329214907546657e+01 1.078534122639603936e+02 9.336474351475754929e+01 5.874927406674792252e+01 8.103044688572991561e+01 1.034083460969324477e+02 8.498457378500285131e+01 9.908889258657519861e+01 1.044604876219189293e+02 1.100578513277469597e+02 9.442888871531982886e+01 9.868764898677488873e+01 1.077478905518479166e+02 1.004166318648049128e+02 6.124702875145943182e+01 8.878976106912435284e+01 1.186943576133462983e+02
4.953007645539495130e+00 1.870445088361356412e+01 9.666625629513584173e+00 1.603590795812595715e+01 2.263487190653620829e+01 2.301492238096794907e+01 1.607440684342029869e+01 1.820691927467538562e+01 2.018728511800712866e+01 1.494605857347064415e+01 2.827823956071732781e+01 2.338854231491264812e+01 2.034415849891642836e+01 3.122986317591599104e+01 3.301860444438170106e+01 2.459319689948463505e+01 1.288027855752782891e+01 1.931385038752336669e+01 2.099355319883175142e+01 2.140261854852339596e+01 2.729959427330594224e+01 3.112043335468171179e+01 2.512393360683878996e+01 2.177425262093274583e+01 2.409587964189602260e+01 1.836185243014311297e+01 3.523904656505343524e+01 2.453692897876707590e+01 1.607420217245425675e+01 2.703360222634722021e+01 2.798546327544613632e+01 3.307510469430395261e+01 2.726862257766127229e+01 1.647459943015176265e+01 2.327896590501350360e+01 2.975435975767765129e+01 3.063040957462614244e+01 3.175605840048316963e+01 1.820697182532882863e+01 1.982022848409500781e+01 2.988591893565894253e+01 2.331377933000720759e+01 2.917903796961335772e+01 3.186265878390315365e+01 2.608710964137102906e+01 1.899735301387062947e+01 1.539846714895686652e+01 2.221422466940822815e+01 1.417227509394506413e+01 2.788683123058235225e+01 1.951324001289149024e+01 2.797763046225934147e+01 2.939032202051460274e+01 3.056685923967100393e+01 2.929944811159324658e+01 1.624050424692068617e+01 2.673162681089972992e+01 3.267315580941796327e+01 2.537150526685399754e+01 1.150155753944329184e+01 2.236121437873454454e+01 2.269466486977021091e+01 2.025237878267915548e+01 1.007529754076037776e+01 2.763050850385704038e+01 7.729024954788548563e+00 3.350236086755828779e+01 3.608841171334861286e+01 3.524194791428823237e+01 3.201095396209393584e+01 4.082987670345544551e+00 2.410456432883335509e+01 3.446158730561074890e+01 3.463768177947260085e+01 5.594223804284848001e+00 8.506923288769867142e+00 5.979130373968251533e+00 3.226232862992406325e+01 2.968867973834615981e+01 3.789910256001008548e+01 1.785484095990629783e+01 6.072020568487480396e+00 2.315228702324269960e+01 3.600596803556897640e+01 3.454160259003657529e+01 3.150427439072097258e+01 3.534399575162577634e+01 3.154688467319121870e+01 2.831409570130828612e+01 4.068116181149309085e+01 3.881967107789593996e+01 3.320083351557699558e+01 4.089933552964303232e+01 2.568534883250788781e+01 3.179287151613155515e+01 3.270455067611403877e+01 3.035849313294774632e+01 3.414845732251412613e+01 2.934773109881141551e+01 3.480406267991919123e+01
2.036288727522093822e+01 4.933023185200097416e+00 2.212950886732316746e+01 1.101122260420286558e+01 2.099517673744073676e+01 1.735991890578511843e+01 1.870642429894152059e+01 2.099158946388732261e+01 2.021041293716954712e+01 2.197381925902825373e+01 1.699416082617779722e+01 2.610845626996413316e+01 2.064582275917906173e+01 2.692215888533893420e+01 1.934190413899004923e+01 2.657500650287411048e+01 2.708903486825742846e+01 2.805766234162835815e+01 1.818004238126342642e+01 1.605525213024051823e+01 2.161290275409730555e+01 2.899870348776585871e+01 3.432433053046674587e+01 1.655639867097076490e+01 2.411699670710829935e+01 2.257736074799115400e+01 4.837746430413017329e+00 9.678367934734110278e+00 9.030448110395010275e+00 2.974096487269754974e+01 1.631896582979012411e+00 1.224168993145459972e+01 2.711607909401324434e+01 2.223448847795803118e+01 8.517139550672663262e+00 2.590948566691161759e+01 7.373310826257210238e+01 3.032503219582421750e+01 5.557088331864953545e+01 7.420351958559817263e+01 5.290951355735683137e+01 8.323369664525436917e+01 1.012309899804358082e+02 1.106101531637795858e+02 9.808552913127880402e+01 1.155191033095112658e+02 1.128633702972562389e+02 1.000849432035715125e+02 9.333736185849015499e+01 1.034697805766305692e+02 7.258941796764111132e+01 1.016867756268616745e+02 8.649556548925805544e+01 9.358098668784944607e+01 1.020131428429780698e+02 8.729697401755117880e+01 9.481358162510963439e+01 8.923050063372248530e+01 1.161960442322139784e+02 1.014326517301093560e+02 1.020811599834758141e+02 1.012713267556887047e+02 1.126052525508422804e+02 1.036035468820564347e+02 1.125518168337628850e+02 1.052702655332287378e+02 9.882297521686083996e+01 1.063658415561973385e+02 1.179379158494567292e+02 8.236627343294203740e+01 1.061563912465188508e+02 9.882389347038414940e+01 1.062900579822855747e+02 1.050715134302615752e+02 8.732957754927643634e+01 9.867052300540036924e+01 1.020403806764044674e+02 9.325021628013934105e+01 8.758874630875922662e+01 1.084580324242307938e+02 1.041627079612752453e+02 1.145278762893362199e+02 1.186998007547133938e+02 8.775704669096840860e+01 9.689312714643050128e+01 8.136302614224798901e+01 9.247571368640876699e+01 8.525678616983483948e+01 1.112373092569052204e+02 1.022416662740323119e+02 1.031357354334638359e+02 1.113997405608720328e+02 1.083690392755379150e+02 8.574601615844105140e+01 7.553947336070810081e+01 9.771664567070358487e+01 8.372864082596647961e+01 1.035881689013648526e+02 1.002344193885528085e+02 8.633116491869907350e+01
1.369477634726392701e+01 1.856975871864875005e+00 2.298724616445889168e+01 1.270182898464459598e+01 2.100068625858060045e+01 2.023519195317960495e+01 2.258067282206996396e+01 1.736765214931275736e+01 2.396099594362852869e+01 1.945149714383238759e+01 2.655671887547613252e+01 2.933550339150251318e+01 1.694441471813483702e+01 8.527382087902179109e+00 3.673608468790772719e+01 2.850356293355931214e+01 3.129477982786063350e+01 2.468543435957163013e+01 2.339623683690617284e+01 1.964074034435031635e+01 8.738242276296055877e+00 1.084141332678392757e+02 1.366467173740105601e+01 1.258917421278326643e+01 2.746948500423771833e+01 6.955378245253113789e+01 1.575599828547657388e+01 8.935228539016347327e+01 1.199841497881428154e+02 1.788994064767006975e+01 1.072320422743611630e+02 9.524980736515944102e+01 -3.650916197741557845e+00 6.267293265031967486e+00 4.430321905729514675e+00 9.739419486118059410e+01 1.595613053455255681e+01 9.174287546338646848e+01 6.813448887270918419e+01 6.499687190003442083e+01 7.889805753363684460e+01 8.432689959134647495e+01 1.897125193405291554e+01 3.508746973684635950e+00 9.934516276264707813e+01 1.072749789240475309e+02 9.492649361859044177e+01 1.037587427907913735e+02 1.002291864497994851e+02 9.360458469706897233e+01 1.791102175717209732e+01 1.034098396418197581e+02 8.332703766906365672e+01 6.781963301552055157e+01 6.696322331384021709e+01 9.877389843819331361e+01 1.099125460051546668e+02 1.033670468149744011e+02 9.484364059887872145e+01 1.134501951467767000e+01 9.643761808239118238e+01 1.096370588848660503e+02 7.797185503253717798e+01 9.328565201550276242e+01 9.416417724481078722e+01 9.560593622897938459e+00 9.578491684004478657e+01 1.161999053223300677e+02 1.042617797721336217e+02 1.059592322580981687e+02 9.124867805511802032e+01 8.867231312450429925e+01 9.511882901018988434e+01 9.621299999463487040e+01 3.978082529518258070e+01 9.121599708032452725e+01 9.751125559045948421e+01 9.896365608195020513e+01 8.342133013628264848e+01 8.198402551144924644e+01 9.770626829956063375e+01 8.776697046699743510e+01 8.954879717579966325e+01 1.029526710834611976e+02 9.440272402155321174e+01 9.981250955283027793e+01 1.001534913822514170e+02 9.666888521071989260e+01 8.527012850416150513e+01 1.048435542272758738e+02 1.001030538182421026e+02 1.082790946834353178e+02 9.402008888471925729e+01 1.078777072607940113e+02 1.047760570616648295e+02 1.000632702077622866e+02 8.993972425258205305e+01 1.011075457296755786e+02 8.263732417175056355e+01 7.959992959266220680e+01
5.987610389939547417e+00 2.310318396924844109e+01 1.021727281141873966e+01 4.806868012178205163e+01 1.055133371978149484e+02 3.682348748787801185e+01 1.036179402294519463e+02 9.614775974129797476e+01 8.628830571208094113e+01 1.004215439679898481e+02 5.788424052625529015e+01 8.627765729019918695e+01 1.338832721171416473e+01 6.561970224463458123e+01 1.487626439113937948e+01 2.261622472203572798e+01 3.945019387012171919e+00 9.504920769185019935e+01 1.211820502308355145e+02 2.052496455373297835e+01 8.283829446545776420e+01 8.472797862462678964e+00 7.989620187929925343e+00 1.114310607503237449e+01 2.709657415838650607e+00 1.853273747475449440e+01 7.723374514922744538e+01 1.142351636180139351e+01 9.683640286477515957e+00 6.393472362430295419e+01 1.034013554771126664e+01 1.674479414647395004e+01 8.103152002538969612e+01 5.975218392693039959e+01 1.149798561621232977e+02 8.018881221513851187e+01 9.609983354535845024e+01 2.169057400279720937e+01 1.098130427257732862e+02 1.053618474930596278e+02 8.844345779458620882e+01 1.145031830138659785e+02 1.017472697264455519e+02 9.896587980433797327e+01 1.082247185862416927e+02 7.274153828023773372e+01 1.054250631633270530e+02 9.071185930108386231e+01 1.070320178924159364e+02 1.036743077198286613e+02 1.035534965333882838e+02 8.522999639987465059e+01 1.117396603139288374e+02 7.877882286679974300e+01 9.344309377321640397e+01 8.831808299876793455e+01 9.791725640730828673e+01 8.843242215736329115e+01 8.859415094206829622e+01 7.752785732742562175e+01 9.206403186734046074e+01 1.010060399938156621e+02 2.151772660615332811e+01 1.076070105474402538e+02 1.017565628946332765e+02 9.672124778813952162e+01 9.280569306849335476e+01 8.551966113329726227e+01 1.036128953667214603e+02 9.638683755622255944e+01 1.050991716689155169e+02 1.116604692450149088e+02 9.671311626597525901e+01 8.617320871774647628e+01 1.063715723432464415e+02 1.131956342498536401e+02 1.014412147207966086e+02 1.261996336405282371e+01 1.079003095734220068e+02 1.223143895846229299e+02 8.550418911459425431e+01 8.702788148203934782e+01 1.073676893400155166e+02 1.176554035365500113e+02 3.451954583616602790e+00 1.000801970498184943e+02 8.688458967922105103e+01 8.862003905344836596e+01 7.936596855188859934e+01 8.907396606623669300e+01 1.055186254530455727e+02 1.135121219431228496e+02 9.941566914462367777e+01 1.004398315953878296e+02 8.521664853390025485e+01 1.222708112637997857e+02 9.403920625927685251e+01 9.436924648948648553e+01 1.045209927847982669e+02 1.042409475867794839e+02
1.620457619490922596e+01 2.185087285656380018e+01 1.315613629821440966e+01 1.918263970334911761e+01 1.948539922986244477e+01 1.703967107497090794e+01 2.187247394095252062e+01 1.742140178740087464e+01 2.595214573421144166e+01 2.967059954773808528e+01 3.105494417719693345e+01 3.289645736501434214e+01 3.175635434363676879e+01 3.602636045492851480e+01 2.573173169873053112e+01 3.289970720805617788e+01 3.398498883459780018e+01 2.901559990575954373e+01 1.951114490131345747e+01 3.131519990545882948e+01 3.312546481524503150e+01 3.377056004196159478e+01 2.710799182503083316e+01 2.810005965566097075e+01 2.512485462618596443e+01 2.820610964013173927e+01 6.958803856401596377e+00 1.698980050485400639e+01 2.529026472245580237e+01 9.473008970008500285e+00 8.878864367628274579e+00 3.002810994057880123e+01 5.903557694126216226e+00 3.901626030660035660e+00 3.316837657251660687e+01 2.307978924808301358e+01 1.109394839601677418e+01 3.261437652063062842e+01 2.623187839413343880e+01 2.516183369126627056e+01 9.367540500005430815e+00 6.310568036685875626e+00 2.025673772109101733e+01 2.736783821136065242e+01 3.618795924591184132e+01 3.253539565433045766e+01 3.238650029236088557e+01 3.008122205626594692e+01 2.229946182929191423e+01 2.917261572659791469e+01 1.471111981396061985e+01 3.689733221926014295e+01 2.967404299845049920e+01 2.719371023826709788e+01 2.220873416330743755e+00 1.768442610535203130e+01 3.690893485037547350e+01 2.971646797072176582e+01 9.939873815383167610e+00 2.446152708854872770e+01 2.853630475647783626e+01 2.601468101180797987e+01 2.567066507360651428e+01 2.969482816479892762e+01 8.444196477870649531e+00 3.195698167518465738e+01 2.984879604773763262e+01 3.389219820973772102e+01 2.088276812390342840e+01 3.319662393165386760e+01 2.780399203998996072e+01 3.195609384572386702e+01 3.404866916327461013e+01 3.406390885277292568e+01 3.641598206284645300e+01 3.200161100907664036e+01 3.500952190575991807e+01 3.172120072230762133e+01 3.305721257971872262e+01 3.707394390218482272e+01 3.217472115898772955e+01 3.868004399169929997e+01 2.694888227552636195e+01 3.156973314414323184e+01 3.484030050420356872e+01 3.615750475932999564e+01 3.734168671565034714e+01 3.439930095216209338e+01 3.296814751960533130e+01 4.356807067988928139e+01 3.210349566280612521e+01 3.463749370344974920e+01 3.627569394474598141e+01 2.611953062872116860e+01 3.260864020193380242e+01 3.335695597530683898e+01 3.418835433177242322e+01 3.609672854571184786e+01 3.342424293830412552e+01 3.211842281420765488e+01
1.831997785682106183e+01 1.112660793567530426e+01 1.543295835547025163e+01 6.289010514023035014e+00 1.431975711991942291e+01 1.590388688755914615e+01 1.399428741364735096e+01 2.029985829806442865e+01 1.939393896628162395e+01 1.114502279097109039e+01 1.781367443749378765e+01 1.589787813521157922e+01 1.709534987520513738e+01 1.698705265884373716e+01 2.549036101582153435e+01 2.370579890721643324e+01 2.746245981161962035e+01 2.091822875168163520e+01 2.628325080660924939e+01 2.548235672155508880e+01 2.312580425973155940e+01 2.305018386942784403e+01 2.614897835541600912e+01 2.085288754577365467e+01 2.652453298315455399e+01 3.188541321684374452e+01 2.764154967272769170e+01 3.194967990018001913e+01 1.916128616019634734e+01 2.974708564091166707e+01 2.206009775159726161e+01 3.264975693951673463e+01 2.542288874262526832e+01 3.105551670273706932e+01 2.771923060181112319e+01 2.408256496580801809e+01 2.582859361632046458e+01 2.650418481697685635e+01 1.888320331421005704e+01 3.644856899962851315e+01 3.618104883498415969e+00 3.331024950769194959e+01 2.663918467984669647e+01 3.304894829800893064e+01 2.521608532638595790e+01 2.867641309602705491e+01 2.804040636653217078e+01 2.656922869681930521e+01 3.013440055172586085e+01 2.521204445771861913e+01 3.203876155523660429e+01 2.690766873410813886e+01 3.345812151483132624e+01 3.058504729740982953e+01 2.918742671339709460e+01 3.251390520289635333e+01 2.651004559774762370e+01 2.929091277914464442e+01 3.589117528185969519e+01 3.178975719845912096e+01 2.415250988553994560e+01 3.299482665661091829e+01 2.814335309662596885e+01 2.627850465285623471e+01 3.373296972980703856e+01 2.542129009643107196e+01 3.225551363991973375e+01 2.555270268574749792e+01 3.213008352762415143e+01 2.915281242772169890e+01 2.796717841387202341e+01 2.932997450959559060e+01 3.282802811676064891e+01 3.560487379025739330e+01 3.285263012004332239e+01 3.591696382358062323e+01 2.791434841221914809e+01 2.572150091625244173e+01 3.002272764733674748e+01 3.146918161751686327e+01 2.623977482126913685e+01 2.949393531415996250e+01 3.239204300338712983e+01 3.087218959946721242e+01 3.256849150270375759e+01 2.526375706652987319e+01 2.986588054175416929e+01 2.998855589347981621e+01 2.903623295179537678e+01 2.800860215790401497e+01 2.945887573084223732e+01 3.659870345068978281e+01 3.368161944392215190e+01 3.136235720236378555e+01 2.877948705401866292e+01 3.784444434878218289e+01 2.913337974924344564e+01 2.915042828754972959e+01 3.403152935278076541e+01 2.800987443688209666e+01
8.649888032916072333e+00 1.919729303818796851e+01 8.362644778287599223e+00 1.090814726329932682e+01 2.289927637059619769e+01 1.998654023894496135e+01 2.328597173686454269e+01 1.564021951555928425e+01 1.766877154227390889e+01 1.079533138219783872e+01 2.438164732949230640e+01 2.265315400228645615e+01 1.987463362243922305e+01 2.458339205388181625e+01 2.002641788743619955e+01 1.780159608467361565e+01 2.147525184905248707e+01 2.291201713823213026e+01 1.034435757784178911e+01 2.339036499283994175e+01 1.840073023330701218e+01 1.857829750837718308e+01 2.674604228488615831e+01 2.084237741508515995e+01 2.230021275047136697e+01 2.357425909000220088e+01 1.892101212644998043e+01 2.125204433146752692e+01 1.876570281893656045e+01 2.706033667983010815e+01 2.305550946328066075e+01 1.970042958918936904e+01 2.203365094379637412e+01 2.441186948686945968e+01 1.658957749406001980e+01 2.442414144736020631e+01 2.623680985808543298e+01 1.793423946561014048e+01 2.602532390204201107e+01 6.569279743774918856e+00 4.386720421131507841e+00 3.406783632266178330e+01 3.098694916329010596e+01 2.560540269367869826e+01 7.767856430402702017e+00 2.048521828187534410e+01 2.994837953601111380e+01 1.091789333514500626e+01 2.919754962874443294e+01 1.689337973617060129e+01 1.776330878490497867e+01 2.846964286967412860e+01 1.684977652293267880e+01 2.872873142026483251e+01 3.197997120315380570e+01 2.701959886011673362e+01 2.187995964324420584e+01 3.087001842773288018e+01 -7.764130001336060072e-02 2.245173011346533443e+01 3.113399972074146405e+01 1.458260304223126269e+01 5.181650698475916528e+00 1.463004383608241810e+01 3.143776462422986384e+01 2.641267200274259253e+01 2.878503253086877578e+01 2.520529861331092647e+01 1.085436374386885738e+01 6.015738818650596009e+00 2.912185456119635418e+01 2.940297013305104556e+01 2.538401508819717023e+01 3.967053253690230008e+01 3.147055070033023227e+01 2.879643049101806085e+01 1.939975825969441203e+01 1.090034418271908656e+01 3.003123808737056066e+01 3.096267905887128080e+01 6.872324841602348577e+00 3.114675293458479288e+01 2.888716057709841678e+01 2.932609405871244590e+01 3.322317860658550615e+01 3.266492471759455185e+01 2.323537928671877140e+01 1.950011064700246877e+01 1.498813090319907104e+01 1.024591499191278388e+01 6.786537282769449675e+00 7.971089859487757501e+00 3.612644732314549856e+01 3.038875124603514521e+01 3.173835712774465634e+01 1.226764995425517846e+01 1.309253341260582992e+01 6.915916991544809989e+00 1.318488288855937363e+01 1.640284704452379927e+01
3.313632274828459678e+00 1.559103486976099795e+01 1.081434642127241652e+01 2.547048027387709013e+01 2.594455078187707286e+01 2.263812451540190906e+01 2.226278977066066744e+01 1.766244886891761823e+01 3.209345848799861756e+01 1.775068556478332482e+01 1.559823569219454953e+01 2.676601429901816331e+01 3.228160089061812243e+01 2.404560526149477084e+01 1.558967270150729156e+01 3.337726818577429100e+01 2.189994686940746860e+01 3.009147496533496025e+01 3.119991483510151298e+01 2.787238809835726983e+01 2.351786670721070038e+01 7.661380509056662014e+00 3.195204191376106451e+01 1.452960570823453246e+01 2.915979060133408396e+01 1.072519700353113237e+01 2.067320856418225361e+01 2.439323059984057451e+01 2.142689418458995121e+01 2.349612733162870981e+01 4.684523850574038861e-01 1.348909862133783122e+01 1.540843517816774266e+01 1.083247363088620396e+01 7.477726347114725947e+00 8.132194950911109999e+00 2.724020373744435730e+01 2.671069782171030127e+01 2.962859221487049410e+01 2.853425251516971528e+01 3.117590195230216921e+01 3.156378662283263736e+01 3.928000927040424983e+01 1.819905327160220665e+01 4.033594118413425522e-01 3.417810142270341345e+01 3.604359153760991319e+01 9.685388978616410682e+00 6.011269247284119821e+00 3.115327198143552323e+01 4.368337234518978818e+01 2.905606944055797669e+01 2.879069417232123484e+01 3.453129159866638531e+01 3.079628709512923024e+01 3.389426151434130219e+01 3.482165885135081851e+01 3.322854153906050101e+01 1.797897528372094200e+01 2.936305099720182810e+01 3.242141881866147202e+01 3.107509320405631925e+01 2.973435731948312721e+01 3.024248618256156007e+01 3.192032897732046592e+01 3.338822637992897313e+01 3.205584604925313386e+01 2.817830481281294297e+01 2.787489393477931543e+01 3.399916368190793747e+01 3.081932087628022288e+01 3.186772024157682281e+01 3.088970003035901968e+01 3.019913465929538887e+01 3.734573035014155096e+01 3.249233177674629047e+01 3.107332584260633368e+01 3.304708689854751924e+01 3.469516942851479513e+01 3.923224902389663526e+01 3.614968577526253313e+01 3.339497499016053439e+01 3.423882508566811822e+01 3.226007724929763043e+01 2.864414976063724438e+01 3.236773694325805906e+01 3.911566125049871800e+01 3.123332875321932889e+01 2.745379171962547815e+01 3.533955107267409090e+01 3.583615474770542875e+01 2.879517757280703805e+01 2.925005879482892013e+01 2.979031823375162702e+01 4.276402908727629892e+01 3.493936125176649199e+01 3.610377586492086976e+01 3.187596792834342452e+01 4.324108668505090947e+01 3.626156058479381983e+01
1.502770569397704925e+01 5.456034946498210303e+00 2.283628334914993374e+01 7.265307616972700444e+00 2.278367184758242558e+01 1.129477970707473666e+01 2.002443617463664438e+01 2.262680676414472103e+01 1.674454660523799987e+01 2.608829894563314866e+01 2.158241507762907574e+01 2.322928064509558155e+01 2.812588415309214795e+01 1.969180713328900367e+01 2.135894065804111008e+01 2.263235500681869894e+01 1.952723784747424673e+01 1.982771418638669303e+01 2.582973590157687127e+01 2.993154673196633198e+01 3.327997203383748825e+01 3.335580539257883714e+01 3.189413662531519478e+01 2.767862830746715019e+01 2.162682729434762763e+01 2.352825790747298385e+01 3.013783017331894953e+01 2.818550148651069520e+01 2.977443687311653875e+01 4.189354963959271316e+01 2.526802473275417782e+01 2.170333413120020083e+01 4.792971890768099819e+00 7.443250352632600375e+00 1.047309008383264839e+01 1.063463701561849817e+01 1.375877197986139500e+01 1.510446836953716954e+00 7.005744036133116026e+00 2.968956480198308512e+01 3.518583211388327214e+01 2.867045274559713519e+01 1.099357941376552361e+01 3.449239028599963319e+01 1.225821849487418902e+01 2.105048664591691931e+00 1.484499813525304290e+01 1.018451715938088853e+01 1.361855439026949099e+01 1.168106469422705462e+00 1.382943739671025618e+01 3.266916749140406750e+01 6.941527137626417598e+00 3.171113588926145610e+01 3.537457470028156337e+01 3.558219126873730431e+01 3.486595075473122307e+01 3.057666131944995769e+01 3.471290389113969610e+01 3.383679046024229820e+01 2.967052763631758339e+01 1.014670143258130075e+01 4.297692699640300873e+00 2.928201235794580981e+01 4.004883362773917810e+01 2.611852110301029839e+01 3.423333492529530986e+01 3.447235189209485640e+01 2.435516733180503479e+01 2.853348914778286627e+01 3.382072932105596408e+01 3.688909282996514349e+01 3.077714482815684249e+01 2.951145127669949630e+01 3.358778610346482196e+01 4.260211775819618651e+01 3.153826913185051950e+01 3.606679679984056719e+01 3.193092208272492272e+01 3.973263081432810395e+01 3.143013095036137727e+01 2.798915841613030153e+01 3.076841865386152719e+01 3.345669434971678413e+01 3.821315632827774067e+01 3.205360296609830328e+01 2.861871524437108860e+01 2.967327686523978514e+01 3.212084291008987691e+01 3.381370966008559265e+01 2.798572049706561771e+01 2.537698159810747356e+01 3.844426027299839888e+01 2.889384004173334120e+01 2.939237426182272728e+01 3.123563821614693126e+01 3.013568112817553768e+01 3.145922741742531414e+01 3.080621363698212534e+01 2.568388018003536288e+01
1.261752805613934569e+01 1.129087782105663251e+01 1.742905897077221766e+01 8.307851733146263129e+00 1.679501874204562739e+01 1.978271284918481498e+01 2.234937526967873112e+01 2.102920328554473528e+01 1.956990344642180091e+01 1.786504270123380067e+01 2.593512485414381175e+01 2.460563204358344080e+01 2.582575588103457065e+01 2.596830091140920160e+01 2.754222617189755695e+01 2.479209282529278369e+01 2.539437586439693106e+01 1.563158599636346047e+01 8.253125067777695278e+00 2.366121106068243307e+01 2.835170260840603618e+01 2.393644649099929822e+01 3.225047430883698496e+01 2.651839008834951272e+01 2.678279731823336718e+01 3.018009472780602209e+01 2.749031165794412956e+01 1.957117019375215250e+01 3.201997607954285030e+01 3.732706933652173831e+01 3.254692913984914782e+00 3.152309029047724209e+01 3.850181015307756915e+00 3.173812618145189557e+00 1.896843494244601303e+00 3.024665981077443888e+01 8.055720612488956434e+00 2.944826603049459024e+01 3.259725330507998109e+01 1.173760504859535425e+00 1.527785371892286825e+01 1.341309101569296303e+01 1.655194846037134582e+01 8.815234930110585765e+01 6.450730448091664471e+01 5.447145726886029848e+01 6.485782287102564680e+01 3.066699865854142715e+01 2.330959256413096536e+00 1.830705869354580884e+01 7.134162621115252456e+00 1.048113171672127919e+01 3.422180973724822195e+01 1.600897298241282485e+01 4.527571730116569881e+00 7.215988137260976210e+00 1.436040505035717274e+01 2.140356031154956185e+01 8.069832537306158571e+00 1.045066340102010827e+01 3.076832461585010492e+01 1.734845041712726754e+01 2.627265216955706251e+01 3.601686814742248544e+01 1.847972631163843715e+01 3.465171833558947156e+01 2.296022268238206721e+01 1.040449142886720146e+01 2.049095045183637254e+01 3.180559983756009501e+01 8.067544509513512097e+00 3.232108302629660557e+01 4.923113929746359929e+01 3.096433302154278522e+01 2.470223120790616278e+01 9.857489187943053821e+01 3.790958226663605757e+01 3.436179638054736074e+01 8.704377390596989983e+01 7.228249449329842946e+01 3.138153542504641891e+01 1.960330768415608560e+01 4.447716932620535601e+01 2.618820880112274452e+01 7.502396804538065567e+01 1.125325915920745423e+01 1.026292688305285168e+02 1.123785282882124825e+01 7.568248304949212013e+01 9.793731416198011175e+01 8.819633696386107147e+01 9.761282770609219028e+01 3.144517150054138455e+01 1.134829369696952170e+02 8.342364236503411234e+01 1.581198962380759276e+01 1.038476474331205708e+02 5.482762900295016806e+01 2.931264109143117125e+01 1.058380117297257215e+02
4.036719378376525214e+01 5.674016785617491010e+00 1.908228040148139470e+01 4.688890481433523938e+00 3.866034026248223654e+01 3.895128004070681271e+01 4.468553266710474503e+01 1.339531506571008102e+01 2.374295775084799232e+01 6.656309710688152848e+01 1.048460102788683486e+02 6.711207995427568562e+01 1.004714394305215421e+02 8.354919832231557209e+00 1.153548935807990183e+01 5.243654246434333643e+00 9.000272418858797607e+01 1.689642767407026724e+01 1.755415718420394811e+01 8.128495799782339759e+01 6.797552176313377714e+00 2.448883406757175507e+01 1.241707358858304389e+01 1.112254632332897408e+01 2.080697659824804369e+00 1.716773840032213982e+01 9.966767995194283003e+01 8.087405614108513419e+01 1.740188060255892921e+01 1.164788690832174822e+01 6.329023687883677241e+01 1.085655787194127413e+02 1.015063443411788882e+02 5.701392564509169425e+00 9.997281670406846388e+01 1.029656372657421599e+02 1.139008972089379768e+02 2.628323421166605911e+01 1.159746179051983361e+01 8.929353099379092384e+00 1.538154445563645822e+01 9.303105239704559892e+01 9.163635805468244655e+01 1.026799276604470492e+02 9.003127855417430681e+01 9.302048694987979616e+01 9.246708984759646910e+01 8.894234604013036005e+01 8.857689773279597034e+01 9.952609189662562983e+01 9.263168402582601857e+01 1.048165487230541828e+02 1.065863219714510279e+02 8.556297946667706356e+01 1.181546900607307862e+02 1.045795286810854492e+02 1.076699385720256714e+02 9.666797802049204336e+01 9.605398724896568297e+01 1.123757998029692686e+02 9.959000455450713218e+01 1.046996539432072097e+02 9.362498541390012008e+01 9.982628335567993361e+01 1.069677290824887450e+02 1.139388885655530146e+02 1.041287215176172936e+02 1.028553251466948240e+02 1.029011271899057363e+02 1.123518367049994993e+02 9.563375903415331436e+01 8.769800188308998656e+01 1.152068749849947693e+02 9.432267001559327468e+01 9.069982796726939966e+01 1.172448778318574369e+02 9.859688571080815223e+01 1.097401466719769871e+02 1.134461072591036412e+02 1.181830010338169501e+02 1.089664240405764417e+02 8.092470943935593652e+01 8.700964363947093716e+01 9.559909772947220574e+01 8.354142220851801426e+01 9.629939326889429196e+01 9.001506529467536666e+01 9.454911354710074534e+01 9.129778249202421136e+01 1.064686859508081227e+02 1.043477747677564196e+02 1.071674547554565038e+02 1.006904816173652222e+02 1.095636539194785115e+02 9.158603665527547832e+01 1.074205165758445162e+02 1.142517253713199068e+02 1.044717279301078889e+02 1.164628024123834109e+02 1.026197654597270201e+02
6.044826988242935073e+00 1.260383999382951359e+01 8.967459237684547446e+00 1.244517989070316943e+01 1.275978544083197619e+01 1.036386493356440752e+01 1.720075818853913674e+01 1.504927082265551874e+01 2.216090235110731399e+01 1.837882905702889502e+01 1.948439246997543961e+01 2.217448807793412513e+01 2.790932014443186304e+01 2.160012603075112025e+01 2.090124521023618698e+01 1.434111204598412392e+01 2.282461018952604448e+01 2.145007455440581268e+01 2.296450970937342717e+01 1.416219781469150441e+01 5.717491388045672807e+00 1.438313320797104211e+01 1.549052344758067967e+01 9.356094829394466572e+00 3.953571919427937842e-01 8.484772496887899251e+00 1.736817903875911639e+01 2.155967723963167870e+01 1.537834578033613120e+01 4.582723986632425195e+00 1.111915196599017008e+01 1.471042974090620525e+01 2.039577430389239510e+01 1.332575044675964548e+01 1.444698363481557557e+01 1.345956238827929852e+01 1.881455418295906767e+01 1.730186841158631594e+01 2.004777696223669992e+01 2.495184404593402760e+01 1.655584688910962043e+01 1.701668016408983064e+01 2.331415824787676527e+01 1.145498590574183595e+01 2.083256150618687741e+01 8.744217838757238681e+00 1.635930606232284745e+01 3.113061435233022323e+01 2.496256437923629079e+01 2.590191284116816917e+01 2.777282120502697893e+01 2.707552105285111921e+01 2.598024927050770216e+01 2.421055899682681911e+01 3.399618212378103976e+01 2.624690788101798589e+01 2.823462528418394157e+01 5.421916987915459885e+01 4.927511036527561572e+01 4.806808823547485332e+01 2.208307483335901367e+01 4.564092290745590930e+01 2.056533590178418791e+01 9.406062894802625252e+00 1.513828748085126463e+01 4.296081745529902207e+01 1.702621949060156936e+01 4.004893319739832691e+01 1.005751882495363070e+01 3.358175660743826541e+01 3.411312945428146293e+01 8.402479971382504687e+01 9.886039128211187688e+01 8.956892131024426362e+01 1.184248225460160029e+02 8.417464098755658597e+01 8.255311589834481367e+01 8.398186859578640906e+01 1.073749468618382963e+02 1.033324297634751474e+02 1.223809684967106648e+02 1.036155173677458663e+02 8.517730745523890334e+01 8.709218688690972954e+01 9.996550386576836900e+01 7.685230484830333353e+01 8.232439332797225973e+01 1.148518206437465210e+02 9.353504082179753709e+01 1.022154794536747744e+02 1.016780466867425048e+02 5.938311792198006600e+01 1.027598820967478304e+02 1.153911120443163441e+02 9.778645506506610730e+01 1.081006437276401613e+02 9.291643665606369495e+01 8.678733778046610325e+01 1.091504508972842444e+02 1.122482289430018767e+02
2.173986928155011000e+01 9.628760809340384696e+00 1.799272142833194721e+01 2.710524328756459767e+00 1.408504930670216027e+01 1.578382662229822841e+01 2.440994170763528004e+01 2.425381371625770299e+01 1.641621980291297689e+01 1.885459778088223004e+01 2.340933024708494159e+01 6.273701125763310671e+01 7.168626860845949800e+00 6.909156903144209139e+01 2.190285928193772946e+01 6.967284010664084803e+01 7.630382538085268607e+01 6.646950715892434403e+01 1.133908958831026759e+01 4.707748629149337916e+01 1.572684235319953316e+01 7.111393391016983401e+01 7.740291400013035172e+01 1.156570598380932147e+01 1.007771514740111769e+02 2.811349049635131792e+01 2.266563270811114528e+00 5.212541839500509866e+00 5.194791819116366227e+00 1.207843441197590373e+01 1.054648191155682113e+01 4.840800937144360994e+00 7.498639709399316189e+01 1.190373667916607658e+01 6.566531206308684254e+00 3.943429038289570698e+00 6.444473324760985555e+00 7.866936538732681505e+00 4.510946362861691483e+00 2.707760648404562431e+01 8.486950583181895880e+00 1.140807269279300318e+00 8.688444585638005435e+01 7.961475994022843850e+01 9.360565783672875284e+01 6.174144189398938209e+01 9.476327682064585645e+01 6.987870037694206360e+01 2.385548322044361402e+00 9.949947360774508809e+01 9.689475345086336233e+01 9.445299563613059490e+01 1.021448181855617037e+02 8.547938520616941105e+01 8.739852400659295029e+01 7.072127542764769714e+01 9.198949844581584045e+01 9.392196851727057094e+01 9.539432719377396097e+01 9.265117202078157277e+01 9.370760610440714800e+01 7.797241926060571870e+01 8.286032148672175879e+01 8.574676846253242957e+01 9.433611191957908204e+01 9.805945294387586841e+01 9.861182115968126993e+01 9.475962593314353910e+01 1.031050458518534327e+02 1.040003319737857339e+02 9.843282810240849301e+01 9.339924993330218683e+01 1.055177957058859590e+02 6.515482810098703226e+01 7.185490365535638091e+01 1.010554818612334174e+02 9.577012521401266554e+01 8.630387730044310501e+01 7.709051972618192394e+01 1.146124551831399430e+02 1.247559261334464509e+02 1.124580996579079084e+02 9.013376892333030810e+01 8.682321051600025896e+01 1.038109394187790713e+02 9.357884040852989926e+01 1.022394204250536092e+02 1.081342097660705690e+02 8.170311737638445493e+01 9.415834688810252828e+01 7.205152607394718700e+01 1.015814641173629695e+02 9.171709245331327054e+01 9.680106946489476627e+01 9.041152955083627774e+01 1.016636865292333738e+02 9.464044105113602257e+01 9.704103234345626561e+01 8.982199419392773621e+01 1.223992893139950411e+02
1.727296140345715969e+01 9.496019933112606282e+00 5.949069325831260358e+00 1.843140875162195158e+01 8.144452390826565136e+00 2.023720962168940929e+01 1.297941536524704809e+01 1.968794604317291430e+01 1.738824370799061114e+01 2.356133439507921778e+01 1.827522682667899900e+01 2.306228711466280501e+01 2.525045068791346736e+01 2.639922180128518647e+01 2.221124311128133400e+01 6.437873377562191024e+00 3.628560389165568445e+00 1.788503822486866213e+01 1.684935888352900335e+01 2.132823863022331068e+01 6.530433056129504976e+00 1.980778504252460337e+01 2.341713540203308241e+01 1.035740189464694971e+01 8.485625062094406701e+00 6.187779977637712925e+00 6.123606640856894323e+00 2.605031035484197588e+01 9.500049047028516824e+00 8.386730817128182025e+01 5.377661040245304491e+01 2.141917753600550611e+01 8.396907942623283816e+01 8.919276926455079035e+01 6.156512615421829793e+01 1.549891080845248403e+01 5.099674168347142711e+01 7.887366849879180108e+01 7.060032595001405298e+01 6.425012711461693016e+01 8.681195914451583917e+01 1.125708788918431793e+02 9.967651952501663004e+01 1.086315823401364895e+02 8.192215403158040488e+01 9.155219403445853743e+01 9.507062623186381245e+01 8.720287515800276879e+01 8.612231202697550714e+01 7.072040142730622847e+01 8.576943162328545611e+01 7.729883051642786995e+01 9.903072177903825946e+01 7.284176067382412612e+01 9.262353590871856568e+01 9.391640367965339919e+01 9.689646826165990490e+01 7.584966603885966663e+01 1.164121767723512590e+02 1.059583361311657796e+02 8.911024814370291836e+01 8.723605398109202724e+01 1.015199411313011666e+02 9.184742360549832085e+01 7.786531549724223566e+01 1.051930216043160300e+02 7.982064786876830453e+01 1.013019942107081874e+02 6.916241284393026945e+01 8.809343725277297210e+01 9.519632739489819073e+01 7.733901240554430956e+01 9.024824637311893127e+01 1.023177264303306231e+02 7.594936845755935906e+01 8.803243424159786912e+01 8.433366479652121939e+01 9.779099101620535350e+01 1.049259647151691297e+02 6.607549342270817760e+01 9.256594592419335754e+01 8.749462532261989622e+01 9.234770029462291063e+01 8.819708373630471954e+01 9.732650961954668389e+01 9.028239876620881432e+01 8.922422774519577615e+01 8.620724494623399892e+01 1.040247265402785075e+02 9.093094574110938311e+01 7.096423092763156149e+01 9.789883602036476873e+01 7.685204486085999065e+01 8.030930809765823142e+01 9.057638371650917009e+01 9.117164986046681463e+01 9.364233266118385757e+01 9.479066954020871094e+01 7.112151779920873196e+01 7.646654433050149180e+01
3.787433460729548784e+00 1.650591408795574466e+01 1.076151088797181288e+01 5.151496303783468278e+01 8.805020742575688075e+01 6.325402118114331529e+01 8.499789399273858237e+01 5.927366320833100133e+01 3.423244986165838810e+01 4.436328929437166124e+01 2.956267986633431022e+01 8.709157840565934805e+01 9.211392179822442472e+01 2.893112887908657171e+01 1.047277989668614424e+02 2.890206560190902252e+01 8.302298650280519610e+00 2.235176355858649799e+01 6.728492735091955979e+01 6.646327852357948984e+01 4.178623982235125212e+00 1.047418272255067251e+02 8.824209613680206843e+00 2.164938258796990755e+00 1.109333369166269101e+01 4.062563444011549230e+00 2.739298750204068877e+00 7.972860678217574559e+01 2.398652726372997179e+01 3.043005329381706048e+01 1.608941420371392184e+01 3.644687908124675602e+01 2.701658964375118543e+01 2.015182587314085438e+01 2.214363254689179783e+01 2.212587180894017536e+01 9.943394709163811740e+00 1.513985293715907865e+01 7.105208455689191283e+01 5.568875166849713310e+01 1.164382308331632601e+02 9.418375927777776724e+01 1.110225928185870146e+02 9.240538431715954459e+01 1.002587586385682812e+02 8.097378621802347709e+01 9.705503847551062790e+01 1.767773142868584912e+01 1.084582426268445658e+02 8.525946348733654645e+01 9.035944908745092619e+01 9.217297213775056264e+01 1.006799161701994194e+02 1.037418602019170208e+02 1.006231835910724755e+02 9.042526463215182275e+01 4.421876116828554082e+00 8.574671314605512862e+01 1.036625031835711610e+02 8.133713249922017496e+01 8.322864071922843721e+01 1.029286969221959680e+02 8.028390123963073677e+01 1.001123359231343670e+02 1.046236380400907393e+02 1.037712000614811103e+02 9.095439439584018260e+01 1.012016943740535737e+02 9.554901419091767423e+01 1.150616692320616323e+02 8.824223304508339538e+01 7.375801727230383165e+01 1.017011357843708055e+02 9.753916828490903868e+01 6.550359866327709613e-01 9.778642187517972673e+01 1.063230929825338222e+02 9.725723126336632163e+01 9.144912837393852101e+01 9.491085011880777245e+01 1.054699580163101160e+02 7.529169979555071279e+01 9.541372115071810356e+01 1.028044893040489001e+02 9.907264060554214780e+01 8.011422900878432074e+01 1.055466598437452035e+02 9.651749507562372798e+01 8.911266547376128244e+01 9.150609328227015737e+01 9.640667404498516646e+01 9.159962791375002666e+01 1.076310289618873242e+02 1.095065673148967988e+02 9.331541228029439594e+01 1.026610758049805270e+02 8.810960072744234139e+01 1.000316181194467333e+02 1.186756385174253126e+02 1.016424450019471522e+02
1.261472765947563524e+01 3.529419432710550808e+00 1.812050940547277378e+01 7.901594386133956149e+00 1.710650444285426985e+01 1.402219457644916822e+01 1.889559973677474858e+01 1.267352769194195972e+01 1.555350125699568054e+01 2.052073146030699391e+01 2.496914427421206284e+01 2.518959979705095265e+01 1.941478498075509052e+01 1.746160580310823107e+01 2.265672606380861254e+01 2.670310840102366257e+01 1.694768668776759668e+01 2.391117239251733650e+01 2.387609344843255599e+01 1.642963128283626872e+01 2.677238122555629829e+01 1.982006253466308365e+01 2.429267630739034090e+01 2.028948645856920407e+01 2.412037101222407998e+01 2.938692558880790173e+01 2.465950752665743551e+01 3.005493290042538490e+01 1.489155939711500487e+01 2.285308987786799761e+01 1.257152410778626006e+01 1.735605504984516401e+01 4.119902084292997557e+01 8.480672163007454856e+00 4.610188617615779094e+01 1.214098351869176895e+01 5.456886958539944743e+01 1.617811140925321212e+01 7.274630102893394223e+01 6.647337931233589359e+01 5.960901382036218621e+01 1.906884817787911146e+01 8.288820099128491847e+01 8.461144755061812361e+01 6.160855512055270111e+01 9.324181923888401968e+01 7.186913105331996121e+01 3.428127702472206995e+00 9.573462309887646882e+01 9.206646579234200090e+01 6.471252722881688513e+00 4.632770878020747496e+00 3.167267641695719949e+00 8.022860688891378800e+01 6.297394279323814459e+01 2.006872531219318745e+01 9.654908078416652017e+01 9.305884754398086045e+00 9.320618436420228647e+01 1.296506073938565784e+01 6.623633714377623960e+01 9.080421015994933498e+01 1.526900446546554413e+01 1.081646919108910687e+01 1.328313739846553254e+01 8.107323279801562421e+00 1.066179291151287734e+00 7.434623056540472419e+01 3.788296743503534625e+00 1.092980712144518662e+01 7.225219765867691990e+00 1.096740573107134153e+01 1.419744962276787348e+01 1.048687785409282611e+02 9.642767217977122129e+01 5.419056019709097427e+01 1.232194584255671188e+01 1.872852738036181242e+00 7.612156311977101097e+01 5.250711246026884993e+00 2.375685048412386280e+01 1.952109633558114155e+01 7.749701839132647763e+01 8.441602135084909975e+00 8.775898829932191347e+01 1.530915454760752326e+01 2.915150695885723309e+01 1.905247726641984940e+01 1.061100139119439376e+02 1.978468211577697389e+01 1.129810948242628257e+02 8.811086194312495934e+01 8.107030240763023698e+01 1.039642435039900903e+02 1.161323970934235490e+02 1.015982250099872459e+02 8.481447008563344525e+01 1.032766596910533536e+02 9.268086037415270084e+01 1.020492091861827930e+02
7.581601011115363775e+00 1.491526389055335677e+01 2.040306639851350567e+01 1.170665098507782353e+01 1.654347121022391676e+01 2.071497112163775611e+01 1.381033800000778378e+01 1.965292656430123941e+01 2.370014279741170427e+01 1.922764518928679323e+01 2.373397712075706067e+01 1.595017156703456784e+01 2.409314700791701469e+01 2.116553904134156028e+01 2.411716265654022351e+01 2.464368148249965529e+01 2.154064698852584314e+01 2.347211998047709969e+01 2.270053394801257340e+01 2.236099172991338335e+01 2.346622324399607962e+01 2.550027926020283431e+01 1.577105128186397742e+01 2.813991241173741997e+01 2.592325670393740822e+01 2.196852408923795963e+01 2.393773259909670870e+01 3.376526625508323320e+01 3.328661554276216350e+01 2.996344221278204500e+01 2.921366331858421361e+01 3.315749582143014607e+01 3.323779321989024282e+01 2.743929880257081777e+01 3.098729212544941447e+01 3.301351809429323936e+01 1.387237819513241810e+01 3.007050725461141383e+01 2.494433483413948593e+01 3.269623107792693872e+01 2.316893175126463333e+01 3.061956477924993436e+01 2.647879178806867984e+01 2.270263182541447478e+01 3.656189586668912739e+01 3.566827200489993288e+01 3.020263066066124580e+01 2.584564215462674852e+01 1.305454205599078854e+01 2.144872759818336760e+01 1.814815243209544349e+01 2.320872504212797693e+01 1.718684471158427840e+01 1.226797355564742986e+01 2.174981241834619894e+01 1.635802272004930558e+01 2.208457667571792271e+01 2.653739129830476529e+01 2.653850592532251795e+01 3.143073666578789727e+01 2.833985381896669153e+01 2.780628490797437280e+01 1.626944306202429402e+01 2.628427416143944484e+01 3.208625351682926663e+01 1.536336607828116207e+01 2.348764731565741570e+01 3.211131741269745987e+01 1.030479039307944156e+01 1.852844768193927294e+01 1.164612023832772847e+00 3.650953328926950547e+01 3.007829028296863072e+01 3.085370559857479122e+01 3.146914013015888401e+01 1.266996116206753520e+01 3.654721971380338719e+00 2.989031659560491505e+01 9.855131046515419158e+00 1.564571382466788840e+01 3.302069540722393981e+01 2.435179994124891667e-01 2.967566377123561949e+01 3.231271640910379261e+01 1.193522834969744295e+01 7.203548844426370223e+00 2.905464780709116468e+01 1.674481350724100892e+01 2.916895100997626855e+01 2.850152175554665135e+01 3.021497176674862928e+01 2.890991501003900765e+01 3.781814689547002395e+00 2.065845151094844923e+01 2.405722448755328813e+01 3.227608860365439369e+01 2.556058251794000213e+01 1.842922513368022308e+01 2.548199993027645149e+01 2.808556397278244532e+01
