4.945536804334120240e-01 3.207225246758232395e-01 3.321559676529374783e-01 3.052223148091401383e-01 2.342852180388327876e-01 2.386495017540745944e-01 2.199757971213773255e-01 2.244604334376781307e-01 1.908084678366994413e-01 2.033049322438238715e-01 1.676942916557110363e-01 2.041696091233854704e-01 2.050880667110503430e-01 1.359738400703637828e-01 1.457636067733539265e-01 1.530943899663096963e-01 1.437053535848189512e-01 8.588203570978408807e-02 8.294871393156756645e-02 7.936994247087660048e-02 2.705181705173562157e-01 2.825927603594733384e-01 8.383383144926435937e-02 2.643606132010556387e-01 2.504078841252337373e-01 8.028243745403688958e-02 7.299585962170844489e-02 7.732036708193827657e-02 8.372527776907069674e-02 5.646506002240585520e-01 7.655713566418970162e-02 7.477965710168996138e-02 7.700510677205889276e-02 8.326632861327100399e-02 7.538453671796273292e-02 1.029729078919326551e-01 7.158505417449474717e-02 2.842811065541823723e-01 1.982870171785044988e-01 8.717451367653072936e-02 9.603658571619386186e-02 7.891157063230579138e-02 7.745822863207953157e-02 3.605914030206971987e-01 8.018610666204852022e-02 2.813325490134723217e-01 2.921394404267763645e-01 7.567647431385336743e-02 7.083849279173021207e-02 7.870266298068495647e-02 8.008347950403260640e-02 7.695627836330964922e-02 8.653026373142255756e-02 8.512786997664534283e-02 6.146492309962452438e-01 8.242605240721147253e-02 1.760254122564345325e-01 1.768363986337098959e-01 4.438423154598406528e-01 9.833827734310233992e-02 2.030166524938131212e-01 3.700756065391368477e-01 8.014750759294857196e-02 1.106050416577843837e-01 8.722298126201191715e-02 1.909698280021726313e-01 7.281168640511261059e-02 7.651914097406374571e-02 9.284620442123486805e-02 9.408291715190394977e-02 1.155210331704605436e-01 7.913547049071421868e-02 8.409924402466226190e-02 8.353649503522550535e-02 8.799284280731095587e-02 7.430944123934532519e-02 7.545111763150016970e-02 6.914245655112082056e-02 2.527410936646066197e-01 1.203294362051850752e-01 4.701927335731575508e-01 3.061351615949867710e-01 5.157996039382403142e-01 3.646080876406603832e-01 1.116481546639797734e-01 2.288972426297985474e-01 2.943371969113222630e-01 9.932070889619296072e-02 1.243258696192287988e-01 8.632481096259331244e-02 2.562772158150137258e-01 5.623813105266212142e-01 7.908039081884597754e-02 1.527758191029459367e-01 8.153256378969585272e-02 8.241292746083604681e-02 2.867631917739538183e-01 3.441743412298920446e-01 5.039653223926462422e-01 2.836940110147337379e-01
1.320018704738940285e-01 2.480327469221131065e-01 1.743760169335118182e-01 1.685048991685549336e-01 1.240024998063999212e-01 1.254665492371056512e-01 2.225862632599219515e-01 2.219484720513119069e-01 1.237065164796162520e-01 1.402946084994784182e-01 1.217140774551740828e-01 1.224261711952578935e-01 1.262814956497478880e-01 1.253575355072452102e-01 1.207014089122206424e-01 1.178714359385561461e-01 1.037869702875681699e-01 1.137730970130326202e-01 9.950752514322726283e-02 1.037506804873837563e-01 9.158221345150098502e-02 9.175650011055215549e-02 7.755400014800242769e-02 7.659612261830280044e-02 7.292901260101081196e-02 7.260469562710331060e-02 7.317457538637496539e-02 7.330586093245596013e-02 1.264021008270945212e-01 1.247985571209595940e-01 1.391862857081642146e-01 1.636401174981971518e-01 6.030133661657535171e-01 7.763473435422924007e-02 7.399198892811251205e-02 1.818039427708090794e-01 2.779418747224172703e-01 3.675070139408497805e-01 9.332192283841730940e-02 4.071103624427636625e-01 2.869533997597078501e-01 3.111490895631941478e-01 3.506375880188868921e-01 9.795529050580945030e-02 5.946158540837082063e-01 2.746539448569402242e-01 7.661444341973817906e-02 3.665764146502148990e-01 4.551527898672024786e-01 4.416450100043798344e-01 9.213190063863424539e-02 3.877306168803041908e-01 7.757260058747054987e-02 8.620282563624638572e-02 8.717774304477980685e-02 7.611391840287710930e-02 7.946324234741333759e-02 7.350923445720303206e-02 7.470691062055967446e-02 7.880844734229631998e-02 7.312293706642576663e-02 2.088845950140111318e-01 2.096187621175180649e-01 7.401617310765375157e-02 1.022911142857835937e-01 8.962006554041183903e-02 7.905626076279494152e-02 2.058069349079918176e-01 7.892638242745936283e-02 7.884309539661107924e-02 7.736421612958839511e-02 2.490450366006350946e-01 8.212129205443241542e-02 7.342493261091335988e-02 1.756556586124974895e-01 2.181561292982605316e-01 1.122937306345980490e-01 7.483192235206739817e-02 8.811490931889320866e-02 6.863264484539824406e-02 1.254701304080410862e-01 3.878766420568851570e-01 2.842370861154799311e-01 1.067623730794213383e-01 6.908545098505933235e-02 8.059327767888263550e-02 8.840640039598961220e-02 3.049689086279866457e-01 5.168237286199544034e-01 1.571970226887230426e-01 1.671101909493872273e-01 2.876621107816536571e-01 3.454174856353141587e-01 5.126317921386980281e-01 1.468106707943344913e-01 7.636450114195804384e-02 2.768176576661453003e-01 3.257678081860244101e-01 5.664262115261461394e-01 2.698252635545511091e-01
2.592286058183780328e-01 5.795308435515734713e-01 2.319614079455926681e-01 2.136755522437253085e-01 1.826089394818347644e-01 1.738965188925965244e-01 1.905549353674021729e-01 1.710973963083505245e-01 2.948612385846786643e-01 1.777426423537511735e-01 1.794139216078812771e-01 1.644380601143324017e-01 1.525634926508602773e-01 1.365324666539630416e-01 8.087372756397663565e-02 8.943333949919454740e-02 7.112394007908673377e-02 7.335649796783630383e-02 6.800578207151934673e-02 7.414487876736816641e-02 7.046207744820673358e-02 9.418171056269679375e-02 9.529836837150304496e-02 1.877051351551581593e-01 1.201799471252308210e-01 1.110067191403624060e-01 1.321709432367218495e-01 5.646572032898639071e-01 5.733648790531272743e-01 3.966565185560858575e-01 2.568822262297211778e-01 3.467164854826308429e-01 2.724052040446184875e-01 3.465960426757548341e-01 3.402115636061759374e-01 2.226767396943861721e-01 9.581992036430987680e-02 4.951490749080258436e-01 8.476247327367002204e-02 7.814503768165453890e-02 1.138925926588299775e-01 8.760707763085406885e-02 7.586163979443633076e-02 7.421271805205292837e-02 7.428643424571609866e-02 2.073006349907497714e-01 8.084183980766247724e-02 7.595484044457435913e-02 6.965841578327285066e-02 7.788525394923825895e-02 2.111316399569730384e-01 3.828554254586631345e-01 7.746029434528912960e-02 7.067448959581854040e-02 7.587148124907247548e-02 7.763348049337275014e-02 7.489490856379685257e-02 7.251109807137041952e-02 8.420062634240338406e-02 7.668584132390411645e-02 6.692132773938681833e-02 1.562564827170533632e-01 7.864261296829927472e-02 8.155443870032154374e-02 2.998799835435145278e-01 1.128521046419096729e-01 8.100301054091993413e-02 7.430754691718803595e-02 3.070215600352851348e-01 5.241007040430618602e-01 2.818246217452792801e-01 8.136955285777132396e-02 7.724193312404531442e-02 1.549849234792720631e-01 5.536395008822000419e-01 7.990731656398755711e-02 8.397680766923026896e-02 2.803053212516529724e-01 5.368365746885392920e-01 2.500788854694232510e-01 3.565401154493277325e-01 7.858182326821408492e-02 8.224708406625730328e-02 7.965928664952809379e-02 9.349675975295226871e-02 1.173395914620280894e-01 7.971036118312097019e-02 3.034091057225214438e-01 8.114610402844794901e-02 8.320360850870173186e-02 2.865531204672935317e-01 3.000221479111273015e-01 2.276958635176535017e-01 7.682088845255456711e-02 1.011803829991551190e-01 9.367458248003035504e-02 3.463244510018915201e-01 5.089809101478867115e-01 7.901281764132139784e-02 1.420686863026767721e-01
1.935812503223775793e-01 5.267291933038457108e-01 1.667078008408548195e-01 1.218102458766918417e-01 7.593174775541898514e-02 7.919222799077892117e-02 9.920681503163210346e-02 1.258123351954623104e-01 1.177593191285904450e-01 1.453113779509217218e-01 1.007949876665479721e-01 9.327230061847835429e-02 1.702758558504846309e-01 1.551971416843772877e-01 8.134188673369337208e-02 7.840852887315005737e-02 2.769310283369674774e-01 1.609373708088480404e-01 7.682719383916378209e-02 8.136792915306508001e-02 7.221440211863235092e-02 7.495797145047077004e-02 2.896387728087002067e-01 1.153784809178346055e-01 8.124245286159974266e-02 2.212289724136513314e-01 7.330312318590960496e-02 3.871260214123550258e-01 5.686360014666815843e-01 7.613225724547589834e-02 8.044010820159425146e-02 7.168649512601692197e-02 7.801776629443063493e-02 8.928392258389390712e-02 7.568957219848367057e-02 8.371269405759736160e-02 7.196099142718805075e-02 3.475616418233907767e-01 3.484197156371470205e-01 7.581404720538016673e-02 7.567887378858591252e-02 7.634948187342534276e-02 6.972113588784210891e-02 8.033571300956487971e-02 7.606274464288552417e-02 7.326949896761794645e-02 7.602839426776690501e-02 2.016519106470572031e-01 2.053334806568164195e-01 2.393658081058128995e-01 2.646917407141476386e-01 3.400048840382353110e-01 2.953175176482947806e-01 2.903471951720315580e-01 6.161304826762554754e-01 2.394280501195520106e-01 2.413152460172849068e-01 3.062431920814417396e-01 3.040298660728794067e-01 8.817809849371094355e-02 8.629247217719408780e-02 2.083303885154455248e-01 7.665750767678027044e-02 3.621244328396728829e-01 1.110643426162704339e-01 1.168122753175141054e-01 2.252404792197179595e-01 1.060814093667887814e-01 9.138301194579076525e-02 2.511748861461334248e-01 1.989561639291083095e-01 2.634699570461942475e-01 7.626609561617835042e-02 5.520721206881057386e-01 7.781873617977273783e-02 8.344290650007431254e-02 3.098084146284173501e-01 7.334109983487216433e-02 5.292119099643362023e-01 9.038497478635686144e-02 7.780441149603103956e-02 1.083493189152258257e-01 8.021091326172713476e-02 8.375787815133926839e-02 2.541996315198928325e-01 8.866451532079115683e-02 9.448749024120810247e-02 1.578924012909143082e-01 1.947411888821867498e-01 2.211595680580413781e-01 3.068515761937055109e-01 2.778861455686665316e-01 3.990853282203293273e-01 9.088294697859645999e-02 7.893640429372952849e-02 5.188660965641134215e-01 2.739954965162341161e-01 7.276615952926605846e-02 9.404056552081625775e-02 8.312920675082925703e-02
2.550331513102581105e-01 4.005921622700444051e-01 2.469766893811763397e-01 2.241816613807805780e-01 1.228013552293791277e-01 1.367972117063150639e-01 2.249022434882453070e-01 1.626095882034750972e-01 9.714336598803716138e-02 9.252676758202776908e-02 9.377314135569897458e-02 1.040648402862955901e-01 8.234993673881574328e-02 7.887504629699715331e-02 8.239858473593095201e-02 9.823832929785172863e-02 1.035933435013493553e-01 8.029127762410419311e-02 7.553438211089419374e-02 9.046739584136180568e-02 9.083108765439558419e-02 2.209675559559471092e-01 4.420789721488668778e-01 4.400610680222818427e-01 2.159539707698443778e-01 7.772155745310442565e-02 8.407582659456563912e-02 8.344267196495008809e-02 1.068651806490712591e-01 7.525363454660405349e-02 8.885889983587286212e-02 2.962655627439399475e-01 7.888136972476977871e-02 3.707523666606966084e-01 8.825775925071528694e-02 7.207813721145223118e-02 7.116167317234335654e-02 6.335718134780818911e-01 8.055353299590663207e-02 1.900004402102221102e-01 1.213787553715909712e-01 7.658516261153569538e-02 7.832639647675954109e-02 7.654494885831121531e-02 3.415200531054423672e-01 7.702827162586788068e-02 1.453575723498141681e-01 1.618267640822712572e-01 2.090909859233373025e-01 7.779899012642854661e-02 7.105806728121286109e-02 7.532413490289070757e-02 1.604631047053195203e-01 7.615245432790514191e-02 7.257554561733549348e-02 7.662685574015919154e-02 7.573889673922648558e-02 7.683840642221852202e-02 7.033767009567298834e-02 7.397751540477275067e-02 1.734094976865423188e-01 7.215667490603476508e-02 1.894424811496687455e-01 1.980882937636244401e-01 7.767316203227685179e-02 9.292795795319391816e-02 3.332608084997150111e-01 7.347575907850945054e-02 7.552582157885963376e-02 2.680945927904995196e-01 8.032339991554258984e-02 1.780426308188102213e-01 7.461384527914716180e-02 7.128033441433334616e-02 7.861149196142971918e-02 1.491171162677995821e-01 3.817022342939665469e-01 2.383817889303428694e-01 2.274643593088708782e-01 1.065849021550295955e-01 3.056044627323347695e-01 1.093813546470919912e-01 2.152556514580185043e-01 3.060910689916307437e-01 3.161135125790246470e-01 4.313038512243148603e-01 1.305538145345447598e-01 2.738910020978060911e-01 1.284591091753547187e-01 8.386618827582699442e-02 9.528930268689321526e-02 3.052870825857555981e-01 7.992976879184214567e-02 1.453105390368235050e-01 5.213559214429845934e-01 9.662895829593776131e-02 1.558518013807687896e-01 3.966495546670124606e-01 1.991744980886070437e-01 7.426540275947948744e-02
2.229179500490794386e-01 5.170147484580615016e-01 2.195714766083608216e-01 1.962909428596366912e-01 1.115170044266243082e-01 7.907497846982518286e-02 9.602931512734259878e-02 9.904690717981283477e-02 2.927878939629573463e-01 5.909697349600352423e-01 1.679820662531464892e-01 1.001807942996685852e-01 1.082178800192559048e-01 9.121539149661686552e-02 8.798699747036850538e-02 1.235224424894191542e-01 1.011729319986698211e-01 2.721911636820095737e-01 3.628826307728321154e-01 7.621166542619260686e-02 7.403568011558284145e-02 1.373358035779556896e-01 1.111256284483491952e-01 5.243747493151479366e-01 6.903525595818234273e-02 7.449030841274760506e-02 7.201874570153074528e-02 7.249883910083833316e-02 7.351756496440420285e-02 7.581026758164731427e-02 3.947272326241346163e-01 3.727250957141213794e-01 7.650949797222504623e-02 1.010984941584705393e-01 7.773377132072800677e-02 3.019640987397871901e-01 5.135028195077773194e-01 7.364113791313056656e-02 1.775574317702597049e-01 1.524584389563667375e-01 3.145366066506537495e-01 2.087231085603941383e-01 2.517059458320534682e-01 2.857149280156069948e-01 3.477002340406498693e-01 5.170434339078717745e-01 7.379016243312720713e-02 1.548653286070759971e-01 8.681531411318421654e-02 2.733019761538733605e-01 8.374216429801556449e-02 1.329824528077358792e-01 3.247727658597153733e-01 2.700346492970021051e-01 5.709830485783842224e-01 2.736027764712855581e-01 7.245092177084092033e-02 7.087666789349018892e-02 7.316068369055493681e-02 8.350553639882657420e-02 8.034395782123988916e-02 3.085307033539157473e-01 7.320926854359822988e-02 4.005067914848230992e-01 3.219788391305293263e-01 8.682852024479495445e-02 1.778480749126761795e-01 3.121286164889769399e-01 1.785645075525583159e-01 7.952151530520386313e-02 5.331753731522616002e-01 1.860019410829687747e-01 4.918848150489330551e-01 8.406441555871346782e-02 1.062323417398152448e-01 7.520944722714013875e-02 4.634776682253886615e-01 4.563430736638549035e-01 1.972107354933933521e-01 8.204269572606882888e-02 8.389689433593829071e-02 2.856243794164891603e-01 3.169727049449118650e-01 8.425751915119360225e-02 5.021215876575503279e-01 2.080195031876912737e-01 2.645244991294051773e-01 7.150517241323871287e-02 3.815296525248568771e-01 4.590529285715846397e-01 1.314314720311745566e-01 2.024220337892256028e-01 2.759230865788255271e-01 5.839017122914571534e-01 2.586123918411974976e-01 1.763869932533501939e-01 9.453980059449404449e-02 1.447661379105672219e-01 6.921359736870827395e-02 7.295005310782914920e-02
2.082815691272779934e-01 2.363119623354850707e-01 2.281752533115883885e-01 2.142643977760239904e-01 1.969543164379516653e-01 1.961667114084461316e-01 1.908355656641301801e-01 2.033588392400709488e-01 1.527032214614137129e-01 1.528329915497688984e-01 1.486409017186235693e-01 1.514170127989494796e-01 1.087933841112183470e-01 1.478541536443796489e-01 1.049228148736531113e-01 9.105065763358737019e-02 1.100598467203383890e-01 8.997489012163321920e-02 9.019064439476535966e-02 8.608399751349490869e-02 8.105034153310675116e-02 7.708225078676857189e-02 6.582167823737841705e-02 7.617674675442678844e-02 5.519410335948221613e-01 7.368526659881342866e-02 7.464205714841803951e-02 9.273793939965563338e-02 7.407208718332937425e-02 1.911828761007943744e-01 2.055135134264113317e-01 8.931525106414257842e-02 3.724187567595446113e-01 9.073233934651124544e-02 9.130215145142013544e-02 2.728706841015698936e-01 8.365621619556540267e-02 1.423502547399017326e-01 7.762563258729260340e-02 8.906925980114761832e-02 3.423928485085351858e-01 2.808733833637118149e-01 7.382475185366091375e-02 8.244319151244397514e-02 7.761948055057230067e-02 7.576001392098927201e-02 7.349655151933098818e-02 7.647705093984540070e-02 7.792253601340980163e-02 7.744449930673012739e-02 1.046601806374192201e-01 6.236693797096423131e-01 7.284691177665626738e-02 7.719207636898212099e-02 7.392008587137130493e-02 7.779679812507513115e-02 7.563797447115212791e-02 1.274370231451051050e-01 7.490609859539734683e-02 8.278302388687774904e-02 8.149307168300747028e-02 7.740442988281286130e-02 1.034765089271538763e-01 8.396838244592123857e-02 3.055268857297034346e-01 8.688235507638841781e-02 5.166525540615901635e-01 3.341516450662104232e-01 5.618331117354686821e-01 1.525324438086443635e-01 1.056728762421177692e-01 1.786218784521786951e-01 2.415969768249804916e-01 3.189084856956880820e-01 2.311053908244643518e-01 2.828186898487645706e-01 9.204271414735330781e-02 1.479021702007757566e-01 3.491770475944629415e-01 5.115942809137391523e-01 1.948073638695476117e-01 2.647537662339259357e-01 1.521473551758150689e-01 8.160001969965831325e-02 9.411174693102136724e-02 2.737145234374014913e-01 3.283732408399797076e-01 1.022887418727961434e-01 8.518625118141627539e-02 1.669842275465100168e-01 5.730397412062848694e-01 1.028700552193742290e-01 2.712722731064230453e-01 2.718859613207271764e-01 3.081028752049856378e-01 3.996257693112187370e-01 3.239493671620189974e-01 2.971101778497978185e-01 8.211950597925554707e-02 1.778784562318462270e-01
2.205161299652863283e-01 4.873619314662186452e-01 1.534804889042895304e-01 1.740627140898615977e-01 1.238652336146509603e-01 1.157898916080683516e-01 8.066972710880131181e-02 8.031267444389972310e-02 1.585385094758529623e-01 7.434062539028678251e-02 2.500088496730941690e-01 3.018580347401431108e-01 7.092362453153640278e-02 7.492844257627151450e-02 2.879018056786210589e-01 8.700625276605603031e-02 5.555400652820142726e-01 9.266959045210473866e-02 2.000513347123020202e-01 1.557234565443224306e-01 8.548786335118156721e-02 6.954621778807183741e-02 7.529400164971744580e-02 2.688297160756667470e-01 4.162984383051124837e-01 7.820501552938660672e-02 2.085788875001534370e-01 9.577669373679716103e-02 8.319878249749153298e-02 1.401463191568904643e-01 1.518474388754096072e-01 6.876664107628048528e-02 3.485457512046778450e-01 8.142199851978278169e-02 8.887827604536729931e-02 5.417256217236735560e-01 7.518767154291315646e-02 7.606913121473006523e-02 7.518263805832381408e-02 7.334133436999638878e-02 8.242456401123074428e-02 7.969760608059529849e-02 8.095168343103943676e-02 1.130012689809226784e-01 2.299467151460933556e-01 2.451563540350136239e-01 8.250268224876416978e-02 7.598309290646287906e-02 7.826936835924380720e-02 7.688289593116942600e-02 7.545802288679252789e-02 8.361216869511786665e-02 1.039064929951106359e-01 7.548434945448782851e-02 7.882315089046947054e-02 6.751227055693105605e-02 3.101762739501971455e-01 5.140833480637474473e-01 2.092148024277696028e-01 8.804732712078693069e-02 1.591975712161147194e-01 7.808529436904669552e-02 9.556010957014850205e-02 2.871651488945645703e-01 3.451396878012403246e-01 5.112973233641316950e-01 7.430455208406319678e-02 1.480879581014961088e-01 2.778856945395814515e-01 3.257687102441945703e-01 5.701667941813952645e-01 7.713438072842049298e-02 2.737315001721633556e-01 3.024549266313193430e-01 3.998673404891800454e-01 3.242604689837340626e-01 9.012010344586103561e-02 1.799727466442779811e-01 7.973376959263589470e-02 7.551154650831730375e-02 7.278305958908347362e-02 8.075945483498432609e-02 3.055098548714513251e-01 1.713633591392322020e-01 5.210071496720848350e-01 1.897962322816676428e-01 4.843809178725472786e-01 7.857310036570891443e-02 4.595132308146395173e-01 4.608627098371568254e-01 8.030259845413934006e-02 7.676252528894703109e-02 8.507566787033980782e-02 1.939712641928157955e-01 2.877100461528144248e-01 3.156980606681887291e-01 9.831241533536465294e-02 7.224594258255101487e-02 5.020588044089091539e-01 2.171083887336523466e-01
2.491098224184139787e-01 1.884291992071596145e-01 1.959216943682749179e-01 2.062761134034408195e-01 1.695599644455045574e-01 1.758106502472895349e-01 1.547377595406559392e-01 1.669137226799325135e-01 1.385363708377475855e-01 1.414674284499570778e-01 8.875192475747692433e-02 8.818388970716319053e-02 8.037184043927866894e-02 7.231356988356579807e-02 7.701536317345329674e-02 7.338322595141731630e-02 2.116185348748834127e-01 8.261759543905726477e-02 9.035952772537744759e-02 9.325333033516047809e-02 3.844794909881685263e-01 3.308233390770382587e-01 1.310555483093537865e-01 1.181384271157517735e-01 6.190671510902830965e-01 7.791485047780027928e-02 7.620233814471343015e-02 7.255839298123044345e-02 2.827712055066888275e-01 8.236651656798275878e-02 2.747202100501180966e-01 7.589298631584841248e-02 7.532169483554049250e-02 7.950719964204386314e-02 7.189669272082105378e-02 7.334296258499348187e-02 7.816610073992710794e-02 7.798704219315594210e-02 6.891739754796376294e-02 7.694456062767963955e-02 1.136203334619207833e-01 3.673441022353239327e-01 9.314923282232726032e-02 7.404656795769634647e-02 1.738605448127716613e-01 7.286125450156136218e-02 1.614455542995735238e-01 7.333555668741670308e-02 3.469322938792531730e-01 8.059566813303348232e-02 7.774816816912331896e-02 3.869705787484779003e-01 2.186246222295002151e-01 7.909336241533246326e-02 7.473315600301966288e-02 7.108524629387892591e-02 1.006064575089904156e-01 7.424100208597742001e-02 7.784192809532682056e-02 7.247516458416322638e-02 7.497398749328146317e-02 8.501014236486142961e-02 1.118057712880469179e-01 7.798858471262685998e-02 2.131660697892348300e-01 3.070278744424760897e-01 5.165220442855354976e-01 2.429328888926189645e-01 4.900414411371051826e-01 1.605175348953052639e-01 2.680825412933465213e-01 5.410684903878959506e-01 7.958585009389766707e-02 7.161799733886796415e-02 8.465769921720921187e-02 2.843278872908854282e-01 3.540838471343854543e-01 5.090969869932192582e-01 1.450644395268481102e-01 7.991913352601628939e-02 8.621414646628153267e-02 7.660639706086060097e-02 2.710912661140043589e-01 3.272029466523774244e-01 5.858484620695821876e-01 2.758159942328674563e-01 3.077531652935888706e-01 3.987324430641737139e-01 3.212416771938975679e-01 8.082153447825279891e-02 7.900082928824034290e-02 8.025267855500424485e-02 8.651064396622218378e-02 1.795832920499052521e-01 3.075540269319506081e-01 9.961339069007393854e-02 5.278722092523832066e-01 9.981804062713175996e-02 1.983420607680459469e-01 4.803299550421190611e-01
4.718925359066272196e-01 2.693949096427445955e-01 2.575843883093518194e-01 2.411230354623931926e-01 2.090544164851201592e-01 1.804965537825101440e-01 1.786113604539149580e-01 1.810993992576092892e-01 2.906658923235391212e-01 1.879642603851102434e-01 1.727466112196392178e-01 1.805835843547644870e-01 1.697119251648449845e-01 1.660065227782308861e-01 1.560906303018929075e-01 1.549587277100114568e-01 7.614463348357010386e-02 1.548790940147521944e-01 8.428377806452613807e-02 9.229836645335037781e-02 9.637981884992903592e-02 8.511268833764201736e-02 1.112968030067134073e-01 1.084340672803097150e-01 2.748771320893942383e-01 1.121116411723752371e-01 6.265291927675747941e-01 6.306889077309940639e-01 8.103995884356852974e-02 9.175740216872228794e-02 7.425865987465773976e-02 7.567367793352595962e-02 7.557509199611224526e-02 7.432374337163276390e-02 8.064142052342257450e-02 7.898962572576730123e-02 3.553197750744465644e-01 6.921441824164309420e-02 7.275131165178569392e-02 7.222842461288704607e-02 7.684061646473534790e-02 7.536035704871234253e-02 8.315874013531937559e-02 8.408407140624064857e-02 9.331121540793783919e-02 9.805331716715767754e-02 8.640679000909490259e-02 7.020872539054349992e-02 7.618012947256479206e-02 7.812661765382043766e-02 7.054821047258177935e-02 7.674873281952571125e-02 7.219381264089909378e-02 7.311222061536459815e-02 7.840392837648238467e-02 7.491566041200073411e-02 7.532365681206053265e-02 9.343818009538390479e-02 8.341345430081950618e-02 3.389272853481957726e-01 7.076826756318543854e-02 7.304154886802562141e-02 1.912144300955855858e-01 7.694334284914995659e-02 7.898151622281782136e-02 7.484852924297952237e-02 8.819526466068855486e-02 7.252090795397060641e-02 8.777205504958948690e-02 7.605769311713278524e-02 8.208202546228657304e-02 5.651214385065405077e-01 7.307662539997120121e-02 7.872446572665703357e-02 7.402615438130626113e-02 8.611908757631303590e-02 1.119550619152037407e-01 1.246451440879652733e-01 3.904801262651929616e-01 7.657607888576246913e-02 7.371221107635525516e-02 2.682147288975976762e-01 1.532996984058317136e-01 2.267592384784421766e-01 2.596743668837303565e-01 1.102384903203512956e-01 1.243877508096998402e-01 2.100893839060392621e-01 2.911602021596080281e-01 3.073653524450857821e-01 5.120493512194073116e-01 1.593243464713450519e-01 2.855871063728993020e-01 8.003608536777388760e-02 7.921053977163260151e-02 3.145059366728692463e-01 3.466241868906629331e-01 5.108352170047365526e-01 1.487755970445876486e-01 7.671016081217087168e-02
2.373493111899733221e-01 3.800205092062262646e-01 2.153161795612343610e-01 2.193578511925101948e-01 2.676657362952554187e-01 2.703515784144962519e-01 2.084313107835198686e-01 2.230726891075838492e-01 1.393138096716757535e-01 2.113478091768634382e-01 1.273303367253236229e-01 1.155320382801361540e-01 1.128282632444730926e-01 1.117639338301161939e-01 1.086875185643716712e-01 1.147343031373800337e-01 1.644221838905380872e-01 1.551316342200623200e-01 1.056656958590835166e-01 1.012609548349112931e-01 9.121334382457066403e-02 9.172367421374105767e-02 1.036185019037143412e-01 9.449137811192136194e-02 8.704911857030070421e-02 7.020314165047038257e-02 1.193185627579901875e-01 1.034117501711201148e-01 1.152955817719994863e-01 6.292317590452898290e-01 4.333906365127711546e-01 4.030027864415779981e-01 3.605008724627427608e-01 3.432618191849866052e-01 3.823552161621616152e-01 3.253709386734932041e-01 2.088911800386530904e-01 4.896438138957110442e-01 7.976269859815202090e-02 5.478472410424760630e-01 8.703691372325882136e-02 2.741718669296583366e-01 1.104223929194960846e-01 1.159925660377335715e-01 2.301641292062585331e-01 2.507746068537191619e-01 2.623110107503722199e-01 8.865832720174404713e-02 7.613099436403771014e-02 8.148696474919568666e-02 7.779967569063785116e-02 8.152628546483173255e-02 1.624897587961547929e-01 8.329037748408671393e-02 5.241915232596306984e-01 9.863135604257818045e-02 7.311352859971129159e-02 8.113611824450459031e-02 7.604475760297310649e-02 9.058989534086571427e-02 3.100712743791937953e-01 8.034182896395837548e-02 7.967392705362934258e-02 8.113532443331487876e-02 7.394303874151030020e-02 7.374464457786235327e-02 7.426859604540174409e-02 7.617553799647881763e-02 1.413503773818007847e-01 1.172456511241905530e-01 7.924776771231394068e-02 8.660821959848534479e-02 1.876843336937549234e-01 8.094909452409115858e-02 2.605922832364931385e-01 8.608448462490678188e-02 1.211505707368744078e-01 2.291724425363423634e-01 3.106877048503350891e-01 8.775706284280189451e-02 2.917692357537542414e-01 3.069537974255448498e-01 7.958125861781169263e-02 5.221745211912158791e-01 2.425949959432509850e-01 2.552370886213615186e-01 7.986513632395218776e-02 3.602008118330300990e-01 7.926229084885307030e-02 8.161057378024885733e-02 2.968527845715324132e-01 7.671260538981193589e-02 7.485147446290500717e-02 2.481647901970570058e-01 1.533178658573781661e-01 1.524931681959168228e-01 1.900191849789974463e-01 9.525821776235046667e-02 8.434804970914804023e-02 1.147527592475409280e-01
1.770283566123139474e-01 2.394285011486370629e-01 1.822915954175823583e-01 1.942039410772196106e-01 1.430610224544754394e-01 1.400814070509677767e-01 1.187498782257939561e-01 1.149081748496729449e-01 1.040109062283034042e-01 1.008552992758029870e-01 1.118040212951968565e-01 9.635767332185229961e-02 8.862800000606421702e-02 9.773425919238203086e-02 7.555915262824601519e-02 8.226355564844391177e-02 9.419157005849633502e-02 1.578280845433839008e-01 5.544748067477421882e-01 1.053050439820830964e-01 2.594406255706858122e-01 2.608516430015694887e-01 2.722224109770229328e-01 3.653964143167020007e-01 3.848553245041722581e-01 8.886645908333856703e-02 7.329204591158039461e-02 7.305949982561124600e-02 7.871721317896918091e-02 1.205954712007203666e-01 5.940616295439792305e-01 3.393060415326707435e-01 2.867256661540763529e-01 8.117478045767644035e-02 7.290992053983998133e-02 7.929687575909591390e-02 7.861384633325377291e-02 1.929599126547907328e-01 8.161649128184492175e-02 6.814865455479568457e-02 7.885950383472578595e-02 1.490937439406114506e-01 3.045168692377702158e-01 5.074799214351141119e-01 3.232323752460713462e-01 1.447183919716221456e-01 1.596163066186899182e-01 1.678180179543262984e-01 8.249220033282723963e-02 1.860241497551174128e-01 6.993507251376143707e-02 3.504134446047724727e-01 3.417975983632285941e-01 1.947260343049285192e-01 7.109135773798157254e-02 1.326011618398028336e-01 1.000584571706353010e-01 2.827745070395915050e-01 8.232191881205144779e-02 7.894656146872520985e-02 3.471776537015290875e-01 7.510342833040453692e-02 7.956936949112936031e-02 8.150186675016626858e-02 8.271159892096670296e-02 5.070081810944618850e-01 7.663998068653461726e-02 1.506331422902683070e-01 2.743705542622115745e-01 8.409234327966075284e-02 7.364566624514463922e-02 7.498011246825665721e-02 8.606748082839979497e-02 7.943194092890976110e-02 8.209756792455794039e-02 7.131138325654928778e-02 1.046880181525494946e-01 8.562506639885862636e-02 7.045151885732534036e-02 7.538470359872420645e-02 7.935749406812878104e-02 3.248452191719403137e-01 5.621144817198961974e-01 2.743142297500685278e-01 3.034782394606803657e-01 4.020620840994376666e-01 3.242160155571099378e-01 1.246020617897597715e-01 4.031544043788137799e-01 9.019750003685834960e-02 1.811289687244262148e-01 2.263401422525989082e-01 3.107349366161231696e-01 8.681855250201499230e-02 5.260600465532419001e-01 1.061196205508755652e-01 7.668691477312657157e-02 8.199193691283550300e-02 1.940402896839942826e-01 4.891928569752987399e-01
5.713675418528212369e-01 2.610562297945553945e-01 2.494513416416258844e-01 1.905077577251042820e-01 1.933381817278538306e-01 1.972055035560066061e-01 8.029593224426206932e-02 7.470571990377510019e-02 1.479846634204343148e-01 1.620199127776598969e-01 9.422888820499469853e-02 9.549128253176744630e-02 7.862450866082472400e-02 7.471885387073222418e-02 1.073679427701942635e-01 2.703530758310586646e-01 1.992298483779263440e-01 1.911227629443367770e-01 7.955369172013246337e-02 1.170330089517453709e-01 3.680960218436190590e-01 7.669269696599712027e-02 7.445596705821068417e-02 7.374725603626487713e-02 7.117493793773514710e-02 3.479165115075206760e-01 7.636096507393112798e-02 7.654942306683507058e-02 6.846745544299284725e-02 7.327178568507922152e-02 7.067055211190591268e-02 8.208367622873791181e-02 7.511768084949262125e-02 1.533383967013303706e-01 1.476469508827003563e-01 2.293856890877615518e-01 2.945454460604788882e-01 3.022154121459859621e-01 3.088847431445291281e-01 9.478278800378246716e-02 7.290665959955494602e-02 5.585727848499976167e-01 8.090408182140157445e-02 2.446146681038494364e-01 2.430418214372440933e-01 8.323355683995010967e-02 9.631874049122940429e-02 7.593008796838593422e-02 7.865573791467468656e-02 7.051376538135528671e-02 1.451600216105553010e-01 7.499800930235207830e-02 7.653991537372188680e-02 1.045482532596692521e-01 8.879297742479963507e-02 2.539703283330453365e-01 2.771961251920058156e-01 7.447677302990478310e-02 8.251551853652513979e-02 4.601538364447403939e-01 8.022147636289939099e-02 8.122154315321608586e-02 7.977438025145522360e-02 8.634543201236252741e-02 8.523798421747333376e-02 1.117138425399287760e-01 3.340249960991238942e-01 9.465213389842057345e-02 8.109817767786885179e-02 5.371108364545861269e-01 2.031050181121592246e-01 2.644911951417639462e-01 5.397150062271032223e-01 8.526178051200140884e-02 8.151632674263348255e-02 7.850246921098759378e-02 4.401890520354601599e-01 7.557067191107859350e-02 1.134246770448191777e-01 2.818928173429412487e-01 1.245511766883826421e-01 2.189911645463515910e-01 2.437510736940919909e-01 2.844154049745515889e-01 3.104243760293101673e-01 2.759527282102960388e-01 3.028709017358939826e-01 8.511663935242719248e-02 7.188516892769762634e-02 8.344180598910676261e-02 7.288688197417481085e-02 8.078751786465712681e-02 5.151030346192644327e-01 8.202043293042997341e-02 7.434753515586998984e-02 7.833095187051870856e-02 9.179178862616771406e-02 1.052223793713722017e-01 2.369585576318355979e-01 1.469663750550809500e-01
3.673411795668527491e-01 2.705620105444246359e-01 2.714438445703821201e-01 2.734362565330791806e-01 1.914480451204863265e-01 1.824148165636223784e-01 1.638183822337786200e-01 1.367164955412516480e-01 8.481636222875370279e-02 8.671296659320106015e-02 1.119715605591354579e-01 1.528326307265008288e-01 8.150858708353374282e-02 8.298282075098026289e-02 7.970117823094902132e-02 8.635583274306414536e-02 1.004019338600764116e-01 9.157862325998385178e-02 9.905876022416836013e-02 1.114088115696986875e-01 9.580426965505810244e-02 1.006955447738726445e-01 1.839206763905137099e-01 1.778142296901328301e-01 6.382870519449952429e-01 8.194778116540754609e-02 7.811953649718490766e-02 3.501844661588662255e-01 8.411369499654777759e-02 2.534341269155555021e-01 7.800032951000197834e-02 6.894704368972515152e-02 2.761199517538751036e-01 2.013987029187011835e-01 2.262727043837998719e-01 5.459009964169263540e-01 1.400421945823121239e-01 1.756773801732342544e-01 8.549730790022284921e-02 1.075107475991078365e-01 1.116751352238484207e-01 7.185588360920429352e-02 8.031343217276262769e-02 7.761837101902303859e-02 2.854718052975930287e-01 7.366448768886443843e-02 7.256332272913021408e-02 1.922972968053386911e-01 2.644196799700359035e-01 3.986709587792975351e-01 3.533552727915333369e-01 3.595194331736392690e-01 7.718844107455649639e-02 7.529461955956398556e-02 7.598149626350175767e-02 6.389414680856808637e-02 9.830692180110854606e-02 1.742785044453205590e-01 9.016909422508090355e-02 8.605208269543564159e-02 8.700819219112182479e-02 7.821746393213442616e-02 7.725642919883933535e-02 3.067983186793409311e-01 5.151471633049473642e-01 1.486038992924847424e-01 2.816544394509021831e-01 1.752096449708574755e-01 1.642402928811126928e-01 1.328564623431135738e-01 3.472592358424357872e-01 5.112660760691183359e-01 8.647310932576299236e-02 1.927373929453826129e-01 1.503613251018624530e-01 2.786269518203056128e-01 3.265273772476022240e-01 5.700024031004704561e-01 2.735599106670408842e-01 3.059646726008318218e-01 3.977929314388179982e-01 3.264842949493967361e-01 8.097602096046958853e-02 1.804215386250819786e-01 3.092012933975917810e-01 5.254739974012705428e-01 1.912421232814086325e-01 4.830566243141400928e-01 4.499093422181867918e-01 4.605948346429544760e-01 1.957847619380488902e-01 8.089268882671281358e-02 2.878132055251507171e-01 3.169513802897699351e-01 4.983593916885447617e-01 2.034560630696477523e-01 2.703244264635752958e-01 7.745907656675946051e-02 3.814780908798521830e-01 4.607228908207863793e-01
2.412110041751444611e-01 4.256519155535366528e-01 2.106132090854348493e-01 2.106725825541929109e-01 1.796277274353659525e-01 1.867979893769467492e-01 1.886406416422385102e-01 1.780466359570856139e-01 1.735810330681746005e-01 1.752750622293554328e-01 2.079450833886553884e-01 1.540257650269708511e-01 8.887002221311059158e-02 9.963347952552277509e-02 8.291959549383572103e-02 7.758861211999039387e-02 8.840968388772889319e-02 1.136393308069837543e-01 5.572196615124730412e-01 8.895417521980220066e-02 8.322297569761447078e-02 8.976531494696647628e-02 3.313724760086877441e-01 2.895945178348734994e-01 7.718714211079150123e-02 8.582187745041799931e-02 1.058253691757785608e-01 1.166643377776124813e-01 3.776585240112261821e-01 8.053898279762239376e-02 7.606282582812083637e-02 7.411843042181989749e-02 1.044085064079524339e-01 3.507407834735499774e-01 7.647283832819087857e-02 7.178717834867619219e-02 6.990928718096822703e-02 7.678707931233802464e-02 8.767518302269902697e-02 3.980349716870277832e-01 7.303258692010536346e-02 7.794177691417872311e-02 7.331033514097981540e-02 7.317361920471462944e-02 7.451562918558321535e-02 8.461103574806828898e-02 8.157028786237076334e-02 6.922241498732130405e-02 1.007367507910842674e-01 7.596361747056973313e-02 8.089397876989609659e-02 3.091385101489506071e-01 3.049990373708690861e-01 7.089180442958500916e-02 7.613766959449667915e-02 6.658161714280601273e-02 8.155324798353696947e-02 8.595504829807455727e-02 1.027819151155706379e-01 2.020059323965071596e-01 3.048329865029111851e-01 8.371585126119282516e-02 5.070173460054704373e-01 2.412555658487489652e-01 6.251281881823795850e-01 9.702670280489400501e-02 1.485506598192835592e-01 2.856682555258843736e-01 3.452740583862631829e-01 5.136518755998099595e-01 1.432633360608726314e-01 2.668820461982082670e-01 1.018927834390167542e-01 8.032703520996821445e-02 8.297237491737012582e-02 7.898014509439921227e-02 2.800333687545216166e-01 3.248373171423699635e-01 5.776753459779390143e-01 2.749920362591056211e-01 3.061710995924848411e-01 4.000819220866910220e-01 1.361734565228322758e-01 3.295932564739196269e-01 1.821100471902616369e-01 2.125379486442086074e-01 8.359929632503007579e-02 7.431847986221004621e-02 3.016578680321908568e-01 5.278273950024909844e-01 1.999919792847073552e-01 4.937742300097644477e-01 4.631793034650358853e-01 7.796093662971231852e-02 4.558348180084758061e-01 1.956753242408484916e-01 2.895214872054196475e-01 3.225165018822547247e-01 4.980197848286535001e-01 2.047077229041959212e-01
4.214438863545250658e-01 2.254493056861034961e-01 2.016505756009654149e-01 2.018954483118294008e-01 1.827354621607774621e-01 1.692417183230820465e-01 1.671554201460376532e-01 1.838048701626321946e-01 9.977813357368513214e-02 1.500009438423130781e-01 1.045339917199994695e-01 8.638137000986058356e-02 7.933891166982406928e-02 7.424235517323260480e-02 8.282338196940945696e-02 8.435070176016822019e-02 7.451822711311319181e-02 2.845131700390304830e-01 3.463324251961155120e-01 6.250484462401398877e-01 2.063628733582441033e-01 9.273302318262842403e-02 2.863907680378331988e-01 2.571590317998078690e-01 7.174996393886740043e-02 7.398378470905515869e-02 5.406778270355752092e-01 7.575475492185740345e-02 2.778668595649890771e-01 7.805584216979188916e-02 8.815436534325477025e-02 3.964883027485196498e-01 7.319802438850754600e-02 2.742035472125933793e-01 2.760082047877591704e-01 7.615440277355263465e-02 8.091352637044285645e-02 7.560899134214579820e-02 7.658410720347665068e-02 7.737799957842800280e-02 7.331848974683780051e-02 7.481407062088048232e-02 6.866990886840639019e-02 1.053014177082391561e-01 1.168480870268683441e-01 1.014333201100600934e-01 7.901404444043277908e-02 3.716434918858064762e-01 2.783118809426419205e-01 1.579462541636711959e-01 7.890517503987955206e-02 1.157598620915846616e-01 9.027488760727396533e-02 8.318180576272965476e-02 1.603682623093118376e-01 7.876621297877074712e-02 1.282130096653793516e-01 1.832044602445924153e-01 8.289533914964086758e-02 8.232082732166558225e-02 3.506652631635465145e-01 8.464613483146811446e-02 1.034676597365048883e-01 7.312037522122259714e-02 8.225354280275544439e-02 7.716046825070070614e-02 5.345957178646244534e-01 3.048323009387018945e-01 5.137973956238156559e-01 1.579104785366437502e-01 2.846904064282980151e-01 3.476075024607603314e-01 7.820515985869382070e-02 5.224903497977424482e-01 1.023159840295341239e-01 1.933844573119816168e-01 8.786735749526392025e-02 7.844059704109823672e-02 6.928799912658074878e-02 7.396301481968788061e-02 7.198670910561850989e-02 7.518968313263255099e-02 7.601425901624093984e-02 7.946981835147359785e-02 1.052613482843219039e-01 7.437033467612007287e-02 7.588093481869545576e-02 1.543496941158652158e-01 8.783443237205409981e-02 7.839280599924465520e-02 8.712103064762360960e-02 2.722704004716739457e-01 3.244817258117039804e-01 8.913821312767250538e-02 7.845430832528424436e-02 7.134237346498417676e-02 5.713970932784747658e-01 2.751289145658414315e-01 3.029991383253599069e-01 8.858805687029076836e-02
2.259626669907255359e-01 3.599231583282634928e-01 2.057954787692311549e-01 2.029695470161688164e-01 1.955455180701665407e-01 2.363008850611558465e-01 1.961267863138360934e-01 2.021205479076041145e-01 5.703030049650852362e-01 3.038965057930070879e-01 1.790355984113279897e-01 1.176623478753012764e-01 8.709823563766437571e-02 9.174345634941205585e-02 1.701117173458474296e-01 1.601281163832593557e-01 1.003695409511869835e-01 9.117721639485687479e-02 9.259233819041465252e-02 9.548323617288986820e-02 9.874761329954477584e-02 8.677176274473025197e-02 7.878711366657269177e-02 9.660439525196506949e-02 7.800034755116538876e-02 7.538940783208145091e-02 8.902105381253577754e-02 1.296931518138402240e-01 1.293003235219112035e-01 7.339253068144223346e-02 7.937756486241422105e-02 7.976314060665537498e-02 7.746479561555809357e-02 7.411645491442730993e-02 2.911325270149483502e-01 1.910471343873529071e-01 1.832241972773548944e-01 2.216592000373140137e-01 7.487225788314484654e-02 5.248792884908660694e-01 8.715102408178049265e-02 8.547795875247352071e-02 1.120412355321964426e-01 3.733575828206910363e-01 2.342502723053218883e-01 8.328860042949155773e-02 8.579004381759404441e-02 2.384187913564816685e-01 2.440188767236407263e-01 6.842817983026530659e-02 3.150620014112653355e-01 3.219502980100263367e-01 3.521359066394759152e-01 7.521527452291919269e-02 3.681435061856948021e-01 7.378912055594070984e-02 9.299786746137914117e-02 7.889939284700901723e-02 8.668335202347562940e-02 1.215997506026915698e-01 4.928862078647598399e-01 8.494644803746841111e-02 1.929804795810697582e-01 7.423914835643778687e-02 1.232971624820104195e-01 1.367617427790654705e-01 1.930397267616840162e-01 1.947847222094773179e-01 3.810780461225620752e-01 3.729493473752161781e-01 8.359618422434313134e-02 1.080382261140924449e-01 3.043649626419199783e-01 8.775201131704915558e-02 7.927928562477834507e-02 2.534543691008933064e-01 5.171870776508835643e-01 1.624129214812229660e-01 2.837410082453976079e-01 6.942805718836626838e-02 8.097616528977681638e-02 5.507082808995199530e-01 7.418129485569638359e-02 8.227903496664337735e-02 3.478507334257546768e-01 5.063390704261848674e-01 7.500588427017733373e-02 1.517284934850960110e-01 2.726791049873972805e-01 1.973284901669223879e-01 3.303199906181046863e-01 5.682138743253866142e-01 2.728200966793888904e-01 3.062521765808162710e-01 4.010484232924971248e-01 8.073269978965821880e-02 3.242767781954500328e-01 7.997543999699591177e-02 1.761242597907175800e-01 3.086290998591137424e-01
4.634700548544327670e-01 3.738861528260615241e-01 3.639076935950432135e-01 3.527377959329147106e-01 3.329756137886460965e-01 3.216137942302403352e-01 2.987035373191919696e-01 2.952759327666517053e-01 3.059430232047486986e-01 2.942597461968347039e-01 2.207514589007103234e-01 1.229381433302979276e-01 1.034347436338767801e-01 1.084747140214558508e-01 8.868523559695908054e-02 9.285406134789671306e-02 1.443090109122711906e-01 1.053857691677281966e-01 1.031957162599552308e-01 1.344428398822708759e-01 9.118694960251259862e-02 1.045071013659478465e-01 8.326824097659168977e-02 7.791209017979967844e-02 7.797177034833560616e-02 7.433552425133467534e-02 1.136813847588753063e-01 2.842435087696512652e-01 7.672108473661116979e-02 1.818451848703475093e-01 2.714889835612155355e-01 2.889717909977047028e-01 1.710405846847956046e-01 1.761474968091801818e-01 9.471190427277351165e-02 6.271185614936121144e-01 1.001208795960084330e-01 2.080338098302695615e-01 2.125853608216307367e-01 7.140533261496852246e-02 3.496612724201897393e-01 2.642884485474450984e-01 7.164119376471290990e-02 5.695201988850447927e-01 7.474214050239418039e-02 7.267620177824965499e-02 7.825985164554892515e-02 7.669791086222048360e-02 8.407141553011369950e-02 7.074538234740919418e-02 7.586382277520804795e-02 7.802318766403312789e-02 7.411424938220133318e-02 7.618842840773000502e-02 8.339316701257325215e-02 7.765769173465908448e-02 9.499451909747581857e-02 8.416175665585240440e-02 8.005625538845803635e-02 8.424173313321629830e-02 7.607918014274532570e-02 8.375941165022848800e-02 7.918190844531261541e-02 7.223546517690493385e-02 8.102062773698261167e-02 1.216842734532329329e-01 7.829058476740531625e-02 1.465375546421636699e-01 2.818137429237474456e-01 3.059024305870927662e-01 8.864468808221165341e-02 7.650605211001514083e-02 7.499449127548855898e-02 7.881663803048111205e-02 5.136044634223877470e-01 1.517303878072533141e-01 2.802524967252100208e-01 3.447938747811385984e-01 5.157045991717620348e-01 1.535179423595134096e-01 6.985115404219406632e-02 8.190887539652975946e-02 1.783681114477572160e-01 7.959230883039580817e-02 2.772738104416175853e-01 8.040199624390617639e-02 8.030913837587279336e-02 3.288428523233503653e-01 7.472168182309558981e-02 3.244452826616306962e-01 9.500338632928821692e-02 5.704685145981410743e-01 2.753457873911045461e-01 7.627452083948739470e-02 3.045281630060602263e-01 3.971964905767267906e-01 3.295750709812098056e-01 7.970489471060997200e-02 8.543371279922855333e-02 1.767937673645894603e-01
5.091608527116645577e-01 3.591274347752267948e-01 3.009072113053338771e-01 3.090062323388824694e-01 2.725659147282091799e-01 2.681756878199943461e-01 2.229194474656418512e-01 2.286612100890018373e-01 8.222696816906335804e-02 8.470072739192449629e-02 1.134320829423959565e-01 8.687782674437435904e-02 9.170376578992625594e-02 1.344637405700728205e-01 7.954277681627386354e-02 7.303399413085076564e-02 8.526368385474039635e-02 7.899058190742763719e-02 7.514550483375033452e-02 9.367053223884647117e-02 1.794400632536517215e-01 1.824554993870953212e-01 7.639383607365073103e-02 2.881797117596752722e-01 2.742808355566102585e-01 2.735496993685549993e-01 7.059171222783637567e-02 1.014218008272275151e-01 1.138932872436209803e-01 5.552973394695951415e-01 7.363487311913900768e-02 7.446666546810845611e-02 2.706392086826244769e-01 8.576281970201946048e-02 4.142817970599656507e-01 6.983198981636962177e-02 7.154482689039771970e-02 7.555747028975871860e-02 1.040792100729457936e-01 5.820581579679953155e-01 7.636055012717286872e-02 7.427362952999108647e-02 7.668060938651735658e-02 7.190293947364921612e-02 7.347429323398298184e-02 7.931340146477273978e-02 1.983397695402938088e-01 3.396785193922816082e-01 6.972306629232619124e-02 7.769371993797415110e-02 7.322138769511396528e-02 7.822883888565979049e-02 3.053501544930112277e-01 1.743884112127694341e-01 2.171416385978034158e-01 7.276536571807634690e-02 7.105114398475709248e-02 7.317688916558134915e-02 3.820927893993067981e-01 1.630613930585673443e-01 7.191631248602142756e-02 1.160409434173977489e-01 7.527784578789038783e-02 7.319525958021608214e-02 2.674424227746575733e-01 7.532621414697285300e-02 8.068584688830157670e-02 7.956495842667740681e-02 8.516913913792886759e-02 7.867080228611589288e-02 1.142531904123401942e-01 7.374810397094480607e-02 7.775959724613888679e-02 7.821989948919377822e-02 3.964503080583937078e-01 7.521986599900516712e-02 9.324610484921772025e-02 8.302324197758387259e-02 7.279129086988593567e-02 7.968735869978260666e-02 3.053663193754199701e-01 5.148472830868686678e-01 7.535027654866112423e-02 1.541158265146768125e-01 2.859413626574734968e-01 3.468993867972067768e-01 5.168967953317350483e-01 2.361581974998044064e-01 7.811559450298143081e-02 2.397891259638924022e-01 8.157061260331201213e-02 1.445145538869174462e-01 1.796922787180205705e-01 3.112526458411252750e-01 8.916842305579021633e-02 9.256885761624611408e-02 2.074258767470908982e-01 1.887403912346916901e-01 1.905731930247656358e-01 6.915231153662951269e-02
3.136168320580605129e-01 2.818315675931892805e-01 2.799724978692010868e-01 2.957034181334771694e-01 2.663297340217998799e-01 2.845629095265315711e-01 2.513962512210838329e-01 2.375830885853446872e-01 2.334708579640011328e-01 2.263799591002285394e-01 2.326782374910696671e-01 2.075995590271680902e-01 2.080246629604244335e-01 2.088093272802953315e-01 2.111790160520683468e-01 2.095167573796395399e-01 2.131036834461885188e-01 2.105143615511518018e-01 1.988223526201509661e-01 1.998245933706576660e-01 1.983604266723898446e-01 2.036379901613999399e-01 2.079877326989392206e-01 1.510349460609901329e-01 1.415908570693762136e-01 1.339149464205280082e-01 1.243930278499951192e-01 1.204056962028880184e-01 1.163935850178473980e-01 1.039720275211707262e-01 9.346180499885965720e-02 8.781275591422584015e-02 9.676123610600589897e-02 1.509231179096388875e-01 1.774749836535096381e-01 1.156741846065855311e-01 3.518791808842563484e-01 6.271199326220308068e-01 3.505703305617218213e-01 9.581783660993688223e-02 2.395187069656502521e-01 9.550407371661991107e-02 9.634057931952830223e-02 9.431234662689529091e-02 8.977819633763596541e-02 8.297274476121987985e-02 7.326534498974449083e-02 6.613030390941647407e-02 9.098939886325371762e-02 6.819397395726310707e-02 7.842093217298937158e-02 8.494103568844763030e-02 5.543203743890156021e-01 7.244564924083650437e-02 7.250611871027129451e-02 7.114493548299655190e-02 7.713032146665489697e-02 7.698685813527712807e-02 7.677335900757031872e-02 8.177166332827100204e-02 7.611548798409313588e-02 7.378472302236131763e-02 7.675959359989409370e-02 7.867181259126644621e-02 7.277807571769349948e-02 6.478476237081183531e-02 1.640226623269866735e-01 1.137219412942044316e-01 3.955279716205972740e-01 7.829412985601393038e-02 3.302787846008930495e-01 2.905314315326992802e-01 8.240408729076875716e-02 3.050472072771541199e-01 7.446555142626834489e-02 5.081381352406958429e-01 2.752401924617088880e-01 1.689810415530773324e-01 7.467608729288627289e-02 2.059672847683144681e-01 7.117992631941597037e-02 2.703241919284510297e-01 5.707538175561903682e-01 6.830441744932320980e-02 7.551040540473208384e-02 3.285613019272887736e-01 1.094879057581479714e-01 8.042262631425708963e-02 9.130489370825733975e-02 7.998804174963265734e-02 1.987224767395539549e-01 9.264393591774619519e-02 2.887314285776913514e-01 3.502677080868060178e-01 5.119287640832240749e-01 1.554453520104707720e-01 2.752377027811593324e-01 8.543140353031300482e-02 3.267857988721816209e-01 5.698534913377450994e-01
2.263727967583576972e-01 4.750595899773066288e-01 1.889968102901333769e-01 1.861122988795027022e-01 1.802208126410642375e-01 1.964524834367439021e-01 2.760474082358331249e-01 2.791315270783505387e-01 1.682163127187663310e-01 1.675714313329390581e-01 1.099693251829656493e-01 7.335435106939139360e-02 8.643110047677995955e-02 8.003396553107407219e-02 9.260993734531391963e-02 9.017519213831098890e-02 8.585535282911158084e-02 7.808873121067490264e-02 9.853461932441323623e-02 2.736274748239837518e-01 5.573385527792963368e-01 7.828698555530648473e-02 7.399793800174453429e-02 7.355457641112471412e-02 7.218198665828866323e-02 7.970410089942024656e-02 9.788455110410770876e-02 7.188460063105044096e-02 2.926588094388115069e-01 7.510003208139399977e-02 6.908453088572580336e-02 3.752615028768981897e-01 1.108534504366752993e-01 1.297697275319027177e-01 9.994756715978099504e-02 6.925486652999179871e-02 7.507917649650054648e-02 7.103048234237022140e-02 7.916537371905409126e-02 7.711478802496522789e-02 7.700722660875869430e-02 2.503392555396500851e-01 1.919989861684760768e-01 7.488709674004351280e-02 7.323496818086529248e-02 2.096231822025517166e-01 1.962623295744801155e-01 2.652742537980919968e-01 7.924542236107159909e-02 8.808910143464573905e-02 7.637172662790080169e-02 8.469487303440033366e-02 6.722051337267445636e-02 3.655935320680392397e-01 1.060426118448914157e-01 1.152323835766000393e-01 9.105005325461339172e-02 1.023576951993210304e-01 2.743870078032347726e-01 6.128643104538419317e-01 2.503435132542131125e-01 3.863383442181958505e-01 5.563991133185942628e-01 7.216240297541509641e-02 8.230818948670202972e-02 7.723319218037673350e-02 7.440258325570228704e-02 7.114721769016699171e-02 7.141763668840912793e-02 2.271310668561705437e-01 7.655726195233351905e-02 7.998663453888725516e-02 7.781216919629417583e-02 9.061667744793693025e-02 2.268160861843238896e-01 1.444333145281153641e-01 4.605953758778565388e-01 1.128550814338711156e-01 2.113357215973836745e-01 9.933838923632754003e-02 9.590571511687112638e-02 2.083767001819000764e-01 7.025507313932487230e-02 7.748427105145123950e-02 1.206667337961607744e-01 8.140193674607905383e-02 1.226436032965864675e-01 7.389031344146609892e-02 7.509429048114110716e-02 7.357830956158088742e-02 7.535694275853839497e-02 7.439874048789751892e-02 8.473391411200364987e-02 8.427910540320486532e-02 7.263723286529996659e-02 3.314212953968552755e-01 7.591805451239637403e-02 3.048689966650628413e-01 5.148430614546324335e-01 1.578144815061783279e-01
1.264118701170770520e-01 3.662698231193505238e-01 1.195140207222943618e-01 1.130894541876347748e-01 1.725102719790646555e-01 1.664334849513177117e-01 7.925641845016551112e-02 8.697493330638905729e-02 1.009303234538128646e-01 1.140443188430461663e-01 1.073336916214743531e-01 8.498087959782235634e-02 9.094893253374160269e-02 9.175637382240833806e-02 7.285883247537455754e-02 7.353851977569636489e-02 9.827859717456641220e-02 9.797743603388618661e-02 7.423645120250910168e-02 2.873618697403069189e-01 1.830723989284851194e-01 2.949766118246385238e-01 2.757207729724283629e-01 8.309181643967729347e-02 6.236133799384405707e-01 1.114841153857412948e-01 1.322495666268305448e-01 9.138299390462735483e-02 8.212942861912700399e-02 2.763466570131926647e-01 8.533658819605044465e-02 7.672298807935014342e-02 7.536125008630077671e-02 7.570029767012655120e-02 7.598514057850908054e-02 7.504848847755266061e-02 7.507814815018659660e-02 7.369201399392601159e-02 7.684588448444891473e-02 7.609866459922018378e-02 8.399586815836515563e-02 7.594457502259825687e-02 7.630877198820729124e-02 8.738038139211823374e-02 7.760808755588353980e-02 7.555512042822552787e-02 7.832676632060929511e-02 7.745614487770652312e-02 8.113131027445778798e-02 7.686632512258410876e-02 7.202735133647381049e-02 7.643608847833971431e-02 7.844606351360923491e-02 8.391998702509366470e-02 7.728611593321836615e-02 7.021057912008311919e-02 3.676413484435457901e-01 7.499496936631873389e-02 7.276458543775918275e-02 7.105355248007134972e-02 7.373123999345419788e-02 7.930328037210385150e-02 7.261266531103642563e-02 7.331445303652646406e-02 1.877931038679094278e-01 1.366051454807305776e-01 7.307858737649122749e-02 5.275334683683352566e-01 8.196932231451030393e-02 1.074074529180460424e-01 2.511346002282553447e-01 2.727874962971203465e-01 1.927202177578233033e-01 7.920995343382200571e-02 7.921470728037860454e-02 2.177239712701137531e-01 7.691723728570634688e-02 7.563709947472710415e-02 9.556408764667878586e-02 9.694081784651574496e-02 7.690711619303747248e-02 8.198254648728442451e-02 8.497265282731074343e-02 8.136045109083468729e-02 7.914568178920011743e-02 7.941247451359831344e-02 7.718031353044360610e-02 7.444148000399837539e-02 7.660084940311429058e-02 9.694799822954999757e-02 3.033282813104776210e-01 7.929908580161273979e-02 7.826166478247088831e-02 5.181987900121766133e-01 7.566394923616108492e-02 7.621457005350042169e-02 3.336425595173148073e-01 3.817767442988194149e-01 7.512774330838044301e-02 1.054974259280271193e-01
4.265253243561851204e-01 1.532176291535131130e-01 1.318130877400488510e-01 9.150942637775304200e-02 8.211124312641714107e-02 9.165493738117701239e-02 9.110449246518084743e-02 7.900465401488170059e-02 1.567535528511228293e-01 1.560142620572095573e-01 8.519082461633883940e-02 1.012531790934847603e-01 2.259246542594361695e-01 2.078333725048662484e-01 8.874239902320034401e-02 8.026010249374443406e-02 2.737108971635575649e-01 2.725494972695127749e-01 8.250461265324825211e-02 7.795099594867746506e-02 2.873207539289123202e-01 8.400101891051660330e-02 6.339991003921100488e-01 8.134225657754312611e-02 7.123867285774580782e-02 4.703906451356844598e-01 4.061428870141338687e-01 3.947815365259765841e-01 1.343712074429807002e-01 1.510582191617795278e-01 1.960648690410382589e-01 1.018455155909018528e-01 7.031332805595198743e-02 7.218748019254477011e-02 8.760903509708325987e-02 3.396519267174261114e-01 8.632299782567134927e-02 2.641993432413994869e-01 7.506709342731163193e-02 7.851409674080059298e-02 8.457544053267487816e-02 1.881165278042284950e-01 7.469808398136493222e-02 7.958398283348548652e-02 1.011170404744484580e-01 1.025944764483989330e-01 3.634433862137129156e-01 8.234512876876894094e-02 7.672946485701169494e-02 1.872938868353950514e-01 2.515285290311519706e-01 8.528349305215648934e-02 2.322117110466408729e-01 7.870541425810385905e-02 1.084499705658491381e-01 7.603726149957930336e-02 8.452542140714107421e-02 9.429746266708811941e-02 8.950473740336048478e-02 7.286387047025474906e-02 7.270392202581781038e-02 8.594717333024931571e-02 7.989938747267209818e-02 8.157829813892153448e-02 7.248943514441470726e-02 7.075557560473168250e-02 1.061179427226791316e-01 2.849074777063585473e-01 8.308891181236946477e-02 3.524689825982154079e-01 3.070526269186644730e-01 5.247973455266912168e-01 3.900227106082824746e-01 7.020918544021026442e-02 1.863185815418484659e-01 2.675816644737991079e-01 7.800243130553838333e-02 7.990977918279201786e-02 9.600301111110154384e-02 7.718702484322938207e-02 7.235832098938603518e-02 7.717049011697087180e-02 1.453183057576683257e-01 2.837613225953889984e-01 1.316701476024097484e-01 3.503358315198143447e-01 5.061327877638391870e-01 1.478038187984862806e-01 5.571830379507656250e-01 1.486445279924674956e-01 6.803879740054617764e-02 2.776334249517223851e-01 7.863801247163160202e-02 3.299393581526358643e-01 5.752698094144849117e-01 2.748597223667106904e-01 3.066218039366094827e-01 3.927498850328787761e-01 3.235207812842259001e-01 8.853012669460490203e-02
5.594886625512959233e-01 2.991638936857370368e-01 2.428710257433113195e-01 2.378097758034988518e-01 1.553693445890554636e-01 1.963726332475238534e-01 9.370582977504372801e-02 1.200732336437042164e-01 9.344706536835969968e-02 8.938171471011789604e-02 1.385387432507350358e-01 1.708595235688867564e-01 9.880776253832916634e-02 9.841117266383068996e-02 2.749746806599122628e-01 2.681734507157324532e-01 7.858362738455434982e-02 8.588332565296737109e-02 2.899946708391440420e-01 7.921399465442420518e-02 7.525272797814307191e-02 7.582358196023847308e-02 7.486390031419856705e-02 2.158218012067566749e-01 7.680996452811426900e-02 1.835728427601108770e-01 7.682261138365950592e-02 1.067568344422567261e-01 8.601828257580081127e-02 7.949080022451086858e-02 4.695624114061962007e-01 7.428071970720831474e-02 6.763192406290820247e-02 3.741514300927338832e-01 7.375095447476243127e-02 1.009261379039034512e-01 6.189438938619162833e-01 3.312660331446121709e-01 1.329779244757218204e-01 1.620904717677276174e-01 1.982825610111440540e-01 7.827736961521288006e-02 7.277835986601709217e-02 2.640692303709396560e-01 7.284695236927392348e-02 7.254143428763196177e-02 7.594056988432286437e-02 8.289964196711240019e-02 7.311634302120209594e-02 7.066445870896666259e-02 9.380692343417040835e-02 7.280871863373288011e-02 2.629187814630802866e-01 9.720167502815448002e-02 7.710718367459101774e-02 9.075149004146314258e-02 7.644362968464200880e-02 1.008799705667560997e-01 8.053356142801990081e-02 9.176213797411549022e-02 7.757407996286956597e-02 7.874901072946632885e-02 1.815051089402077988e-01 9.133357013748583109e-02 7.907252487160242038e-02 1.719666015199261822e-01 1.431692513937278810e-01 7.832944543337459764e-02 8.068797574558307650e-02 3.034810177998443770e-01 5.386841702326032877e-01 1.922877891122254934e-01 7.996104314860061346e-02 7.774492075971084493e-02 8.058744136252188328e-02 7.113933821205088714e-02 7.882026430432503838e-02 3.958793774013538713e-01 3.168391642534055808e-01 3.186563784782995845e-01 1.973748379157037602e-01 7.637798691160151143e-02 7.811879680948539961e-02 1.083167095123755558e-01 7.620667704451176971e-02 8.062457007680451371e-02 9.697173138000617088e-02 9.175998205508886785e-02 5.162030765165769308e-01 2.060520962774702591e-01 2.295826264274647421e-01 2.655744046336216968e-01 3.117391077711139658e-01 1.524585652445105410e-01 5.200545401620987329e-01 2.419675062389438358e-01 7.706528307258839194e-02 2.589688491477068477e-01 3.053037887030664033e-01 1.137775261186479564e-01
2.573432320781487981e-01 4.508268436241912869e-01 2.328546800691474739e-01 2.382771321414441645e-01 1.936623994753626510e-01 1.882662153369801805e-01 1.875673908725790373e-01 1.687821738088900736e-01 2.244486886403030124e-01 2.581652055239363475e-01 1.802497867494888828e-01 1.940796013790486163e-01 1.781936894799805160e-01 1.840398923982783375e-01 2.691220731286065315e-01 6.122489624525048191e-01 6.122969519471558320e-01 1.660345046226683885e-01 1.658533352597791055e-01 1.656370938752350919e-01 1.780101026011952636e-01 1.601048974059601504e-01 1.602932651930470964e-01 1.549993203276673892e-01 1.540524298664799618e-01 1.362775179533386727e-01 1.460296056865624248e-01 7.502184618949780948e-02 9.318124686678523616e-02 7.725371400374723974e-02 8.618586694264790404e-02 9.989904545080960374e-02 8.822990369442161585e-02 7.609635533030464916e-02 7.786926045788182538e-02 7.855264168641032385e-02 7.626669999515234277e-02 7.574296502157377986e-02 7.651921313871735963e-02 7.618746320548795692e-02 7.559448624677007900e-02 7.908094107432975250e-02 7.741613859786117269e-02 7.375562713608370402e-02 7.488923912819757389e-02 7.247010854811962444e-02 7.915859024161470137e-02 7.043646350646583232e-02 2.744377756370497967e-01 8.275006268134113552e-02 7.530293653589260894e-02 7.528285221073462152e-02 8.311943746084672624e-02 8.401326886046699138e-02 6.929899972596550994e-02 1.210378224861896335e-01 1.238952721517163486e-01 7.376748018043924326e-02 2.679819978897036159e-01 6.977205256125521005e-02 6.732496268819401775e-02 7.587959977260365363e-02 5.593235498238349201e-01 6.967163995604698512e-02 3.933725938288841761e-01 3.964771172272100186e-01 1.062015093915601449e-01 1.122714227360506883e-01 1.537552919052385114e-01 2.882976468448383289e-01 1.279611820860236393e-01 7.703878060354991952e-02 7.162641805188614541e-02 8.364483222145834007e-02 1.561631377376081209e-01 8.010686085180243610e-02 1.111991822715417411e-01 2.439382146820675279e-01 8.851688448066737103e-02 7.431658102976190783e-02 3.344319325808338128e-01 7.895416581909942000e-02 1.457408388251398013e-01 7.613962706072587017e-02 1.057351633587653716e-01 3.037685939444824124e-01 6.977771297627279046e-02 7.105497773198016231e-02 3.841493376979002727e-01 5.313067416116700192e-01 2.055021655346310760e-01 8.200430413034801025e-02 2.453981417069357740e-01 7.710287183653778686e-02 7.337929297779553772e-02 7.390845383126744272e-02 7.491302189185310156e-02 7.317603672061058495e-02 8.033579419480019190e-02 9.581809820680621537e-02
3.906777491691054149e-01 2.494726482556044178e-01 2.363269725834360735e-01 2.224111918102627539e-01 1.880015875521902913e-01 1.807852304381157571e-01 1.160729304001106160e-01 9.619108121899233588e-02 9.110974244373101771e-02 9.263166792663239668e-02 2.254050146299500235e-01 2.476394676010990059e-01 8.045867255873556667e-02 7.704893777854560089e-02 7.583211543052791048e-02 7.761791096935627410e-02 7.450064148908647210e-02 7.475161211318055721e-02 7.717095016663763629e-02 1.531952581108938505e-01 1.431063147951977810e-01 6.258151235200983820e-01 2.884175844991390680e-01 2.512456255478351941e-01 7.675371218062483625e-02 7.378406000960625877e-02 1.024448881420459700e-01 1.067443409366004015e-01 1.384499266033038523e-01 3.036056822389565646e-01 7.513647072117647652e-02 7.948649740703933597e-02 7.798608601149559227e-02 7.383230659083576952e-02 7.417182324491000678e-02 1.927410733427167566e-01 1.972356864223792083e-01 7.415493671596512515e-02 7.811742568106680440e-02 7.462288390201189670e-02 7.356389918231302782e-02 7.902111657648661081e-02 7.432815894637555265e-02 7.402350233028606730e-02 8.793862911128604021e-02 7.091551051829607377e-02 3.582063973011953562e-01 7.779005975054424649e-02 7.717227619214772627e-02 7.726259025614133635e-02 7.681842583375010636e-02 7.774576869439075999e-02 9.793528285559592594e-02 7.424864702896928625e-02 8.488850884120084650e-02 7.995755218348220283e-02 7.161749669658354356e-02 3.646342834099209895e-01 8.030931878750682817e-02 8.115855243119576845e-02 1.012680089298017283e-01 6.798679374703807399e-02 5.661601043659572063e-01 2.882941829414650270e-01 3.929449821739148807e-01 3.022282033308384408e-01 8.988819331090183717e-02 8.862573584005718763e-02 5.158654541846598995e-01 1.814441658902336829e-01 1.607310881465023045e-01 1.415533314494987482e-01 1.046400827813886852e-01 2.326550906784240758e-01 2.009804365863744335e-01 1.205201042406058437e-01 2.541935696889895402e-01 2.125127090566083232e-01 1.801066662002157592e-01 1.235702515724361322e-01 1.152941565200906737e-01 2.610110186390683928e-01 2.652007721395530648e-01 3.170681066169850348e-01 2.547927888902447591e-01 2.355905503345038232e-01 1.510290917034659841e-01 1.366016274538670583e-01 8.605388681177590648e-02 1.095557044502150912e-01 5.281629245594532396e-01 1.218307316177355409e-01 5.531257607131465637e-01 1.056708646523983747e-01 1.297395266243667189e-01 9.026333224211458006e-02 1.291999064064121294e-01 2.607711974539571043e-01 8.239381284821095663e-02 8.773235546952198871e-02
3.769099961416507716e-01 2.496119260370727733e-01 2.314780130133824165e-01 2.221365331386210007e-01 1.799073474269434203e-01 1.721082246526368931e-01 1.885952681162808842e-01 1.787412568304139471e-01 1.759703325845662913e-01 1.786515020424858380e-01 2.056875204474297725e-01 1.858272845800678363e-01 3.457731852129605765e-01 1.802949437814856948e-01 1.829660462702265566e-01 1.677942216597982372e-01 1.574933127152845780e-01 1.574921400396633864e-01 1.081551689352683449e-01 1.318430180301338184e-01 7.216127991299328692e-02 7.294256151472619520e-02 7.030763155860760005e-02 7.794422149181977344e-02 1.022704391125241752e-01 5.460524700248549079e-01 7.082435754020424690e-02 7.513977225407915406e-02 9.609139477061107160e-02 3.212672234812756766e-01 7.992726107012917969e-02 7.863539650293821515e-02 9.358254548493180613e-02 8.033313312319831367e-02 2.939091161861044910e-01 5.640552057494446769e-01 6.955877894809092687e-02 1.332897659851364214e-01 1.454762110403499120e-01 7.292394303409467649e-02 7.777390388871717464e-02 7.490004127478490370e-02 1.301121488132847837e-01 1.294100047748175386e-01 2.856100006092572308e-01 2.539871246561731799e-01 8.769779762102422604e-02 2.705907320765615909e-01 7.635626535086473266e-02 6.993634441578132355e-02 2.654256372002035125e-01 1.043127799949380291e-01 8.579965073710595080e-02 7.420926316926132471e-02 6.881045404160378298e-02 9.407921871340640951e-02 7.434187925114325857e-02 7.436206731299081774e-02 7.091116259791603593e-02 7.949158501511888186e-02 6.618440484817013358e-02 7.805051100600642056e-02 7.595162911748869206e-02 8.120971717060565531e-02 8.110096503761456133e-02 8.331593279204656255e-02 8.031407263406342700e-02 7.832900342487122969e-02 3.073043372304580800e-01 7.442843173256741274e-02 5.136714322209383621e-01 1.296211856130271012e-01 1.081927847609628485e-01 1.484509553297388984e-01 2.864163684487014971e-01 3.448780909319020815e-01 5.075137305753305572e-01 1.547069993570544533e-01 8.168004127993071239e-02 2.743114153285777235e-01 3.223547808935134928e-01 5.721934302310671683e-01 2.798951193193671694e-01 8.252283422828490811e-02 3.056310914895170594e-01 3.990953230248543981e-01 3.220908025906060734e-01 8.220053786467849954e-02 8.750584866300187281e-02 1.855280358027082965e-01 3.127865416359443262e-01 3.121820183326487474e-01 5.266358483244004685e-01 1.915630755783415407e-01 4.872270557286205728e-01 4.607049218220373166e-01 4.602028362445419463e-01 1.892678066056044106e-01 2.890535896325722720e-01 3.202741656829409256e-01
5.231566099622018129e-01 1.256804813527341302e-01 9.279159381961507580e-02 1.208134715986961261e-01 7.615764116238339654e-02 1.134555905783096036e-01 1.031661558137200174e-01 9.422374647342494913e-02 1.090304089160022000e-01 8.080124719000654487e-02 2.854779212519865106e-01 1.800427102759534215e-01 3.933530011254289249e-01 3.566951612076100231e-01 6.300459206673241219e-01 4.049610103996270638e-01 3.730033626184436901e-01 1.647263037820163312e-01 1.957549038126175367e-01 8.160552225449611841e-02 7.913833903569524042e-02 7.922637089251841069e-02 7.940458150460966147e-02 1.409774845754316608e-01 1.643728232674684653e-01 8.121568879569192323e-02 7.991329720965553718e-02 8.990431309040210206e-02 7.912521408931982858e-02 7.716684580196353505e-02 7.262348098849630285e-02 1.858961296596123025e-01 1.219591305776721174e-01 1.074625686722410906e-01 6.839794284040248695e-02 2.727140868032350007e-01 7.651362037806254401e-02 2.270649099099730783e-01 2.293389083510584958e-01 2.461198964900216668e-01 2.436094866437080730e-01 1.663097406115390253e-01 3.279985980407605362e-01 2.770691334428146968e-01 8.259566640494135636e-02 8.062788063028888952e-02 7.263324576818798450e-02 8.216667460097175357e-02 6.514184660774938185e-02 9.322769384196533116e-02 3.257612051202190551e-01 3.023560610558729267e-01 5.180895688089370843e-01 1.514983423635685722e-01 4.003906424748369663e-01 2.834942592535397710e-01 3.471326590400029000e-01 5.147338041690661115e-01 7.155195314994175493e-02 1.440980375474407438e-01 2.758118447652848637e-01 8.283336775335281565e-02 8.827246279888843750e-02 3.316129647168449268e-01 7.737135140971412861e-02 2.679475753499314106e-01 5.778533761783961609e-01 2.735278695608377997e-01 3.047186776915921103e-01 3.989798234967507073e-01 3.271685601949320121e-01 7.631295753811670468e-02 7.861561436726723084e-02 1.775574317702597049e-01 3.054823962207525168e-01 6.814335496304615991e-02 5.332538161307363023e-01 1.774995918003908491e-01 7.031135254855939987e-02 9.650200262907339399e-02 1.432561376366749684e-01 1.204975798480976551e-01 7.184242039101507160e-02 7.538318814099838339e-02 8.724859069346195539e-02 8.652476117658475241e-02 7.921345341952212848e-02 4.845384893937059179e-01 1.747747988093636962e-01 4.583117254143506680e-01 4.551151560003445784e-01 1.042217352638266231e-01 1.929750852732123600e-01 2.863669897844685064e-01 3.168856743726575775e-01 8.468779187776480366e-02 4.967601868822081879e-01 9.900561997736589959e-02 2.107892908402445864e-01 2.685216090870765071e-01
3.392836704900514810e-01 3.114039390374198080e-01 3.234759670343337890e-01 3.118861432528454714e-01 2.930238182567736493e-01 3.161338990936696791e-01 2.720193396417628362e-01 2.722145811121061687e-01 2.602416532257629256e-01 2.615855936111155522e-01 2.492585537695053144e-01 2.482407434949821246e-01 2.449220173635767717e-01 2.379178423722806412e-01 2.263830080568435821e-01 2.290742264427784169e-01 2.299906453789787864e-01 2.155803923992659910e-01 1.875034169071532753e-01 2.033654062235495108e-01 1.785931749612051089e-01 1.809987656481493734e-01 8.605965998406475692e-02 1.251995129570015186e-01 8.707437619906439885e-02 8.828434290498907155e-02 9.590581434326983512e-02 1.207227876908527758e-01 7.439682361428599788e-02 7.975213549697977855e-02 7.378355034674013990e-02 8.287303125109350688e-02 7.915058898564562850e-02 9.758929844444184931e-02 5.566227154978065084e-01 7.700787609064119188e-02 7.616371201386838707e-02 8.201696000647495932e-02 7.774625580580263318e-02 6.483863328473210563e-02 7.087998295726542775e-02 7.562015431200118376e-02 9.218665556956125162e-02 9.623143028094234552e-02 2.759074629313188476e-01 2.822755606245281879e-01 3.710512004912978612e-01 2.011895517113744258e-01 3.441895679718038337e-01 7.795826653752872815e-02 1.364630081748628987e-01 1.465531331867618581e-01 8.782742338007218375e-02 7.938000041947357310e-02 7.126802132031105630e-02 2.912099236059456642e-01 8.265394838331358018e-02 7.238943748596474159e-02 6.138240281822086031e-01 7.898940923180647333e-02 8.051787463644131948e-02 7.879004535562562916e-02 7.001066047812763704e-02 7.841673760249825986e-02 3.049136305033209871e-01 5.142874297041580833e-01 2.333725697057835724e-01 7.751468845294808008e-02 1.512275715626401063e-01 9.678941640324080498e-02 1.193963201722555573e-01 2.835859624871153728e-01 8.937613097004477869e-02 8.846954446789885573e-02 1.132931118607054533e-01 3.494809690331437957e-01 4.993957482790458702e-01 1.467210873974587049e-01 8.289643966060843139e-02 1.856072545512092720e-01 2.794020362824097270e-01 3.271035398420288898e-01 5.794170398928295551e-01 2.731577370524692627e-01 3.025999956262399593e-01 3.985102841780336358e-01 3.176756969180590251e-01 8.078918667227187600e-02 3.212993728344591959e-01 1.794042876266242759e-01 1.740754872335506798e-01 3.126676142867941266e-01 5.380846984550604617e-01 1.964481174752004677e-01 4.866005222059737734e-01 4.593939065598944826e-01 4.481607926612031223e-01 1.498561454648435209e-01 1.012285168231133597e-01 1.799296463049090689e-01
1.305407797939863446e-01 4.541337167112411421e-01 1.022318941669144304e-01 1.444169060900006574e-01 1.770561941274442219e-01 1.201637190987501491e-01 1.575363769723266694e-01 1.774717362440971780e-01 1.325980587596976012e-01 1.118588844731042836e-01 1.041682883172463103e-01 1.054949091857324411e-01 1.136410447175070088e-01 1.044752857742872881e-01 1.305663351019461793e-01 1.417186336091754151e-01 9.958370395569490774e-02 1.015873375220284064e-01 1.183441505020320500e-01 1.262992210927909864e-01 9.908946628427965642e-02 1.074348935275814543e-01 9.552004916681294810e-02 9.232688953268994303e-02 9.308198438574392941e-02 2.247586899510505276e-01 8.574609554354521712e-02 7.832231917383054853e-02 3.549883589027401087e-01 2.801011674465886947e-01 2.795649119056087262e-01 6.119271080974018062e-01 6.380379395607316262e-01 7.824165713225736396e-02 7.770179335859683789e-02 7.384089418461542431e-02 7.571127571805705281e-02 2.787944098990088881e-01 6.821148290634537759e-02 7.431698244564761968e-02 7.924277031005140526e-02 6.791007369966836626e-02 5.372679389054962895e-01 7.845505703356545069e-02 7.765302809391951000e-02 7.255897931904102538e-02 7.982992899357194139e-02 7.156496533904591062e-02 8.514224878387724460e-02 7.418188570379781466e-02 6.685332608423143197e-02 7.927593898896716229e-02 3.733357530129738366e-01 1.011076500488973795e-01 2.687608349137954877e-01 2.885944600651385028e-01 8.101496281167418212e-02 3.046409924419803406e-01 7.286096133265607122e-02 7.555785817477186916e-02 8.020231664736578170e-02 5.068524136896435106e-01 3.298548533432578700e-01 1.493015420606830235e-01 1.353627046806811507e-01 8.127128264071716013e-02 2.836343669285246172e-01 1.746480957187869776e-01 3.432234636715926213e-01 5.084660153443754105e-01 1.529188494464020498e-01 7.636850628023342247e-02 7.903118354566528170e-02 2.757170745339307949e-01 3.298097865170780962e-01 9.340830392878914090e-02 5.672860894562425926e-01 2.774269799189059693e-01 3.095705599301169508e-01 4.041880908771313119e-01 7.141442085103259785e-02 8.289164071114332732e-02 8.448484683064853840e-02 3.229530258719449098e-01 9.317413864840459747e-02 9.125095062968345550e-02 1.801986761335692133e-01 3.113658721826402243e-01 5.309281297565022761e-01 1.852172948042612732e-01 8.602772712484209328e-02 4.928828522083669728e-01 7.757966370294268332e-02 4.639927434405339834e-01 4.528718455782070329e-01 1.967380750534076794e-01 7.924843523535983481e-02 2.915043914750035103e-01 3.246937094816849667e-01 8.528074177473758677e-02
