2.536406384064858743e-01 1.142183497774603845e-01 7.644777101227587246e-02 2.027628212685641529e-01 6.400755872349599140e-02 2.092646910452704290e-02 2.424790341995245249e-02 1.474825989930912407e-01 1.186945420455195604e-01 2.450473530121427893e-02 3.944886199467665389e-01 7.495277565335468906e-02 6.615404071372753270e-02 1.326462573692095692e-01 3.182894056981241254e-02 1.171615891396499270e-01 3.188367444812761908e-02 3.090760849713577452e-01 4.997661400293099826e-02 1.577992846966967122e-01 4.504990528591199667e-02 9.716157411567646895e-02 2.608340484053889644e-02 7.340393750078737234e-02 1.936901802014339563e-02 1.324265025900440429e-01 3.983749354435307810e-02 1.472358350386128792e-02 1.250429058632633768e-02 3.473756594752824833e-03 9.766367771709024564e-03 1.606027168642394642e-01 1.417707196647664813e-01 3.126996714683188267e-02 3.830068104488694447e-05 2.948256035878745948e-03 1.171433737730414627e-02 1.223227515429428786e-01 1.840302770980228528e-02 1.327962681483058349e-01 1.311282028670160589e-02 2.981607074081190495e-02 1.185244432920326135e-01 1.109918784882161918e-01 1.334215808299334671e-01 6.153558132534405756e-01 1.689584417457609122e-01 1.245033607460229452e-01 1.428608008301506804e-01 3.503537442379642819e-01 1.656518419951099608e-01 1.652730219526286348e-01 1.849813463950768233e-01 3.612912100611791709e-03 6.414705736345141518e-02 2.901966714276729351e-02 1.123711498781437834e-01 0.000000000000000000e+00 0.000000000000000000e+00 5.399337365543111118e-03 3.310963139579774228e-02 5.251294952581500759e-03 1.569708153503365095e-02 1.292367067498065014e-01 0.000000000000000000e+00 1.360196725103158567e-02 2.118031651713602262e-02 5.651999502544506615e-02 6.135782935152916256e-03 1.477185635333712679e-02 1.217151169171680307e-02 0.000000000000000000e+00 9.404185742974193254e-03 1.398644102624163783e-02 2.147672984740739421e-02 1.251672959631580095e-01 8.021826146178552899e-03 1.769869177775295829e-02 0.000000000000000000e+00 4.559353077295051800e-03 3.272074874644144427e-02 0.000000000000000000e+00 1.234501651660300375e-02 2.308816071308032389e-02 0.000000000000000000e+00 6.680408564984196239e-03 2.625316045992938732e-02 2.165231209655195041e-02 0.000000000000000000e+00 2.750211537192440159e-02 2.063006508409549397e-02 0.000000000000000000e+00 1.639157164647823614e-02 1.338436038491167338e-02 0.000000000000000000e+00 2.749525534994962887e-03 0.000000000000000000e+00 2.586938492270629639e-03 8.557048837785394269e-03 8.170850082253265298e-03
1.391847227962954014e-01 2.153540019199652877e-01 2.002606555177964265e-01 3.720108149926445451e-01 1.278517856170815481e-01 1.148970849799648419e-01 1.193590624525865673e-01 1.598874019710808392e-01 1.639676866506462882e-01 1.703264987686293197e-01 1.099298651599307924e-01 9.534401674636641677e-02 7.126324357097348072e-02 4.484580699737986120e-02 4.906345171369495828e-02 5.892850910746991883e-02 2.332958613940695064e-02 5.683744992370071830e-02 4.646079821179775055e-02 7.446355687026034141e-03 1.132182495439732761e-01 1.334985279860739227e-01 5.528192996609244264e-02 1.536090055895620865e-01 1.257513367948590866e-01 1.333693818880052340e-01 1.330884162419597146e-03 1.649092492712606398e-02 0.000000000000000000e+00 4.100660461004457247e-02 1.573160029314571995e-01 4.137143329324427521e-02 9.425156822171211826e-03 1.439886826051833997e-02 4.708901024354266579e-02 1.517986939355910336e-01 0.000000000000000000e+00 2.138870052393327670e-01 1.623065505501414263e-02 3.629655182550609732e-02 1.538089383897605633e-01 9.358003617527888354e-03 0.000000000000000000e+00 2.234956856040202708e-02 2.886185471789667195e-02 4.222241915221263547e-02 0.000000000000000000e+00 5.534383774098227543e-02 0.000000000000000000e+00 0.000000000000000000e+00 0.000000000000000000e+00 7.788933853041176379e-03 7.976492546133548064e-03 1.052422065301056135e-02 1.059054661188647481e-02 2.108093264701447686e-02 0.000000000000000000e+00 1.336394523614998706e-02 9.483351300947519616e-03 6.096971542894707129e-03 2.735609984409066026e-02 1.687921839661908358e-03 0.000000000000000000e+00 6.707635856544405702e-03 2.370572494801833664e-03 0.000000000000000000e+00 0.000000000000000000e+00 0.000000000000000000e+00 1.532056501292074430e-03 2.659611633944604717e-02 0.000000000000000000e+00 2.264070055153772146e-02 0.000000000000000000e+00 0.000000000000000000e+00 6.135094007005779428e-03 0.000000000000000000e+00 1.079677020385321103e-02 6.609741560795049861e-03 1.031644630772420891e-02 2.788465669038196065e-02 1.017588634602860712e-02 5.955956729024741714e-04 1.675977847155772291e-02 1.179373169134177203e-02 1.997745329214328531e-03 0.000000000000000000e+00 0.000000000000000000e+00 0.000000000000000000e+00 2.567829647034268817e-02 0.000000000000000000e+00 5.451049535846162926e-03 2.905333950344145266e-02 0.000000000000000000e+00 3.049174167603643446e-02 0.000000000000000000e+00 1.188641779669694261e-02 9.209538271842745982e-03 4.295607974973730120e-03 1.101472153404669217e-02 2.346810325624926544e-02
6.061359011600772617e-02 1.427825024172583168e-01 2.712422365347145758e-01 1.406250880151165839e-01 6.085610878352536862e-02 6.768558916376052337e-02 4.968044937838069636e-02 8.005849397055139760e-02 1.598772622255330011e-01 3.259599157286221377e-02 6.699539487840716623e-02 6.134968457165837497e-02 5.199431164886993834e-02 5.154561460860757061e-02 6.023020027214887051e-02 1.014129683313385738e-01 5.339834721273515467e-02 7.711065820744195110e-02 5.949579222748387769e-02 1.148260322824114638e-01 2.059664541907375856e-02 1.723785337638014323e-02 1.014668590041609558e-01 1.278808748766069869e-01 6.287828579239782001e-02 6.214705373309067221e-02 0.000000000000000000e+00 0.000000000000000000e+00 6.367217998961614001e-01 5.096232920390954442e-04 9.384278645471592212e-03 0.000000000000000000e+00 1.803856264234665052e-01 0.000000000000000000e+00 5.250420359628687333e-02 1.284108973576823520e-01 1.643082033521285068e-01 1.498601086485407130e-01 1.379805774733608957e-02 1.815832867779735293e-01 1.242880002112553700e-01 1.150630235650265953e-01 1.565443395677620919e-01 5.530089543979548050e-02 2.373908715802857394e-01 0.000000000000000000e+00 0.000000000000000000e+00 2.525089236373990152e-03 3.240796951574192453e-01 2.352836983937545492e-02 6.785117663486312780e-04 2.369561712192134757e-03 1.349638967747139873e-01 0.000000000000000000e+00 3.664166758786242773e-04 1.199390920732996794e-02 0.000000000000000000e+00 8.846787544892247002e-02 4.971552885484572561e-03 2.695369398739827504e-02 0.000000000000000000e+00 4.768823409402311864e-02 4.279499292120209943e-03 1.575537390012584360e-01 8.909599172231488437e-03 9.625057702918857899e-03 7.522272376895448864e-02 6.564908564137271474e-02 1.843920707734392206e-01 0.000000000000000000e+00 1.670197234609987688e-02 2.097101269816393707e-02 5.884465139022420493e-03 1.987956431630239981e-02 1.791590630062305650e-02 0.000000000000000000e+00 1.737160252525433712e-01 6.486303724516904491e-03 0.000000000000000000e+00 1.981176607275683677e-02 0.000000000000000000e+00 3.852672927577496104e-02 0.000000000000000000e+00 9.054577317913169165e-03 0.000000000000000000e+00 0.000000000000000000e+00 1.203250939922183294e-01 9.799009666112139250e-02 0.000000000000000000e+00 1.538410998964286416e-02 3.599653292726776033e-02 1.477026836065820428e-02 0.000000000000000000e+00 1.079329630362092958e-02 1.977894356746109222e-02 4.733840755271473411e-03 7.636151401630924575e-03 1.139073532480898605e-02 5.736520612376696387e-02 9.350377528733133659e-03
6.364390574006861812e-02 2.188023240323130059e-01 1.935275452795333917e-01 1.255154626930231054e-01 2.643782565480378155e-01 4.731581922134219659e-02 5.642156607889426551e-02 1.322963776288164639e-01 1.866533377688190526e-02 2.970476495580438511e-02 5.508388041349308872e-02 5.096314314990577077e-02 1.347154304495245397e-02 3.415685271857647753e-02 0.000000000000000000e+00 1.269629246697460689e-01 5.321307608028578821e-03 1.141868559193055382e-01 9.442622081685118213e-03 1.628644546715190544e-01 1.770878577208792326e-01 1.532965992844464720e-01 0.000000000000000000e+00 1.167519136280304182e-01 0.000000000000000000e+00 1.430036350527181047e-02 5.593309208298600892e-03 1.511501545335742214e-01 1.429422965080347913e-02 9.922323016532037798e-02 1.185890163410669718e-01 3.288635483722369274e-02 4.836472429515235177e-02 1.245089466499186559e-01 4.502206620487749639e-02 4.053822390843543622e-02 0.000000000000000000e+00 0.000000000000000000e+00 1.857421039464041482e-02 1.840899664710798217e-02 3.445346687539267011e-02 7.172483074946374437e-02 2.330877997737256652e-02 3.385057760797494791e-03 1.036470319747463120e-01 2.157784800769084119e-02 4.708329666184363216e-02 6.998487488503621345e-02 9.013496984691610550e-03 3.303385674748453571e-01 1.810171633980064976e-01 3.313814344525396749e-02 9.225064956709419506e-02 2.436552393631635435e-02 4.298762414702261836e-02 4.194997865949366689e-02 2.842031561448351423e-02 3.986024679288825007e-02 3.542358410473101654e-02 2.095063079883020471e-02 0.000000000000000000e+00 9.464614583308781151e-03 0.000000000000000000e+00 3.837792611590184338e-02 1.178928690781333270e-02 7.128874189228025064e-03 6.065663881536396615e-03 8.643909643363614087e-03 0.000000000000000000e+00 5.652056957556005762e-03 0.000000000000000000e+00 0.000000000000000000e+00 2.406366966965514317e-02 1.707372755013025420e-02 0.000000000000000000e+00 0.000000000000000000e+00 1.758674760372878551e-02 4.533360004500369645e-04 0.000000000000000000e+00 1.092847783785123698e-02 0.000000000000000000e+00 0.000000000000000000e+00 2.044186534203223590e-02 0.000000000000000000e+00 3.444005006622603490e-03 1.100223570886267295e-03 1.477288309567224150e-02 0.000000000000000000e+00 1.065906437305289174e-02 8.002573397418021039e-03 0.000000000000000000e+00 2.104449925384329831e-02 0.000000000000000000e+00 0.000000000000000000e+00 1.279853605389532842e-02 0.000000000000000000e+00 0.000000000000000000e+00 9.577101387997109458e-03 1.020697057123108945e-02 0.000000000000000000e+00
2.932724882288956780e-01 1.718020073028171946e-01 1.147293269862056236e-01 1.233192874377536663e-01 1.011749981855645797e-01 1.043657303296931932e-01 1.856086700021069014e-01 1.254413031689220193e-01 6.638578656658918054e-02 1.731130801260866853e-02 0.000000000000000000e+00 1.759037844126099537e-01 1.512230053601911761e-01 2.822320502572948659e-03 5.205197413679903823e-02 4.068615992322760500e-02 1.254538155936484045e-01 9.821870376798448599e-02 1.135303579342144681e-01 3.584325306441536046e-02 2.542501296803174882e-02 3.434068481578414489e-02 2.211050783339124984e-02 1.026837242282522544e-01 3.313309219215970769e-02 4.680212885927618333e-02 6.325223279871870774e-02 1.046949049863128700e-01 3.092870831811781948e-02 6.590587230341252156e-02 6.880100905319734561e-02 7.503351058432729259e-02 4.794729767688898914e-02 1.258843451464785601e-01 4.106894595747487969e-02 4.446842599014023956e-02 1.734353256019214584e-01 0.000000000000000000e+00 1.225701326068040151e-02 0.000000000000000000e+00 1.710719110439688426e-02 3.416368082110041778e-03 0.000000000000000000e+00 1.478284595426336730e-02 1.030753280107920417e-02 9.932747909173966164e-04 5.177153516169226422e-02 1.989197965269916615e-02 2.052195656407970747e-02 0.000000000000000000e+00 3.425978496764891038e-03 0.000000000000000000e+00 1.331490525587247231e-01 4.554019869051771814e-03 2.362931244267932329e-02 0.000000000000000000e+00 1.179356943413337362e-02 1.316427843137511419e-02 0.000000000000000000e+00 1.204674653827486792e-02 3.068607793252226337e-02 0.000000000000000000e+00 0.000000000000000000e+00 1.538657443724256516e-02 3.058418572555612544e-02 0.000000000000000000e+00 4.298569834015571883e-02 0.000000000000000000e+00 1.090764773622872720e-03 1.550741349823209041e-02 0.000000000000000000e+00 4.914496867121295742e-03 2.219521008610691667e-02 0.000000000000000000e+00 0.000000000000000000e+00 0.000000000000000000e+00 0.000000000000000000e+00 5.872495344960194236e-03 1.429922371488166234e-02 3.822742058531765352e-02 0.000000000000000000e+00 0.000000000000000000e+00 1.283740463516961326e-02 1.690095660661778132e-01 0.000000000000000000e+00 1.846016751672399647e-02 0.000000000000000000e+00 1.076007081525842506e-02 0.000000000000000000e+00 9.610818967893281287e-03 1.872971796916549775e-02 7.010804140598228193e-03 3.512174313784097949e-03 2.326614091096868182e-03 0.000000000000000000e+00 3.088954049199197846e-02 1.563185945716569865e-03 7.386538636165737061e-03 1.202360493642123246e-02 7.388871416030752363e-03
1.097042584814459515e-01 1.923091372819851763e-01 1.366577237127799271e-01 2.075810623717455061e-01 1.093079997789930813e-01 7.178049295180732869e-02 5.734813453747999307e-02 2.892396464930844374e-02 3.317332665993420054e-02 6.697048174703232326e-02 3.997007098338629244e-02 2.717062921507358911e-02 3.181056826590401843e-02 2.504499062623572955e-02 2.360019658361151712e-02 1.019407777304895402e-02 2.444633600596179610e-02 3.204834157506454562e-02 1.797271068731560173e-01 3.348350392340002091e-02 2.076344955324392616e-01 3.109996149174320407e-02 6.072398885662075307e-02 3.396816354493378126e-02 8.869996709583478911e-02 1.327972682910986135e-01 2.550377155300696114e-02 4.918888451565014280e-03 2.872264335299874738e-02 4.365550407628975699e-02 4.728402212840445568e-02 8.915782501848611152e-02 9.161363840673640568e-03 4.453878975954647657e-02 2.697064587574462408e-02 4.699304973452292367e-02 3.724656512072837405e-02 5.212384078034863755e-02 4.279555949145437410e-02 2.737752151953526947e-01 5.885480177558897324e-02 4.253351675984412550e-02 2.365232157881200503e-01 0.000000000000000000e+00 0.000000000000000000e+00 7.150004865679207740e-03 1.795114271438801382e-02 1.645851737469114853e-02 1.266915188992249336e-02 0.000000000000000000e+00 2.463508635855192128e-02 2.471499936366557473e-02 1.388840974284912509e-02 1.881321393263511374e-02 9.255528880584054305e-03 6.354143898298750259e-02 5.423465810418322437e-03 1.048151774770501171e-01 2.595417362393463365e-02 7.163637131138965615e-03 2.217098455290208775e-04 1.019064749606614362e-01 7.491327001304087796e-02 2.396092095742499272e-03 0.000000000000000000e+00 3.836849125822656970e-02 3.825055154735434310e-02 9.786304128708222042e-03 1.418950725253018304e-02 2.514825802954190684e-02 1.478482895014634341e-02 1.581301165048054624e-02 2.207825189834778865e-02 0.000000000000000000e+00 1.232803802871429606e-02 1.503385918563383654e-02 1.146497198758291043e-02 0.000000000000000000e+00 0.000000000000000000e+00 0.000000000000000000e+00 0.000000000000000000e+00 0.000000000000000000e+00 6.123243910884174947e-03 0.000000000000000000e+00 0.000000000000000000e+00 8.845874648598433740e-03 2.405210684859103096e-02 7.854605463175019786e-03 2.167990380184249815e-03 0.000000000000000000e+00 5.101893303005269019e-03 5.093865561120868891e-03 0.000000000000000000e+00 2.014773026256403907e-02 1.501057793618280553e-02 0.000000000000000000e+00 0.000000000000000000e+00 2.152939827125830569e-02 0.000000000000000000e+00 3.272533982745286230e-02
1.494378462334761959e-01 1.247083261796360226e-01 3.975839980514412342e-01 1.315000298898107989e-01 1.066746982843880948e-01 1.363026517417180727e-01 1.630419800172330513e-01 1.196212594615425062e-01 1.618145654146415854e-02 1.397483138998297236e-01 1.076012933425161966e-02 0.000000000000000000e+00 1.252296346506340807e-01 3.869211991026409378e-03 1.951832710331221354e-01 5.320065409400343004e-02 1.210914268076243999e-01 1.844343746856093591e-01 1.133386497125138531e-01 1.586053040293046446e-02 0.000000000000000000e+00 0.000000000000000000e+00 0.000000000000000000e+00 0.000000000000000000e+00 0.000000000000000000e+00 2.132332230675167140e-02 0.000000000000000000e+00 8.990924081053641714e-02 0.000000000000000000e+00 3.621108749590180170e-02 0.000000000000000000e+00 2.929292158148249364e-02 0.000000000000000000e+00 0.000000000000000000e+00 0.000000000000000000e+00 2.091446074112839407e-02 4.243680348377557726e-02 1.251356425077490286e-01 1.335233081197369776e-01 6.198355698601760999e-02 2.488841082415809147e-01 2.257656799092485900e-01 8.100063912114344178e-02 1.218781455122955465e-01 1.336048516767973371e-01 5.980709199163730672e-02 1.635463020204797058e-02 2.747456356594739357e-02 6.171576343334902320e-02 4.547052916916708570e-02 4.251821670307836393e-02 1.051280944933790651e-01 3.883431308386062902e-02 5.084413147747641332e-02 2.258073454324020790e-02 3.186624961991810223e-01 2.665340111387362598e-02 1.017406534135860685e-01 7.433025060376644011e-02 3.193739222392465160e-02 1.635898348315069084e-01 1.450692863536245658e-01 1.230010079536848489e-01 2.952855628743723815e-02 1.578497493484630476e-01 1.365480803991699355e-01 4.371892004523143110e-02 1.437210380099520311e-02 4.266223726523506871e-02 3.968074510117687581e-02 5.272997519193434179e-02 1.479614572544361850e-02 0.000000000000000000e+00 3.074799368727480428e-02 1.057471296830096164e-01 5.662425459168129310e-03 0.000000000000000000e+00 0.000000000000000000e+00 2.623491583382431703e-03 0.000000000000000000e+00 0.000000000000000000e+00 3.502623748099559925e-02 0.000000000000000000e+00 1.687667016046094648e-01 4.445382550133856331e-02 1.739635605937502050e-01 2.291044917056981114e-02 5.519320453259474873e-02 3.594163147183568330e-02 1.744668026555770135e-01 1.859814040692961690e-01 1.386838746932810285e-01 5.711487783061228174e-02 3.617598141989441379e-02 3.533738562775757229e-03 2.120455402013491156e-02 4.945996045184601966e-03 7.245592981105908673e-03 4.523078749387188235e-02 7.049922491575277839e-02
2.915084065795471857e-01 1.596907462345011630e-01 1.629974736629554721e-01 9.202431938105715137e-02 7.584254630503890759e-02 5.616846611342561635e-02 2.666603057658639003e-02 4.185831663651937845e-02 4.876529212346761982e-02 1.580907757816542650e-02 1.289318972739890434e-01 0.000000000000000000e+00 6.690489791538827002e-02 0.000000000000000000e+00 0.000000000000000000e+00 3.288631759786438818e-03 0.000000000000000000e+00 0.000000000000000000e+00 3.123640118432716335e-03 8.158483955009867422e-03 6.289491050637313271e-03 5.023060771302296362e-02 0.000000000000000000e+00 1.463301259411462496e-01 1.010148689405543504e-01 0.000000000000000000e+00 0.000000000000000000e+00 0.000000000000000000e+00 9.750328247665642335e-05 1.917320548905656064e-01 1.918210888787546808e-01 0.000000000000000000e+00 1.644510109751535776e-01 0.000000000000000000e+00 1.951530486330921299e-02 8.782016063271883000e-02 0.000000000000000000e+00 0.000000000000000000e+00 0.000000000000000000e+00 2.599026654296359914e-02 6.337416510089924349e-02 9.472469428167836977e-03 1.136610574455570316e-01 1.212344791464391724e-01 1.177360009370164995e-01 9.402906304986653058e-03 0.000000000000000000e+00 1.142837846516672196e-01 5.289661068500594449e-02 3.916817723979847121e-02 1.063525033476838133e-01 1.236854992971561096e-01 3.889133718277307250e-02 5.780181633198071961e-02 2.017346319183443426e-01 0.000000000000000000e+00 3.345221488172135660e-02 8.102759509737157695e-02 5.025483989611338048e-02 7.378344381146161035e-02 5.399984798404165731e-02 1.980985808758331523e-01 2.686355345824700813e-02 2.279138376706488500e-01 1.180397889904073183e-01 7.077695605744724339e-02 1.130262221277643364e-01 1.003319203705399926e-01 3.516535042758679036e-02 1.499889142724671921e-02 2.386327403741959289e-03 1.320393090116276091e-01 1.254925658069591943e-01 1.489627837268261111e-02 8.067151766360847187e-02 5.292714163972733060e-02 5.110810533586203352e-02 1.696140459862287009e-01 1.631764460237738745e-01 1.894454651308585813e-02 3.994039387397468194e-02 2.846621312482656291e-02 1.854378317813423424e-02 9.333939011554343718e-03 6.998611974361869381e-02 3.636405082420010593e-02 1.338554273456959640e-02 1.500039563136720648e-02 2.492473941513237076e-02 5.228179418279377266e-02 5.661763130563352703e-02 0.000000000000000000e+00 5.190786845610678019e-02 4.869755372889236766e-02 7.824672466165899509e-02 4.424368911669059740e-02 3.257471193897381462e-02 0.000000000000000000e+00 1.371548797993146496e-01 3.793759729166609317e-03
1.086421387549911105e-01 8.660778541137797992e-02 1.767254229964919654e-01 1.478570460708085177e-01 6.782316199684904068e-02 8.647468662131448797e-03 4.497434662588275719e-03 4.022646131224493632e-02 5.098446002315347447e-02 1.194277637505952727e-01 8.753700850429127489e-02 3.419101451083007143e-02 8.584672462526776737e-02 5.794795421770931702e-03 1.843718019221604956e-02 2.164803622011749959e-02 6.730140878150271400e-01 1.226279546919872704e-01 1.169769351165833304e-01 1.958387050365188037e-02 7.053192107322230064e-02 2.125832446302581835e-01 1.288618340794114858e-01 3.869419201461397895e-02 1.263236312686537577e-01 3.779949459569375558e-01 1.150779618680162486e-01 1.325475305077843113e-01 1.445139091887711613e-01 2.237622662175572236e-02 9.904588569649443175e-02 1.177577912821182321e-01 3.576172014717195202e-02 1.180436299643241871e-01 6.315031931211867629e-03 6.522553580845796319e-03 1.248492079957942008e-02 0.000000000000000000e+00 0.000000000000000000e+00 0.000000000000000000e+00 1.632238676878941530e-01 1.709354154923459213e-02 1.747918490632223709e-01 1.595097948677311472e-01 2.671786776473853570e-02 5.702742917514789373e-02 6.375548018045398835e-02 1.430306229483970792e-01 1.044059275581083746e-01 1.332309472297442399e-01 3.419411335751506437e-02 1.040317677554486175e-01 1.431827829705160926e-01 1.536684928060971234e-01 1.349732172543571251e-01 2.069821470759564408e-01 1.641789295762564604e-01 2.440180837205031816e-02 2.043281085781271933e-03 3.116714395588312397e-02 6.584960363150312024e-02 5.113775850568552661e-02 5.809969928696750996e-02 7.697618688099266970e-02 1.184146723006192919e-01 1.177373628335853656e-01 4.745211527639740801e-02 1.154199575040537051e-01 1.057009954367395688e-03 1.609832073579810230e-01 1.184435700434397498e-01 0.000000000000000000e+00 3.637974189423856790e-03 1.244220406251184130e-01 8.006603228085636473e-03 4.160119482024581677e-02 1.771996928367797208e-01 3.948752602547019042e-03 1.330174353631707190e-02 6.056335422030568842e-03 2.436675017521917549e-02 2.886779173575153290e-03 0.000000000000000000e+00 6.396386631521463161e-03 0.000000000000000000e+00 5.367056160934405816e-03 1.150255448098406498e-02 0.000000000000000000e+00 2.612528847993974418e-02 0.000000000000000000e+00 0.000000000000000000e+00 0.000000000000000000e+00 1.556136854194697938e-01 2.399606427279168952e-02 0.000000000000000000e+00 0.000000000000000000e+00 0.000000000000000000e+00 2.211128454002817684e-02 1.886837898953198367e-01 0.000000000000000000e+00
1.726976458135461301e-01 1.541101090481831193e-01 1.300146582453156341e-01 1.476069252540842258e-01 9.874948167606288629e-02 9.244300681762840366e-02 3.687468489884890288e-02 8.838943339850134640e-02 1.382214150498013439e-01 1.194216671354862425e-01 1.750592888419775367e-02 2.720196347597425915e-02 5.504320971322387845e-02 6.742132803031741783e-02 3.902578722958846558e-02 2.521250390420522527e-02 4.467499537615765917e-03 2.137922124502226670e-02 6.376942366055936284e-02 4.298628087013341148e-02 4.503597776553203841e-02 4.359128214121456291e-02 3.312697961732526120e-02 4.279564460998992736e-02 4.351369127614897192e-02 3.871362830021679580e-02 2.954689933184903930e-02 1.225072140493044803e-01 5.875173386885049892e-02 4.405863610048858098e-02 4.698621365213627443e-02 3.218964100403776812e-02 6.623857405934921450e-02 1.843828992512333009e-01 5.640128126789014512e-02 3.077905929279763433e-02 2.236446430412390718e-02 2.944826024891359154e-02 4.682098261490130753e-02 4.625451876079205576e-02 5.462783125972228010e-02 3.235334522754124142e-02 2.039732972825804638e-02 5.360809524406465881e-02 3.372541346139760338e-02 4.450228986751939703e-02 4.455995235544848998e-02 5.548365557544601701e-02 1.168070757589776375e-02 4.222452317601335658e-02 2.873192659328256335e-02 3.725102852393646219e-02 2.690068907933650458e-02 7.782638805346139832e-02 6.085514588009192233e-02 1.910841698372908390e-02 2.787515267389655341e-02 2.057030921218262753e-02 3.913434794182438226e-02 4.127937227713457391e-02 5.494025884447179681e-02 3.694294464445441878e-02 3.310145203652189311e-02 3.929096338728878257e-02 6.414349834468356659e-02 2.628239601693781527e-02 5.984165543698054257e-02 6.217583443792473741e-02 2.972220627573016541e-02 5.969479936360821276e-02 2.387925238251554366e-02 4.568400113642705901e-02 3.442085051655022210e-02 4.170463246062310753e-02 2.341914679853476094e-02 5.960157328754311923e-02 4.986813574927639880e-02 1.620538814972589947e-02 4.004707931847418384e-02 4.627261708941413781e-02 4.425477048603797953e-02 2.904172614324685743e-03 8.574860423340834037e-02 6.466656770538589671e-02 5.073557342519473268e-02 3.224967617114542218e-02 8.443774686643196539e-03 4.358121155447687578e-02 2.943872697293158786e-02 2.255448611483886270e-02 4.851175592550426019e-02 6.235921700286650715e-02 1.847337418950598803e-02 5.858027853870317186e-02 3.411158561738737022e-02 1.479283142246549942e-02 1.374003882553936212e-02 6.452925554781252515e-02 3.556693169846599639e-02 3.887429219602846209e-02
6.839316359009224577e-02 1.532264084120655845e-01 2.656329676009996366e-01 1.882693264660754429e-01 5.362720435529644281e-02 4.199344763161919764e-02 5.311714749071686642e-02 4.625059266833964067e-02 5.822822295574498624e-02 0.000000000000000000e+00 1.940637920535210892e-01 3.631391600675903247e-02 1.691539058228428427e-01 7.996926314574886660e-03 3.234770878451505294e-02 4.461015101179122838e-02 0.000000000000000000e+00 0.000000000000000000e+00 2.593364941704927058e-03 0.000000000000000000e+00 0.000000000000000000e+00 0.000000000000000000e+00 6.148268760336935909e-03 9.307352236974174298e-02 5.562240942821533932e-03 1.420539941510888804e-01 1.623298996284254780e-01 0.000000000000000000e+00 4.985921958267715975e-03 1.217506060265854118e-01 8.977881793443440173e-02 0.000000000000000000e+00 2.720986620000956369e-02 1.912670310512023519e-01 1.612878040374595978e-01 6.449529857203510283e-03 1.860043860738956334e-01 1.429018279642875200e-01 1.004470219102423512e-01 1.695748595404232006e-01 0.000000000000000000e+00 1.007440855993244483e-01 1.764601191609883324e-01 4.001628768823766585e-02 3.808731866774149877e-01 1.723082923522900600e-01 1.530200066031650319e-01 8.050030172934240225e-02 6.638699950572081454e-02 3.019505995638264717e-01 1.288356494899118021e-01 1.275878223985128790e-01 1.418214183925055882e-01 2.958432488795026752e-02 8.179282137181543427e-03 0.000000000000000000e+00 3.926144587513133444e-02 3.831867031538535584e-02 1.281931827634158992e-02 1.901021812321970067e-02 1.161252230901085175e-02 0.000000000000000000e+00 1.376684052442180353e-02 6.782580067145120920e-03 1.201046476249514362e-02 2.469304676135545412e-02 1.552043663417179177e-02 0.000000000000000000e+00 1.283807441164624974e-01 1.256507373256516846e-01 0.000000000000000000e+00 4.746522353087266610e-02 1.735967795041412631e-02 1.570802245879737158e-01 1.971485596007481814e-02 4.875406179668301601e-03 6.028501554506369153e-01 6.684635232265280329e-03 0.000000000000000000e+00 5.444481576846508381e-02 1.695950645528002468e-02 5.804126541230996382e-04 1.298656821884171773e-02 0.000000000000000000e+00 2.266310800602220829e-02 0.000000000000000000e+00 0.000000000000000000e+00 4.292371874650151298e-02 2.533105274459751186e-02 2.369854839148947262e-02 4.983759415473807200e-03 0.000000000000000000e+00 1.312568887930019301e-01 7.374242731714171495e-02 1.652051425804788864e-02 2.998716431718312717e-02 1.797551454507582275e-02 1.013288286589438371e-03 4.375649189881564149e-02 0.000000000000000000e+00
1.258302310375003508e-01 1.213985451237187541e-01 1.350950644380020937e-01 1.653205819343692151e-01 1.038452304847828772e-01 5.500154950997886150e-02 2.097205141029311742e-02 5.436050053909076418e-03 1.905775416537215314e-02 5.439583005125397941e-02 1.130254773405782454e-01 0.000000000000000000e+00 3.878087726321261669e-02 6.348853249323245865e-03 4.823334915543382728e-03 2.355595356480329541e-02 4.877162281454942155e-02 2.592855826464146932e-02 5.003787806889570949e-02 1.376514081366496667e-01 0.000000000000000000e+00 3.185539115473570021e-02 4.502774786712569755e-02 5.520831307265551546e-02 3.749913309534980838e-02 4.551320015502180460e-02 6.905342807038157560e-02 5.480192526447176526e-02 4.667184430079444196e-02 4.298467957768330877e-02 1.226359983935970954e-01 1.571598715976637792e-02 4.228313260765048653e-02 3.936964217363691371e-02 4.555579666215791440e-02 8.380644396786475492e-02 1.123395496218195129e-02 5.405447280423318623e-02 4.941627336347313021e-02 3.933749130678577260e-02 1.205885464995736824e-02 5.997679175198883383e-02 4.464124055690218279e-02 4.613941190118121816e-02 4.513365660498827592e-02 1.855555081567452150e-02 4.793977532630944172e-02 2.699258783823780400e-02 1.644653960076621346e-01 3.838218204267952044e-02 5.043575934343257072e-02 5.521732499760725194e-02 4.842959525906113949e-02 7.099928567231327155e-03 0.000000000000000000e+00 1.050416193811650779e-02 0.000000000000000000e+00 7.620231575528164068e-03 1.719358109807532509e-02 1.429909257913782594e-01 6.102451048620971021e-03 2.140119379698915978e-04 5.997920167052669775e-03 4.200908709854547785e-01 1.562125155967233059e-01 1.223581714935501191e-01 1.248042015701202184e-01 1.182460950409553735e-01 0.000000000000000000e+00 1.410745298425650565e-02 0.000000000000000000e+00 9.290581757506724461e-04 7.599491912349680064e-03 1.470464622567315138e-01 0.000000000000000000e+00 1.956295262353958259e-03 0.000000000000000000e+00 4.058523593960338890e-03 2.208991978760422095e-02 9.147769878554883050e-02 0.000000000000000000e+00 0.000000000000000000e+00 0.000000000000000000e+00 1.691329666630966566e-01 1.651184360522463535e-01 0.000000000000000000e+00 2.567114385340194677e-02 9.863267244574099035e-03 1.037795828142371590e-01 1.982887888833446272e-02 5.338429201455186651e-02 8.739811633390168547e-03 0.000000000000000000e+00 0.000000000000000000e+00 0.000000000000000000e+00 2.122995658308918926e-02 0.000000000000000000e+00 2.119770197802284609e-02 1.836131696742678010e-02 1.817658447571021251e-03
1.694986890909196686e-01 1.260353986276353533e-01 1.634506660258767397e-01 1.737690966594610531e-01 1.276075911783952077e-01 1.236732315882194538e-01 1.199632657373968930e-01 1.806644747459401068e-01 3.086580040043523238e-02 3.712776890459213580e-02 6.808418862594112220e-02 6.779341306867306405e-02 1.497869173477815383e-02 5.127642723991929219e-02 3.300969159524086427e-02 5.472056790420793543e-02 4.373859572671549151e-02 5.353455282934634074e-02 5.025120107871845765e-02 3.912911049193359969e-02 6.103578869217056446e-02 7.000019622143587028e-02 5.352381725404964374e-02 5.891824168411876478e-02 4.381285632907754024e-02 1.492341256584455988e-01 9.809221762415182289e-02 2.131099607882181238e-02 4.295188500190704611e-02 1.826836566463427847e-01 1.754251522473750657e-01 3.548572861554785685e-02 3.513489661153824939e-02 1.274907686483021073e-02 7.076094313294623017e-02 6.616136090778515499e-02 7.107131191311703844e-02 1.593160305014060599e-02 5.510489937186635601e-02 4.087944017788171930e-02 4.124250531142292092e-02 5.720348622612358297e-02 3.931957917496021332e-02 1.857651604297222148e-01 6.113770749867906279e-02 4.677510904414638321e-02 1.482401539595183497e-02 3.998882100079621110e-02 2.047995322673823795e-02 3.286860496260652492e-02 3.982100448804379994e-02 4.449577563959530857e-02 4.971939642830494610e-02 4.803163418589719708e-02 5.605313049775047934e-02 5.087747134387106407e-02 1.113806680391742354e-01 1.042969864724167112e-01 2.656235886023633475e-02 4.163760427382887791e-02 5.729000389760535716e-02 2.523142947859472254e-02 4.221972993847999261e-02 2.733562085642730899e-02 1.287367710110951143e-02 3.922241370667153837e-02 0.000000000000000000e+00 2.669531933267953877e-02 3.254267811010905925e-02 1.848069970347206853e-02 4.748328462013545054e-02 2.668795125944568164e-02 5.363818464638285544e-02 5.918357743907325108e-02 2.476494798431012542e-02 4.879528044752485388e-02 4.857490855897656640e-02 8.734111351462313377e-03 2.651527767025824503e-02 0.000000000000000000e+00 1.549271459112367723e-02 4.397656587248948562e-02 3.322622516982653290e-02 7.874001849464297431e-02 6.124752636926863308e-02 3.477099625236693137e-02 6.086979158811561125e-02 3.826938136339134294e-02 1.338135596660205463e-02 3.766931962732653766e-02 5.257221330619420846e-02 4.460515029782746027e-02 6.511815877585709622e-02 4.894554658222780019e-02 4.385518418083581005e-02 1.458242771241681154e-02 1.421897422555714642e-02 2.777788612734690549e-02 6.117076540992469336e-02 3.745915132322773927e-02
1.362189589416349655e-01 1.178011378963488981e-01 1.444771060619611802e-01 1.778862057454703993e-01 1.261888779870554700e-01 1.247131140972609215e-01 1.446489923046947457e-01 1.305660880380827282e-01 1.189867114188073172e-01 1.382534302589864539e-01 1.412232798033534464e-01 1.540763489090191674e-01 1.101007193404207607e-01 1.268063810430460348e-01 1.379876476317203060e-01 1.336008936648940826e-01 1.293559578181171232e-01 1.291100503689027457e-01 1.266219610959522235e-01 1.351574776041967740e-01 1.278212280628178155e-01 1.270670246387281266e-01 1.348751075023146284e-01 1.193710003271979542e-01 1.225481879843565991e-01 1.530774616146637068e-01 1.148368848956945465e-01 1.248278113239194020e-01 1.450160021503680008e-01 1.216406647981009836e-01 1.227286711991810719e-01 1.190431450078793529e-01 1.107877536001417029e-01 1.279575347576899780e-01 1.269395383521027265e-01 1.174988181376963731e-01 1.149080014321495896e-01 1.261909208319087483e-01 1.223575224647165255e-01 1.264123886216022841e-01 1.191053772971859825e-01 1.160659114305530731e-01 1.284507647517722784e-01 1.304300473386341974e-01 1.368905229075190466e-01 1.199020123112491260e-01 1.289202360346181908e-01 1.249597024947597113e-01 1.093056377396314782e-01 1.256578553631873540e-01 1.063020918950021848e-01 1.083872832197266683e-01 1.209355641292088057e-01 1.291097843734791417e-01 1.137653063719763075e-01 1.232754726715774435e-01 1.310541577209471120e-01 1.056430190742106145e-01 1.218056670792716512e-01 8.266365314933897535e-02 6.214018573125319050e-02 7.030172863363451374e-02 3.148600862988387705e-02 2.286068674672178322e-02 5.226565358048942261e-02 5.927275506479106476e-02 3.853718821583110993e-02 4.706034657669499327e-02 1.947524063260582666e-02 4.152670812177370468e-02 7.898589402440651941e-02 4.614469457029401339e-02 5.012136871245684994e-02 6.042864881788363035e-02 3.789714204769000644e-02 4.325483250975927646e-02 3.320411297026224645e-02 3.850339083730786038e-02 4.254102049074402064e-02 4.800725836527803408e-02 2.268096693876305026e-02 1.746532069285309380e-02 2.374546998421339997e-02 3.823755501095699866e-02 7.614068993554082287e-02 5.196658960582182379e-02 5.996756171078974212e-02 1.960999391420412824e-02 4.399323580568681447e-02 2.862830541606298934e-02 3.666323715676256256e-02 4.109034794925814360e-02 5.360039733650552585e-02 3.811057145568220311e-02 3.367313472084227516e-02 4.052849911574843422e-02 8.666190484026464746e-02 2.989671257338624016e-02 7.469252041099107287e-02 1.797659049656430419e-02
1.098770703882536726e-01 1.694589387348161280e-01 1.685162296739260435e-01 1.323829963785591868e-01 4.952673594298782900e-02 3.509368062065065016e-03 4.251689151387796350e-01 2.853694875583500101e-01 6.381952868651299404e-01 1.745703067948101983e-01 6.313921666313740411e-02 1.629232822194035535e-01 1.265007523013238766e-01 2.750826784607238520e-02 6.235047639324684532e-01 1.044677023352864054e-01 1.209951896633641028e-01 1.061937785585102267e-01 1.274757319270057310e-01 3.650839856072784356e-02 2.364235632626206507e-01 1.114316327623369601e-01 2.702104934856354099e-02 1.260771705489583117e-01 5.378415761494882014e-02 3.560643999873405047e-03 1.616773809348715230e-01 8.488517776847796792e-02 1.193104597687854596e-01 7.848597158546628816e-02 6.554044672648225989e-01 5.110295034455256818e-02 8.367322813981488416e-02 1.786405687668142228e-01 1.157762956133319282e-01 6.498491102835639299e-02 0.000000000000000000e+00 1.205251863896709789e-02 0.000000000000000000e+00 8.450190496260549800e-02 0.000000000000000000e+00 1.070247163424014741e-01 1.316661812712114354e-01 8.349156390530959593e-02 0.000000000000000000e+00 4.782485466349512687e-02 9.053139346653160668e-02 1.194382492901937751e-02 4.161418071682621705e-02 7.033834024373950868e-03 5.583935529570759580e-03 0.000000000000000000e+00 0.000000000000000000e+00 1.341271283711373188e-03 1.272883062316251465e-02 2.112076014179085567e-02 1.685159317590516070e-01 1.148517806394164231e-01 0.000000000000000000e+00 0.000000000000000000e+00 1.954028715349419645e-02 3.801433697137614025e-03 7.959955610648024663e-03 4.486787929763060706e-02 1.794780048189041632e-02 1.386967036525615059e-02 1.249689724352723470e-02 1.660054829107928537e-02 0.000000000000000000e+00 3.739329085634313880e-03 0.000000000000000000e+00 0.000000000000000000e+00 1.241591626678780480e-01 1.757359678998575425e-02 0.000000000000000000e+00 1.439159328568274249e-02 5.662457378618961784e-03 0.000000000000000000e+00 0.000000000000000000e+00 1.539665034388872436e-02 1.058386480684551587e-02 1.663737003756892568e-02 0.000000000000000000e+00 1.662943140415143461e-02 6.334246908622247207e-02 4.856406126560195227e-03 0.000000000000000000e+00 2.084007645089436863e-03 6.746872841480382882e-03 1.530022301290055037e-02 1.069501099459887333e-02 2.301218444023602275e-02 9.851478327399923463e-03 6.140230378635591624e-03 0.000000000000000000e+00 0.000000000000000000e+00 1.045119958932251222e-02 0.000000000000000000e+00 1.782707180900168845e-02 7.000360096285801470e-02
1.272314204503329771e-01 3.921118550785032131e-01 1.265260218665663627e-01 2.141361046336304197e-01 1.046908192966062995e-01 1.308821969994949375e-01 1.408791881233779908e-01 1.297974783018506217e-01 1.052877875058945700e-01 3.987770407253944660e-02 3.822939427136080176e-02 6.628050025801783540e-02 2.342684736604812648e-02 2.589630099962089010e-02 2.658237235590837563e-02 3.293643113567157332e-02 4.996330359193380116e-02 4.493475586703338243e-02 5.190511806342670148e-02 2.801254197014278399e-02 1.564954921681712685e-01 1.648328287860589131e-02 4.195985240961788709e-02 8.369823170963375247e-02 4.939849954926784498e-02 4.280694409558467167e-02 1.699868864515873823e-01 3.155157384184827801e-02 3.951029523373077515e-03 3.226633546452580686e-02 7.054446009749104109e-03 7.803244406831126058e-03 6.366776020965751910e-03 2.069992080224264397e-02 2.844300502411702472e-02 6.129199548418691641e-03 4.192039996838878985e-02 0.000000000000000000e+00 9.989920965523629154e-03 1.583547469800856422e-01 2.440159291575719550e-02 2.193438827349101367e-02 1.289800770250666175e-02 1.776271262028790987e-01 3.483225499842316358e-02 2.120533604668031064e-02 1.021081846102896012e-01 1.440701756231132780e-01 4.917487719664310336e-02 4.851333061841200250e-02 1.269801505333787439e-01 3.037117659033322301e-02 7.060159059457292441e-02 2.251038939351362317e-02 1.657856509929544683e-02 1.456772747533127861e-02 4.614024712681133455e-02 1.492549132008003272e-02 1.372923887935015019e-01 2.106613000169085814e-02 1.291636750463015237e-01 5.150500242733156014e-02 1.517276332581749508e-02 9.555708972049098415e-02 1.237324528093308729e-01 4.347219599006658941e-02 6.034345793157480653e-01 1.093520060618742989e-01 9.014423180756603315e-02 1.937967113685877818e-01 9.181068249663454361e-02 2.951593320861463643e-01 1.124453413216957021e-01 1.951693115932913447e-01 1.252922286937168395e-01 1.303834555802355355e-01 1.362191823777908137e-02 1.170403165061199291e-01 1.050039491092741306e-01 3.402837958892948600e-01 1.324316522614450153e-01 2.105472012799532167e-02 1.553782794695793557e-01 0.000000000000000000e+00 4.018834416804233783e-02 1.236732315882194538e-01 1.203578007895048096e-01 2.009630004741000744e-02 6.795097811779973046e-03 2.196145862775129506e-02 0.000000000000000000e+00 4.874473599713142341e-02 4.545363845976816558e-02 4.134176416369537282e-02 1.551400965274664645e-01 1.980740241783259577e-03 2.669049151574110976e-02 1.141391682597616419e-01 8.282080856551329862e-02 7.221124062088482565e-02
2.504566519062998986e-01 1.483248894616619740e-01 1.171135716457807480e-01 9.854994254909134332e-02 1.420909568751530239e-01 1.276734410054628510e-01 1.182994962821983242e-01 1.046480153130397855e-01 4.167486491276746474e-02 1.468757038345940361e-02 2.284418173068709229e-02 2.693286122582153053e-02 4.784558634681090189e-02 2.777004192230479382e-02 3.653204289393209570e-02 3.458884524623644791e-02 0.000000000000000000e+00 1.726128783919516907e-01 0.000000000000000000e+00 2.891507242229732558e-02 0.000000000000000000e+00 3.507547589385912046e-02 8.487381976389003074e-03 1.193026182236975839e-02 0.000000000000000000e+00 7.403766627761786123e-02 3.182845379818721732e-03 1.427452603979993684e-02 0.000000000000000000e+00 1.761917111588912066e-02 0.000000000000000000e+00 3.583485026898368050e-03 0.000000000000000000e+00 4.853067883993951795e-03 9.128950170343980153e-02 3.074867197560499782e-02 1.974777156376882059e-02 3.959833439903556740e-02 1.718988615564602529e-01 3.139297141056954926e-02 1.750787304474888395e-01 3.392291240347009712e-02 3.536999400673731392e-02 6.395727494861769280e-02 3.921048647187708874e-02 1.326141730012143222e-02 8.436931688375533256e-02 1.611710958853986714e-02 1.809834857174238629e-02 2.763814809151024510e-02 2.268753170581762346e-02 5.306299082247088739e-02 0.000000000000000000e+00 3.102763999601923506e-02 2.292066871474471648e-02 1.588420931553978163e-03 7.724028309727314946e-03 8.446716596028268353e-03 3.302031226051456714e-01 1.577822503497690321e-01 4.581351430818034892e-02 1.739043500124557232e-02 1.936830382243101556e-02 1.368096789184227759e-02 3.406677070841839655e-02 4.790625458302673334e-03 0.000000000000000000e+00 1.463164112171051745e-01 1.714589796045361547e-01 1.433317537075060738e-02 2.924949250867050349e-02 2.375684926843522318e-04 4.014432458538993997e-02 3.368580674282281584e-02 1.278144983786006113e-02 1.056074182467153094e-01 5.207332824940604649e-02 3.830637068699785375e-02 1.280489600447372485e-02 2.153413697972983085e-02 3.921368905677728722e-02 8.421871027491018014e-02 6.778808784029248524e-02 2.432142455503688138e-03 1.243254736465328469e-01 2.515501697325571093e-02 7.081182805748185982e-02 5.853592114186279699e-02 1.603309892392557404e-02 0.000000000000000000e+00 0.000000000000000000e+00 1.450474640890720042e-02 1.281152806837047020e-01 4.018488888748970866e-02 6.253754565475978799e-03 6.124019021548560149e-02 1.071879364542339952e-02 2.379187820576976822e-02 7.339919214243026402e-02 6.605499465779397783e-02
1.128995019079589018e-01 7.866781669685962708e-02 1.932425684224998996e-01 2.819339545059691976e-01 3.953139133077689105e-02 5.709916814089417009e-02 3.870051738578730166e-02 2.960853579140679606e-02 5.710074815371038448e-02 1.328294643771717465e-01 2.221903928613057008e-02 7.120517677000050283e-02 1.567880871341368054e-01 3.026657920990902251e-02 5.236215672017332373e-02 2.776659728156910967e-03 6.958530719951369452e-03 2.633218770028243616e-02 3.369907725450647235e-02 0.000000000000000000e+00 2.854819291438162945e-02 6.816654612899770982e-02 8.097172541859758155e-02 0.000000000000000000e+00 3.735204826591317917e-02 1.362481333196959854e-01 2.480111804201193607e-02 7.455153751657193906e-02 5.019448553449740169e-01 2.092815391954015725e-01 5.146509672990063899e-01 8.460555805927590101e-02 2.959355280118597387e-01 1.657170427933440382e-01 1.674526948518176295e-01 1.267235500681354321e-01 2.988687074271285243e-02 1.349828356488746691e-03 1.678160446004620665e-01 2.457622157130812720e-03 1.815477072301121264e-01 1.604411113446282261e-02 7.223394067033526988e-02 1.888697047366943299e-02 1.203820595721375869e-01 4.248356547924533877e-03 1.832488224427848353e-02 7.447994218835440536e-03 1.880074380118108845e-01 1.356728277777060872e-03 1.652370912908080747e-01 0.000000000000000000e+00 0.000000000000000000e+00 2.698959804967648434e-03 0.000000000000000000e+00 3.468958037310990519e-03 3.970343717076461887e-02 0.000000000000000000e+00 0.000000000000000000e+00 0.000000000000000000e+00 1.653615984286891105e-01 0.000000000000000000e+00 0.000000000000000000e+00 1.954180332740874590e-02 1.848205362017821957e-02 0.000000000000000000e+00 1.091633514676366712e-01 8.951950963577880865e-03 4.983408301514648253e-03 1.293580751416890107e-01 0.000000000000000000e+00 1.242628476839992800e-02 0.000000000000000000e+00 7.032522666935578197e-03 9.456695899548060377e-03 9.906839954914837057e-03 0.000000000000000000e+00 3.032094867449388817e-02 3.775264535372505059e-02 0.000000000000000000e+00 0.000000000000000000e+00 4.736362391887249251e-03 6.481835001400339941e-03 2.058428328176171648e-02 2.428737714081543805e-02 1.232139479300976143e-02 0.000000000000000000e+00 0.000000000000000000e+00 1.355545795121424792e-02 0.000000000000000000e+00 0.000000000000000000e+00 0.000000000000000000e+00 0.000000000000000000e+00 3.895715775034413499e-04 0.000000000000000000e+00 0.000000000000000000e+00 1.449439918692896519e-02 4.885202791119674925e-03 3.874962812084749731e-03 0.000000000000000000e+00
1.684320900015313094e-01 1.658669578140878065e-01 1.219391861421044304e-01 9.752947770597304722e-02 8.563857788638835900e-02 8.549759499196922519e-02 7.443079687388914900e-02 1.146567315151953426e-01 4.078796169174971759e-02 1.754018244487249092e-02 2.641716525826153239e-01 6.772219545395705143e-02 2.795716704285668847e-02 4.525359926140024719e-02 1.998537862578959531e-02 1.676513694936624527e-02 7.184079411433857976e-02 4.821984190782316326e-02 5.060409720721523869e-02 3.940388908442606086e-02 4.707533807876937426e-02 1.817362022270955779e-01 6.447313051343185608e-02 2.971274215855829876e-02 4.362433207259748535e-02 6.203170747759859105e-02 1.754535472588449052e-02 2.277571716860539441e-02 9.302626030287559911e-02 9.000610570399641963e-02 5.743315731468110613e-02 3.083288878667258398e-02 4.147249027458029674e-02 1.895297058815142988e-02 3.468695233832468777e-02 4.014855125267102753e-02 3.555287118037423616e-02 2.951709986454257098e-02 5.471259868131672470e-03 8.599994330917272445e-02 1.526061895427999714e-02 5.312146725639621536e-02 6.048198622022491096e-03 8.099478722182412715e-02 0.000000000000000000e+00 8.279602311194177167e-02 1.744942853027438845e-01 8.404114768983688213e-03 0.000000000000000000e+00 0.000000000000000000e+00 1.077960285921374280e-02 1.653587363179311320e-01 1.393374467287124751e-03 1.771230542353306389e-02 1.975794987865306732e-02 3.373254213875021695e-02 0.000000000000000000e+00 1.684580405150582286e-02 2.699818438195045189e-02 2.186508848577919592e-02 7.171619653801352204e-03 1.152770966819439101e-02 3.871855985537043360e-04 0.000000000000000000e+00 0.000000000000000000e+00 1.498117613203462511e-02 2.624860927823150294e-02 1.303153075527079333e-02 0.000000000000000000e+00 3.230245764305136619e-03 0.000000000000000000e+00 2.233896864277136809e-02 2.040210966602022669e-02 4.045152004015714078e-04 0.000000000000000000e+00 0.000000000000000000e+00 1.190012454087530959e-02 4.307901219471059473e-02 4.341499633417456733e-02 1.474874800091144009e-02 2.358413843988848169e-03 6.323519845179103455e-03 0.000000000000000000e+00 0.000000000000000000e+00 1.361467252244008032e-02 4.828988914267531157e-02 1.272923121227046428e-01 1.264936449036051583e-02 5.527733356517254906e-03 1.020873412088959056e-02 0.000000000000000000e+00 1.618857856893118202e-02 1.833241097874820091e-01 0.000000000000000000e+00 1.590370412013579482e-02 9.304179443561412521e-03 1.623118704586135053e-02 0.000000000000000000e+00 0.000000000000000000e+00 2.428705794630710985e-02
1.288838585004859760e-01 1.729702698431073993e-01 2.648521327150986648e-01 1.299755462782287707e-01 1.170342518104617313e-01 1.173382101009236705e-01 1.379342038312096064e-01 1.023232578699996703e-01 4.861921275673221354e-02 6.714789537466839264e-02 4.214677271369360323e-02 6.098764352049805548e-02 4.464127779626149428e-02 7.341114597676706710e-02 4.128671641078031362e-02 1.573677656408907499e-01 6.104268329355040656e-02 6.672354755548283445e-02 3.925702237123678690e-02 5.641704947660144964e-02 5.018888367087627478e-02 3.628258706576683451e-02 5.364543568163032683e-02 4.998582808440467373e-02 4.763947181296784156e-02 2.772340494468412617e-02 3.253234152794776818e-02 5.529958674231134214e-02 6.022372062362985057e-02 6.107674666749726006e-02 3.908370773307846130e-02 4.220130709544110681e-02 2.967044622625086489e-02 2.138680078461789244e-02 2.761006961459449779e-02 5.063718703791170866e-02 1.492416692886590346e-01 1.742684126288354396e-01 1.189518340988642148e-01 5.154125228366045197e-02 0.000000000000000000e+00 8.323459636638172801e-03 1.324331232161375660e-02 6.259467083193320791e-02 4.484214158044258491e-02 4.768861712743310832e-02 5.090133113336843540e-02 2.625012013223758031e-02 2.084619434563728113e-02 1.639169347238224606e-01 5.384591111249296264e-02 3.285958505779208033e-02 3.524928262355111336e-02 1.697718185117857645e-02 3.789732292457805712e-02 1.871350155816542057e-02 5.747074778794496880e-02 4.374397149422654812e-02 3.047114299043246141e-02 1.246309534308178008e-01 6.957437478760352886e-03 0.000000000000000000e+00 7.584246118650335433e-02 0.000000000000000000e+00 5.709804564020655449e-02 0.000000000000000000e+00 0.000000000000000000e+00 1.199407412449260239e-02 2.445354448194149433e-01 1.043794503736427369e-02 1.807202699459955209e-01 0.000000000000000000e+00 7.720990641989745711e-03 0.000000000000000000e+00 2.340480432529397966e-03 4.887838805767600464e-03 2.035661646872106295e-02 0.000000000000000000e+00 0.000000000000000000e+00 0.000000000000000000e+00 4.703554516339805702e-02 1.018520948562596368e-02 2.982966044700388619e-02 0.000000000000000000e+00 5.001195415491116285e-03 5.899757215925473079e-03 1.423466662557272382e-02 8.510840112796730708e-03 0.000000000000000000e+00 1.278519638340153662e-02 4.480573212685953072e-02 1.113599948748516567e-02 1.669520409254625012e-02 0.000000000000000000e+00 1.005905317611857294e-02 4.308530032652461983e-03 0.000000000000000000e+00 4.812782877088971588e-03 2.283446225790856585e-02 4.500068017281965219e-03
1.420598779698590275e-01 1.295833307062146944e-01 2.825869413514686679e-01 1.877783414733683598e-01 1.313603503729673383e-01 1.211519354465860621e-01 1.854845671772697435e-01 1.340965176177888463e-01 7.657131524672346201e-02 2.186824053154891659e-02 6.121643150424920660e-02 4.190671716379854722e-02 7.073679074848289450e-02 7.091442249236631912e-02 4.279859715919194507e-02 3.267109804067133000e-02 5.220786341475699283e-02 5.445404580966417551e-02 2.638056428797348404e-02 6.091798463896436894e-02 6.965067823481886633e-02 2.357163665497904667e-02 4.754306443163643786e-02 2.103977251516583533e-02 3.170617304200175346e-02 1.676520477819926427e-02 3.590260462328435237e-02 1.704978955797834539e-01 2.270140070720438885e-02 4.016768696344517192e-02 3.067902107393402286e-02 3.226899541876185329e-02 4.243079198720210027e-02 3.646541902018174408e-02 0.000000000000000000e+00 1.723240712008183113e-03 1.837241881842178459e-01 2.777632207425610733e-02 0.000000000000000000e+00 0.000000000000000000e+00 1.510943114543425794e-02 0.000000000000000000e+00 0.000000000000000000e+00 2.949547709655771927e-02 0.000000000000000000e+00 0.000000000000000000e+00 1.577552358545477023e-03 7.248276874930082922e-03 1.416394509232173950e-02 1.762788778592065675e-02 1.693819224198655354e-02 2.518882765155014414e-02 7.614605240328070623e-02 0.000000000000000000e+00 1.981345780365096482e-02 3.022273518423620672e-02 4.200372569478729584e-02 1.545065486275240263e-01 8.349428769844732118e-03 9.710154958838576600e-03 4.606575244847651435e-02 6.160839704056508825e-03 2.274023071914224939e-02 6.313906770570018590e-03 1.215794592511294792e-02 9.784963511773252937e-03 7.018921682537636597e-01 1.567061711834834004e-01 1.005077965446276311e-01 1.540241499670909064e-01 1.938788294757631259e-01 1.718970421477628019e-01 1.397135216984221884e-01 8.328763585384857393e-02 1.247535347618319440e-01 1.155555672909160114e-02 1.107888388614700070e-01 1.120209828626931858e-01 1.310303990097107241e-01 1.239105207857090218e-01 2.778893557724345861e-02 1.408435872958826995e-01 1.361411925195898098e-01 7.272788353215285662e-03 1.633814327370208264e-01 5.521743139577669698e-03 7.377723547827466644e-02 1.380166730523440903e-02 3.260225044517964244e-02 0.000000000000000000e+00 8.405878318642188984e-02 1.224367146222322122e-01 7.808303639788093976e-03 1.800665595929438201e-01 3.026938812158229061e-02 1.719472940031902541e-01 1.092732607766702668e-02 4.757645643313411776e-01 8.439537379545168291e-03 0.000000000000000000e+00
8.069635099635624753e-02 2.267740791999521555e-01 1.468742142602218470e-01 1.496435883737262107e-01 1.124805697555979478e-01 9.168371756103939341e-02 4.706652831033956985e-02 2.599169493838835929e-02 3.961136817479220945e-02 5.659272881407562128e-02 1.423996259445670098e-02 2.488633765582651605e-02 6.159648044558758279e-02 2.255874736152501531e-02 4.113521073740336598e-02 3.729878800224474544e-02 7.272526613718457988e-02 3.804820616866376459e-02 5.296655152168865122e-03 1.454369984272161354e-01 1.224016032263163384e-01 2.394616885123185962e-02 3.931930519967390125e-02 6.085452877070915423e-02 4.120764927111372211e-01 1.538894711642112278e-01 2.919610456719873987e-02 3.527699136682805464e-02 2.099948750826085685e-03 1.206961256886965039e-01 0.000000000000000000e+00 5.937560485528218905e-03 5.672852479773445727e-03 2.126117380600347530e-03 9.630656906585743134e-04 3.301984730051410813e-03 9.266573010572135352e-03 0.000000000000000000e+00 0.000000000000000000e+00 3.385117343772382076e-02 6.776092438763394593e-03 2.332061145381451525e-02 0.000000000000000000e+00 0.000000000000000000e+00 1.618026222201216988e-02 0.000000000000000000e+00 5.148836175363082947e-03 6.534851081269903161e-02 1.797836681400313830e-01 3.408198032674013278e-02 7.129025806619480182e-03 7.428379716298806439e-03 0.000000000000000000e+00 0.000000000000000000e+00 0.000000000000000000e+00 1.522006263204294003e-02 0.000000000000000000e+00 0.000000000000000000e+00 1.734822418747369172e-02 1.717878882657322415e-01 2.039182362298942036e-02 3.781208469108382486e-02 6.629764632302341532e-02 5.498117426053071577e-02 8.017362742970459560e-03 7.727467630554527879e-03 3.043088724302407764e-03 0.000000000000000000e+00 2.841299808038014185e-02 0.000000000000000000e+00 3.911983257155825927e-02 3.999264867494188580e-02 1.232824736711267272e-01 6.239457311457209318e-03 1.397787597360155600e-02 1.071457229805078751e-02 7.959590664926838310e-02 2.327052451554969051e-02 3.793723553788998920e-02 1.314658175584267237e-02 4.207076186144423358e-02 1.150551713801217790e-01 4.850075967469243132e-02 4.533999989489562871e-02 1.209201895937244342e-03 1.382736911304024464e-02 0.000000000000000000e+00 1.302137903992890700e-02 1.040004600940903044e-02 1.626013399783516819e-02 0.000000000000000000e+00 1.902033924908787255e-02 3.766540417469107366e-02 1.178820537042095523e-01 4.668782530584462964e-02 7.932398484762544569e-03 0.000000000000000000e+00 0.000000000000000000e+00 2.350751313821058258e-02 1.031556852282631122e-04
1.132758641527261273e-01 1.659039950168705868e-01 1.467516542088415921e-01 2.993447168774866496e-01 1.400684659916807406e-01 1.190802460495637843e-01 4.952292156861332756e-02 4.289098534967267923e-02 1.514143411882987178e-01 2.127918568611288780e-02 5.519492286303123718e-02 1.660886197804405801e-02 1.482367172986453763e-01 9.948409719715829713e-02 2.950804006041458233e-02 3.810891430419314357e-02 6.064674378560586110e-02 4.361709433712119416e-02 5.776503448480461989e-02 0.000000000000000000e+00 1.453070543428766070e-01 8.527103072995941002e-02 2.426787967626518883e-02 6.591700687184463836e-02 1.654059132662616949e-01 8.002473383138744567e-02 3.332781680196400011e-03 1.889102557390229253e-02 3.667370673663565561e-02 4.970259083744157924e-02 4.972662086401005710e-02 6.887307785326889087e-02 1.689706535956586250e-02 1.105191514213853532e-01 2.457147355299678024e-02 9.740514080516311790e-02 4.715656244132140212e-02 1.144375087268770241e-01 1.934181865810266632e-02 3.646327509706748932e-02 2.012295810876370272e-01 1.651159250554475044e-01 6.603819438683908305e-02 8.087183349721693837e-02 1.027755777679315464e-03 1.533567355298150929e-03 0.000000000000000000e+00 4.223900662682864710e-02 1.108269081264963568e-01 0.000000000000000000e+00 5.107036058525248057e-02 4.911443239658310270e-03 2.735056447932544127e-02 1.105637428941984995e-01 1.133485447422719616e-01 0.000000000000000000e+00 0.000000000000000000e+00 2.830978653611292313e-03 0.000000000000000000e+00 0.000000000000000000e+00 5.480154755097024939e-03 4.861765934345836648e-02 0.000000000000000000e+00 1.679214080477062568e-02 6.624536226255961328e-03 1.375099783699188991e-02 3.629767964610217806e-02 4.075256568073059443e-02 1.241844854322052532e-03 2.926828242539396274e-02 1.760091983989846287e-02 1.224298838597540351e-01 1.099931720707487820e-01 3.662980685192387953e-02 3.529146949773487307e-02 1.173065460056977316e-01 1.011091589983138667e-01 2.916099849119134849e-02 4.751424116753460297e-02 1.231470101817474030e-02 1.663454729413363087e-01 4.906375494847787372e-02 2.425093576778154791e-02 0.000000000000000000e+00 4.337779687418340940e-02 9.492460580224296174e-02 2.034500842843493806e-02 2.990092328094190802e-02 2.033070452453057675e-02 3.297082434394370265e-02 3.106928689949307182e-02 2.920073820747793800e-02 1.438180651606204286e-01 0.000000000000000000e+00 8.305185751036508676e-03 4.436259971085898535e-02 1.825551595771076480e-02 8.173504716580843113e-03 8.472608590561980790e-03 2.402099336389195219e-02
7.826549329874855909e-02 1.935937887798279688e-01 2.120255267056770643e-01 1.421189289538993261e-01 3.411994585355127702e-02 6.692676273920859786e-02 3.712510895035608244e-02 2.885722639752594243e-02 2.530910546219586332e-02 5.568413632621712489e-02 6.987920022314642043e-02 4.858867648210236229e-02 3.215963938020936080e-02 9.559593569215425746e-02 3.334827185003922528e-02 0.000000000000000000e+00 1.484025707651715799e-02 5.391986316016363079e-02 7.235835204986382219e-02 0.000000000000000000e+00 1.260388246486913999e-01 7.544718134720934666e-03 1.107759221236997473e-02 1.973191158663637271e-02 0.000000000000000000e+00 5.038251237953531546e-03 6.416581004081556685e-04 1.539425505509916040e-02 2.563778536732764374e-02 0.000000000000000000e+00 0.000000000000000000e+00 1.280154978204477330e-02 0.000000000000000000e+00 4.899063812643732196e-03 2.192525798057576910e-03 0.000000000000000000e+00 1.425905175603171537e-01 6.060132240707106349e-02 4.835432387408939575e-02 1.054509863380932028e-02 1.882491320935153478e-01 2.656152363460621488e-02 4.604097763472194543e-02 2.640913751637713469e-02 5.071046345720641585e-02 7.459521396512787395e-02 4.192259975054200144e-02 3.971364075521410797e-02 4.084973114901927632e-02 8.282580395956859465e-02 4.385183529845262246e-02 6.249746333636759799e-01 6.692476777353155437e-02 1.698395994656287933e-01 1.088805025739920385e-01 4.517677978306312153e-02 1.053353687672690386e-01 1.176704809442741112e-01 1.588662349000442287e-01 1.246407633420403560e-01 5.165527920185145061e-02 3.070223449455203313e-02 1.082918334219202389e-01 1.196760225993543092e-01 0.000000000000000000e+00 2.171338198585742729e-02 0.000000000000000000e+00 0.000000000000000000e+00 1.495011052651179506e-02 3.911024609649153133e-02 2.454105165639907174e-02 1.886941610568862102e-02 2.151075066208647801e-02 0.000000000000000000e+00 6.591095281600338474e-03 5.369508106749196902e-02 6.102376569902361741e-02 1.363389867165825109e-01 5.656806571839896602e-02 1.584962991047112954e-03 2.445564052587950038e-02 1.404402105558941530e-02 0.000000000000000000e+00 4.880750027728526612e-03 0.000000000000000000e+00 2.616515055412119151e-02 1.653188050849395407e-01 8.815104297995805804e-03 0.000000000000000000e+00 3.057000284956950392e-02 7.671467614022962640e-04 0.000000000000000000e+00 1.127665467554241768e-01 1.167620108143104657e-01 3.229390589018246716e-02 3.791621125960824897e-03 0.000000000000000000e+00 0.000000000000000000e+00 0.000000000000000000e+00 0.000000000000000000e+00
1.592974028418910060e-01 1.484404165940420850e-01 3.019495355821320004e-01 1.019835178751544030e-01 1.292951299846471225e-01 1.829993825743450042e-01 1.717498615599736822e-01 1.547570843971091403e-01 1.366189096605675002e-01 1.989043554926513691e-01 1.069005603184795955e-01 1.191987204112374549e-01 1.361233389067574573e-01 1.031519825719665329e-01 5.794370893074857892e-02 1.546996400254273818e-01 9.165031917565154632e-03 4.150847413548558462e-02 4.141549809511868574e-02 6.113181304009197153e-02 6.025843834631877671e-02 3.201159696724775044e-02 1.048834957416488328e-01 1.178740844813183364e-01 1.175289341395569301e-02 1.311480727251593432e-02 2.084200890764685912e-02 0.000000000000000000e+00 1.361682708537128028e-01 4.151487664533175248e-02 4.452729343733826534e-02 5.746222529457266359e-02 2.249606819990672760e-02 3.261483734862462985e-02 3.139402741240126388e-02 4.151034142335929128e-02 6.718448038523103238e-02 1.806733057940038134e-01 1.069032841116173138e-01 5.624147653729671958e-02 1.108623387169205554e-01 1.286037227601621036e-01 1.079193866297884913e-01 1.250306913534114384e-01 3.607626505549336310e-02 1.090596877311493240e-01 5.054323213438594031e-02 8.489619529892368510e-02 3.525400138236586822e-02 1.662459560735029401e-02 3.823868283155308634e-02 1.533352829989013434e-02 5.477040480677457246e-02 4.306131019926968256e-02 5.577142006451886978e-03 0.000000000000000000e+00 0.000000000000000000e+00 0.000000000000000000e+00 0.000000000000000000e+00 2.450884493050897815e-03 1.726606884093904656e-02 7.306567112058887266e-03 8.760878470939686274e-03 2.027629915056352661e-04 2.368609980566475925e-02 0.000000000000000000e+00 0.000000000000000000e+00 1.291786958078725012e-02 0.000000000000000000e+00 2.095093802354446727e-02 6.248386777827629433e-03 0.000000000000000000e+00 0.000000000000000000e+00 0.000000000000000000e+00 0.000000000000000000e+00 3.748766603263819705e-03 6.754219635080353432e-03 0.000000000000000000e+00 0.000000000000000000e+00 6.277071724309194606e-03 1.726032466976629501e-02 1.865444525421663252e-02 1.717261533878677512e-02 0.000000000000000000e+00 5.416988821853540269e-03 2.096026249311894185e-02 0.000000000000000000e+00 0.000000000000000000e+00 6.983630048122739520e-03 6.007847116261609034e-03 3.582822698293591616e-03 1.843832929244602556e-02 6.016422808718635031e-03 0.000000000000000000e+00 9.206713400444061640e-03 2.125223635977034793e-03 1.199433480000773600e-02 0.000000000000000000e+00 1.995421273999206657e-01 1.577855859323810603e-02
1.596004673877296220e-01 3.492335843100788373e-01 1.139725700060493369e-01 1.491534226469238278e-01 9.146710152787240755e-02 1.303588456836435872e-01 4.198657430987324385e-02 7.035164533482823890e-02 5.464557847438520494e-02 1.600886328289465033e-01 6.693492347880479476e-02 1.219254714180633553e-01 4.970422936925098650e-02 8.103293096556908603e-02 5.996042239362018092e-03 1.293388170730200015e-01 1.095391498021058424e-01 1.732322114964566784e-01 1.577443087625460261e-01 1.277543780929573936e-01 1.204681144115822833e-01 4.505573909754250206e-01 1.419600552072885352e-02 1.685971242021528094e-01 6.813871768778015370e-02 0.000000000000000000e+00 2.143954235721029500e-02 4.053850320363022036e-02 1.338013265364889348e-01 1.401118232457283508e-01 4.062963589571153694e-02 3.442390946392168138e-02 1.442667568809743173e-01 0.000000000000000000e+00 1.893952584946531278e-02 2.481102371158698874e-02 2.098417282174679793e-02 6.714761341951937246e-02 8.560815864974488654e-02 1.957547994400968272e-01 1.297886472537869429e-01 3.094407753369371808e-02 2.671958077526655206e-02 1.583914969078109303e-01 4.735982550422341425e-02 1.142662395935262198e-01 1.454869949270369469e-03 1.394912718821832501e-02 2.424507854855376468e-02 3.385419248578173945e-02 4.360972360393309405e-02 1.244853794553872489e-01 6.581077893947373005e-03 1.157066526915236614e-02 2.276087196401399906e-02 0.000000000000000000e+00 0.000000000000000000e+00 1.883621854684559491e-02 3.797658158094964487e-02 8.701843446624788272e-03 0.000000000000000000e+00 2.321485699329763237e-03 0.000000000000000000e+00 0.000000000000000000e+00 1.248927780461807011e-02 3.419296159733085927e-02 2.551563760885398272e-03 5.177264702256292872e-02 0.000000000000000000e+00 0.000000000000000000e+00 2.321380897132862761e-02 1.391992887056920161e-02 4.413205881726627727e-02 0.000000000000000000e+00 0.000000000000000000e+00 0.000000000000000000e+00 3.630314319210303092e-02 8.112594424529529576e-05 0.000000000000000000e+00 2.846930399164885293e-03 6.703637945327622742e-03 1.591720072792951468e-02 1.265075830638020538e-01 2.498629341610881030e-02 7.337749755568103924e-03 8.280264639798954121e-03 3.270118478303528971e-03 3.509218040646151782e-02 0.000000000000000000e+00 1.132573136318839116e-02 2.398088657392078576e-02 4.168778697044619660e-03 3.833552644537920268e-04 6.288403129354768785e-03 0.000000000000000000e+00 1.453209871831650547e-02 4.659957866410943152e-03 1.830747550375777175e-02 1.839477786173917412e-02 1.567138637711340478e-04
1.770363822865031744e-01 1.892708949943008312e-01 1.134696896979986297e-01 1.530902081153628636e-01 1.264817389484445831e-01 1.299019613042426691e-01 1.374242161254401740e-01 1.194546931272810336e-01 1.092768357551635178e-01 1.171247434535721693e-01 1.296996771044995334e-01 1.227644635433813719e-01 1.116420032229576975e-01 1.288383413635987018e-01 1.168222960171163144e-01 1.595352878691294607e-01 8.523423824296637308e-02 4.407477404283869499e-02 2.088616414796529153e-02 3.651717906966104460e-02 3.045336651627294014e-02 5.077203607786250766e-02 3.815105329920064764e-02 2.892009707584922498e-02 5.542917439278324115e-02 3.456169243339484581e-02 1.114461773920996830e-02 7.017077376668529043e-02 3.676309183878388731e-02 2.083417667239880616e-02 1.531145333968515418e-02 2.333892257877548740e-02 3.222860667364167014e-02 0.000000000000000000e+00 3.578763874124802485e-02 4.537464845877442476e-02 6.711584824603246402e-02 3.280105808473626761e-02 9.700825435351054238e-02 1.750984566681033916e-02 3.034784347177459096e-02 5.171783600557488397e-02 1.781126503095395788e-02 6.021710797739902865e-02 7.408238542823433748e-02 3.182102986591440336e-02 5.506799516679539847e-02 4.521872194145715868e-02 3.680052537474782365e-02 5.028263641788010413e-02 4.270011767351065968e-02 3.537735942001693501e-02 3.141286254834673580e-02 4.914601669318195698e-02 2.885103668401865426e-02 3.803223580343052107e-02 5.448431076896195768e-02 5.649533192976841089e-02 4.547208258244093970e-02 3.549326426589858446e-02 2.442067276749238305e-02 6.826360785907117923e-02 2.977805467487027596e-02 5.352345018036506336e-02 5.498421192826828674e-02 2.599421125509566305e-02 1.502832382086861582e-02 4.403599988993979475e-02 3.103674235941499687e-02 5.177920114980055777e-02 4.969349911386276158e-02 2.792689676365043769e-02 4.203612925729086069e-02 5.214175823208267585e-02 6.541776006128037502e-02 2.635522290396663178e-02 2.727802220739987751e-02 3.334623166514017606e-02 4.279651441502511922e-02 6.272501390940812827e-02 2.622545437660668555e-02 4.826093288086166777e-02 6.125466568643819082e-02 6.057381316036183211e-02 3.786877895567099944e-02 1.563042042192399478e-02 3.833294628977023527e-02 1.723395787340144605e-02 3.235916520740971664e-02 3.538199572025037265e-02 1.914091098467667409e-02 3.695160811540123408e-02 3.399233986898524129e-02 3.952575754770493860e-02 4.804991339140733675e-02 6.320964693139953516e-02 5.250619856196390989e-02 3.989402289177761823e-02 4.115354048204398346e-02 1.100586707838572820e-01
1.454831220336692543e-01 7.287340430849868766e-02 4.578974176518191830e-01 1.772949511178811555e-01 5.685442043172671961e-02 1.150251883759730170e-01 5.471364670328573293e-02 1.152925031368791237e-01 4.109373407100063574e-02 4.418311131891878435e-02 1.460001000991710263e-01 1.418587215907119725e-01 1.967209054584472070e-03 3.587316424979974938e-02 1.096938101812067468e-01 2.278608833017175400e-02 1.812733276307550712e-01 5.241755292709330410e-02 1.713198320785399020e-01 1.066479072253226079e-01 1.331898030576210146e-01 4.025318853240876515e-02 2.263594455336366551e-02 3.821216574777390462e-02 4.497050565196589883e-02 8.347543394282219698e-02 1.597343588441554607e-01 8.866710070129416033e-03 3.417125637076468686e-02 2.468107164738475579e-02 3.204744517048699337e-02 2.805374466125920216e-02 2.632512818173995961e-02 1.437423575431539743e-02 9.285683185785614802e-02 1.043749231315329734e-01 1.293926119874898861e-01 1.334141435978894730e-01 7.482285284864904906e-02 8.569358042008140552e-02 1.118030794116759569e-01 7.323167886446076483e-03 7.752718576117352198e-03 0.000000000000000000e+00 2.540300450668267138e-02 2.289233754217654543e-02 2.893183811384715184e-02 4.571918701106153504e-03 2.397577946178757261e-02 4.279104554911580122e-02 2.684332982619031666e-02 3.489535443281074813e-03 1.160055783485709931e-02 6.049595629987264411e-02 9.488612690426426535e-03 0.000000000000000000e+00 1.629275833654032432e-02 9.357401935879694488e-02 2.281371461486737112e-02 2.316010715525701133e-02 0.000000000000000000e+00 1.118416593879156297e-02 1.468548098940698592e-02 0.000000000000000000e+00 1.154882757686524070e-01 0.000000000000000000e+00 1.448490714023762012e-02 1.342514014330455779e-02 1.241214232371769671e-01 4.502441228451369015e-02 3.461584644168658881e-02 0.000000000000000000e+00 1.303263197632451714e-02 2.645715501024631378e-02 2.308757286319415916e-02 2.087241218456491187e-02 2.852480127682980454e-02 8.237559074539168441e-03 6.365613620964598318e-03 5.743511504099883813e-02 0.000000000000000000e+00 0.000000000000000000e+00 3.831845751904646574e-02 0.000000000000000000e+00 6.009876661343715835e-03 0.000000000000000000e+00 0.000000000000000000e+00 9.889552912334747051e-03 1.548237002909967804e-02 3.250494133936221441e-02 2.445319868789080572e-02 5.385284827314058137e-03 2.056033305382031981e-02 3.075811481314297247e-04 1.386351257119969489e-02 1.591378401671330808e-02 3.161339915815679358e-02 1.183903869184441647e-02 3.796170711686164961e-02 3.708274651919275106e-02
1.397095636865189339e-01 1.042233270197120004e-01 1.383299518224491431e-01 3.494983880741860949e-01 1.768748273060224419e-01 1.777315666460033694e-01 1.103230915145545638e-01 1.308878573821092572e-01 1.656508418523172099e-01 1.259458432884160151e-01 2.566523449907113785e-01 1.347157017648566157e-01 1.360729061744419266e-01 1.252323478039548688e-01 8.621880434371494151e-02 1.559229529785868817e-02 3.765277737193254565e-02 1.233209312894715387e-02 2.799486391428999271e-02 5.549764693472764021e-02 2.664160687679097833e-02 1.091759862502579038e-02 3.015323589995668602e-02 2.340391590057913640e-02 1.988370985497928470e-02 3.082320389329912431e-03 2.776885558271551674e-02 4.539969990776954178e-02 5.358112862801957949e-02 3.027881499939485271e-02 7.262328349177442355e-02 1.356451775534223483e-02 4.469180628692950158e-02 1.409287643504295029e-02 4.881923599537472264e-02 9.028943338940353946e-02 2.032114730896044871e-02 3.204144697368470351e-02 1.064500917486960185e-01 3.622865915358514793e-02 5.650900941445018144e-02 6.249699731238543554e-02 5.143576381856717478e-02 5.703547287675771182e-02 2.598567280199794161e-02 3.391285245654935415e-02 8.539622945594183001e-02 3.905321135776214370e-02 1.502889890297444964e-01 1.655536684041658269e-01 3.386398111737040639e-02 3.591133725304130470e-02 1.649863746443349169e-02 2.500152697401866742e-02 2.339229190056759874e-02 1.063916046749537464e-01 3.499652845213315627e-02 3.728413431435834841e-02 0.000000000000000000e+00 1.700894010878447604e-01 1.433682083803111511e-02 0.000000000000000000e+00 0.000000000000000000e+00 5.500580543675654549e-03 1.908161661482376051e-02 2.157268370654154971e-02 2.112038242828933720e-03 4.392116434566103208e-04 0.000000000000000000e+00 2.243511002867916784e-02 0.000000000000000000e+00 1.186622608409108465e-01 1.494829244779145513e-02 2.001351030179006341e-02 1.439058862096778690e-01 1.639067258194645132e-02 5.068175723109096323e-03 4.545471308127953247e-02 2.154719868500595478e-03 0.000000000000000000e+00 1.483481215019596261e-02 1.424143886905770810e-02 1.422690035718972845e-01 1.400399938415380387e-02 1.434950615978283772e-02 1.771052112623152097e-01 6.748788008530339118e-03 1.552726207674149685e-02 1.018698899500988103e-02 8.045692319566088990e-02 1.771594690088221583e-02 2.141599378235854029e-02 1.346039517674916738e-02 1.128006792881811694e-04 2.435171345392278183e-02 2.925274031279271984e-03 3.077367554542386960e-02 6.613563915032254215e-02 1.495607786784494964e-01 7.623684728117403886e-02
1.993766144075366786e-01 1.703371917846582539e-01 2.985842678808507400e-01 1.280968844402081697e-01 1.329916896661199888e-01 1.238116768862973921e-01 1.422553846062087068e-01 5.664145385577159381e-02 3.673561451152548840e-02 2.522498706943501062e-02 5.401782927467736056e-02 8.324591181170189202e-02 3.426629653561875932e-02 2.982139596919247682e-02 4.196617246088273773e-02 8.428218210289080414e-02 4.501410762180323155e-02 4.937268735336121372e-02 9.138387687973487106e-02 6.032362318482742403e-02 1.191741317942794087e-01 9.685027435152304687e-02 6.624556441908155402e-02 6.462696098681111612e-02 7.010406743435362853e-02 4.159924241383655685e-02 4.024964547336634668e-02 3.813085892664055260e-02 5.354270824903407250e-02 2.271467387884227793e-02 2.808142680499377611e-02 2.799079418430883495e-02 3.860984486578882685e-02 6.993752769963451632e-02 4.192332059813997508e-02 6.849303423183898676e-02 1.540625277868086507e-01 9.441395842782298806e-03 4.299747395755871421e-02 3.248682971096895217e-02 3.435551406065012053e-02 4.257067632052174977e-02 4.026031454980714269e-02 3.797232033426348879e-02 4.709412799549282658e-02 3.766715442457839458e-02 1.541132531140901318e-02 4.588526923365203458e-02 4.172036608992934353e-02 1.588646229677771748e-02 1.039398663365930821e-02 4.324778097107950803e-02 2.646125399972406450e-02 6.246476930686145623e-02 5.333673203281128622e-02 1.349212843078524682e-02 4.341187354790144309e-02 1.093879846028711182e-02 1.918499573620785145e-02 2.360508291954314247e-02 5.347878954874177998e-02 9.805626036278890928e-03 5.054195003644416234e-02 5.505024795213246669e-02 3.403008195964055821e-02 2.922417240429753954e-02 1.468821143243029086e-02 1.341472243253906751e-02 3.975388054289707290e-02 5.582298061743046907e-02 4.140334210425992978e-02 2.614677027035008580e-02 3.478446626061828389e-02 3.046058297211534302e-02 3.885659020058754992e-02 1.746401997523166494e-01 1.811476447931016989e-02 3.380695435850372688e-02 5.184735981714511110e-02 3.015854782856607769e-02 1.926138962186721426e-02 4.140913548458605153e-02 3.961496443291935392e-03 2.994325645260864643e-02 4.934713051306124226e-02 6.347109383326091092e-02 3.456099286543076743e-02 3.792804007609596600e-02 4.678495619472824302e-02 4.806261733283870990e-02 1.507902387858485113e-02 2.678894440188003476e-02 4.752413619729270455e-02 4.937569310164795222e-02 3.556538094514637843e-02 2.134785905460211478e-02 3.935494858643697608e-02 5.390164247364668398e-02 1.744445468184839879e-02 7.025308339056562934e-02
