2.891406056853685769e+01 2.295340351877437968e+01 2.605877540578479312e+00 1.702093412655916183e+01 2.814522574585446435e+01 2.663516397127682112e+01 2.590689811661461306e+01 2.626881031749725537e+01 2.792028100918746958e+01 2.388706420160283272e+01 2.744621764899429195e+01 3.077800163422507396e+01 3.062044279269883873e+01 2.745852201245893198e+01 2.354318623210422246e+01 2.817477876543248527e+01 2.472461270268525979e+01 2.719743007655027256e+01 2.278231989844277550e+01 2.287868618426267631e+01 2.820506904471781340e+01 3.182274874450520841e+01 3.277720659315478002e+01 2.977961241223971811e+01 3.111737015114502114e+01 3.178373840076915613e+01 3.343643845512664825e+01 3.584527349686861442e+01 2.549691371967117348e+01 3.089845412310402750e+01 3.287685833728199469e+01 3.352357825781338363e+01 3.078720306484391855e+01 2.457424751170117361e+01 3.359022868271214435e+01 3.347733847422900055e+01 3.153563977246910000e+01 3.359745096469924164e+01 3.252502082608898348e+01 3.341709791406704966e+01 4.620043324224022641e+00 3.354606109995557262e+01 6.526591111553039504e+00 0.000000000000000000e+00 3.861547316310866762e+01 3.931806019058682011e+01 3.814465768245131017e+01 7.118500604402619558e+00 2.440902260079121255e+00 8.225634291116511676e+00 3.682590764405813388e+01 4.191612760982420127e+01 1.151527547358784886e+01 2.160816044648155909e+00 3.996504495198394125e+01 4.032603736769776503e+01 3.884175820929209522e+01 3.994568293734063502e+01 3.857671334451587342e+01 3.699576369118777563e+01 3.573829210283575719e+01 3.875735628852812198e+01 3.882174125034569556e+01 3.678439204888949376e+01 3.593066678141376968e+01 3.626251954403594624e+01 2.092647258434713464e+01 1.935404078588984333e+01 3.755440612921051269e+01 4.115366507310712763e+01 4.273032716755488281e+01 3.934100113584811709e+01 4.236580950518234800e+01 4.068090623312421172e+01 3.962778084626737041e+01 3.244540393556125224e+01 2.910044769619097593e+01 3.100429383826973861e+01 2.979686464728372286e+01 1.713530959124877384e+01 1.647129448850596845e+01 1.914049673270644547e+01 2.313501277405348588e+01 2.555231914456822295e+01 2.505571746880827533e+01 2.473099393597712847e+01 2.353195733729029016e+01 2.100224212446052618e+01 2.411057557655732353e+01 2.905515096082443094e+01 2.841102755445638905e+01 2.509331771388083965e+01 9.874486100327015237e+00 2.776237680085659676e+01 9.731769978806223520e+00 2.644752421790640895e+01 1.453004941620189783e+01 2.830409984438280802e+01 0.000000000000000000e+00 3.871433754249992631e+01
2.459021312118801461e+01 3.281219063994559537e+00 1.629862719137589977e+01 7.367695280204435093e+00 2.286154668553313840e+01 2.226337495883473849e+01 2.639857518384420842e+01 2.061273278958258715e+01 2.411171367649384223e+01 2.417261454935480813e+01 2.428028130860100475e+01 2.140126425692107048e+01 2.146952162166730815e+01 2.322079974096661914e+01 2.524040818334946579e+01 2.230321203554354526e+01 2.528386713784367501e+01 2.121760427439786056e+01 2.447108125770709819e+01 2.246844410431474515e+01 3.145150985043209246e+01 2.900530003624649567e+01 2.916322571816107612e+01 2.819494961839545866e+01 2.649337031912281404e+01 2.856700271918416689e+01 2.691036226221627103e+01 2.781145825535166338e+01 2.989633028701880235e+01 3.023909341962990993e+01 2.724234386634069338e+01 2.915466312665754245e+01 2.785930497878352696e+01 2.570545442785062562e+01 2.918225131332629019e+01 2.570472790493517579e+01 3.004336886199346779e+01 2.772023131389919115e+01 3.276697443051795489e+01 2.817657359913740578e+01 2.862181404159862907e+01 3.238999493173358957e+01 1.666088833799379998e+00 1.914498829063201768e+01 2.963898191253656123e+01 6.907124935807394728e+00 2.905723031951347934e+01 1.253012330275266883e+01 3.483252918417451127e+01 2.428382444991281019e+01 2.679133776665389632e+01 1.671187378357763365e+01 2.022159325180815870e+00 1.849022114460608535e+01 0.000000000000000000e+00 2.527646948825629636e+01 2.873053121698120549e+01 1.884313412444980429e+01 8.772934203278198950e+00 0.000000000000000000e+00 3.848727586837239301e+01 2.432795803282851210e+01 1.179521137393285812e+01 4.004202059171559114e+01 4.019381377601625616e+01 4.305555175067254936e+01 4.096029903074794021e+01 2.154538779290738404e+01 3.488304221091676993e+01 4.158005886693403852e+01 3.502947057822107269e+01 0.000000000000000000e+00 3.554052039688583164e+01 3.072744566031539648e+01 1.579421092061158127e+01 3.897012729269803089e+01 2.949168565455740065e+01 3.221721847721967436e+01 3.897179149543539722e+01 4.060458195876503140e+01 7.939438841120643353e+00 1.551178318982379878e+01 1.575926624205756177e+01 3.924667126154984942e+01 2.008401379045682944e+01 4.355434373197070386e+01 2.735042578153857562e+01 2.288857119062955547e+01 3.955317445860482195e+01 9.076137626303394157e+00 2.011913920500705899e+01 1.049165300128037970e+01 2.306485499714909793e+01 7.725409842838508290e+00 2.835043804855918737e+01 3.815213048958166553e+01 3.265228044100334159e+01 4.196246044560465549e+01 3.610964910161926866e+01 3.730980411612422643e+01
2.371527374247417441e+01 2.297179564322021150e+01 7.386241746033168631e+00 1.721283996522621607e+01 2.840217864850341911e+01 2.734025982911818531e+01 3.184751136545105510e+01 2.709115194238385627e+01 2.785880571796231564e+01 2.799887969395437892e+01 2.751222386638181661e+01 2.793872681759257048e+01 2.492086694205316277e+01 2.427457828266124196e+01 2.806225002894175802e+01 2.772414666399526695e+01 3.189247704973543662e+01 2.791677365718184234e+01 2.923099276941264790e+01 3.367979142142725379e+01 3.076591200659751735e+01 3.149500459423247989e+01 3.117332315242662233e+01 3.166318928076351824e+01 3.227098117296306867e+01 3.254681651355252114e+01 3.270888480765741946e+01 2.777524663535887939e+01 3.258572306830065202e+01 2.687339548786308896e+01 3.242787433339435665e+01 3.253902160266654420e+01 3.440515476335827572e+01 4.003265810921894285e+01 3.876658635059190772e+01 4.006485416905834995e+01 3.963794500922244879e+01 3.662956035249415976e+01 3.985095938067438937e+01 3.019606035787924014e+01 3.552157711712482779e+01 3.681005656035107165e+01 3.869177238495351645e+01 3.918186756484996636e+01 4.146124552827811982e+01 4.340093287103071162e+01 4.294217838655597319e+01 4.249853414715037303e+01 2.807306197833869277e+01 3.091605172495266629e+01 3.862437396355559827e+01 4.250002656121807121e+01 3.970520385232627092e+01 3.344235084850755868e+01 2.365685306853147196e+01 3.725228712216257065e+01 4.236018700518148705e+01 3.130196423455952726e+01 3.137464873648021424e+01 2.490647964096885758e+01 5.894185571394615630e-01 3.690787231307125893e+01 5.926454999311690841e+00 6.748007469997025609e+00 1.011426550440556227e+01 5.630298490673311562e+00 1.885391386347117892e+00 8.168603136986243740e+00 2.038870246968849109e+00 6.179007159399504623e+00 2.701969859259575912e+01 6.483129025494539732e+00 2.996983436405100676e+01 2.503693881985569902e+01 3.119573441595645491e+01 2.730136937955783694e+01 2.628159067873408361e+01 2.762012146665287204e+01 2.853773959298619900e+01 3.692825432294069543e+01 1.864396842502416618e+01 1.734375008937092488e+01 3.252290925702436653e+01 3.011771756665151756e+01 2.893727709145573712e+01 2.476771018518705247e+01 0.000000000000000000e+00 0.000000000000000000e+00 3.181279215952596928e+01 3.653614310550347710e+01 2.300811999952746589e+01 4.360240519123964020e+01 0.000000000000000000e+00 1.418123699611373922e+01 4.177233333545473926e+01 0.000000000000000000e+00 1.874612721004928062e+01 2.363778631566414745e+01 2.588240033653449501e+01 2.852906963356412717e+01
3.643645557207008778e+01 2.034674487658852371e+01 5.013975322613136498e+00 2.858580999958168434e+01 3.234898754471269910e+01 2.797421549360052495e+01 3.060103067302688018e+01 3.882776101164515126e+01 3.546339444206822122e+01 3.330378181284036287e+01 3.191954450199926896e+01 2.528482092285337046e+01 1.646765829499809186e+01 2.602502430059187333e+01 3.424886644220142529e+01 3.586492182596135336e+01 3.184839178238308222e+01 3.741988486407225878e+01 2.619418603518161959e+01 3.212650690177618884e+01 3.497581167146559977e+01 3.998240992334240929e+01 3.858527414655409871e+01 3.708252412722900004e+01 3.465917294290048289e+01 3.497094790475575365e+01 3.046727887797149137e+01 3.462688383086501176e+01 2.777071928812712542e+01 2.958524605877280322e+01 2.925207088128728117e+01 2.404268505219942753e+01 3.028268121562636850e+01 3.581196081067639625e+01 2.844469992317571538e+01 3.795128806116150599e+01 3.381744782978687169e+01 1.898132379347149623e+01 1.954265758731896341e+01 2.783746455468726211e+01 3.556105630077183122e+01 2.135361974306912458e+01 2.466937011913132949e+01 3.462135080412960519e+01 2.217874040758059451e+01 3.562608904903126472e+01 3.414996985243460870e+01 3.047620473093274995e+01 3.271989359823834320e+01 3.239049598202010571e+01 3.658236499443477641e+01 3.085670947637583339e+01 3.086968667879665063e+01 3.352435130682686548e+01 3.671257006924773947e+01 3.476167351579961462e+01 3.590698141858393200e+01 3.682797268702471172e+01 3.683506254857894646e+01 2.531000764707744821e+01 3.646952489098028138e+01 3.677511188179705215e+01 3.380279926676745106e+01 3.552458341884393178e+01 3.443924049856398284e+01 3.589067223175776888e+01 3.450138504981470078e+01 3.276269045056822904e+01 3.482678857946326190e+01 3.268429755431185413e+01 2.805977698788472807e+01 3.439929247500601406e+01 2.033655208218850063e+01 2.005380761604102346e+01 2.253780556915663169e+01 1.967415107715440570e+01 2.793102853783328143e+01 2.976183586386018121e+01 2.836519934789307484e+01 3.451610161251586106e+01 2.944773101817260041e+01 2.462744115747630858e+01 3.050242397664011662e+01 2.909126952862114734e+01 3.273436321472686217e+01 2.635346992126572374e+01 2.669133170839549862e+01 2.843069556766753436e+01 2.445879836782616934e+01 2.750119002328656492e+01 3.726475611643563468e+01 2.610957295751118323e+01 3.087809000788768188e+01 3.393141887531664480e+01 3.852380243425955797e+01 3.680810246423365584e+01 4.042379585752806292e+01 4.552739386594416260e+01 3.568946833134518926e+01 4.151188023866139787e+01
2.223173005431050342e+01 1.841190698482330745e+01 1.381142072696127165e+01 2.258398272145520025e+01 2.895558511103204680e+01 2.555138862260754351e+01 2.622193348426286974e+01 2.700545086980555354e+01 2.787096692420223576e+01 2.647025758519185956e+01 2.528379019083538992e+01 2.656926691127314655e+01 3.114059025299451733e+01 2.575683713473305758e+01 2.601193257239127732e+01 2.645807848429885212e+01 2.632880214198125302e+01 2.601050100014408173e+01 2.603485920193010017e+01 2.837292446963199666e+01 2.639998886143831314e+01 3.336390068936130149e+01 2.719840533514367564e+01 3.100523509702227187e+01 3.108799786756320671e+01 3.066064849926129909e+01 2.981325257058348299e+01 2.830887055889658654e+01 2.854040052790067250e+01 3.117388862346426492e+01 2.872702207551026987e+01 3.054028190471717963e+01 2.967316069993832883e+01 2.584446188251853016e+01 2.732082981479313588e+01 2.854942659091923574e+01 1.979705871243729476e+01 1.889681271532367290e+01 2.247715164250830355e+01 1.927053359778036423e+01 2.284312414017705350e+01 2.056880141624680292e+01 2.024979522507788943e+01 2.014054299956792704e+01 1.951868948897030975e+01 2.225696151516730481e+01 2.204787502006860933e+01 2.035217948273193755e+01 1.935403362802860627e+01 1.918307169133801082e+01 2.150592650391346794e+01 1.964556615830854724e+01 2.847963386493788107e+01 2.222898501452650777e+01 2.420980858580223227e+01 3.026581371562379630e+01 3.233934590562784450e+01 2.082738631125756257e+01 2.723362917028589791e+01 2.637515645134541487e+01 2.986598453430889677e+01 3.136813150382485915e+01 2.875112796268771476e+01 3.097187230580140138e+01 3.229798062554515781e+01 3.347232797136381777e+01 3.234893028182280972e+01 3.080714128731672119e+01 3.417637520253411054e+01 3.070097588946476819e+01 3.115038220716532891e+01 3.017711707811823985e+01 2.931616058132887304e+01 2.988904358428058217e+01 3.046257616313945604e+01 2.934800053757178873e+01 2.919488672787309369e+01 3.126140063493526711e+01 2.574130815478161338e+01 2.761940746999458440e+01 3.059372965456618942e+01 2.874150421825595103e+01 2.944061789356934966e+01 2.914366507286846897e+01 2.764813733553047115e+01 2.977815220854758138e+01 3.240913505267857886e+01 2.167438676810208875e+01 3.342793133704769559e+01 2.943364613672551400e+01 2.681212061675254432e+01 3.150807484884936827e+01 2.205216794734488417e+01 3.628870300043713115e+01 3.222296623979216434e+01 3.296060889267349836e+01 3.605960849371858501e+01 3.092526031343274440e+01 3.014390460198332278e+01 3.466856763577269618e+01
1.291275572244814462e+01 2.438851532835014879e+01 1.685305722806127449e+01 1.915367435524186845e+01 2.461878730324201570e+01 2.587016755168221493e+01 2.513571909437743557e+01 2.490421059895705369e+01 2.234073891253844124e+01 1.992553874269238889e+01 2.229997847173019565e+01 1.694634563354970780e+01 2.391712721879391879e+01 2.216323648014347825e+01 2.431382483581808174e+01 2.003443486460586342e+01 1.826038758871492362e+01 2.162811835307276098e+01 2.506556847533428112e+01 2.146901878191548008e+01 3.021809225476356531e+01 3.598955450580211846e+01 3.148774652293920440e+01 3.293578900883775873e+01 3.170568192399086982e+01 3.669795371660388383e+01 3.321870347418958858e+01 3.181495383361923501e+01 2.842232444895206456e+01 2.790977505835837036e+01 2.384543765958503059e+01 3.820678791797955398e+01 2.433582989072277059e+01 3.801253787975772269e+01 3.828525239284829240e+01 3.748738349552748161e+01 4.044151514301771755e+01 3.694372604000224669e+01 3.869984287349707586e+01 2.482390834321598305e+01 2.591822543202053808e+01 3.667418245943921562e+01 2.641039281274479933e+01 4.027011657679172174e+01 3.257602058739529127e+01 3.491177386591796505e+01 3.152367182848255212e+01 3.287599223607244170e+01 4.561435472209999631e+01 3.923031912755626394e+01 3.870768431048108482e+01 3.981241071898805473e+01 4.056396467518150217e+01 4.006332954461508677e+01 3.365447406623562188e+01 3.610758405865269083e+01 3.750015669890307635e+01 3.498695288247939317e+01 3.820866327762337988e+01 3.597548215061219423e+01 3.520880363362713439e+01 4.104475463547118608e+01 1.446877633455666157e+01 8.128127221162126048e+00 5.353249445238034809e+00 1.934419514775976268e+01 1.637319242133634134e+01 1.417705054202334836e+01 2.806402338906296734e+01 2.968022550897823564e+01 3.313722911867112941e+01 2.416258280683259230e+01 2.275897095509102996e+01 3.153749365852921471e+01 3.005452796766034851e+01 2.120162792811916930e+01 2.599672211726483440e+01 3.270120084362060453e+01 3.137771588001982792e+01 3.074056959889155394e+01 3.129790572723873154e+01 3.046478794226137055e+01 2.741451011318424236e+01 3.064873781816464060e+01 2.732402222090438215e+01 2.726970836984581936e+01 1.262590980181245826e+01 2.997528507538220310e+01 3.451927612397400935e+01 1.796662359519466889e+01 0.000000000000000000e+00 3.589915787625301391e+01 3.522165199454570850e+00 4.164653034530189757e+01 3.203860120793720512e+01 3.802341067097516714e+01 3.706927492608121355e+01 3.421205714079543725e+01 0.000000000000000000e+00 4.414512138801234187e+01
1.367706319789878755e+01 1.706026120565490700e+01 1.857813578577161451e+01 3.508047749738861398e+01 3.676232436269899040e+01 3.581812372920056475e+01 3.340497965499454835e+01 3.427777346480290532e+01 3.879799504569535884e+01 3.271262121122259714e+01 3.704047169246766202e+01 3.308969734113365035e+01 3.585092820724502616e+01 3.292095792035682678e+01 4.090992200336916085e+01 3.557766253883929153e+01 3.549659260248066062e+01 3.250518281367348550e+01 3.702770922588391755e+01 3.323268635611405841e+01 2.082029466023801945e+01 2.225202259091448553e+01 2.413239094813926044e+01 1.925938701837064571e+01 2.075040351366467206e+01 2.575127905548332308e+01 2.263470332617330527e+01 2.811495515068753548e+01 1.864356937426025951e+01 1.244982999433814186e+01 2.823124176432714805e+01 3.339704874474509211e+01 3.359287351243883535e+01 0.000000000000000000e+00 1.186382394754293124e+01 2.213901964611687134e+01 2.526485585840093151e+01 1.273769233126933820e+01 2.641276206481390787e+01 2.726001662573231243e+01 1.180512411701202602e+01 2.287780576733065274e+01 2.640461999765798851e+01 2.293552676033753812e+01 1.683589804521333733e+01 2.484324172641434458e+01 1.353233750683599723e+01 3.818031098926769573e+01 3.021862193649502615e+01 3.246089354727590148e+01 2.599324160723884347e+01 2.548725776486384476e+01 3.410981425090079711e+01 2.173932825363076304e+01 2.401239119398348265e+01 2.437374866062033973e+01 4.116677827489143482e+01 2.493834286026079283e+01 1.641051172035539452e+01 2.119802752391747447e+01 1.854376731504709142e+01 2.560864077570347419e+01 3.478711255463226593e+01 3.038230074937802172e+01 2.315905960887573656e+01 1.495718315393407316e+01 3.381350742717646796e+01 1.537512888203722206e+01 3.748526118967101439e+01 3.005818563475192917e+01 2.509422318332719115e+01 3.074135696362750991e+01 3.616900924484919244e+01 3.677044853520181533e+01 4.039868250138164996e+01 3.741842466038011850e+01 2.820980933832133886e+01 2.795385316784949126e+01 3.715116801648198219e+01 1.905147262304933875e+01 2.301803542680459813e+01 1.639938482506407524e+01 1.776551632590877361e+01 3.958467262697372036e+01 3.772174618811570923e+01 3.491503069278033422e+01 4.229039427920013594e+01 3.175845683488369886e+01 3.784016226547302608e+01 3.382875725053970228e+01 3.200583251919892547e+01 3.396808859842853678e+01 3.300064638949690732e+01 3.586283888834169176e+01 2.154160128431355758e+01 2.800450756235116145e+01 2.807804921815485599e+01 3.577844770436956878e+01 3.587675734951503870e+01 3.134368024984277667e+01
2.923929409898106968e+01 1.352425896569854658e+01 2.534953693575310751e+01 2.231056315903288834e+01 1.456154132144221514e+01 2.497712773136791142e+01 3.025688786266253771e+01 1.830568611354677699e+01 3.411752326745194352e+01 2.492062357477114176e+01 1.599991711574158870e+01 1.166177631423716043e+01 2.120751347952044696e+01 3.570229163974943276e+01 1.643157193757693335e+01 2.815688948073848152e+01 1.768995615323653325e+01 2.947342774000974330e+01 1.817506767224743669e+01 9.159060553989485598e+00 3.061025357722943241e+01 2.897437807570709367e+01 2.636152967301742933e+01 2.292814163700732166e+01 2.711593603691341414e+01 2.363160729195219645e+01 2.029091534841324673e+01 2.694920081728265870e+01 2.884101996301968285e+01 2.351288342656173214e+01 2.802185642852185055e+01 3.737435012981961791e+01 3.536471974599971446e+01 3.251884359184234086e+01 1.949695822225789499e+01 4.264031348358190598e+01 3.817354681039969932e+01 3.673209671469947324e+01 3.432169410134683574e+01 1.384887334114584512e+01 1.216710789650703006e+01 2.163995029769582246e+01 2.015154821121823403e+01 5.688932110987783730e+00 6.817492855311559907e+00 2.285908796019858258e+01 0.000000000000000000e+00 6.335833214881707143e+00 4.560862127524997867e+00 5.203268541929058522e+00 2.402589986760107266e+01 8.760595839972691312e-01 2.067961584497151861e+01 1.851683228321612518e+01 1.919899435365743257e+00 3.273457437163332173e+01 2.821418458100182747e+01 2.893800719330180460e+00 1.829767646682372373e+01 2.706744868490093126e+01 4.272157310326328883e+01 2.555474923845783408e+01 3.894840676277747349e+01 3.252801281208562045e+01 3.301415685257980925e+01 4.123117039457024902e+01 4.059420663890348635e+01 3.778330379474507339e+01 4.035418923593884699e+01 3.551442999268070366e+01 4.492120175573085561e+01 3.615107164459184474e+01 3.030712173281659716e+01 3.330618685421564606e+01 2.770173540046543437e+01 2.746354683104658179e+01 3.844218134258576214e+01 2.339093494468446011e+01 9.185651113748470209e+00 3.852496916564102492e+01 2.247996468197404241e+01 0.000000000000000000e+00 1.936475789362540212e+01 2.115995664946864352e+01 2.910432009911963824e+00 3.291723941144473287e+01 8.092014021761332998e+00 0.000000000000000000e+00 6.420982237412186322e+00 9.977765090635559275e+00 3.284486269755719690e+01 2.391578511981217403e+01 2.737755228615760572e+01 8.706113779175083778e+00 1.727579335479659761e+01 1.824779512133553894e+01 0.000000000000000000e+00 0.000000000000000000e+00 3.784365888068679595e+01 0.000000000000000000e+00
2.446912895105498720e+01 9.323905203521286822e+00 2.852090430335919180e+01 0.000000000000000000e+00 2.596075923295000010e+01 2.968172329144186250e+01 2.853088951978337562e+01 2.848745919673410754e+01 3.014545427894091389e+01 2.909182784179755288e+01 2.849327316952302880e+01 2.755372335636267778e+01 2.586480273468585622e+01 2.761382254876521714e+01 2.757570335875304224e+01 2.686859972083498604e+01 2.960850910778971468e+01 2.753189545852357867e+01 2.824720021595275199e+01 2.638118873890202920e+01 2.299086955394877307e+01 2.447211198972507873e+01 2.058362176793588461e+01 2.103186493318559869e+01 3.027906291677158279e+01 3.034128620449589420e+01 2.630294436826630289e+01 2.824099613972647305e+01 3.153004948284380404e+01 3.383401469961752639e+01 2.705003718744442764e+01 2.796441280263785956e+01 2.955880312990180769e+01 1.248048442981385087e+01 1.764793771831606506e+01 1.920288465123918442e+01 2.077920674727822714e+01 2.164857909941578740e+01 2.098570030714419232e+01 2.085666196371268910e+01 1.515692506118920591e+01 1.766927888159111859e+01 1.936489747191950528e+01 1.539525678783277662e+01 1.982052933943004902e+01 2.255629969312507654e+01 1.976841295177093016e+01 3.432251725538897347e+01 3.406037490334393425e+01 3.259930510999591036e+01 3.927665912119795877e+01 3.481239412051772320e+01 3.430858805742376916e+01 0.000000000000000000e+00 0.000000000000000000e+00 2.792695929372063457e+00 9.004335330780040891e+00 0.000000000000000000e+00 3.345649120337922966e+01 5.440909982329686478e+00 5.800951297231778270e+00 3.333604945129212638e+01 4.119045647986003189e+01 3.783376671645868328e+01 3.839597734830755371e+01 4.103486605017369016e+01 2.957460231911490922e+01 3.293828710240911306e+01 3.419783804945017636e+01 3.386798948797407149e+01 3.562259959167872836e+01 3.753850851940541844e+01 3.733431621192681860e+01 3.554326185773920344e+01 3.473859299224422159e+01 3.538979731283994568e+01 3.388923759905306099e+01 3.250298177134342126e+01 2.648371794324610562e+01 2.997080604371379309e+01 2.727422319082040758e+01 2.460752261912190519e+01 2.960010219976806312e+01 2.991288999898822709e+01 3.202503706089503765e+01 3.117262526095611364e+01 3.291975539966917808e+01 2.408979630538929229e+01 2.637449434918108793e+01 2.743262487050717979e+01 2.720736697741111243e+01 2.554786516541413732e+01 3.358881500511803608e+01 3.256937809216830715e+01 3.999632480558514658e+01 3.311538690510955263e+01 1.795790353074394474e+01 3.675000568351187979e+01 3.123206771959025119e+01 2.293345813844033998e+01
2.065779152606303626e+01 2.178952275554802398e+01 1.862374925649785240e+01 1.079225185754833483e+01 1.957111724359319282e+01 3.089501834971076022e+01 2.471669968708889087e+01 2.335115155193492242e+01 2.120336907786482072e+01 2.044359252857654852e+01 2.509291687365162460e+01 2.226587484187140120e+01 2.523780272185957330e+01 3.140582480109349461e+01 2.234883445359632859e+01 2.101348712446223743e+01 2.718947590325180030e+01 2.469275843071986998e+01 3.120332174886658549e+01 2.292204850763020119e+01 2.954318109775429946e+01 2.804937303657824188e+01 2.913521521767940570e+01 2.807446312967563529e+01 2.108464521247435286e+01 2.390558516755091389e+01 3.052310303775084321e+01 3.427807409497481217e+01 3.054147726754358416e+01 3.009151621559723822e+01 3.062881033248369178e+01 3.351740818142797451e+01 3.289752666160086392e+01 3.420678895492576288e+01 3.370890602200457664e+01 2.969994362721803327e+01 3.025637965451478451e+01 2.962825406800914507e+01 2.979570686322880491e+01 1.732228187405893038e+01 2.492062357477114176e+01 1.314438679624219120e+01 2.329433960730500530e+01 3.148700210537066368e+01 3.373699704842515246e+01 3.102309753973663931e+01 1.260392890468943961e+01 1.905612702231803013e+01 2.010506327088651801e+01 2.007163605891452463e+01 2.929136217107684459e+01 2.138994052044576222e+01 2.938721130142244675e+01 3.418603115734143927e+01 3.264711246519097188e+01 3.493307208202560332e+01 3.459371072296689675e+01 3.544623346975497213e+01 2.872682344486096895e+01 3.056775377614084377e+01 3.456452454377721750e+01 3.069314518927261659e+01 3.036766292315045490e+01 2.852210324511621664e+01 3.039935793270334230e+01 3.021124933942197544e+01 2.738566214293796364e+01 3.402573801282306221e+01 3.511477796843139743e+01 3.598434358282232637e+01 3.405611597590853279e+01 3.550790560216411507e+01 3.289536856643822205e+01 2.071433684036191281e+01 2.059194993948393915e+01 2.250478814474039524e+01 1.335366118519833201e+01 3.279537324497167816e+01 3.482028924146099769e+01 1.508264972460882447e+01 1.713959536066381162e+01 1.311485972391114885e+01 3.496577277108215043e+01 3.535729346496739112e+01 3.196628533587017174e+01 2.891444530357829024e+01 2.818849322756060971e+01 3.128984597548702595e+01 3.102205607092680495e+01 3.271022332770854746e+01 3.066656089264221308e+01 3.432987911567016681e+01 3.166155013054047984e+01 3.062294804413143012e+01 3.323132636247922989e+01 2.903553305264193796e+01 3.024679527831981574e+01 3.016301609148337093e+01 3.280043385286550972e+01 3.584618254524558267e+01
1.679290077276884574e+01 1.773745929932906762e+01 1.748252491354865867e+01 3.454072465516760815e+01 3.001876013506419127e+01 3.117749618552719326e+01 2.986206560528220066e+01 3.455360880539235779e+01 3.336996339782816534e+01 3.697420421314502192e+01 3.608725931167314371e+01 3.146672746341976890e+01 3.227571967710127865e+01 3.168270518942339820e+01 3.291129480768825744e+01 3.239658732193191781e+01 3.260886085474593443e+01 3.577334414930832196e+01 2.897579533223181514e+01 3.267431949574890382e+01 3.719790169249164791e+01 4.236244173147081682e+01 4.279820874458623337e+01 4.312326869689547237e+01 2.466019553049212121e+01 1.881345942123076753e+01 1.015228090542981354e+00 4.817027665437996653e+00 1.992884925351402714e+01 3.943916404483825033e+01 3.865053952530369941e+01 2.401625464958559775e+01 1.534387050201972791e+01 0.000000000000000000e+00 9.701478804788239430e+00 1.637540598992356422e+01 4.414749779794268392e+01 3.525132490829943066e+01 0.000000000000000000e+00 2.569067702332895919e+01 0.000000000000000000e+00 3.875170157815170313e+01 0.000000000000000000e+00 0.000000000000000000e+00 1.944632888027054918e+01 0.000000000000000000e+00 1.817712913628339422e+00 3.826847436611117104e+01 3.193066781835997148e+01 3.381047965187364923e+01 3.440753833114985838e+01 1.938646231835818057e+01 2.366578250042334730e+01 3.539052025682477876e+01 2.252311942736572448e+01 1.651806216435650398e+01 1.852343004181038211e+01 1.697505760443250367e+01 2.760658595105564928e+01 4.402921771994885347e+01 8.517650871762535658e+00 5.256928343417183846e+00 4.254241899438812169e+01 4.148931866004561186e+01 3.730994369441832959e+01 3.645614684833024910e+01 2.002338312685752086e+01 9.992260654371058592e+00 3.576801154268751759e+01 2.426043792778957808e+01 2.852989278760626490e+01 3.871633100685414064e+01 3.173248453538896996e+01 2.903419274312550158e+01 2.997435813235214397e+01 2.730003980683325437e+01 3.503720822621716025e+01 3.641642787633183076e+01 3.132051741088316987e+01 3.640044437219190598e+01 2.861381871059804638e+01 3.080828654511447695e+01 1.763688598056772250e+01 2.719868807066249516e+01 2.909066111041608949e+01 2.790759906854263406e+01 1.872722508799038366e+01 3.710667475103917212e+01 2.488106923358115452e+01 3.756619512666615890e+01 2.839590120419947183e+01 3.763543311840172834e+01 1.616557686672163641e+01 1.286167185627231468e+01 1.843922496223039786e+01 1.286454126389528696e+01 2.389517047945257033e+01 3.221181429198651358e+01 3.744164118329899793e+01 2.479096965527334362e+01
3.136474583546024597e+00 2.255997883380036484e+01 2.313634592570868342e+00 2.139118240937020232e+01 2.225066617621026666e+01 1.415324260081984775e+01 2.083483227640828161e+01 1.401281967909253190e+01 1.566727698838345617e+01 1.544461560945073764e+01 1.814756895884413623e+01 1.905153167540453651e+01 2.098652882958225518e+01 2.384059894538951596e+01 2.103409818589122438e+01 2.098511694145345885e+01 1.977223882860155868e+01 1.623849220966718221e+01 2.356852863981018231e+01 1.634541634081014649e+01 2.734540633134685095e+01 2.462668242418529374e+01 2.613013749284213461e+01 2.780853426903676962e+01 2.682627707681198714e+01 2.733262954904063946e+01 2.694437283987899789e+01 2.488186733510896431e+01 2.613575999284299201e+01 2.738904781130257859e+01 2.457282667624583539e+01 2.796059766259908841e+01 2.781708433428314109e+01 2.688357754547126177e+01 1.254498839107447594e+01 1.269871419790884737e+01 1.059098443111728471e+01 1.087844861201722857e+01 1.542392223261754047e+01 1.577449996023302070e+01 1.395898898366739793e+01 8.561213615244666286e+00 1.828035802156328771e+01 1.317214766631325773e+01 8.791142012797205751e+00 1.440160249105501933e+01 1.390049673111233552e+01 6.601657391799996333e+00 1.289147271679563467e+01 2.558066427506267360e+01 3.079460787229253071e+01 2.812003902163038305e+01 2.437693032993972864e+01 2.689530928003701860e+01 2.687966577430580273e+01 2.750500158439471932e+01 2.752269044897411732e+01 2.565783317704769928e+01 3.096849737422864024e+01 2.955694029651514754e+01 2.473912884527181077e+01 3.611033625629792709e+01 3.685282836016662600e+01 4.004497678840605346e+01 3.885488930572948618e+01 3.983617481829148232e+01 3.771980640772076043e+01 1.585987892905570629e+00 4.104915314120068714e+00 1.990849229615892213e+01 3.726157444711624578e+01 3.708681168610934975e+01 1.308622738423460241e+01 4.152195850728164572e+01 3.402072035209664591e+01 3.998497601659551037e+01 3.113550638205166976e+00 0.000000000000000000e+00 3.342449198472380800e+01 0.000000000000000000e+00 8.022192664335035417e+00 3.013638526875493540e+01 1.768678522070899817e+01 2.493395151239252172e+01 0.000000000000000000e+00 2.990935759446827191e+01 0.000000000000000000e+00 0.000000000000000000e+00 3.445168801925333923e+01 2.257293814156809475e+01 2.233125116747016037e+01 2.135314911369286150e+01 3.991568791983129216e+01 3.315463345826639596e+01 3.184664168531088535e+01 3.357819273904385682e+01 3.740619545445846228e+01 2.874405778525188282e+01 2.739746545611608042e+01 4.249084660418293424e+01
6.061564103803951831e+00 2.414617519941443291e+01 9.797573091881176532e-01 1.589308961572531054e+01 2.625361059916266626e+01 2.789278945364540618e+01 2.786062381471625216e+01 2.127814188580110155e+01 2.363373675566989718e+01 2.610545718730049813e+01 2.497229259610301000e+01 2.782108736817935579e+01 2.384128788953347566e+01 2.382747142788273820e+01 2.956768603569565101e+01 2.469758103972760566e+01 2.571667437533801248e+01 2.687045002796448756e+01 2.619805128024904661e+01 2.629799649668693462e+01 2.087007758513421152e+01 2.650497500165163700e+01 1.774302453644003563e+01 2.498941777911007733e+01 2.181544316054878863e+01 2.339839701502296165e+01 2.465497387072047886e+01 2.948211559408490601e+01 2.055405085370477281e+01 2.931342985726734796e+01 2.769967035749885653e+01 2.986025645585480959e+01 3.089111731533715499e+01 2.918995675094681630e+01 2.743986504714736796e+01 2.995625590128636873e+01 2.960376165632495571e+01 2.970771885398560741e+01 2.932993230634688331e+01 2.997836474517897898e+01 3.242147520544939709e+01 3.104166861071337280e+01 2.387157458988818703e+01 2.983924276473129922e+01 2.483855332730478338e+01 3.122584753817618974e+01 3.062854549161795958e+01 3.148083560791587132e+01 3.334649992869665169e+01 3.190185742688517934e+01 2.824451064959333380e+01 2.537239556561018716e+01 3.215166678402063383e+01 3.517076675901917326e+01 3.271031637990461149e+01 3.375280518496479942e+01 4.020612887627274290e+01 4.014699778460236956e+01 1.843768244313404381e+01 1.408471502681195275e+01 4.262328135277090979e+01 4.642262757072729329e+01 4.067036986138485588e+01 3.616975366241773315e+01 3.496607698018467403e+01 2.776100070203398218e+01 3.232657628118286652e+01 3.741625224949500250e+01 3.289803129081800392e+01 1.829825625358383689e+01 2.650669109888296049e+01 1.484599025329650601e+01 4.148705319696442406e-01 2.756334173239851637e+01 7.054581350931709238e+00 2.796516437806763733e+00 1.044169828771452480e+01 1.152452432503737967e+01 1.499249735707439868e+01 0.000000000000000000e+00 2.132539808568099460e+01 1.892443311236798209e+01 1.767347696720601391e+01 6.976904688165258328e+00 3.469077847918791946e+01 0.000000000000000000e+00 2.099106870307117134e+01 3.039230028152467256e+01 2.086472529439501500e+01 2.266763664572001602e+01 4.286949030570466590e+01 2.413834986761820645e+01 3.167608416778012170e+01 2.684734445189476659e+01 4.276792562316214408e+00 1.891245085265896364e+01 5.067807807503579731e+00 3.145737929664558763e+01 0.000000000000000000e+00 2.274765795540757551e+01
2.241261994453538975e+01 2.067289103434032072e+01 1.340143543528517789e+01 6.290732873332824049e+00 3.042124667236294755e+01 3.162821954969517080e+01 2.824629295704109211e+01 2.778624468914794932e+01 2.941575685203150670e+01 3.353628346150723161e+01 3.016699228339995642e+01 3.652438989735401265e+01 2.717398987046777137e+01 3.060542559982576805e+01 2.611360462285234618e+01 2.965304710986524483e+01 2.130065335938823523e+01 2.580490217293261423e+01 2.725981620561770313e+01 2.730702051100363548e+01 3.503403013582838810e+01 3.526479600314553409e+01 3.651827708385849292e+01 3.581826330749466791e+01 3.474590832642738292e+01 3.836662295937883016e+01 3.810633091446329246e+01 3.512414045092804571e+01 3.263928892286005379e+01 3.046440499668524637e+01 3.497081906325350786e+01 3.645027024425551332e+01 3.829401003607050313e+01 3.502985710272781006e+01 3.867270026369026681e+01 3.611190740683922229e+01 3.643689935946671454e+01 3.965367440928849874e+01 3.706663367528513930e+01 3.802588013310158033e+01 4.126414666128437148e+01 3.637044219682132251e+01 3.640085952814359160e+01 3.515483335990789726e+01 4.158816156585315582e+01 3.618293844281439675e+01 3.317734893089875214e+01 3.820071805165144951e+01 4.430427643259420023e+01 4.062246587506310647e+01 3.533564809258981398e+01 3.940940165781907467e+01 3.511614154099684981e+01 4.254475245715104847e+01 3.942421843057753961e+01 2.886435995904487939e+01 2.050202930770702991e+01 1.447441225554733535e+01 1.633912994917965378e+01 2.964885260318096627e+01 2.984061886355391735e+01 0.000000000000000000e+00 2.199063181429922764e+01 3.866122621212900157e+01 5.487674526615933246e+00 3.639541955360425618e+01 1.815093136415973474e+00 1.811735383710178482e+01 2.042069989887859904e+01 1.871910807334879223e+01 1.978699475953951747e+01 0.000000000000000000e+00 1.711730935970561163e+01 1.089611958194353747e+01 1.243554827170706822e+01 1.217340144599875984e+01 4.061442043903387855e+01 1.302249915618542708e+01 0.000000000000000000e+00 3.381146027886297389e+01 0.000000000000000000e+00 3.133673712444388215e+01 3.150156835298586699e+01 4.151806463076927400e+01 6.833736726653945937e+00 1.604129850101205790e+01 0.000000000000000000e+00 0.000000000000000000e+00 1.770856301351944495e+01 2.999004995364670378e+01 2.841987109201343387e+01 4.613685353981169079e+00 3.219574131458114152e+01 2.281820941467994146e+01 2.522687982561347653e+01 0.000000000000000000e+00 3.837287177223783630e+01 2.104640612828647761e+01 2.765100942735140421e+01 3.390971266111856153e+01
1.922497738994401573e+01 2.459756066574673739e+01 2.306330889912212712e+01 6.764822628139308236e+00 2.484387519713373038e+01 1.761925258941290195e+01 1.496592827089912170e+01 2.384808248931172514e+01 2.064469264000120674e+01 1.878364335025232279e+01 1.989205068889989292e+01 2.035064233203151218e+01 1.817346789026119680e+01 1.100760416542646958e+01 2.373669543168812979e+01 2.767058080943586518e+01 1.077481083391423233e+01 2.270356374072867212e+01 2.248091846698373431e+01 2.164071260991745405e+01 2.729488077834742654e+01 2.761175392686801899e+01 2.426540011509141692e+01 2.392098530600010875e+01 2.583766549327497231e+01 2.635416065487499537e+01 2.409032598712075668e+01 2.590080498723748903e+01 2.714408790515449610e+01 2.884501941798528080e+01 2.775070411864603415e+01 2.959235918337605042e+01 2.708983310645112752e+01 2.967387469659662003e+01 2.977318644231512579e+01 2.880946095283027830e+01 3.116970127464121987e+01 2.775806418946192622e+01 2.487114485897747684e+01 2.683185484018012090e+01 2.782069189634606943e+01 2.801428520079950246e+01 2.792478330390489560e+01 2.723214391407943324e+01 2.883547441002711054e+01 2.668983571539718369e+01 2.524090744417067356e+01 2.777583536944553799e+01 2.731985276673442797e+01 2.705404201080595428e+01 3.137853903406196565e+01 2.650858435317987727e+01 2.880238719646382606e+01 2.988869821747594813e+01 2.865646703730728362e+01 3.042007278312025065e+01 3.079862701137653147e+01 3.018022358989465204e+01 3.202540926967930801e+01 2.839720930334034321e+01 3.023559322548551975e+01 3.202154760354250129e+01 3.370551677470934493e+01 3.099948733444978544e+01 3.966663371705622865e+01 2.737046421406868291e+01 2.394623824044062133e+01 2.109704620706567724e+01 3.276213034792651246e+00 0.000000000000000000e+00 2.412071289753277004e+00 0.000000000000000000e+00 1.828918903286317033e+01 1.975239365832482363e+01 2.819402983322663658e+01 2.052524225169528904e+01 1.919708499417273728e+01 3.330525991118558959e+00 0.000000000000000000e+00 1.844655819106665007e+01 2.424964029411511390e+01 2.615870809596551894e+01 2.744908795134991664e+01 3.516779624660624393e+01 3.209312263697161427e+01 3.773855284629777174e+01 3.832701135529895708e+01 3.761412058657161595e+01 3.596492430528913076e+01 4.090630728344499545e+01 3.237490616024815893e+01 3.663340054504725884e+01 3.379121068942640704e+01 4.262897185245351039e+01 4.230964534699428015e+01 4.508914665391048260e+01 4.583001034434800403e+01 4.509313000368830160e+01 2.781568497241150695e+01 4.003036043576219782e+01
2.824728789975289089e+01 1.897020405604141402e+01 1.008176613019628221e+01 1.783149391185135357e+01 2.597648505408542974e+01 1.947121497432271653e+01 2.138748895297243990e+01 1.529983891862664080e+01 1.367314874253536416e+01 2.168492671877205780e+01 1.938750020823739817e+01 2.540819918751252615e+01 1.749572758859840960e+01 2.064851493790121495e+01 2.716636316932084227e+01 2.648776213484443076e+01 2.447981026948436778e+01 1.927880808536914969e+01 2.776333416479690896e+01 1.705826058343945206e+01 3.030696425986940667e+01 2.985976614236014370e+01 3.097526513202725340e+01 2.351801919199854041e+01 3.172079216906001164e+01 2.438329008964788969e+01 2.492554818330149047e+01 2.215276810808586561e+01 3.350404803343103310e+01 2.760478932788542039e+01 3.258557275321469149e+01 2.570515379767871522e+01 2.493152141850291059e+01 2.365739885545071530e+01 3.079603944453972630e+01 2.669042623894915067e+01 3.242638191932665848e+01 3.413213246223456565e+01 3.676004100496471239e+01 3.750737898089017364e+01 3.474750095055239285e+01 3.350433792681108969e+01 3.512367518994771132e+01 3.328407979978834419e+01 3.295693333092881971e+01 2.602042537474775941e+01 3.519248371000912101e+01 3.025607186648163704e+01 2.494880049552654810e+01 2.820211463749266656e+01 2.954795360173338281e+01 3.184254023082267437e+01 3.434129948327216653e+01 4.163133062696731201e+01 3.860226333019767964e+01 3.405965911722033468e+01 2.872078578890842593e+01 3.043290324938573121e+01 3.184193897047885002e+01 2.569947403478797199e+01 1.802885046184959705e+01 2.905187623930897090e+01 2.555913700739548489e+01 3.201851267037844906e+01 1.788772249079053722e+01 2.971558176455332401e+01 3.755006130744028070e+01 3.438459738588856140e+01 3.681066497855613306e+01 4.341420712469282250e+01 3.959170522563806571e+01 3.701866526821226699e+01 4.086961250781877908e+01 4.023679315380765331e+01 4.182048426798912999e+01 3.761947108784551119e+01 3.300077165206853635e+01 3.597566109714309590e+01 2.778903983396059729e+01 3.878595194416583070e+01 3.623554156503756474e+01 3.640575192629837886e+01 3.226577382891390045e+01 3.404537918405457475e+01 3.591606832342299782e+01 3.329920793951057334e+01 3.276445128443227617e+01 3.203325786452455048e+01 3.159972410411476318e+01 2.947599741219345759e+01 3.647082046386399412e+01 3.733966671320070674e+01 2.366884964396296098e+01 2.878702284732080940e+01 2.748698882659439491e+01 3.917582632996680303e+01 2.731933382179482095e+01 3.771132076322551541e+01 3.834756157490743789e+01 2.636951068829554146e+01
4.517073911413934439e+00 3.618083761054163716e+01 5.252120050131918738e+00 2.648521214677911573e+01 3.634800945970778940e+01 3.431014847117320699e+01 3.694261657151067624e+01 3.556797079472578105e+01 3.373555116045548630e+01 3.366360391824210296e+01 3.577884138673754677e+01 3.580141012321456628e+01 3.899229518894583890e+01 3.927136946174456966e+01 3.200464431423375089e+01 3.907128576661541786e+01 3.812269020631811145e+01 3.731397357029418060e+01 3.780796620563361898e+01 3.373000381799760561e+01 4.058211701127593329e+01 3.764148151114612517e+01 2.612310131524717249e+01 2.431989649161149458e+01 2.979414823894467190e+01 4.669076105262683996e+01 1.903538711938680095e+01 3.295405229178134476e+01 3.267897926341352388e+01 3.219957434927300000e+01 1.846430252907062908e+01 1.892704215278849489e+01 2.796378648977971437e+01 3.806770351630336791e+01 2.842088035044770677e+01 3.571215875146322105e+01 2.514831156175682025e+01 0.000000000000000000e+00 1.593484857817597700e+01 1.984312133895608810e+01 0.000000000000000000e+00 0.000000000000000000e+00 1.957692405852087347e+01 2.770724158522120817e+01 6.931703241826416395e+00 0.000000000000000000e+00 1.082545180742608615e+01 1.740865936452403417e+01 2.462228033952517237e+01 2.741855609424787588e+01 1.490400919227733922e+01 2.837466204044703133e+01 3.110120770047419470e+01 3.129162112507354720e+01 2.481173103178828399e+01 1.103271841630553496e+01 3.511332492260049065e+01 1.432659615789591356e+01 1.125123002518669857e+01 2.691840411931488575e+01 2.098897502865964881e+01 1.121407177804545441e+01 5.981511925839812172e+00 1.961733555359386871e+00 2.060288357252188973e+01 1.885819068555967259e+00 3.990449660378885000e+01 4.402848046024154627e+01 3.872829895084068852e+01 2.596836267104790963e+01 5.505640310951898542e+00 1.086199179430307193e+00 3.502477860018088762e+01 2.936317699285736182e+01 3.746062383129680029e+01 2.431419525513704372e+01 1.856397395731624300e+01 1.810468800164473180e+01 3.649068710772443325e+00 2.885383432409738091e+01 2.956261469100996564e+01 2.981386277825384923e+01 5.436316872247827447e+00 3.571766314675368648e+01 0.000000000000000000e+00 1.696382334122264623e+01 2.119308502073403488e+01 2.994283491146891762e+01 3.626572626586965953e+01 3.200235379863823937e+01 3.219858656442243472e+01 1.199633385367387950e+00 3.838884811851652756e+01 3.316506246208720654e+01 3.341983937492042855e+01 4.082240283403692160e+01 1.329276299653532867e+01 3.215139120636305137e+01 2.466594329306460764e+01 2.971563365904728471e+01
2.259077374230282942e+01 4.634272257628482272e+00 2.855407025339607330e+01 3.766747528422456082e+00 2.717112493650807181e+01 2.260861650089880115e+01 2.749965824098206824e+01 2.495650951207769097e+01 2.845602544911633558e+01 2.862964474179078422e+01 2.567736161196474143e+01 2.724530722089238921e+01 2.860826242081362381e+01 2.746790596853929145e+01 2.457543571666634818e+01 2.635165182451178723e+01 2.235534989678637174e+01 2.775156843039027876e+01 2.517778047646532258e+01 2.843305766187540584e+01 3.037384731525833459e+01 3.312897968359666834e+01 2.247213935017781594e+01 2.737869396502474117e+01 2.444180560525196810e+01 2.451093265013837552e+01 2.992463783874176642e+01 2.565851317386511710e+01 1.289678206036741770e+01 1.732559596381118894e+01 2.566282578525978764e+01 2.473945452795804911e+01 2.786431548164870620e+01 2.837809781384029861e+01 2.623896561507386593e+01 2.680732842865505816e+01 2.009154922887300287e+01 1.848839767945622370e+01 4.296402775797878348e+01 0.000000000000000000e+00 3.437695279008854410e+00 1.579112946134949524e+01 0.000000000000000000e+00 0.000000000000000000e+00 3.468587892317189869e+01 3.213885063347762383e+01 2.709713233544651345e+01 4.305177955780118992e+01 3.280642856165064103e+01 3.213989210228746174e+01 3.486221283472008992e+01 1.649157091992216806e+01 2.156960999532991607e+01 3.004671158319066748e+01 2.951986615424342375e+01 1.502266505798606211e+01 1.528802128972604990e+01 1.524573801393984773e+01 1.765658083575850057e+01 2.269108579912906265e+01 3.075390111544355420e+01 3.340244577211701227e+01 1.563852385979855342e+01 1.689661639261278481e+01 1.659519348757003954e+01 1.631201060242186074e+01 1.579329471437337773e+01 2.350844913152604576e+01 2.571979699230220717e+01 2.929653551528514299e+01 3.081461409444707655e+01 2.367159468374695663e+01 2.498829220543072083e+01 1.321536414825810013e+01 1.175328241227783721e+01 1.102435803438191897e+01 1.045718968889447886e+01 2.426767989389507463e+01 6.441418378607216333e+00 3.727951562630421023e+01 3.190646708952114707e+01 2.598080661280664927e+01 3.409228464873390152e+01 2.692050137265702858e+01 2.206259874063100668e+01 2.809104968362469279e+01 3.184803746825189918e+01 4.225236456245340833e+01 3.819378924197503267e+01 1.049070905832988565e+01 1.330553709464357759e+01 3.571200843637726763e+01 4.137510066830319033e+01 4.083507582735521169e+01 3.731241315654474278e+01 3.898025924527755137e+01 4.398877938289622591e+01 3.720412187390570580e+01 3.998604611685028942e+01 3.595213678619106901e+01
1.582743592300365876e+00 2.776721372558680656e+01 1.598195625243522322e+01 2.658745861560436907e+01 1.260804556963277889e+01 2.025009406578449145e+01 1.731692063599318843e+01 1.277335190121429953e+01 1.127641138101485119e+01 9.825283856923590520e+00 2.047483659287156854e+01 1.934557124658237726e+01 1.792586852278234844e+01 1.738049318056048165e+01 7.553382279556408285e+00 2.067357461008835884e+01 1.534505333858897203e+01 1.231999712830944738e+01 1.536327725329575955e+01 2.143025717385737750e+01 3.006027930916345170e+01 3.019132901160226368e+01 2.565701002300556155e+01 2.690973952828874260e+01 3.084298785638647189e+01 2.608817095241562356e+01 2.905393233494900329e+01 2.937454188703477698e+01 2.651181612752791850e+01 2.874368378700230409e+01 2.944918764293412039e+01 2.939251527659830288e+01 2.679990214762273837e+01 3.041415681080871636e+01 2.832264407337990519e+01 3.083163190953560218e+01 2.682297909224751464e+01 2.691612076158061129e+01 2.616828173536863389e+01 2.469554641767128089e+01 2.569507910798908412e+01 3.076093729303851632e+01 2.520970095864714366e+01 2.554690422254320836e+01 2.444466874974635928e+01 2.381966578020491099e+01 2.897299481902324203e+01 3.343574414258675631e+01 2.692565861167754449e+01 3.196730533109629846e+01 3.347800415532394425e+01 3.223182767200229648e+01 2.755720744531928901e+01 3.478621066411653118e+01 2.973159747906881378e+01 2.790104604658110077e+01 2.254107134334554274e+01 2.154504421556805838e+01 2.157120261945492246e+01 2.179398389256334312e+01 2.190930777386671835e+01 2.456429092672193804e+01 1.553013594603283387e+01 2.115278984090612369e+01 2.006892680843670718e+01 1.866592337490020270e+01 1.850763801045851764e+01 2.880251603796607540e+01 3.112786357571695817e+01 2.395283778850018663e+01 1.913670843464730353e+01 0.000000000000000000e+00 3.468539218860784956e+01 2.983018628080248646e+01 4.220506183647548681e+01 3.879827778121417481e+01 4.199409103440641644e+01 4.506176067682165609e+01 1.489999452685661296e+01 3.560552093476970015e+01 4.364802581982711871e+01 3.747257388063025019e+01 4.398864696246335626e+01 3.027524061887157458e+01 1.453189703913343322e+01 2.419566107306933134e+01 1.877442223551508249e+01 1.567405548297392315e+01 1.771542024458350850e+00 1.481230804251798094e+00 1.873161285692803713e+00 1.797545639595985900e+00 5.169173859396810400e+00 0.000000000000000000e+00 2.523128727866952659e+01 4.485910373057816969e+01 0.000000000000000000e+00 9.923455713240269205e+00 2.559676588391299390e+01 2.195818701878187085e+01
2.495421899648217945e+01 1.183069020788161296e+01 7.028935181489545769e+00 3.219263838173534253e+01 3.075424469278287987e+01 3.328495663778975455e+01 3.437734289352590622e+01 3.278464003204833688e+01 2.897161693073531552e+01 3.687529688658634797e+01 3.620696022512232304e+01 3.504182146778374118e+01 3.408676951665158583e+01 3.306181389268891735e+01 3.440737727927204759e+01 3.510399107154878351e+01 2.787683637041573093e+01 2.886543184876496682e+01 3.288162905179576967e+01 3.046040017332371974e+01 3.099212547416858499e+01 3.405886459462314519e+01 3.374292733645915376e+01 3.192347416781781888e+01 3.592314386925475844e+01 3.126016948280268082e+01 3.386691222985805894e+01 3.569860534121291096e+01 3.024793695718695474e+01 3.133005883991071983e+01 2.822346653755957391e+01 2.805400596226322563e+01 1.786308334295101119e+01 1.708512224719274997e+01 2.532054401881680050e+01 1.938762904973964396e+01 2.614901993078263231e+01 2.686011049740912426e+01 2.075157382397675576e+01 2.879491438933347069e+01 1.328244583429632897e+01 2.632268038115918785e+01 1.840476522877511556e+01 1.706096804445196113e+01 2.084941820814188418e+01 2.063719299089121506e+01 4.445514625279542287e+01 3.015099446353755397e+01 3.687866823922848880e+01 2.824541432957437692e+01 3.522561744967043751e+01 2.259500224882798136e+01 2.141878849069204094e+01 2.726694364594342446e+01 3.022635242662987665e+01 2.943186561874306406e+01 2.596509868632430695e+01 2.125451378586115325e+01 2.577962776490839403e+01 0.000000000000000000e+00 3.783784311843256631e+01 3.628934720794836721e+01 3.500670857949067738e+01 3.737562422911961590e+01 3.543719666994456219e+01 3.293248923480797430e+01 3.595445951216213842e+01 3.821264304847058213e+01 3.561234953438881945e+01 2.084585001431575435e+01 2.817041247007854210e+01 2.270548741593584197e+01 2.261961097575725432e+01 3.584583538897563670e+01 2.213052863322569763e+01 2.375690386342259330e+01 3.421241503385723348e+01 2.239046457454474748e+01 2.302428066073298396e+01 3.807999356404553026e+01 4.166565972945503660e+01 4.096637963386790204e+01 3.554000503087684137e+01 4.170940857732930596e+01 4.017965194756088465e+01 2.907347150665790281e+01 2.324506846948718675e+01 7.277132677747924383e+00 2.873061890078134439e+01 0.000000000000000000e+00 4.318850186526950807e+01 2.371301543725422434e+01 3.681694958072131385e+01 3.298475235862242982e+01 2.004307619258299411e+01 1.864482557890717374e+01 1.987183688876950427e+01 3.660723498329916481e+01 1.928876645981369720e+01 1.450649736853758398e+01
1.930824836863270377e+01 2.049308198116206370e+01 2.879305513487742729e+01 1.760049183511341653e+01 2.403717170958242022e+01 2.884923897718388730e+01 8.230806740592155890e+00 1.234905536072953502e+01 1.005472551991208441e+01 1.325760000321361254e+01 2.139767280004592109e+01 1.955672636357826732e+01 3.127229489973641918e+01 1.001214161395397362e+01 1.855194338204388060e+01 1.978057057908022998e+01 1.019287761016228799e+01 2.253513389745030437e+01 9.766220764934960386e+00 2.164175049979667165e+01 3.082202248082630902e+01 3.217180184767742901e+01 3.261016716442149743e+01 3.440214130377793111e+01 3.216252525951560415e+01 3.450652081525150550e+01 3.230818057780641794e+01 3.154120858851068476e+01 1.650208044968188759e+01 3.483360286335990708e+01 3.350006468365321410e+01 3.459606923824414793e+01 3.658830244033001122e+01 3.579133185459431843e+01 3.684803259313852664e+01 3.453483373537039824e+01 3.736387817883138496e+01 2.943841327230867222e+01 3.292019560813519519e+01 3.237219333083972117e+01 3.754564848598830196e+01 3.768323331573555635e+01 4.014740220376220492e+01 3.778577683580210334e+01 3.925001398274704911e+01 3.756986710948021368e+01 3.976821450478654185e+01 3.932612710019976276e+01 3.425356557810284386e+01 4.012464378396242637e+01 3.936380966067654441e+01 4.143247808397075005e+01 3.917518928031680048e+01 4.179472312540086421e+01 4.164631203053420450e+01 4.250646863633044603e+01 4.447327711530613925e+01 3.924148539108438172e+01 3.886379010617641683e+01 1.745965912583034196e+01 5.698462803223481865e-01 1.605806579095732545e+01 2.567954297017640286e+01 0.000000000000000000e+00 7.616820614225527031e+00 0.000000000000000000e+00 0.000000000000000000e+00 0.000000000000000000e+00 4.513429128472576934e+01 4.104209549002202095e+01 3.511225840127633546e+01 3.726925125329182720e+01 3.616724483205452856e+01 3.993171079220801545e+01 4.488708381014959059e+01 4.017921531802548429e+01 3.555598853501676615e+01 2.298629210168836678e+01 1.112705365899973131e+01 2.479202901873626885e+01 6.589957867609799180e+00 1.163529491186202414e+01 2.717202145862787788e+01 3.006412308064717109e+01 2.828594213989245532e+01 3.154342036763260282e+01 2.313108131876962759e+01 2.206048896103170520e+01 2.122083604874590179e+01 4.041872451284237400e+01 4.007084529891285740e+01 3.682947225895365051e+01 3.637256808160840649e+01 3.708821462691160065e+01 3.637413565321908493e+01 8.370902190167926804e+00 3.984172573967997977e+01 3.946970663873214136e+01 2.829675587875470200e+01 3.065852261447421512e+01
2.036653815237129805e+01 1.886297213686530228e+01 1.462136672565247686e+01 2.581875263442422153e+01 2.931574900430780417e+01 2.849176822919816487e+01 2.870825774228016414e+01 3.321640580073284355e+01 2.782246704593259068e+01 3.064271447793456815e+01 2.845145515471716635e+01 3.011720935850376435e+01 2.902242879818417975e+01 2.801236868345356967e+01 2.953359493209402231e+01 2.834139051195692005e+01 2.656654513453816691e+01 2.911419257922935344e+01 2.953836743607310567e+01 2.988395613440711429e+01 6.832715389328838929e-02 0.000000000000000000e+00 0.000000000000000000e+00 0.000000000000000000e+00 1.659576969539953428e-01 0.000000000000000000e+00 4.581587714733758254e+00 0.000000000000000000e+00 0.000000000000000000e+00 0.000000000000000000e+00 6.922358653982854104e-01 0.000000000000000000e+00 4.596456381986182560e-01 0.000000000000000000e+00 0.000000000000000000e+00 2.062806134941942357e-02 3.440667938780153889e+01 1.564135837284799813e+01 3.484183440378127727e+01 3.546322981125979368e+01 3.092034286276363275e+01 1.525383892339366021e+01 3.333439956427723416e+01 3.274979198462100527e+01 0.000000000000000000e+00 1.254250461322559218e+01 0.000000000000000000e+00 3.310948882745111632e+01 3.365296375751482572e+01 0.000000000000000000e+00 0.000000000000000000e+00 1.279677421264371340e+01 5.763713866250610884e+00 5.109488928213305137e+00 9.092012867792128361e+00 9.441433706085344824e+00 6.209188728667311530e+00 4.163742196687912234e+00 7.760164838069774973e+00 5.974379564484492811e+00 7.372691019980817551e+00 5.397630421732703354e+00 5.169964803063385794e+00 8.743681813872086650e+00 5.044640494880699322e+00 5.778063141197099739e+00 1.315262370505948830e+01 6.545150551005263218e+00 3.091687845792542078e+01 3.421403628942718456e+01 1.950831059017814795e+01 1.442747458049244313e+00 1.857172592103480113e+01 2.186128031443864916e+00 2.792703087233299186e+00 0.000000000000000000e+00 0.000000000000000000e+00 2.682986495475652156e+00 1.233078402519205952e+01 2.087902133274856098e+01 2.028401695964707585e+01 2.776100964936052762e+01 2.935674386507152889e+01 2.931008534660483988e+01 2.840984292842183834e+01 2.568517441750380570e+01 2.705750283671354950e+01 2.758263932629069970e+01 2.891455267149683195e+01 3.007201462265982883e+01 2.802991260134293938e+01 2.743414233708920591e+01 2.975441495122378655e+01 3.199028206566377364e+01 2.732940135362321499e+01 2.681532375965564086e+01 2.083836289146292486e+01 2.466256478256122620e+01 2.440537209156086718e+01 2.382627785452164204e+01
2.042879722940179121e+01 2.338635033456282031e+01 1.869737859610168584e+01 2.270558404706252631e+01 2.519290324779162304e+01 3.341816085646058809e+01 2.524580878965200625e+01 2.298851282813682673e+01 2.473621559574877082e+01 2.368907060195458669e+01 3.210940319235283624e+01 3.581865341093202915e+01 2.825032641184756343e+01 2.561241654750545038e+01 2.628974348268185679e+01 3.861708368188676133e+01 2.678730789077804175e+01 3.264036618097606635e+01 3.059556922490383357e+01 2.986642474277490678e+01 2.985819499181884851e+01 3.388872939090530423e+01 3.208675214047159585e+01 3.562709472853492088e+01 3.429495948963047169e+01 3.762289254551630080e+01 4.202475173301071010e+01 4.181807206875260619e+01 4.123248744103766228e+01 4.012288295009837924e+01 4.330461311130884638e+01 4.391790939879885514e+01 4.205283560157004530e+01 4.244678996827552453e+01 3.856758707144000908e+01 3.397983464871676773e+01 2.925065362476255615e+01 3.493684785382757951e+01 1.883686025907647377e+01 3.624670782856568252e+01 3.069244013994087084e+01 1.567696157463572781e+01 3.580867535236907884e+01 1.812128529238564312e+01 2.344405164345130643e+01 2.114826070420906490e+01 2.645434565966429119e+01 3.967890944907592399e+01 1.136579427846640833e+01 2.474053178607406167e+01 3.865787633307056836e+01 2.063113565082027279e+01 1.960514750537431539e+01 3.905691993911482029e+01 3.682308744673116507e+01 3.410063787279628400e+01 3.765271935328659936e+01 3.383492374799449465e+01 1.920306180830477416e+01 2.557627113772909411e+01 3.136400141789170348e+01 2.741482505907862333e+01 3.107052194935558020e+01 2.510110367744027116e+01 3.549260209484160811e+01 1.151661667783693765e+01 1.145125377322799665e+01 1.115403700639403972e+01 1.216342607163377565e+01 1.343702611081574538e+01 3.538485123072589289e+01 3.282999581977008319e+01 3.897946830161097864e+01 3.639558776334330048e+01 3.257481448777702582e+01 3.505641276791327243e+01 2.434967677328376112e+01 3.013417348963302089e+01 2.905106919045461566e+01 3.024919316183386897e+01 3.166848967700875761e+01 2.482889916196276658e+01 2.483814353974902289e+01 3.726853546716822763e+01 3.931191516671574249e+01 3.785553019354665594e+01 2.951492544052529610e+01 3.474735421439704908e+01 3.521080783477320608e+01 2.720552740707346828e+01 3.218828640210386993e+01 2.876691820457427085e+01 2.926342503867284250e+01 2.804113612776094655e+01 3.805597178173760398e+01 3.800718022062260104e+01 3.863920147310591346e+01 3.479278873859239241e+01 3.638146888205534424e+01 3.843140518249500559e+01
2.943115877994601348e+01 1.287367648429769673e+01 2.022354376899496131e+01 1.693268664484616082e+01 2.337391891906124286e+01 2.846568319338896913e+01 3.147307290740545938e+01 3.121204718171323478e+01 3.164787861557977067e+01 3.343396183513900155e+01 2.994892625138072972e+01 3.361262205158888605e+01 3.038629483594769454e+01 3.144337494113740661e+01 2.817117657176548207e+01 3.271156900562090897e+01 2.553787458059402837e+01 3.259386513545656783e+01 3.236255169175486657e+01 3.164772114263258018e+01 3.169284787879477250e+01 3.679953092540357318e+01 3.224894211821750645e+01 3.687267710937398135e+01 3.859883113573502555e+01 3.091623425041418471e+01 3.118834750316093007e+01 4.005480453188304324e+01 3.999812142875537546e+01 3.763880089211325242e+01 4.095738936015551701e+01 3.791497981004203410e+01 3.657255514561087750e+01 3.440535518347288502e+01 3.745079250888918665e+01 3.964180309642863875e+01 3.726171044647972508e+01 4.104206685857707981e+01 3.687353963165291759e+01 1.702339106242841282e+01 3.649382940880702364e+01 1.009636906185032146e+01 7.282501073674904291e+00 7.367720332718761256e+00 1.242651773502523227e+01 6.689976452125357298e+00 3.528775842199053159e+01 3.286849437642776195e+01 3.779252669894762562e+01 2.826088962556654849e+01 3.366687863975756301e+01 3.618926241321637605e+01 3.221368965163033948e+01 3.179778928237536917e+01 3.099632355978348386e+01 3.148826904680943173e+01 3.366670327215727809e+01 3.441648565769482104e+01 3.365497153759152127e+01 3.284608669182854612e+01 3.366643485236092914e+01 2.498943209483254790e+01 3.208365636548703748e+01 3.032324123632000834e+01 3.804101900961565974e+01 2.302591265309478530e+01 3.562353369257002100e+01 3.343390457224911216e+01 3.114985252543386807e+01 3.327570868107287794e+01 3.307471593756675787e+01 1.124868719498261882e+01 6.416573889623482074e+00 1.275549751109381980e+01 5.865043681471333592e+00 1.146778753795044103e+01 1.263092030467763927e+01 2.379464905518518592e+01 3.287304677617383675e+01 3.393157634826383884e+01 4.057906776238940694e+01 2.282284591929554196e+01 1.542173729547525962e+00 3.453677351576534704e+01 3.959678730711560490e+01 3.270669092318859583e+01 3.946179004420515923e+01 2.431693313705980231e+01 3.530091099201163729e+01 3.081277452410943241e+01 4.000553697299584144e+01 3.979415817283632606e+01 4.082223104536726055e+01 4.056416509529611147e+01 4.234751401186319697e+01 4.515044657753535517e+01 4.058482984068436394e+01 4.046744091641441088e+01 2.724188934215220925e+01 3.426218364303095143e+01
1.364314925136274681e+01 7.997449727507586204e+00 2.329525402407790224e+01 1.962860560610990746e+01 2.268699508143270549e+01 2.368501567356440773e+01 2.263888709606573002e+01 2.216697109424334755e+01 2.345118087324233613e+01 1.962185574296438517e+01 2.041481076854670107e+01 1.862246799933661379e+01 2.202409660504270761e+01 2.220210187718950223e+01 1.917004080495792095e+01 1.618199163200103285e+01 1.567859535646283753e+01 2.473401097448808983e+01 2.838554377899101766e+01 2.272129197354486863e+01 1.839281875837227531e+01 2.850529300800353383e+01 2.820153664019786177e+01 1.366655545760437995e+01 3.002674115034230340e+01 3.197759475662300943e+01 2.606301107017118213e+01 3.011307927257060868e+01 2.992264258492224016e+01 2.783820539332518607e+01 2.821227701098244012e+01 2.537404187369446262e+01 2.888378460497400368e+01 3.329734152719329376e+00 1.748185207459247437e+01 1.790146737382891473e+01 3.397751550167631507e+01 3.229473453547464601e+01 1.292154468131326617e+01 2.468720035147013547e+01 1.595047776818472407e+01 3.981076441090377926e+01 3.621004884224564080e+01 3.414000610959413251e+01 2.981108015969836345e+01 2.405964023600213864e+01 1.792006707625059292e+01 3.446902793809748289e+01 0.000000000000000000e+00 4.016567264456702446e+01 2.874615682805933403e+01 2.792521277557905535e+01 2.960290629190725653e+01 3.186752832439745475e+01 2.619567487031870101e+01 2.464285740111328593e+01 1.053045308284262482e+01 2.883549767307613010e+01 2.322546308756185596e+01 2.310333923808430612e+01 2.925687201671130921e+01 1.693967271741247060e+01 1.947485116783059311e+01 2.883982281072796638e+01 2.436402112720065105e+01 2.531456720468476362e+01 2.030403212912816713e+01 2.061728876825928580e+01 2.294021158051648257e+01 7.296209720040773838e+00 0.000000000000000000e+00 3.096395571127441571e+01 2.683298578225540254e+01 2.066702158812682555e+01 4.327340125738938070e+01 4.101379688562560233e+01 4.096243565232688155e+01 3.317088896113328644e+01 3.275010693051538624e+01 3.020992155616270125e+01 2.805772447117531243e+01 5.149550582818390509e+00 1.862003611598169073e+01 1.736304410433248790e+01 3.478523361605782327e+01 3.777412741664055318e+01 3.099853891783601867e+01 3.787819914008098721e+01 4.058026312521581502e+01 2.975332695631591662e+01 2.721395936760944423e+01 2.826025436538185787e+01 3.811927590650855535e+01 4.034156992657982244e+01 4.039729387630187318e+01 2.364927289348257489e+01 1.003150810226055256e+01 1.876428670400494525e+01 0.000000000000000000e+00 3.319194738888952401e+01
0.000000000000000000e+00 2.106360646883652166e+01 1.866794189176874852e+01 1.678815153183877840e+01 2.110226965630262796e+01 2.175444028816520969e+01 1.916475651390046409e+01 1.970668355647190140e+01 1.799903439087115231e+01 1.947896872750658659e+01 2.063752404197337853e+01 2.240275462228690984e+01 1.943212231518245048e+01 2.114901585856945943e+01 2.223808981401866447e+01 2.063034828608431681e+01 2.029689753094120874e+01 1.961685597689105975e+01 1.934108684651803856e+01 2.179362957843216364e+01 1.733060467721105979e+01 1.694071418622230496e+01 1.155243998385767412e+01 1.800590772712299525e+01 2.112877521645943801e+01 2.302341455952343097e+01 2.029730373956635248e+01 2.223484551341345750e+01 2.482942884369422742e+01 2.115899570659771456e+01 2.284252109036792433e+01 2.253403516575058063e+01 2.102498264960721031e+01 2.412760054950708266e+01 2.153452931741241372e+01 2.302388160996907729e+01 2.319339586922469820e+01 2.421692349987079140e+01 2.065943067628607466e+01 2.125731966746565504e+01 2.302306024539225149e+01 2.446826463931074258e+01 2.363783999962342008e+01 2.681108988473456378e+01 2.248066973130578461e+01 2.622864040024097676e+01 2.181025550061801965e+01 2.514523904982127789e+01 2.381730547546234789e+01 1.995007231207868870e+01 2.619790275462839801e+01 3.127586667249316932e+01 2.533178901881851530e+01 2.648858886781718525e+01 2.478929471574412702e+01 2.610752938812831303e+01 2.854868396281600340e+01 2.887816389443845466e+01 2.921467463525993935e+01 3.169653417733129785e+01 2.951394123460534757e+01 2.603097606220958227e+01 2.529288604300100118e+01 2.643500153967407584e+01 2.837837160203257270e+01 2.582402439922451620e+01 2.883589851330534160e+01 2.524688604776802237e+01 2.851893589151929831e+01 2.772583949817757443e+01 2.680231076792864187e+01 2.506832604137544251e+01 2.795147317898853245e+01 2.751773720899882392e+01 2.675706771652136595e+01 2.667813977013760152e+01 2.954669560762116021e+01 2.890605092181380442e+01 2.914671432175499532e+01 2.697480090799311725e+01 2.670059219136954098e+01 2.567487604465054929e+01 2.918981001479147963e+01 2.719195610217006376e+01 2.887522380293577839e+01 2.678415843183421430e+01 2.757915344786878364e+01 2.671309518548347484e+01 2.912981103244624492e+01 2.830272016662957668e+01 3.144494251274808505e+01 2.684708676889027146e+01 2.572165266782763382e+01 3.200760051092420611e+01 2.485377988761900880e+01 2.663327787484114140e+01 2.922336964719633912e+01 2.842203992396793311e+01 2.970722854049094153e+01 2.613923334500774587e+01
2.193221292982183357e+01 5.139572524255444641e+00 3.549181830903626889e+01 1.353418244556956918e+00 3.231516665037273128e+01 3.515568872432559999e+01 3.309868045698479477e+01 3.189616692720258229e+01 3.627280896956265366e+01 3.431383834864035265e+01 3.239116882097629002e+01 2.907978474026803184e+01 3.640617424011130510e+01 3.310065602668592533e+01 3.767231041948946313e+01 3.306639134494932364e+01 3.230236839448281216e+01 3.013177202718835090e+01 3.372547647076585520e+01 3.183220427919792783e+01 1.453831495646413785e+01 2.329872200784673097e+01 2.053771840382959013e+01 2.393388019301671221e+01 1.696887142285931560e+01 1.759963826016102928e+01 2.928172947931853543e+01 1.252436480338832858e+01 3.119791398470280797e+01 1.839306033618899150e+01 2.510198588383760310e+01 3.711381113869143888e+01 3.650132726845171049e+01 2.256881163456555583e+01 9.001016767364513171e+00 3.761550563272077596e+01 3.014439849440860542e+01 3.316013069569562077e+01 3.069109804095912608e+01 4.053370123787581036e+01 3.869934182321055971e+01 2.881106431374713495e+01 3.587207252933609425e+01 3.150593464833981017e+01 1.095611230116018930e+01 2.079932033735131114e+01 1.283219757316788723e+01 2.088008964353802810e+01 1.781188852992602278e+01 1.542096782539239186e+01 1.501094137601419298e+01 2.321028842174159479e+01 2.520535076848097944e+01 1.866596990099823827e+01 1.684739178089300182e+01 1.227685938283820200e+01 2.559493526090189519e+01 1.687251408436595668e+01 1.663033500730804803e+01 3.960202686154033813e+01 4.379368471704854926e+01 3.618645295268125750e+01 3.729374903337194525e+01 2.278335063046075248e+01 2.664863148719230423e+01 1.646181748022953784e+01 1.904292076833766245e+01 2.824810389593379156e+01 2.978126050978930195e+01 3.214299861406387038e+01 3.465816368446620999e+01 3.237631625891164333e+01 2.978273502920391280e+01 2.499618553690868694e+01 1.269531331908910587e+01 2.678515337454601664e+01 1.725203820281971190e+01 2.429299009122547304e+01 1.762021890067975960e+01 1.945522431232155469e+01 2.610475571689937269e+01 2.036784804097748136e+01 4.502760694193420932e+01 4.825838992619479462e-01 1.646822555550104283e+01 3.644238943903470584e+01 2.886846857139432743e+01 2.241453825134663091e+01 1.651575375410790514e+01 3.678490204650255446e+00 4.340651421332946569e+00 1.211109047447430598e+01 3.489159585509376171e+01 1.302885623169562557e+01 1.948763152906742135e+01 1.916054590202840302e+01 1.396241849393208412e+01 2.530963185936256110e+01 2.805678500188809110e+01 3.953843284338933728e+01
1.879021605633225533e+01 6.227150039340004106e+00 2.349343014918766670e+01 3.566869621803839596e+00 2.531631551229164856e+01 2.427486459711068179e+01 2.665890122860061595e+01 2.624067992283988104e+01 2.420592544608171792e+01 2.399253170798427348e+01 2.390989777894558443e+01 2.438789617335323712e+01 2.590158519411221150e+01 2.530403262241071971e+01 2.476030895666905352e+01 2.330838154158467646e+01 2.571940867833015432e+01 2.293959421498487927e+01 2.486814392565429443e+01 2.502735802259135056e+01 2.699482681426605879e+01 2.748599925227852125e+01 2.644889494833309840e+01 2.697675679357584855e+01 2.786010665924195351e+01 2.746802407324968343e+01 1.861398593377198551e+01 2.236101713341995278e+01 2.539367588706473455e+01 2.859119629016175423e+01 2.835869464149488195e+01 2.175726764335341912e+01 2.050484950503400228e+01 2.986473727698852798e+01 2.754414434856363769e+01 3.014102356283584427e+01 3.229794125730835930e+01 2.846630234838588080e+01 3.116884948915413744e+01 3.466845668892354126e+01 3.220305306983368610e+01 2.825202103549517929e+01 2.188697166787986603e+01 1.038749448877246451e+01 3.011259611693717986e+01 2.514953555602817303e+01 3.423635092183032924e+01 2.019263254524740958e+01 3.579633877852888446e+01 2.365183719727036404e+01 2.472968762630156192e+01 1.837565420712841302e+01 2.014587739565403623e+01 2.118139981226631008e+01 3.144811344527562369e+01 2.204534292665638517e+01 2.821437426432457940e+01 2.336083434872188391e+01 0.000000000000000000e+00 0.000000000000000000e+00 2.812982023900934081e+01 0.000000000000000000e+00 0.000000000000000000e+00 2.460391505705897330e+01 3.754384112602621570e+01 3.083969524021792452e+01 3.287173330863704024e+01 2.841602374159909772e+01 3.221597300936461750e+01 3.200525273243881230e+01 2.925400529328630128e+01 3.032803700334810770e+01 2.892351252429896036e+01 2.982938996873998505e+01 3.293434312086809257e+01 3.149952120467238004e+01 3.029369358513791255e+01 3.215951895779650016e+01 2.765749087070057755e+01 3.183628783903305148e+01 3.426869729675568976e+01 2.829840039737366553e+01 4.004119027981221990e+01 3.920587503143541852e+01 4.744096575197730914e+01 3.914266037992992153e+01 4.145618134145367151e+01 3.401720584222978516e+01 3.721701318199169606e+01 4.074712360741819595e+01 4.137464614411470620e+01 4.429421605862704325e+01 4.613712911746927858e+01 4.460813122099187211e+01 4.700487663510627101e+01 3.681731105271373394e+01 4.159937435547931273e+01 3.333693702608538700e+01 2.866880361114748155e+01 3.087919231851802238e+01
2.749209417112095366e+01 1.248833212992644093e+01 1.259794582742881985e+01 2.692529356075451119e+01 3.286823311449264651e+01 3.142918806016771072e+01 3.297243725836594308e+01 3.225968964686332185e+01 2.948350958756061146e+01 3.330192792678024460e+01 3.024863842758808019e+01 3.179920653890009419e+01 3.316658708653046972e+01 3.433005448327045173e+01 3.558479176863031768e+01 3.312042246048905980e+01 3.246381395466017494e+01 3.133179820019106288e+01 2.963834307342125030e+01 3.274119539327659822e+01 2.921479810836626001e+01 1.831553354114216603e+01 2.015250378569323786e+01 2.974799613916042773e+01 3.096563780866486937e+01 3.759321605283195566e+01 2.672750753908210797e+01 1.991540857957818034e+01 3.231800832128340772e+01 2.767716425230765154e+01 3.191916513535376154e+01 1.643013141800319588e+01 2.622566630889742711e+01 2.352062465348843645e+01 3.370791465822339461e+01 3.339760705792149764e+01 3.613609024102495226e+01 4.002163858184616174e+01 4.075271747597410865e+01 3.447402054630957480e+01 3.936941426602430738e+01 3.573232960442619088e+01 3.570441036667528323e+01 4.098803574303733654e+01 4.038327520507122159e+01 3.371545904396610638e+01 3.799460743736160850e+01 3.997027734854744097e+01 3.819877111339526721e+01 3.669335836969038667e+01 4.027675549308808911e+01 2.891402656869598786e+01 4.064404682668956781e+01 3.836399244537461328e+01 2.553113545424035991e+01 3.160812385427517768e+01 2.933065882926233670e+01 3.252937638465107284e+01 3.371465020564644277e+01 4.020476172477667376e+01 1.608543029446244788e+01 1.535689780946919925e+01 3.850053938524264652e+01 3.742082970175540879e+01 4.140411147989258467e+01 1.832283634906816783e+00 1.492426772904045151e+01 3.631369109401191508e+01 4.282115326877813999e+01 3.476037078505466837e+01 3.718664237676745898e+01 3.864777659086661288e+01 3.616618188966098302e+01 3.682804426563707523e+01 3.732177206011077431e+01 4.543791344263326692e+01 3.991379466553437538e+01 3.959409595129088189e+01 3.927455470999458242e+01 4.171294456077987434e+01 4.163433334975579925e+01 3.697609746744193870e+01 3.978429821898377128e+01 3.710388318515714445e+01 3.601351186735891474e+01 3.240334076400806396e+01 3.627839925918794961e+01 3.198832439061573396e+01 2.513662993221971220e+01 2.998159830899232858e+01 3.548509349840507099e+01 3.166610253028655819e+01 2.859894467494969561e+01 2.843502428424999096e+01 2.943357455811315404e+01 3.290604451647167394e+01 2.712466146976006343e+01 2.263396964539661838e+01 3.383167765792398285e+01 2.806856326255188350e+01
1.175225973285374792e+01 1.407260303086803255e+01 1.877522033704289228e+01 2.618730554106853958e+01 2.272091260689936121e+01 2.494460777830757792e+01 2.308260470354899851e+01 2.601849275221404767e+01 2.609138125317996071e+01 2.795238401683080909e+01 2.363855757521232448e+01 2.508316786664823184e+01 2.403874464958902379e+01 2.268830318057357687e+01 2.550442052664239867e+01 2.584137147592989692e+01 2.414785371787426982e+01 2.538124268209785228e+01 2.510643270513045167e+01 2.566166979067017806e+01 2.668516700040601819e+01 2.891620792690764929e+01 2.719662481716122571e+01 2.957030223397740087e+01 2.697981677925422517e+01 2.727600907719878265e+01 2.872066947366334233e+01 2.831530189721710755e+01 2.656917206961176703e+01 2.570299928144668655e+01 2.770942473289818153e+01 2.964567093386157737e+01 2.647573334903737674e+01 2.894306780119563882e+01 2.889664191321911701e+01 2.745214793702829681e+01 1.824745691239213841e+01 2.110663595165657114e+01 2.396052891039823862e+01 1.939393512548853593e+01 2.244953661385992305e+01 2.615161107655005424e+01 2.421258225703117262e+01 3.040227118222638580e+01 2.300290370815175223e+01 2.887156613584419773e+01 2.206786155810475591e+01 2.012386160395749357e+01 2.321171820452347845e+01 2.175590228132265835e+01 1.982857835438990080e+01 2.466554782123131773e+01 3.065016939041183264e+01 3.498996992099035452e+01 2.912466989861350797e+01 3.453961518667603059e+01 3.214392913602454627e+01 3.097333966735477517e+01 3.028768813956093098e+01 3.361596477278608575e+01 3.383420796187090218e+01 3.568987632943564137e+01 3.603765533330785331e+01 3.185442943833562524e+01 2.812145090975917938e+01 3.005168629674966851e+01 3.309676215017355361e+01 3.586145742112314849e+01 4.038473182983273801e+01 3.712747191686029424e+01 3.572518963784331447e+01 4.381562714066742359e+01 4.342694811769285934e+01 3.932693951745005023e+01 4.031850729767752028e+01 3.922130380132956162e+01 3.637965794316264123e+01 3.931982102445087435e+01 4.166855150539436892e+01 3.567477324222773660e+01 3.962500001717719300e+01 4.023877946030063413e+01 3.958911407987064734e+01 4.022398058219526007e+01 4.235895227411828046e+01 4.095245401483331449e+01 4.244961016560250044e+01 3.819120525406884070e+01 4.037524408476446069e+01 4.092976717364589945e+01 4.036084604688829813e+01 4.726386952820747922e+01 4.237269178876073283e+01 4.007996799305810498e+01 4.516515956130589871e+01 4.226697733616664721e+01 3.906753504732777316e+01 3.974080347518338385e+01 4.097808989484995124e+01 3.985027938385697155e+01
