5.185225858915929464e-01 5.128562137088786832e-01 5.505133480168978855e-01 4.655640250876507680e-01 9.527727608462318448e-03 2.569300706250522981e-01 3.685245752429691657e-01 -4.819326561479810728e-02 5.154338132657492189e-01 -1.270340487590292111e-01 3.981936996096781950e-02 -5.316962971871066340e-02 9.905651902572897016e-02 -1.164496930111263637e-02 -1.181225976243857091e-02 1.554571722611477469e-01 -1.401058513923197912e-01 -3.716947237374228219e-02 1.243413433220686287e-01 -4.010295574375165317e-02 3.021792512965066901e-01 3.581242650650766635e-01 2.974100383510791534e-02 3.517939065842584090e-01 1.531259108073146913e-01 -1.099989943144782933e-01 1.859042920161827483e-01 -1.286157569179727511e-01 -1.303783190272641834e-01 -1.369730289102584486e-01 1.024056438695777754e-01 -6.339916598168576778e-01 -2.089288297712776632e-01 -2.350081309293272913e-01 2.541490754270666619e-01 -1.209198319226092999e-01 -1.178494866186478029e+00 -7.157556734599229351e-03 -6.713589771613591717e-01 2.736951971886823487e-01 -9.218171246998458912e-01 -9.343466484778399916e-01 -1.442547521763154705e+00 3.843315005009360075e-01 1.205150843541301781e-01 3.739261835948932688e-01 2.346735525783051335e-01 -8.083176384480201815e-01 2.563427019693028663e-01 3.204209054136162860e-01 -1.045964706765335706e+00 -2.335815108371036786e+00 -2.077259461875442970e+00 -1.693461764620089349e+00 2.432832408013592684e-01 -1.119945625948932211e+00 -1.879829607056386687e+00 -2.914062475586745582e-01 -9.325645174676207017e-01 1.844163601326578306e-01 3.208032109926321485e-01 6.746137027758951632e-01 3.356364814711425004e-01 2.840052397364095094e-01 1.297148332761618450e+00 -1.883851921616326086e+00 -1.064624645609982961e-01 -1.014901197118485587e+00 3.766483731296275117e-01 4.361378750962824902e-01 -1.616961803291021571e+00 6.654485845534950927e-01 -1.586809830979239333e+00 -2.724839416885151133e-02 4.841460372305789739e-01 4.931676123292157432e-01 -1.123445260604868656e-01 -1.874063648122614723e+00 -1.713035092418071503e+00 -1.873389922859788115e+00 3.543314424431234233e-01 5.470915471868725843e-01 7.161574898509670550e-01 3.686340560833048507e-01 1.976247388586991061e-01 -2.198150684967856261e+00 -1.608518646658995799e+00 -1.832883013115273352e+00 -1.665159268614966104e+00 -1.913890947916390806e+00 -1.956908393598774776e+00 -1.957060693052818490e+00 7.190050787685728917e-01 -2.012256142823279248e+00 -1.871779442570664420e+00 -1.876894019392085999e+00 -1.924181942316667282e+00 -2.086445985259123947e+00 -1.670170775397783469e+00 2.788372892720881735e-01
5.162418784456251908e-01 6.010046375563761201e-01 4.758972314537514570e-01 5.555770176039028785e-01 4.453657340929152997e-01 4.447046004748489434e-01 5.182358338341518378e-01 4.578150251450232022e-01 4.176559725225845177e-01 3.249670615613878821e-01 1.370139953339331862e-01 1.371769071018763275e-01 3.235734493178732962e-01 2.351381039334492218e-01 -1.638890182865008482e-01 1.943611374805457037e-01 7.707217308749075846e-02 1.954801925827244838e-02 -8.126509876723390924e-02 -2.193844606543844389e-01 -6.943938712023969284e-01 -3.767970024640234228e-01 -1.599074646301696268e+00 3.285703487079776886e-01 3.591729600392694621e-01 -4.309255100342639921e-01 1.921167877092908316e-01 -2.050630153687726387e-01 -7.264549134680267084e-01 4.805248270608338257e-01 -8.232799368525471895e-01 -2.366539291440272474e-01 4.390767341319085082e-01 -9.250502488233064424e-01 1.844985020192365377e-01 -1.967780778825707788e+00 5.146397170467293947e-01 -1.061330275822393254e+00 -1.797770180699023612e+00 -3.635274574328507535e-01 4.701165593411662513e-01 3.682604871795686630e-01 -1.421296978579436932e+00 -1.945327663616000624e+00 -1.826831401288463885e+00 -1.347848805076483192e+00 -1.865799496095303267e+00 -1.822661633400538994e+00 1.163772463363177967e-01 5.145668938639768042e-01 7.249508763944680079e-02 -1.854901925552346231e+00 -1.886653111137493566e+00 -1.879355424781736117e+00 -1.867996143093171524e+00 -1.963832065183042541e+00 5.537542043353401722e-01 -1.886385925319595369e+00 -1.838735251769130219e+00 -1.877094994934926264e+00 -2.160517971177482455e+00 -1.935727372698653692e+00 -1.848966164534691980e+00 -1.889749810972350286e+00 -1.886543880603139378e+00 -1.873286165246770052e+00 -1.878644722162778669e+00 -1.867422695265209098e+00 -1.894466646947724264e+00 -1.902007948301024376e+00 -1.869208687580872885e+00 -1.869222402362916258e+00 -7.859398103842103467e-01 -1.876270339871760839e+00 -1.893743048254106887e+00 -1.896400680165877040e+00 -1.596393263561569631e+00 -1.855282013872217473e+00 -1.691863916804787982e+00 -1.884711213380286132e+00 -1.851200049238988399e+00 -1.904435864613533758e+00 -1.828810014269244499e+00 2.678676699316887566e-01 -2.370302802074347737e-01 3.717972219505754627e-01 -1.730226153588941163e+00 3.690024038960856845e-01 -2.230853825400881174e+00 -1.254221032075908182e+00 -1.816982628539764555e+00 -1.755965705653484532e+00 -2.006442978499696217e+00 -1.926583296919136767e+00 -1.856585832954518622e+00 -1.419730284478295301e+00 5.031949625819897021e-01 3.204433708446241535e-01 -2.230768443752303209e+00 -2.066819300648321089e+00
4.364201939548935649e-01 5.523128712109200977e-01 5.395257295694784183e-01 4.660498888499870485e-01 4.101347697708642159e-01 3.990392416276891674e-01 3.890893879011214085e-01 5.544462072003547570e-01 5.377114891434559008e-01 4.399749183551135423e-01 4.388244418120123558e-01 4.395177682102715533e-01 4.619908091454899557e-01 2.878524085214942962e-01 5.233939647807868134e-01 2.225259471129854560e-01 2.642366177290528251e-01 1.085203125051867473e-01 5.749473755676302034e-01 1.003571454716596506e-01 -7.982458738325264036e-02 1.329968453902335423e-01 -1.477923145823939910e+00 7.127891465004204674e-02 -1.189571374943578785e+00 -5.427892132945544290e-01 8.038326752479782455e-02 -1.373311166930243132e+00 -1.204487799540430032e-01 1.671161557812772813e-01 -2.430763750188254246e-01 -1.228340235959334281e+00 4.038265910078073229e-01 2.419550229193378754e-01 -1.303480867337595939e+00 -1.434653019847263122e+00 6.847218775002253954e-01 3.828635479939391795e-01 6.804385658958959082e-01 3.532756112058894615e-01 4.191737630471054077e-01 4.805248270608338257e-01 1.308183739591792238e-01 -7.362073758178907523e-01 3.112553347323991915e-01 -4.104616328301066708e-01 4.955651408294614590e-01 3.576038072605280393e-01 -3.933538738618660990e-01 -1.199180900897264257e-01 3.308560567926927543e-01 -1.941534462379976400e+00 2.407534735931692593e-01 -1.633091159305759765e+00 -1.139942619113773592e+00 -2.034303317138543843e+00 -8.831245436092080014e-01 -1.048759944530774701e+00 -2.005413120176075648e+00 -1.966026177984245837e+00 -2.187735835698896292e+00 -1.943188503674045275e+00 -1.882530134076479955e+00 -1.913656843459840662e+00 -1.873641627297889523e+00 -1.847928388132111577e+00 -2.288262834125847967e+00 2.708046213193598950e-01 -1.886846828772452245e+00 -1.877783426841802328e+00 -1.870507350632680588e+00 -1.720129848479400536e+00 -1.588816185895464583e+00 -2.040788294298593986e+00 -1.927423476717363249e+00 -1.999955081424073855e+00 -1.664196219851892700e+00 -2.174472796597538782e+00 -1.879247922090065304e+00 -1.913273123750743654e+00 -1.927150429683654131e+00 -1.670012222805901114e+00 -1.594700032170644821e+00 -1.897189229550114042e+00 -1.676632630194923035e+00 -1.840817062313616193e+00 -1.581899604517638336e+00 2.691089219905113961e-01 -2.200482044582471097e+00 -1.869482770344697231e+00 -2.045191610879372401e+00 -1.923775628011491490e+00 -1.888119538198621328e+00 -2.216728692913570775e+00 -2.245503138149969935e+00 -1.935315088119498261e+00 -1.925287536876926220e+00 -2.014062265569338539e+00 -2.134359241873915014e+00 -1.847958520841983088e+00
7.673335204944246035e-01 2.792444801888578909e-01 5.164562550053551915e-01 6.260301188327241917e-01 -2.811969720255131922e-01 1.056832077460841263e-01 2.196263813040138513e-01 -8.352447517557176626e-01 1.943812472010340020e-01 1.346489614339466678e-01 1.886796852044499151e-01 4.413478555927619063e-01 -7.826348422749760392e-01 -2.024174055147611284e+00 5.093024000799917239e-01 -5.130574632911933941e-01 1.916736741910492481e-01 -3.105645662584169964e-01 -1.634409547961709341e+00 -1.322252701093713734e+00 -1.061595980895693181e+00 -1.866732447362217551e+00 -1.602645207404320482e+00 -1.116024559369438895e+00 -3.494357300546305223e-01 2.871728178193930781e-01 5.287116086227384715e-01 -1.526911612333419210e+00 3.336966041816018524e-01 -1.428712304516658538e+00 -1.481833900222621514e+00 3.072565678441741555e-01 -1.713657153315135018e+00 6.606652713678362598e-01 -1.433026886770976338e+00 3.852904789668842311e-01 3.391634201139747673e-01 3.390933846927601247e-01 1.198132933536977252e+00 -1.613717161180053150e+00 2.549216519928717561e-01 -1.672205389654038532e+00 4.881485626895273322e-01 -6.142267758786017391e-03 5.114238884985921052e-01 -1.416189786390521066e+00 2.594944092976373407e-01 2.252730637244956813e-01 6.055477594555129794e-01 -1.668993633492193096e+00 -1.144892378510583786e+00 -1.748453156562657540e+00 -2.074864676189046797e+00 3.013769620813170902e-01 3.904527184531439987e-01 -1.855647560751041425e+00 1.357902145169089247e-01 -1.958655136100964311e+00 4.179573110055947449e-01 1.913750826240333269e-01 2.177982009108286598e-01 -1.802687445961208113e+00 5.810393761056867890e-01 -1.940498535723274465e+00 -1.810575308020923702e+00 -1.881877322770846295e+00 -2.056841795742220036e+00 2.447015411246894478e-01 4.590852868251016350e-01 -1.960459877617138691e+00 4.436324734595676333e-01 3.786194377828620006e-01 5.775424243921369882e-01 -2.059952332047007229e+00 -2.440882139475265278e-01 3.987748585436377141e-02 -1.089744871363058420e+00 -1.260584462224100533e-01 -2.312342231874595644e+00 -3.570743371718931598e-03 2.694678456405814049e-01 -2.075101049943174125e+00 3.241193238585385328e-01 -1.252354485546971707e+00 -2.368668857494733160e-01 -2.151669499097598859e+00 -1.600277241339810974e+00 -1.104824256166931251e+00 -1.668671882619597202e+00 -1.625334908984990889e+00 -2.294466413393908333e+00 -8.879010253038250866e-01 -2.171022264818794678e+00 -2.414493665406387990e+00 2.161542270879615313e-01 -1.998713448254359815e+00 -1.738771483459110812e+00 -1.894887634901313511e+00 3.511248108921805056e-01 3.546225124364587589e-01
5.271311182988397404e-01 5.893898803294173039e-01 5.422698285179221589e-01 4.667272787769748965e-01 4.150650384342582933e-01 4.551377884505362625e-01 5.751362366531228565e-01 5.971661736803632881e-01 3.641433323868273342e-01 1.766339421862381087e+01 3.698019817973912104e-01 5.297143203640672926e-01 8.022199619979538676e-01 3.304319231584291749e-01 3.309297031404179745e-01 3.407921375448973444e-01 3.949274397585557095e-01 2.989239915372027268e-01 3.269219661986302317e-01 3.677634820141256200e-01 -2.130858854919931988e-01 4.364995708414681208e-01 4.175759944133772966e-02 7.899819357166958378e-01 4.264647638588904277e-01 -1.513541252075218280e+00 2.005495142475244019e-01 -1.606092867528092771e-01 -1.235169901068825515e+00 1.240300767813937721e+00 -9.279641861210453924e-02 1.266814472376245615e-01 1.041797370990511062e+00 -5.799107972616647233e-01 -1.022416809557179063e+00 1.819232969101071684e-01 1.004134619893373576e-01 -6.406172193684565030e-01 1.973541255399618166e-01 -1.103194101091065082e+00 4.683088976694215755e-01 3.487935318934175521e-01 -1.414935176328149247e+00 5.649575665751821463e-01 1.180099969345912658e+00 3.947610246425016789e-01 5.377178154783632813e-01 -1.170997621196940397e+00 4.058856040030289769e-01 4.524599137632435153e-01 -1.092879009300189219e+00 3.893659929386830698e-01 2.855996228334611864e-01 -1.370190252407266496e-01 -1.006061202313856873e+00 1.402184358533699327e-01 -1.023485003406733096e+00 -1.130282590817708988e+00 4.004214976138388837e-01 -1.715336435577028418e-01 -1.020616911416862171e+00 -1.770494112484728877e+00 -9.373313913199275704e-02 -9.349348963048268457e-01 -6.013306280671033566e-01 8.054390658341651354e-01 2.994818441799457776e-01 3.684501173299233323e-01 -1.267153986986122804e+00 -2.889169855070111703e-01 1.193980944859483806e+00 8.411519079688203337e-01 -9.451396222400592073e-01 4.307934527730926666e-01 3.955862226533775339e-02 1.051661499246912546e-01 -1.061461945880896929e+00 1.144180606358430996e+00 3.778464867668591687e-01 1.099582181804964337e-01 4.104483648469474388e-02 3.191317295502859031e-01 1.666095096362642247e-01 1.974092042276331394e-01 2.390337493567626717e-02 4.464171567406430285e-01 1.057463176614018563e+00 3.013134153864397424e-01 3.717976017718715442e-01 9.764106703536423737e-01 5.375798373118954032e-01 -1.307591047289072828e+00 5.765183087571969928e-02 -1.283303501787568246e+00 9.586403525086025779e-01 6.120157590008384885e-01 4.160496932693064087e-01 5.739713978800489169e-01 3.786053329989739202e-01 4.842867287953656619e-01
4.545028982200848278e-01 2.029602367423755105e-01 7.326528798651631424e-01 3.817614523034593699e-01 1.793283598894262476e-01 1.495573754840910929e-01 2.208871702560632200e-01 1.809534750596455410e-01 1.205761013186101016e-01 1.294012853959424503e-01 2.419550229193378754e-01 1.254397693661460922e-01 1.078811916609617033e-01 4.998704762773871768e-01 4.941634963955358062e-01 4.330141557949339359e-02 4.805248270608338257e-01 -2.157921499836285839e-01 2.592803165253156350e-01 -9.140877913212001049e-01 3.131290338184774313e+00 3.774325182604439388e-01 4.925631628600646850e-01 5.874798340011458953e-01 5.743170715551876304e-01 5.981276608563393937e-01 3.071374275958099198e-01 5.642805750259701769e-01 4.890931710989641079e-01 3.339096374817501212e-01 1.535962509318344327e-01 -1.842356790696495938e+00 -1.238623898573828264e+00 1.149819864142462011e-01 4.023207505948594442e-01 8.705858002042127231e-01 6.908928870074988460e-01 -1.733003436181494772e+00 5.543203325386113489e-01 -1.152384338911204287e+00 -1.783338993413072116e+00 5.113183102416178905e-01 4.610018989376828413e-01 5.794842467866561098e-01 7.310985867742471056e-01 5.539135280932182548e-01 2.723654110976334586e-01 -1.291318612379328989e+00 -1.247460729590923023e+00 2.842262391750239869e-01 -9.681624426666068928e-01 4.645362113808960691e-01 3.666531993535220302e-01 -1.047033890710923787e+00 -1.557789161228610553e+00 -1.366704125769713452e+00 -1.769511002803442867e+00 -1.761938685942254557e+00 -1.614951946794427329e+00 -1.561330420424279719e+00 -1.449699595646703143e+00 -1.223026570590632467e+00 -1.948133840255198646e+00 -1.770533578386553009e+00 -1.583239176055256214e+00 -1.648104599444522700e+00 8.925839430150208642e-01 -1.368517125802817702e+00 -1.922533802487240928e+00 -1.054198513734879716e+00 -1.769152013552967473e+00 2.183962829882340750e-01 -1.667632375753763885e+00 -1.977932118506311454e-01 2.853674079466462232e-01 -2.447900654459772785e+00 -1.130741919409091967e+00 -2.299068782565411695e+00 -1.937099367566363473e+00 -2.100324511082725998e+00 -2.380286892801431797e+00 -1.612593039250443061e+00 -1.839212042452879503e+00 -1.971894135824633132e+00 -2.210700115399466981e+00 -1.802575422305033648e+00 -1.266262030162730756e+00 3.155565551491868459e-01 2.630859877103359223e-01 3.913665349686361039e-01 8.071922054059246232e-01 -1.617645822048160431e+00 3.422736129900594282e-01 -1.924308135707310852e+00 -1.945762361390801498e+00 2.618514406326879485e-01 -2.287245733659079683e+00 -1.956851669279110695e+00 -1.587607970851290240e+00 -2.591275663256527029e-01
3.977188442323863482e-01 -1.456390919078596191e-01 7.107709529132831827e-01 6.038423178261176361e-01 -1.380242848999329253e+00 -1.339382023308044178e-01 2.213031503352596296e-01 4.347873789395318989e-01 -7.814207616995653138e-01 -9.263329633250969586e-01 3.420019642484056765e-01 -4.404865966450766113e-02 5.303309338675242790e-01 -1.279822050231738340e+00 -1.584266441656237978e+00 3.207754110438760242e-01 1.567802100219754802e-01 -1.303876123366049411e+00 -1.841628938081668831e+00 1.051878914432692047e-01 -1.921150590477227027e+00 -1.819813980956657806e+00 -1.807513134410296374e+00 -1.619995579871286617e+00 -1.633371676239853132e+00 -1.907992579608067230e+00 -9.584102286231127588e-01 2.518602801393775348e+00 -1.082541456708086547e-01 4.774932209033827535e-01 6.259605498869433848e-01 2.372702960082560819e-01 4.811477556934166677e-01 4.982173863464568475e-01 4.930501341987528208e-01 4.471718754787710193e-01 5.339262924007954769e-01 5.225526677361567174e-01 -1.321739912497141622e+00 -1.476834261526986047e+00 -3.923663936815862119e-01 8.230017670817593722e-02 -1.529682566523263842e+00 -1.093966511331956770e+00 1.253106641105804775e-01 1.314793968835541726e-01 3.013610753300288159e-01 1.229523929697045742e-01 3.133502163243461203e-01 -1.569745684158843080e+00 -1.862320624892366716e+00 -1.525792494902511898e+00 -1.990825289083877125e+00 2.063254468324383917e-01 3.204321557595792846e-01 -9.161169127275766710e-01 1.768713790453665524e+01 4.908570275652077708e-01 4.492650669982620748e-01 4.335528880575950650e-01 4.766721829940898103e-01 4.082240435330797834e-01 4.058938840121216751e-01 2.935272461119700638e-01 6.498216969207776250e-01 5.284724222157100026e-01 3.328998918844312538e-01 5.154722271911172937e-01 -1.801571227457984481e+00 3.558002087403077662e-01 8.470224749359043237e-01 -1.779696050088218628e+00 -1.359514411139528089e+00 -1.292098824175194283e+00 5.190664354147794812e-01 9.961884018154272269e-01 6.631653034012763293e-01 6.988656138947429985e-02 5.212003810860785791e-01 -2.157161898215078644e+00 1.507475162180964556e-01 6.459634993254537161e-01 -1.639281563893794758e+00 5.303610557876635712e-01 -1.523776496624796861e+00 -1.625833316395563610e+00 -1.851292477762876532e+00 -1.207438750407922923e+00 -1.582438701925513946e+00 -1.671626897043595017e+00 -2.104091170352019979e+00 -2.008463381233594358e+00 -1.799315226492994579e+00 -2.021967569955869237e+00 -2.285987411698228389e+00 -1.138900832158044718e+00 -2.271463044998380365e+00 -2.093285976948691562e+00 -1.987501555013936549e+00 -5.771395755776904668e-01
5.630827005230470972e-01 3.324052577432322075e-01 4.858092998042499167e-01 3.884197088076423721e-01 2.127045554743275668e-01 2.868649125500133401e-01 2.007451588163542411e-01 1.241713513424353849e-01 2.376714897082675970e-01 3.080525183191506478e-01 1.071837901114360558e-01 3.019841726812093619e-01 -4.478334058789619210e-01 -1.365676628683030858e+00 2.226380481457948812e-01 -1.115201263006897925e+00 7.131256762543271011e-01 -7.244245890850822822e-02 -1.331936180138002968e+00 1.570614471987455130e-01 -1.208517886043563250e+00 2.810122634538039788e-01 4.612405172250635954e-01 -6.273948009925661706e-01 2.583456598331492216e-01 5.741156622900572826e-01 -9.539094156127974067e-01 -1.454045426597140311e+00 -1.480077464406592602e+00 -7.565338856616186103e-01 -1.449392258907572950e+00 -1.107315481838951676e+00 -1.026518281915132391e+00 -1.434243834301676790e+00 -1.323004319270906226e+00 -1.380992880550666158e+00 2.271812453636528895e-01 3.655516529009286697e-01 7.169638033563208168e-01 -1.006392912036499387e+00 6.660582426475525342e-01 -1.103012434983361656e+00 -1.339436010361471530e+00 -1.810293080361495166e+00 -1.593820396940332840e+00 -1.580812036913801677e+00 2.999021883328944482e-01 -1.895891758875330568e+00 4.805248270608338257e-01 4.924580644128473406e-01 4.182905371211307344e-01 2.072342558593737449e-01 -5.593453950489000182e-01 5.243092784903832237e-01 5.325063000049788942e-01 3.646904439819379506e-01 4.855991902431859852e-01 -1.734064340326502585e+00 -1.228543029056730074e+00 -1.881921864472058115e+00 -1.430161549447179548e+00 -1.669408398898322821e+00 -1.754975451672426301e+00 -1.742438760454029012e+00 4.141063836991634717e-01 7.836179654267141741e-04 -1.829250669923366823e+00 -1.970672613613516422e+00 4.191242272730078544e-01 -1.183148883093920078e+00 -1.913813675415562354e+00 -1.661373095915487319e+00 -1.979271156397392817e+00 -1.863399311912579126e+00 -1.864145197402368392e+00 -6.805238735703537101e-01 -2.181361569412807455e+00 -1.967148351361936331e+00 -1.888572870765284684e+00 -1.643872579458626415e+00 -1.305594895742683947e+00 5.221224901029828391e-01 -1.905560894646993741e+00 3.409453006670110642e-01 -1.084228523189439075e+00 6.213811381148850455e-01 1.140447324349963959e-01 4.207342090392811318e-02 1.857366545948663239e-01 -1.424656910568379509e+00 -1.773954267677921415e+00 2.802017698826145820e-01 4.052669238590208556e-01 1.740640099171785193e-01 -1.906114892860518717e+00 3.734556629674558037e-01 -2.164402366392883525e+00 -1.442888173677889574e+00 3.245384268964200403e-01 -2.035679773259235770e+00
3.993276778136239380e-01 4.098748669663049848e-01 5.571654348154164715e-01 5.052675021753264550e-01 4.824458111965537199e-01 3.103126834666875000e-01 3.965066299351170387e-01 4.753826910634122993e-01 3.392926403810962999e-01 4.355684149902359636e-01 3.427737937555307979e-01 4.575194413541078808e-01 4.110177133133895433e-01 1.320457311040526216e+00 6.783781697840024494e-01 3.700252401934296387e-01 4.122574251614636309e-01 4.407919323324653305e-01 5.378507852131763078e-01 3.816870980924537693e-01 4.348149292672088273e-01 2.385594373965112813e-01 2.304950677450420815e-01 -4.035459369863261259e-01 5.088526148914099267e-02 -1.287826323275099272e+00 4.620082693399260032e-01 1.005349501726350958e+00 1.770146984889029163e-01 2.534627757825104188e-01 2.527061680177248859e-01 -9.368859432659987219e-01 4.458626202466162702e-01 -9.805334986476593739e-01 2.160975264806453966e-01 1.405848069999610372e-01 -1.489177737137756363e+00 -2.205559735780271868e+00 1.020442831555878893e+00 6.096769950571390151e-01 3.873790674695449243e-01 -1.741332030076292670e+00 1.142038182563764326e-01 3.327847488044814450e-01 3.437700115039649118e-01 3.424857884310579803e-01 7.259114939481063900e-01 1.249147082237529599e-01 -3.793784752962014450e-01 4.651056664245104000e-01 3.086039495391885712e-01 2.762739057248729257e-01 5.736192405767416291e-01 -2.797931577601307396e+00 2.836027577234283559e-01 -1.302389226094004426e+00 -1.061010083708368468e+00 3.380250812166000762e-01 4.463778039465726710e-01 -2.044776682065416296e+00 -1.333327280832391937e+00 -1.119162964896160961e+00 2.457214441061207344e-01 3.227537795904533158e-01 -1.880218897015375257e+00 -1.360914978398662933e+00 4.110898014958537239e-01 -2.899562139645497916e-01 1.397382036247727943e-01 6.668082763924871870e-01 -1.293937467823990328e+00 -1.646275258175756262e+00 6.642884967505534588e-01 -1.787587653021526224e+00 7.090323129660990320e-01 4.805248270608338257e-01 4.766871451045874841e-01 6.186933607957020298e-01 5.439352335543647943e-01 5.808897622953741458e-01 5.058740720198499075e-01 2.726052783767286547e-01 -2.169262531192266863e+00 4.579967525183693544e-01 2.179132852401125808e-01 5.012503097427460919e-01 -2.474433629251397537e+00 1.900064121204251000e-01 5.000914032320248337e-01 6.113124852042568502e-01 5.004305352231781523e-01 4.405381524233318302e-01 3.394842634687212368e-01 4.216311906317294356e-01 7.224190013207762995e-01 7.107709529132831827e-01 3.129084552392398799e-01 5.608072132939345700e-01 -1.501879136722668040e+00 3.086722151202284659e-01
4.147256179920585928e-01 4.190246954686358549e-01 5.345081178129101884e-01 5.012847035144654129e-01 3.803563084175869968e-01 4.653284084077458083e-01 4.619752576323271076e-01 4.786995059816656073e-01 4.253208705332057193e-01 6.116112994091721378e-01 3.795939358505454608e-01 3.298524510949418231e-01 3.522843516728561553e-01 7.495196273888323768e-01 4.416028597336179584e-01 3.546999133710067031e-01 3.660408800881810309e-01 4.046603719961482937e-01 4.757758732656857670e-01 3.597484644021566313e-01 3.501552918324002950e-01 3.401544184383980540e-01 7.346310884260665031e-02 2.800647710837809168e-01 4.098619937286006598e-01 2.925705160364528434e-01 3.044852667686864245e-01 3.133210726244403665e-01 2.766013443252764992e-01 4.118652588378122759e-01 -2.022432487344012590e-03 9.912035735231911060e-02 1.774719570244258082e-01 2.155039475903017601e-02 3.227885346648172171e-01 -9.153805234022324711e-02 8.922127158455769314e-01 2.165314623862212018e-02 -7.790685230770513781e-02 2.029196690380649648e-01 -1.175151613458275790e+00 7.302557962184920426e-02 -1.852244606923996617e+00 -1.233219753273163022e+00 -1.219566868558621175e+00 -1.755775258752932499e+00 -1.433564867571559320e+00 -1.381815447171772737e+00 1.454987589452976793e-01 1.421708697704734403e-01 -1.255464810613205362e+00 -6.244304225426046129e-01 -1.001893988233925649e-02 -1.035116994749299968e+00 -1.512328344655337276e+00 -1.310364727818511987e+00 1.919560587852326417e-01 -1.438808035457618484e+00 -2.009764651171301875e+00 -9.096389010797403252e-01 5.602903968475042573e-01 -1.830166470095567322e+00 -1.118407251379089251e+00 -1.668218153189620745e+00 1.957594012757053470e-01 -1.585371432917679568e+00 -1.534124431666062938e+00 -1.728274246170590445e+00 -1.803058855043304654e+00 -1.871247615179295609e+00 -9.334116442532783831e-01 5.055062476731024823e-01 -1.955218733927011954e+00 -8.376491550782353412e-01 -7.112049445297327077e-01 1.153538636579056337e-01 -1.945779431085955524e+00 1.488046525813889187e-01 -1.784613492625875264e-01 -1.895714013389584895e+00 -1.960878654852661995e+00 -1.965816638260557525e+00 -1.965282558481954212e+00 -6.764358487002732900e-01 -1.998899416235894622e+00 3.343226292092155161e-01 -1.881884020677925262e+00 2.395479658955345648e-01 -1.898813566395797459e+00 -1.861624757597949875e+00 2.419550229193378754e-01 4.805248270608338257e-01 -1.944407892947555672e+00 -1.883963863849923426e+00 -1.977118945321784560e+00 -1.968915685139170035e+00 3.167438887984273532e-01 -2.025015746418815432e+00 -1.925983008010154540e+00 -1.957315162792022889e+00
4.622809540254960714e-01 4.473418509178400115e-01 5.083138315282031972e-01 4.580783592036656859e-01 5.880296986311033258e-01 4.306705541109157043e-01 4.516909352999046723e-01 5.309131884925839540e-01 4.121306588836189944e-01 6.477237700289373290e-01 4.892546190106099591e-01 4.247691291881521281e-01 4.767098504660228220e-01 4.628614404629176060e-01 4.241994273440797270e-01 4.039233471702893818e-01 4.142228413646427132e-01 4.005329160824121493e-01 3.566173936837460645e-01 4.555669665149272851e-01 4.403424040650275595e-01 4.573424699967466034e-01 4.082698855682673211e-01 3.371057224858853840e-01 2.986768449298714545e-01 6.053240859332430501e-01 3.040304513761938332e-01 2.982722564306404811e-01 2.833523627023176727e-01 3.107055958789736172e-01 2.711979675372666043e-01 1.385623561118808633e-01 1.157685959120254432e-01 1.303515322156819645e-01 1.360589871911452031e-01 1.236393548492740468e-01 1.055101225428331235e-01 1.285557836068126625e-01 1.276924242590605496e-01 2.620617655674621349e-01 1.163663332826731928e-01 4.348264740916813267e-03 2.634314463173098586e-01 1.478481939055570904e-01 3.257243579720212057e-01 1.181167919338304007e-01 3.043644789949664919e-01 1.382171583579388241e-01 1.241926080673427940e-01 1.661581558222336996e-01 1.094097023180571060e-01 3.846349400139663643e-01 1.248698997548053774e-01 4.805248270608338257e-01 4.202258556328952732e-02 1.280091991933494100e-01 1.263067796508001162e-01 5.243769878953139646e-02 1.106948669679344993e-01 8.315561241742613907e-02 1.085190268658328128e-01 1.063987709258042841e-01 1.061225493054068630e-01 1.862904323054837274e-01 3.857207237975569525e-01 1.073128479218317805e-01 8.816688386863094640e-02 1.070950069211517863e-01 1.229889048086459519e-01 9.604576503949918687e-02 6.136974590236248250e-01 3.713366995657584879e-01 1.034706994879881631e-01 3.898740542993407998e-01 1.050889489963567902e-01 4.028053548255232652e-01 1.108124377981821312e-01 1.461807084039755122e-01 -1.619645204482860201e+00 -1.659652266986819891e+00 -1.746825924409484143e+00 -1.676465673225770558e+00 8.190825106174992598e-02 -1.929667619208797591e+00 -1.549568678755974371e+00 -5.969551368657700641e-01 -3.948123613129041476e-01 -1.760664937411844377e+00 -1.686828382619959932e+00 -1.675443259597462209e+00 -1.673281157139865583e+00 -1.819736192725402546e+00 -1.871690008494891533e+00 -1.931424867823142488e+00 -1.694643337686343454e+00 -1.884640311082344644e+00 -8.573230662634383492e-01 -1.852363108925863200e+00 -1.892523128814326494e+00 1.117487304377993811e-02
5.549048910503194820e-01 4.814764370636853696e-01 3.991318425256032421e-01 5.501062692973142099e-01 3.316872202677850767e-01 7.772451324388552907e-01 4.873724914637639904e-01 4.030685793354263913e-01 4.124787666075892534e-01 2.946783963761679392e-01 4.032922823588979688e-01 3.093095466914120295e-01 2.964490358851067375e-01 2.248834296274336841e-01 1.929688958351244432e-01 2.353180961450853093e-01 9.212941905831399658e-02 1.061916334328038558e-01 1.050400459683490800e-01 1.171385556952845158e-01 9.090768917909136659e-02 1.060324449926216966e-01 3.784586686125890331e-01 1.387979932284921780e-01 1.551299565061178554e-01 1.139721555520716439e-01 3.996446180137432080e-02 1.359028172747393237e-01 2.663914799432513525e-01 1.004134619893373576e-01 4.643892895609821880e-01 1.101773642874757098e-01 -1.889672012079868235e+00 -3.610314484639905452e-01 -5.584219706197244282e-01 -2.305342490135054434e-01 8.177852727937222344e-02 -5.078563345613162916e-01 -3.520047145133693989e-01 7.096985838158301751e-01 -1.925516705679609419e+00 3.700947414263210944e-01 3.696303150167415397e-01 -4.013383274543315393e-02 1.496324065859770958e-01 -1.294215671354162378e+00 3.064216827806394705e-01 4.923077562171451760e-01 -1.504557578152677211e+00 7.059521314602374975e-01 -1.147242833430364151e+00 -1.774763727894166587e+00 4.701165593411662513e-01 2.640328787696554214e-01 3.130508552884087581e-01 3.671289329122946477e-01 4.053826275243047061e-01 -1.810241356181064187e+00 -1.799825198085837963e+00 4.185603384516620173e-01 -1.860131587961593613e+00 -6.953072466551895037e-01 -1.631229095539909357e+00 -1.899187732409098217e+00 -1.883061332402068189e+00 -1.882420858307475298e+00 -1.431554584103576833e+00 -6.610888631754928690e-01 3.602428682569534524e-01 -1.871970961845253356e+00 -1.624983574135055120e+00 -1.867642904835592921e+00 -1.894717603783630411e+00 -1.621977152185043236e+00 -1.865659981326269978e+00 -1.862239832322007294e+00 -1.862590982369849213e+00 -1.877871268792715709e+00 -1.584933290131291139e+00 3.567033214175354683e-01 -2.141528956363812242e+00 3.483627941965772856e-01 -1.638640997668631361e+00 -1.518810001700112489e+00 -9.071140375793708133e-01 1.958139037813279859e-01 -1.780507859177323793e+00 -2.142910013416376991e+00 -1.791811950816011079e+00 8.045295300547203876e-01 -1.896599095237318844e+00 -1.693705335169235493e+00 -1.922263655654505410e+00 -1.923640896634744468e+00 -1.974165253935723507e+00 -1.739103722980072986e+00 -2.337889164705135414e+00 -1.305189833846425618e+00 -1.686738551837113353e-01 1.299991421160708871e-01
4.622031665318449556e-01 3.646773673401856874e-01 4.327204084395878669e-01 5.647760530720292715e-01 3.274640790692130987e-01 1.962443900231543581e-01 1.949094117464902631e-01 -1.332636452975758112e-01 -1.125877457234147894e+00 4.472324601064925353e-01 -1.123784653844601245e+00 5.370626490346409876e-02 -1.525999068293219407e+00 1.992724205416059879e-01 -1.051851728503853334e+00 -1.235424038355760201e+00 5.318548723056421013e-01 7.199506633112936482e-01 -1.138678118220852076e+00 4.825678621951951519e-01 4.861113250110922768e-01 5.656869345207472533e-01 -9.669336911739316864e-01 -1.689207842547230332e+00 -1.357302924521839760e+00 -8.723184150625405975e-01 -1.995584307693352599e+00 2.706308697480050429e-01 -1.675031698560122129e+00 1.020975413923316033e+00 4.291310581996503060e-01 5.819366540642277874e-01 -9.866217875673442828e-02 2.850984987045004915e-01 3.240157668944277924e-01 6.188328209255931217e-02 -2.207229724814843141e+00 -2.201082282556484859e+00 -1.215131047925130492e+00 -2.307734898753988073e+00 -9.912935611061921559e-01 -7.140349065775746240e-01 -3.251815760152015899e-01 1.651117847333178346e-01 2.419976880482695991e-01 -1.444170354832843950e+00 -1.651244711939584997e+00 7.435630582200342120e-01 -1.102271572644797804e+00 -1.645499263778378962e+00 -2.316128950018782717e+00 -2.693420343352402657e+00 3.173732991372492651e-01 -1.809488088203587530e+00 -1.368556250764211502e+00 3.834901959666313087e-01 3.100528225735023624e-01 4.102096769170122115e-01 -1.756838823989066434e+00 3.363191476244226652e-01 -1.053915944374173241e+00 2.770912280994238253e-01 2.462103341842289406e-01 -9.880294179646215147e-01 1.314835284866256171e-01 1.577262079972699405e-01 2.572492475749419416e-01 4.183828265063592178e-01 3.223877225127906865e-01 -1.634404401174329325e-03 4.971585265665705577e-01 6.567435483491194104e-01 4.930469357932970587e-01 3.238106265399408601e-01 2.437489595381742702e-01 4.205621319350022480e-01 -6.806219817569071351e-01 3.898552114471747765e-01 3.120937063541224799e-01 5.379522587732812333e-01 4.969814707954835487e-01 6.648947296762736103e-01 3.227062439263828075e-01 2.951890682692101531e-01 -2.619334260589071484e+00 1.770603919655710234e-01 -1.632878899002276230e+00 -1.187417949442012954e+00 -1.873629274259039024e+00 -1.663840468872323397e+00 -1.815213184152765669e+00 -1.580703083230411199e+00 -1.606679011268325352e+00 -1.668179934867601188e+00 -1.661240389872812973e+00 -1.668856428389557722e+00 -1.968594537220394347e+00 -2.006828737242664307e+00 -2.232677490138028187e+00 -1.886201677380456854e+00
4.612281631057470466e-01 4.955675331991164501e-01 3.490814611086462405e-01 4.082070595202895724e-01 2.944484604736596900e-01 -8.425909650923597560e-01 -2.159952713586149375e+00 4.143130310607079370e-01 1.556200078055129388e-01 3.146574640386069488e-01 3.547654961235205406e-01 2.716736840918058254e-02 6.930816034092884825e-01 -9.994732742186714924e-01 2.792423542794936764e-01 -1.192536080409647425e+00 2.144192601939997889e-01 -3.532063317050816442e-01 7.062932420826626423e-01 1.797593945795373516e-01 -1.904642164227132728e+00 -7.100422275682626294e-01 6.719050866980653958e-02 3.437186849052935589e-01 4.735598371498352388e-01 5.315877914918025748e-01 -5.568939102781635953e-01 5.465762208004941725e-01 4.913174136078385379e-01 6.674381861980189790e-01 5.416165576929540260e-01 4.374190409527594636e-01 1.431279559440572502e-01 -2.105083965034930227e+00 -1.811898219662946286e+00 -1.934673372545156589e+00 2.242992089877142436e-02 -1.433026862755591324e+00 -1.506796189771177685e+00 7.592901119584783975e-01 -1.626445657267209466e+00 -1.448449193495584097e+00 -1.588561945618216731e+00 -2.094791123235522079e+00 -1.888489238357436983e+00 -2.139789526642421169e+00 -1.974091574924025316e+00 -2.299334796838433892e+00 -2.131228700050711744e+00 -1.364742156256425920e+00 -1.896483694563429356e+00 -1.335242420566957466e-01 -2.135971557395110576e+00 -2.126431503053467065e+00 -1.770166571486566198e+00 -2.342247907929814410e+00 -2.267982133099522457e+00 -7.985074972669393700e-01 -2.311987500974464815e+00 6.491370902582321856e-02 2.775976312966706439e-01 -1.999905556568197129e+00 5.201882256209220401e-01 3.388603227242915628e-01 3.554875627311401831e-01 -2.239338854170192405e+00 -1.965990321556868814e+00 -2.226488080084079169e+00 -2.042416650516461818e+00 2.239048063176732051e-01 -2.225746705954589899e+00 -2.279750519655246777e+00 2.667971675046581503e-01 -2.170313276464788110e+00 -1.847543653002647002e+00 -2.120764706917028786e+00 -2.071291236902218280e+00 -1.945331254333117599e+00 -1.998131752735250899e+00 -1.039826069719936630e+00 4.078588425814045904e-01 -2.226568938470897319e+00 -2.107794457623390461e+00 1.900607503605546700e-01 -2.204624853104923954e+00 -2.117365530587674627e+00 -2.301899009273113972e+00 2.507953970232069119e-01 -2.006304357254708570e+00 2.412546319220131574e-01 1.252603141096434725e-01 -2.112873491162172712e+00 4.177671889888749934e-01 -2.199229171636059021e+00 -1.412208745602488769e+00 -2.607697476836274841e+00 -2.007125367435611540e+00 -1.694990409831375722e+00 -1.733881170733462040e+00 -1.973993417135491368e+00
1.214453034945298104e-01 5.128039005346453072e-01 5.041938226140484369e-01 4.789096832480891353e-01 2.306882592830142020e-01 2.169572813049701343e-01 1.985429818735570950e-01 4.553910562008959828e-01 1.236044940444655515e-01 4.115068825247774481e-02 2.447464908336034195e-01 9.916338806670989270e-02 6.036251770066290018e-02 -1.312618558611451602e+00 -1.478942397215606164e+00 3.922175458077847843e-02 -1.825343958330295280e+00 -2.106567949434439702e-01 3.456607640819110427e-01 7.430098864769811851e-01 9.252818245607062897e-01 2.878705294246921079e-02 -1.162200226058654806e+00 -1.475962347989200785e+00 -1.527913697828789719e+00 -1.589472828252159520e+00 -1.901666412860568478e+00 2.000519992387830848e-01 5.706886364100212106e-01 5.336927351608625747e-01 -1.912980905005974286e+00 3.282193797253561418e-01 5.255709821648296698e-01 -1.874460355501901931e+00 -1.915040137979650448e+00 -1.492226963911309934e+00 -1.590983487229191473e+00 1.187984050726378499e-01 2.329010645474077490e-01 8.433402494072882172e-02 4.639054977162379578e-01 6.914030088225756598e-01 4.127060036939868004e-01 5.019923569289074239e-01 4.486123625751666788e-01 4.268583061780631960e-01 2.380642343062531474e-01 1.997688227298293484e-01 1.669139074655849597e-01 4.805248270608338257e-01 6.273138027338069911e-01 -1.496770928890953867e+00 -1.868876204112392303e+00 -3.184414947296836385e-01 -1.697167755476911788e+00 -1.658286411609385835e+00 -1.140906310701838011e+00 -1.997171333794550474e+00 -1.250823088334350186e-01 6.624537824092764648e-02 3.542527498728556545e-01 3.814472909191914396e-01 2.487718530077080714e-02 -1.734521989442356249e+00 -1.643383830360999553e+00 4.589961320035744474e-02 -1.270882783241668257e+00 -1.559487068260328568e+00 -1.774912064415938184e+00 -1.719377048196238489e+00 -1.776485608003145700e+00 -1.786222694243391196e+00 -1.597560605248316223e+00 -1.888364212882315485e+00 -1.736724349869169792e+00 -1.856072600361876823e+00 -2.010642026400654370e+00 2.368687684844133223e-01 2.539776480089941946e-01 -2.096789453189972008e+00 -2.297831259758122524e+00 3.112888198013616381e-01 -2.191819901368293522e+00 -2.125403262583409614e+00 -1.779000698533053981e+00 -2.401014697688218735e+00 -2.025917426592405590e+00 -1.437477461878348128e+00 -1.134757344569768504e-02 2.996407462918695419e-01 -2.419245685967071235e+00 -2.335735259236199735e+00 -1.490737690083091316e+00 3.025108591906125466e-01 -2.173845969970996439e+00 4.129058250846470157e-01 -2.250362832292699178e+00 -1.478323420331199012e+00 -2.599174406640467616e+00 -2.026965662962990411e+00
4.524474405881703243e-01 4.421239517419837117e-01 4.559623256389545021e-01 5.261607570243244103e-01 5.496672116164434962e-01 4.253250797484638412e-01 6.429523962562685435e-01 4.066577868793698203e-01 6.219552928440492678e-01 1.158181001869893034e+00 2.770455020711397043e-01 3.336844486237544039e-01 3.414327690280651861e-01 3.450257602181131533e-01 5.245977059369704154e-01 4.111453027458372156e-01 1.182450527594106765e-01 1.218892905821744865e-01 1.403996038165459537e-01 4.805248270608338257e-01 4.308782230687989157e-01 1.121325355082807423e-01 5.505997074038775363e-01 1.164765143879317871e-01 6.562699819165750126e-02 3.413815710977735063e-01 7.947708897554302265e-02 8.250036127451623735e-02 3.448297847394678484e-01 1.233429867451453915e-01 1.079320566023014433e-01 6.811351034500429114e-02 1.201244340612291350e-01 1.163270551057730001e-01 1.032042152850489031e-01 3.613999765357359117e-01 7.393396116750605707e-01 1.462393985079243897e-01 1.224965717009161292e-01 1.435203417983871299e-01 4.635064100494478562e-02 1.645127589780543131e-01 2.128397059731208518e-01 6.467311819912821003e-01 1.746482615598247967e-01 4.991864455424233071e-01 1.316483790334342652e-01 5.126456029822527155e-02 3.975012071691472193e-03 1.329347738868321693e-01 3.134723954769187970e-01 3.400157347567666632e-01 1.003630755330370411e-01 2.342839214700072059e-01 6.980117182714574708e-01 3.862173839716910306e-01 1.000789879268946025e+00 3.921293866306238551e-01 3.009643631717108248e-01 2.546924216128226837e-01 4.455762607255787100e-01 4.593589532797421326e-01 5.502115542974921336e-01 5.538509748959284662e-02 5.346470981609080519e-01 5.037552310832582592e-01 9.788802240802893517e-02 1.910290633426102447e-01 -1.233170337736767541e+00 -1.227028761538341950e+00 3.591495129110615081e-01 9.350477696194418042e-01 -1.490206294654748742e+00 -1.081579240875760517e+00 -6.689413754301837267e-01 -9.372382801127708829e-01 -1.535958180250914129e+00 3.701357779538120285e-01 3.624571779778798519e-01 5.750536372235004468e-01 3.810912842259468469e-01 4.388437798338205020e-01 4.840494463513542733e-01 -9.932195261825707000e-01 -4.198260047829734387e-01 -1.491094632396064434e-01 -9.117687528388899176e-01 -2.642450271214342283e+00 5.048249859697286901e-01 -1.658486491665911666e+00 -1.943109790588011254e+00 -1.012036063661861052e+00 -1.969325347661475822e+00 5.920765925946411823e-01 7.191439751399708591e-01 3.751572742185388942e-01 5.627707084642022961e-01 6.240175059091658261e-01 4.840327496051816669e-01 -1.870236493713727022e+00
5.275832131899692579e-01 5.972384781739382698e-01 5.423615028694342977e-01 4.646424876973173079e-01 2.732166505790349920e-01 2.368826284150243044e-01 2.921223324927527676e-01 3.362348484266798332e-01 1.943005497088625133e-01 4.507355461604146685e-01 2.529181188028864491e-01 8.720775127317007547e-01 4.197873777803158846e-01 6.666607353453796181e-01 5.042410410348763250e-01 2.644672529504228375e-01 3.422447091187281742e-01 3.138661858647603942e-01 2.735510338383050910e-01 3.785819274342256957e-01 3.047952456987416681e-01 3.772931986770179380e-01 7.571977825427647080e-01 -1.104771847095954884e+00 8.024899834505591079e-01 1.666153507258869015e-01 7.151496835564705168e-02 2.762594813537389005e-01 1.900481951065133013e-01 2.494408700963248182e-01 2.967100449724866529e-01 1.651648506268316441e-01 1.683902379167339924e-01 -4.565071012002446249e-01 2.789219831491260848e-01 5.411483738850279002e-01 1.155465495458687930e-01 4.354266685729117348e-01 5.129181601589219985e-01 2.907584794603870204e-01 -4.298148411811963943e-01 -6.171968830855868449e-01 -3.766360091488790696e-01 -9.647275220698775522e-01 -9.520532051541626961e-01 -1.626898876204164734e+00 -1.721741955405911684e+00 -1.456397495654315755e+00 -1.766990914318524064e+00 -1.767254386067119931e+00 -1.828362247676530661e+00 -1.695870107646139768e+00 -1.768310419293346092e+00 -9.608009791548551837e-01 -1.746880045813722138e+00 -1.693503238110059650e+00 -1.678044579216677601e+00 -1.689198170658289921e+00 1.423693617508172693e-01 -1.713003964791758316e+00 -1.746101922463086265e+00 -1.690527100619120260e+00 -1.924718543627105483e+00 -1.723695495849716597e+00 -1.689933359224317533e+00 -1.800966550169754710e+00 -1.776692236984705131e+00 -1.665325956623124215e+00 -1.744116127283674711e+00 -1.902428249773699953e+00 -1.916897823254793520e+00 -1.875046164001504811e+00 -1.954057279840116568e+00 -1.742083399570054647e+00 -1.804855147032335738e+00 -1.962918580011885128e+00 -1.910112362809683217e+00 -2.246805443721235918e+00 -2.112133872038538307e+00 -1.501385411375275036e-01 3.652536157324105526e-01 4.102511491298670432e-01 -1.555033832377638481e+00 -1.078948347164745192e+00 4.626077104500812553e-01 4.431204506379767261e-01 -6.499161437556482124e-01 -1.601440287243076854e+00 -1.878970143099851553e+00 -2.237341819416316824e+00 2.094172398045504591e-01 4.199912239143601678e-01 -2.292227782796849134e+00 5.047931627941182331e-01 -2.150971090753321491e+00 -1.545861119677340634e+00 -2.108388315523411105e+00 -2.022221749711634153e+00 -2.029342478054025456e+00 -2.206607985651009685e+00
5.722259674771943416e-01 4.363629712128045957e-01 4.169861774873649396e-01 2.887987931206579262e-01 3.629391617199378972e-01 3.822855933613502066e-01 6.164226569796479316e-01 3.966644717554592692e-01 8.330452077569253655e-01 3.651483986828295003e-01 2.973860708820478815e-01 2.261947310983001280e-01 7.201693754362823441e-01 9.614173941520123834e-02 7.371065089741700438e-02 1.062928453423950953e-01 1.001391178210387645e-01 5.768498014523463224e-01 1.576353046704505323e-01 1.186542865559580551e-01 3.043295680760919053e-01 2.027254664180729860e-01 1.083438570373520538e-01 1.354366104585136843e-01 4.946648704290787513e-01 5.229979815770717799e-01 1.018485560233254456e-01 8.230017670817593722e-02 1.193434069731692526e-01 9.853885097545247995e-02 2.623161352232541432e-01 1.062995996065380644e-01 1.082324874006707766e-01 1.392174385029338601e-01 4.260295517545840960e-02 3.531479217009059202e-01 1.795298693740783325e-01 1.828777559027591204e-01 9.238114078680939589e-02 1.242056051897002245e-01 1.294924118748416175e-01 1.775107577907439804e+01 6.570312554096555679e-01 3.333931631293610143e-01 6.706584013237248953e-01 6.452063063285548017e-01 3.665992543905148282e-01 7.077796923150044828e-01 2.941280165223063015e-01 4.805248270608338257e-01 4.483582168883088470e-01 -1.301362136605543007e+00 -1.997438673389222874e+00 2.924771905694616425e-01 6.539683288700451236e+00 -1.082982287615145589e+00 -7.865659973354035550e-01 3.757841086258766894e-01 4.126495009961276272e-01 7.132967691843800084e-02 5.746424569118294828e-02 -4.225616815993663011e-02 5.359661718136057296e-01 2.745425696374423005e-02 2.265313711071902381e-01 -9.016706257143947134e-02 4.934783240977146379e-01 5.922908796063772741e-01 -1.108666530554943908e+00 4.873537376014916433e-01 2.209647446572426677e-01 5.337079385278129529e-01 5.049355397554854408e-01 3.447777500547392626e-01 7.349911812931320121e-01 5.029639958360654362e-01 2.547098039233209876e-01 1.234521975361563273e-02 1.936491919260441286e-01 5.004056860431568277e-01 4.477325473115391641e-01 6.714042678367010408e-01 4.048342296656566863e-01 2.986450426235246480e-01 5.443159391995674445e-01 6.033471884891007386e-01 5.302242166511127452e-01 1.633642535895647174e-01 5.351785505120627562e-01 5.103142822581502314e-01 3.696781394932402987e-01 -4.696538520752336909e-01 4.609564484135309503e-01 3.443929671488554778e-01 2.861335999696650867e-01 3.403430623610561034e-01 5.737927086152493361e-01 3.629015478416018903e-01 -7.252893908676546486e-01 1.240654615580903120e-01
5.678413705566736080e-01 4.896170910437540602e-01 5.530032180892362481e-01 3.169044365489958603e-01 8.826669294921928310e-01 3.800077107201381144e-01 3.788982978894781528e-01 3.422512317208343813e-01 4.165514969833271630e-01 3.588908476536173398e-01 5.273980608480532961e-01 5.227641696537844718e-01 6.507467842047016671e-01 2.881049533865210899e-01 4.665563077818449811e-01 2.957239428960817818e-01 5.097280209566924514e-01 5.661867981662148663e-01 -9.275268285356083053e-01 3.457035808932655274e-01 -3.459118047988263833e-01 1.277201273762204325e-01 -1.902977011707791766e+00 3.202582246163368507e-01 5.412149780426342982e-01 1.054748259016912992e-01 1.076353056170905736e-01 5.258729628402923906e-01 -1.170052721942610230e+00 -1.147261306880674736e+00 -1.461880811097711508e+00 -1.668897062962729994e+00 -4.350454863703128727e-01 -1.784081517025450481e+00 -1.683250357380175366e+00 -1.671739843038652751e+00 -1.732139618987147411e+00 -1.788183167171179200e+00 -1.832377118253563975e+00 -1.727203823026297824e+00 -2.014973898176096956e+00 -1.350651760473007723e+00 -2.004574832228496639e+00 -1.904967309800276398e+00 -1.993037199448201235e+00 -8.686684808340100483e-01 -1.438199468383544843e+00 -1.796903530206218402e+00 4.805248270608338257e-01 2.853347937898700337e-01 2.631489528017868507e-01 -1.401994571389271194e+00 -2.455600008097106990e+00 2.273013610228460379e-01 -1.172312470666810880e+00 -2.121806948236849788e+00 1.149142385911644387e-01 -2.267093811173229057e+00 2.507875235490166776e-01 1.140325224298682327e+00 -1.799623224837056057e+00 -1.197027194700172048e+00 2.407074221318361573e-01 -1.063532267257028208e+00 -1.817625395576065062e+00 -1.996352606529951113e-02 -6.647474837882809406e-02 -2.093497246020023184e+00 1.642596595136428528e-01 3.450406561776951375e-01 3.148247498427272917e-01 -1.946059346653539635e+00 2.953034305389801717e-01 4.609875394328340481e-01 -2.566581098405071426e+00 -1.660489653555667022e+00 -2.143572151192374431e+00 2.808772870919953313e-01 2.982301817597473037e-01 -1.932647511543200913e+00 -1.806491213221597780e+00 4.087417594375615248e-01 -1.708388920532520672e+00 -2.331314874352037769e+00 -3.735625777324144137e-01 5.147657984667468600e-01 -1.997164457643576974e+00 4.462406318515590997e-01 -3.558101913665693838e-01 -1.812205556570640974e+00 7.324534948272216628e-01 -8.019493809642941340e-01 -2.209786918668321221e+00 -2.003512344531976019e+00 -1.783134261526608588e+00 -2.130169675215934699e+00 -1.602234176269206500e+00 -2.227102876771291484e+00 -2.209191846896807920e+00 -2.144535159680671654e+00
5.143222329033739770e-01 5.181356947870874308e-01 5.495013133121635640e-01 6.010881674945283137e-01 5.280104744499053426e-01 5.375394342072474796e-01 5.284462638778977261e-01 4.607149255376547514e-01 4.650592592640649947e-01 4.440496252211093009e-01 8.388743228573262156e-01 4.569804809663648437e-01 5.693874023006928464e-01 2.744750393053470572e-01 4.469785443269186920e-01 2.900465617285729603e-01 3.095557977549315276e-01 3.086295826871397474e-01 2.884483345816619693e-01 5.024562010677877666e-01 4.697332048240643321e-01 2.287242304658995973e-01 7.011340172336193444e-01 1.238678107557124042e-01 -5.554288278974695882e-03 -1.317399068057616418e+00 4.044196728459114043e-01 3.411245650454897693e-01 4.838653507052943503e-01 -6.016950819369097925e-01 3.882653659948950287e-01 -1.418478893641449634e+00 -9.268997991647530688e-01 -1.641128690550556657e+00 1.430596861095091432e-01 -1.324172578116785015e+00 -1.170576376857478618e+00 2.242359445787405203e-01 3.030290399958483483e-01 -1.816586404952780454e+00 -1.553400226984969823e+00 6.011813833676751262e-01 -1.629883691248724009e+00 -1.632621058328500796e+00 -1.022163441040465776e-01 1.180582635966192506e-01 -1.622864041742277275e+00 -1.814236041863134252e+00 -1.668047682681591315e+00 -1.637856793405643607e+00 -1.684854767282887966e+00 -2.133745165441733871e+00 -7.554041618360800570e-01 -1.795125577170900932e+00 -2.099087000776028500e+00 -2.066199578744423615e+00 3.399238315958314494e-01 -1.916302940345115280e+00 -1.352093870123252550e+00 2.297214361979224573e-01 -1.902056605763484454e+00 -1.756325556226523421e+00 -1.979841848648028924e+00 -1.421910820437761069e+00 -1.901202973795230289e+00 -5.882338473613752949e-01 -1.046137012384300791e+00 -2.163999207267643055e+00 2.443144075918337876e-01 5.657872539639555720e-01 -1.864921580941822921e+00 2.774798131599286455e-01 -1.849827391757748796e+00 -2.181201943427269363e+00 -2.175444713048063416e+00 -2.019812657782649179e+00 -1.967639825136153764e+00 1.901375827322586698e-01 -1.974891504906445272e+00 -1.862989510492724765e+00 -1.376604915396182127e+00 5.210837895231723582e-02 -4.700687882822897345e-02 4.926153576896820652e-01 -1.945549334120782570e+00 -1.862762630770009809e+00 -1.945212610023481004e+00 3.323603291040737595e-01 -1.919127824184902575e+00 4.805248270608338257e-01 -2.161435458259089781e+00 2.203906883546626894e-01 4.477790785125538298e-01 4.188880581662520197e-01 -1.684786772583872105e+00 9.472409715242804396e-01 -1.856773197321879731e+00 -1.993358510206241219e+00 -1.975647644766529876e+00 -1.902483180972022625e+00
1.759850788878536687e-01 4.816904644934218438e-01 6.116485098217158134e-01 4.453742286273092432e-01 1.534432517717791156e-01 4.805248270608338257e-01 1.307855554173659729e-01 2.561425364170368812e-01 2.988349869273326798e-01 1.389442943365031269e-01 1.141732870425216095e-01 1.034504864914794209e-01 2.709444114610399801e-01 1.360906702130519619e-01 6.451347353062415746e-02 2.511550227572205141e-01 1.614981724838190635e-01 6.179312415514409684e-02 1.131367645494166796e-01 6.342416872067598022e-02 3.637331106939007547e-02 6.472365421689797726e-02 2.386732672858494775e-01 9.507337366920680377e-02 9.873493771203539771e-02 1.252621357928815071e-01 2.906703164950513174e-01 3.958497797361417714e-01 1.198616130974783367e-01 3.133312213966502058e-01 2.922431545615032378e-01 1.225578854838393489e-01 8.242260474677380599e-02 5.362642975589275718e-01 2.772137602332375161e-01 4.169441364770214431e-01 5.129336419411612003e-01 -1.065953564028578049e-01 -1.052340890560902409e+00 2.361345304795901268e-01 -1.300567101944649417e+00 5.291815669057826632e-01 -8.644718285890232723e-01 -1.211678994748819793e+00 3.291455966971154057e-01 3.958596601559881689e-01 -1.017387863221585059e-01 4.668602072441870310e-01 4.487357533529509057e-01 3.197123235330563418e-01 -1.499552748267423352e+00 4.338584112079926780e-01 5.884673110827398634e-01 4.565204101237560486e-01 4.855207646321854087e-01 7.059521314602374975e-01 4.776100971888733171e-01 1.813075681029204245e-01 4.926852221584421265e-01 -9.606009315175351171e-02 2.554475299829924717e-01 6.665303970340878958e-01 -1.128832149904433590e+00 4.930469357932970587e-01 4.933721334804880287e-01 4.418947533613530321e-01 6.154508184778731961e-01 5.336804551740119695e-01 -5.820929228126754396e-01 2.688751422252433354e-01 3.078144998118741427e-01 5.406518241260069857e-01 -1.601573650362360768e+00 6.466154462894931898e-01 3.818430111073232158e-01 -1.350566433688873413e+00 5.024562010677877666e-01 5.465762208004941725e-01 3.227537795904533158e-01 3.975950557617702885e-01 4.701165593411662513e-01 6.128195878022946186e-01 5.891667427591780193e-01 3.997714972286645074e-01 8.925839430150208642e-01 5.540397652494524205e-01 6.770025228140987839e-01 -9.720269521146400749e-01 -1.631650992004522349e+00 -1.668397711424365770e+00 -1.364547139105387608e+00 -1.221249840392598651e+00 -1.244580372108505140e+00 2.473383229710005848e-01 -6.918527275214526595e-01 -1.279467430504231507e+00 -1.326653569871069527e+00 4.610015452633107191e-01 2.990692989994074846e-01 4.608077284692180253e-01
4.768977059522598316e-01 1.314343265048333320e-01 4.558674258618461428e-01 5.496167571648014061e-01 7.009172997895615764e-02 2.382746881986406995e-01 1.238577746388502265e-01 1.448343660218634477e-01 3.091444413727444940e-01 1.830076173776370441e-01 2.126029371967710357e-01 1.212090760014212093e-01 -1.553334162642799332e-01 2.833267540839181087e-01 -2.526474777942496197e-01 -1.825602990652741564e+00 3.097958974567480706e-01 5.423884166644229454e-01 3.232858661822682333e-01 4.130946626691680557e-01 4.418947533613530321e-01 4.805248270608338257e-01 5.884673110827398634e-01 4.374190409527594636e-01 5.112118148606393797e-01 1.976396018480603145e-01 -8.634172971044440370e-01 5.464710132559531530e-01 4.086250034355456973e-01 -3.901313642867271780e-01 1.729398732022073004e-01 6.116581694457779578e-02 -1.533314288744924009e-02 7.986694412508320573e-01 1.785326951591372224e-01 3.279646822003399742e-01 -1.846034565256519988e+00 6.039441974228464405e-01 4.719824651092315304e-01 2.073515975768045472e-01 -1.693569858366612779e+00 -1.454689668228683841e+00 -2.391575248583861779e-01 -1.318236219880613680e+00 -1.529291901235636741e+00 5.379728057031150090e-01 -1.642036256428227370e+00 -1.488783043207078993e+00 4.475232299169680239e-01 -1.151310969524580896e+00 -1.758290988830169210e+00 -1.439152835362492722e+00 -1.501055926793822382e+00 -1.646235295131608822e+00 -1.348631270669991666e+00 -1.961717370290196216e+00 -2.017786296440986504e+00 -2.042038890768716808e+00 -1.825874197687133105e+00 -1.200425652468533722e+00 -7.622608205045162677e-01 -1.915974464008373790e+00 -1.205801355265223584e+00 -7.490075843649970366e-01 -1.421417365690137213e+00 -1.664209005707647071e+00 -2.119391070129058363e+00 -2.098223090074411878e+00 -5.945038764335103948e-02 -2.070618826689794467e+00 -2.062896527061182095e+00 -2.178985511029392530e+00 4.370426242484123369e-01 -1.916153289861028064e+00 -2.219973177778682860e+00 -1.888157955468898308e+00 -2.091588020939306958e+00 -1.725032649782134886e+00 -2.096568152146616626e+00 2.961292730913545057e-01 -1.541960227761080660e+00 6.398075809853348561e-01 -9.065476808104594442e-01 -1.862706434780139864e+00 -2.005018690027120964e+00 -1.391080969060327632e+00 -2.212111699072409010e+00 -1.916632020244060985e+00 2.345406070490367034e-01 -1.907293526182007204e+00 2.520675866829724110e-01 -1.212194870217734088e+00 -2.102630856526429781e+00 -1.839323042697250665e+00 2.717188264797348318e-01 -1.708950578758663630e+00 -1.466092507918159704e+00 -1.911326826375452814e+00 -9.123983295033170071e-01 -1.709487882317225038e+00
4.689414446216530474e-01 2.472565705362351762e-01 5.428763557681182128e-01 5.193467287105203445e-01 2.764976241529814027e-01 1.533773293110512748e-01 3.544373228337503456e-01 4.789860959947275787e-01 5.455245848159139266e-01 9.820358692579862769e-02 3.151958614874778575e-01 2.169389670338914833e-01 -1.328429101282027069e-01 -7.773570767571541529e-01 4.029113084492996766e-01 -9.129526528429285914e-01 2.067858797714869912e-01 -5.486849868467162938e-01 1.989767292247850150e-01 -2.079866072778957964e+00 -1.866083742713817495e+00 7.441445280649812422e-02 1.363541105799603581e-01 -1.811350293793273503e+00 1.576642328439391560e-01 -8.173071621431028388e-01 -3.358904296406715895e-02 -1.963639191682132523e+00 -1.684347511636518524e+00 2.894162806831985790e-01 -1.814396693821501261e+00 -1.931494050790121042e+00 3.171621255960071495e-01 4.719824651092315304e-01 3.660082252576889461e-01 5.685218289525000024e-02 -8.477157973550694114e-01 -1.851115214070011561e+00 6.294719634998474644e-01 2.280233381843909946e-01 2.065840522843985783e-01 4.014894914882379262e-01 3.297231580793852368e-01 6.038129822841747929e-01 -1.769102237697321334e+00 -1.769127959022958940e+00 -1.668352663047614204e+00 -1.842791619463496122e+00 1.400264303251714249e-01 -1.613140038867374448e+00 3.500217711804090026e-01 -1.869249428832078896e+00 -5.755941812463968299e-01 2.118689792720676590e-01 3.417152943154614375e-01 3.835502076388954684e-01 2.453830870767467753e-01 4.145871497388484150e-01 7.407542186067896939e-01 5.315877914918025748e-01 -1.986102200442688259e+00 -1.938612145625297600e+00 -2.288609941212381926e+00 -2.202312426931615885e+00 -2.074347187359056655e+00 -2.122862202225446637e+00 3.089771116128537387e-01 4.805248270608338257e-01 -1.498409166135438175e+00 -1.565838580265805691e+00 -1.802544930801888157e+00 -2.065654352827524853e+00 -1.727818083450065600e+00 -1.907797794943732139e+00 -1.261254813846695910e+00 -1.883151196107607062e+00 -9.371310469695639037e-03 -1.620560556051803713e+00 -1.107676268853733825e+00 -1.795419587129693628e+00 -1.984816795771178199e+00 -2.026117375639728824e+00 -2.115546507512990004e+00 5.544018820321451324e-01 3.089434385175352515e-01 -1.912396069317617409e+00 -1.960636616039097113e+00 -1.870177504987640571e+00 -2.138526675479303751e+00 -2.061524687980532899e+00 -1.784696389521441828e+00 -1.871444879009850348e+00 -2.195899941980824721e+00 -1.677357249197488853e+00 -1.637573810911804983e+00 4.871028950260744561e-01 -2.204269933161889128e+00 -1.698694251920145115e+00 1.161907282277413245e+00 -1.865272853866281277e+00
5.550603198693995211e-01 5.317802099967406937e-01 3.662496183723448206e-01 5.858210630741413905e-01 3.563479870080566436e-01 3.760197235788601544e-01 4.773371262355034506e-01 5.601344586732439623e-01 2.810997449374799118e-01 2.942847063575348421e-01 3.198324325168919735e-01 3.179835702221646687e-01 3.228667793223410909e-01 3.327658808836899684e-01 2.803350379031679940e-01 2.923055731252198197e-01 3.192312052245412368e-01 3.487838867299088430e-01 3.339019941983487616e-01 2.601566216119468589e-01 6.089644361937497363e-01 3.180141766319671826e-01 5.552977090140797101e-01 3.226345366708702755e-01 3.160851419268844720e-01 1.993315847167584642e-01 3.633266884630542148e-01 3.528092305674326856e-01 1.176918280328429628e-01 1.594568120085674001e-01 -8.928914220954478065e-01 -6.179252109524906444e-01 3.380761104224732083e-01 2.690293579704920446e-01 2.039310225610452554e-01 3.073115392495580078e-01 -1.014775145843282989e+00 -2.175244319359300071e+00 4.805248270608338257e-01 4.701165593411662513e-01 -3.690108606551906201e-02 9.692236529420120150e-02 4.557575314190370069e-02 -9.933537980841856685e-01 1.024256115448860111e-01 4.184282267637233765e-01 -1.537142168194349789e+00 1.976993669795127084e-01 -2.078832500193966037e+00 2.382876433265159466e-01 2.368009449875233818e-01 -7.402270804767488999e-01 5.493215260537033240e-01 1.706365383179789530e-01 2.355076255611246450e-01 6.336034086100855722e-01 -2.734887656742576723e-01 6.218140628179729124e-01 5.302809672303496757e-01 6.644285604893223063e-01 6.204024608281246689e-01 5.159747778089051051e-01 2.609197290957823157e-01 2.368712205919278890e-01 5.621613472529778388e-01 6.185779547994031402e-01 1.765657900242335321e-01 5.805693084662248982e-01 -6.380152409613742970e-01 -2.724508599470777323e-02 5.605683706510526942e-01 6.989671287472524197e-01 5.540060805951416700e-01 6.208127451846889855e-01 6.865755003249248700e-01 2.557318334833537654e-01 4.844791089182204913e-01 5.315877914918025748e-01 -1.445366521029349371e+00 3.775487687565983741e-01 -7.505526928655781305e-01 5.465762208004941725e-01 5.523128712109200977e-01 4.755990915147070286e-01 -1.976281321755677611e+00 -1.633332054259417410e+00 -2.837082915406392014e-01 -1.868762716510693034e+00 -2.063924022619654686e+00 -1.824437877784774731e+00 -1.679616949567437567e+00 -2.077584639715714054e+00 -2.023399542155158493e+00 -1.728657081409736618e+00 -1.939840841100803903e+00 5.073664054220805575e-01 -2.300064328586733708e+00 -2.005022337266701982e+00 -1.667814161812587681e+00 -1.175810809250042110e+00
4.209617086844114620e-01 6.150542405317750427e-01 4.750622700571537904e-01 4.946215715928081180e-01 4.997567691147533075e-01 4.649180792581091293e-01 5.655261914173210780e-01 3.867591734387121893e-01 -2.262346090728660220e-01 9.713849509286735795e-02 6.161672609172818421e-02 2.715604709254316740e-01 1.198906034567947948e-01 1.988272856030530999e-01 4.419313503556356881e-01 6.056060707287309192e-02 1.561850440267534001e-01 1.033364685410947392e-01 1.147514415884159922e-01 1.932398230930893746e-01 1.808200553605357197e-01 8.633185792408716586e-02 3.438075009997002551e-01 1.429361178679243727e-01 1.105574338793672562e-01 1.516287606148953859e-01 1.962025053044358924e-01 1.042554653773991452e-01 9.602663373709759143e-02 1.057534617313306974e-01 -3.777525844264025268e-01 3.292811824077509497e-01 3.407927298000627547e-01 5.437154131988480160e-02 -4.319333380807394152e-01 2.638826985020689131e-01 2.081730804749362118e-01 -9.734727171268246770e-02 4.023806787143585639e-01 2.917636099866077193e-01 -1.861174965245474766e+00 -1.058593371565561825e-01 -1.641460809178720170e+00 4.805248270608338257e-01 -1.814946251623149820e+00 5.465762208004941725e-01 4.418947533613530321e-01 7.750386229802809224e-01 3.560715550118271899e-01 4.645457862153066220e-01 2.097337059867604991e-01 5.332634699878118223e-01 -4.660591861497970223e-01 3.227537795904533158e-01 4.651948744941173941e-01 5.884673110827398634e-01 4.431581453737848397e-01 5.147811966214732582e-01 2.902487089884158156e-01 4.573777310429841259e-01 9.291466569114498197e-02 4.573522412859223341e-01 -1.780043001853784723e+00 4.353616615884418062e-01 3.585839136758751100e-01 3.671192090078295167e-01 1.366784273085806523e-01 3.782998840410849439e-01 -1.933210773434845597e+00 -1.896525392674700772e+00 6.211808965823962803e-01 -1.726633722786053315e+00 -1.935571096617583420e+00 -6.230144489019782128e-01 -1.963341313924314546e+00 -1.981086008256399245e+00 -1.677520279738538234e+00 -1.885893933371976638e+00 6.074225914568344153e-01 -1.692731359806941560e+00 -1.858163431280718259e+00 -1.995114075367783624e+00 -1.762872519709736130e+00 -1.894206365236543288e+00 2.848649412787533364e-01 -1.897535714230168979e+00 -5.795720086866126275e-01 -1.772900306914797719e+00 -1.818971284621067497e+00 -2.006395994092086799e+00 -2.151104545756485020e+00 -1.755068532798474523e+00 -1.971585632125677723e+00 6.361949081560299701e-01 -1.947754184242663555e+00 -2.038267881752935384e+00 -1.933824467425987015e+00 1.686697014066552924e+01 7.458487298131668553e-01 3.550232565778209115e-01
5.735014908455063898e-01 6.621051169494851507e-01 5.254154530974535220e-01 4.330239356998947797e-01 4.172365761386379601e-01 5.311473699134171556e-01 4.409110780763536575e-01 4.005002156959376891e-01 4.824462838665743991e-01 4.473941536052716827e-01 4.177130573448851747e-01 4.585452385873659553e-01 4.053203991754495417e-01 4.739492184868636659e-01 4.681232157314305087e-01 3.915093661192111107e-01 3.506200496005081324e-01 7.652004006208888987e-01 4.381277115308190861e-01 7.173578968933500555e-01 4.279557041458583178e-01 3.482093983510422541e-01 3.923347616978986041e-01 3.762985172045935633e-01 3.012232530173600820e-01 3.563731918084885875e-01 3.390820247925037667e-01 3.499870299731536738e-01 3.047715628485949679e-01 3.229865742368478454e-01 3.051120628436014282e-01 3.079950798143413215e-01 5.375243305475709832e-01 3.710187239806594373e-01 3.139068584373813087e-01 3.352339625428140124e-01 2.313711746788707779e-01 1.320387944317396867e-01 2.984336254907654085e-01 4.583755608559321182e-01 6.012593519560524014e-01 3.213672572267837202e-01 5.120437334831494658e-01 2.858354783066811011e-01 3.514719548458532516e-01 -2.964214145401526390e-01 2.980560396515114507e-01 4.778251056976827726e-01 2.967573061877402107e-01 4.932779186505721891e-01 2.390351039679274037e-01 5.817626087948574165e-02 2.503058084581334941e-01 5.271642861453543771e-01 3.438233921514218805e-01 2.774882627988594641e-01 2.721205816158260848e-01 2.794961951990758142e-01 1.900064121204251000e-01 3.135945887335340188e-01 2.245159022551442007e-01 1.900064121204251000e-01 1.103191181844306756e+00 4.029082432396451363e-01 3.039569278185372259e-01 -2.550073063689972490e-03 3.528220350685230544e-01 6.986793042841189794e-02 3.177656260059310012e-01 2.683498403444924407e-01 6.271047873412037843e-01 2.832373889058891758e-01 -1.083442069756626741e-01 2.702781797104187866e-01 -1.608517356296542244e+00 -2.651186268750500563e-01 -8.454157879862819747e-02 -1.324526225478643404e+00 5.475182819676333024e-01 -1.384850989218141093e+00 -1.032236499408761610e+00 -1.368377230617074725e+00 1.570860803902038305e-01 -1.145910811009920760e+00 -1.870540169723538426e+00 6.808159448369426048e-02 -1.113127519928871934e+00 -5.661930173929633492e-01 1.700216510019653959e-01 -1.503966716610940724e+00 -1.212230259936740717e+00 -1.374283551228681288e+00 -1.443790106601663181e+00 -1.335843983447636552e+00 -1.371175701208599440e+00 -1.670242555011502983e+00 -1.678937376158384120e+00 -1.095328203555494984e+00 2.556381622992799918e-01 3.137021663949000061e-01
6.277713404415801168e-01 5.827708070930792683e-01 5.310741319157229468e-01 4.569597351387077455e-01 6.072767805822750775e-01 1.136457599890144277e+00 4.608391807171109966e-01 3.542939773368611878e-01 1.951023240545526893e-01 2.715166801160290855e-01 2.548724467565381402e-01 5.629908439928911212e-01 2.681381962694459609e-01 1.327948657899547524e-01 3.762356367000811441e-01 1.874191316227648840e-01 4.589416074775509724e-01 5.134442591699969194e-01 6.670551147262991920e-01 1.295093917943053730e-01 1.190146722621132497e-01 1.078674197064489609e-01 2.776876210765259478e-01 -1.593659276701697936e+00 -7.976221098723629277e-01 -1.579084907085024136e+00 -1.316413589820602192e+00 -1.643909011753024396e+00 -1.280166688973207734e+00 1.714009902765517013e-01 7.096345957342453659e-01 -1.286084385274650188e+00 5.914504003146541303e-03 9.650954866699097412e-01 -1.326394485173854276e+00 -9.434014072277094876e-01 -2.225430718713389489e+00 -2.026460652238847082e+00 -1.605191947049636303e+00 4.905803909025348575e-01 4.486123625751666788e-01 5.154722271911172937e-01 -2.212324120503137870e+00 6.467632561114913248e-01 -1.678732350824120756e+00 -1.566591163814930132e+00 -2.028964000670735235e+00 5.879746789998719914e-01 -1.542248162032433312e+00 5.318548723056421013e-01 3.910284753895845178e-01 -1.893466877588126263e+00 -1.929314442221804926e+00 3.163290385476592581e-01 -1.125349701559344329e+00 4.705875604267714118e-01 4.698061513633248754e-01 7.432812606018729396e-01 -1.798490730430221785e+00 4.203016647667355277e-01 -1.940259431346981422e+00 -1.736617503532623452e+00 3.271905350576678750e-01 4.291968269167708017e-01 -1.898604070532033061e+00 3.136745003635572071e-01 -1.691018221933425547e+00 -2.121403610058147926e+00 -2.135300975118362476e+00 7.044283594833461448e-01 1.131605733404486697e-01 -2.003744757224901196e+00 -1.784845816190143486e+00 4.064118532667412853e-01 -2.076095023758800284e+00 -1.623984554567082350e+00 7.370036137190115744e-01 -1.913883485490187164e+00 -2.106802070418078987e+00 -1.105477482888060692e+00 -2.222102614368631546e+00 -1.907519661100864905e+00 -2.038775675792507514e+00 -1.547668191482908906e+00 4.404447591892086122e-01 -2.120603496554616552e+00 -6.522555653860517832e-01 -1.778057860024198078e+00 -1.913726979602317968e+00 5.249996866247507166e-01 -1.918940497303992743e+00 -1.363549208643911159e+00 4.611243672282571149e-01 -2.487139915454962935e+00 3.777570383921614594e-01 4.962501771841710263e-01 4.027223004596680589e-01 -2.087914234239221400e+00 -1.364695469030724029e+00 -8.647586895446697230e-01
4.465068312136609152e-01 5.886903829138507849e-01 4.589231826463063268e-01 4.180887500459944395e-01 4.300146991984812872e-01 7.261982519329138519e+00 5.338579932213789458e-01 5.449802451330998387e-01 4.059230128217750644e-01 4.659530651314182648e-01 5.694105411043801634e-01 6.655439818369517369e-01 4.434941009961521075e-01 5.933858037309853728e-01 2.453956816456157874e-01 4.097495897660308195e-01 5.656862572227601138e-01 4.743801125995199541e-01 4.128662470524231409e-01 5.104039478158067800e-01 1.302689744493156776e-01 2.333787446698858403e-01 -2.251675289271961866e-01 3.142103787328964781e-01 3.354872826332432889e-01 -1.132361800322779777e+00 5.673136276181138804e-01 1.087382757046524151e-01 -3.987506453625861563e-02 3.498678253602712784e-01 1.584427138599458496e-01 -1.506206854117264404e+00 -3.664076951924354342e-01 7.572198334675647735e-02 6.681543916380085213e-02 3.410985170523557763e-01 2.606692990630971041e-01 3.832467902286926797e-01 3.074712101066849890e-01 2.193241933391987808e-01 3.518828485914575199e-01 3.132781144747177615e-01 3.623560136992307057e-01 -2.686110526147271305e+00 4.269558095016141031e-01 1.439773387641171964e-01 1.781787809457962279e-01 -1.336015420785776620e-01 2.428173292006979567e-01 3.679568730081504424e-01 3.872410085996829537e-02 3.795964070975896831e-01 2.266235602539743710e-01 3.949745531352816807e-01 1.918140179700375536e-01 -1.340008813313513958e+00 3.180158127061125661e-01 3.436266504713657577e-01 1.065667813750470483e-01 1.001741737131542687e+00 8.853070545430867799e-01 -1.499306168537944406e-01 1.763060079069972697e-01 2.443850229909057259e-01 -1.202567674730903757e+00 4.027736048481292408e-02 3.449793444804050702e-01 2.894734703507358398e-01 5.761831740446743400e-01 -1.703278945416741852e+00 -1.050056531527968184e+00 9.104274835131445642e-02 1.787954360769828110e-01 4.241944716431082507e-01 6.021304121391400921e-01 5.831454331314568362e-01 7.881723824575257442e-01 -3.112721564817914812e-03 6.743175673339059095e-01 6.838848298544027149e-02 1.885503408039227724e-01 1.166418201171095376e-01 1.379139008845624570e-01 7.484578972740284497e-01 -3.955426835279525488e-02 5.576848324228877996e-01 7.149350518046906355e-01 8.659334820318581594e-01 9.692236529420120150e-02 7.492356129745972870e-01 3.150165238738069085e-01 -2.366924159148193207e-01 5.172757304243984222e-02 3.351600243215933639e-01 6.018588986042467948e-01 2.609799854983656936e-02 4.430286519266463108e-01 -8.147880494525917838e-02 -4.342384994352963684e-02 -1.970084697775085700e-02
3.618035421178348310e-01 5.064122234988081006e-01 5.674882613380018981e-01 4.305797729233855620e-01 6.155562731576909030e-01 4.730929759400214207e-01 3.793797234006643926e-01 3.713759889941455894e-01 3.594655142147311078e-01 4.521898663866672496e-01 3.643901115790316170e-01 4.275710060157710823e-01 3.921002741949015102e-01 3.863586277592159224e-01 4.594485646024005221e-01 3.840344576359549511e-01 4.203700648688509789e-01 3.435379816610240056e-01 1.615777480880137007e-01 4.476334254645730204e-01 4.104128629360782599e-01 4.805248270608338257e-01 5.140121804566974983e-01 5.954380317120370192e-01 -2.748834627079949744e+00 4.930469357932970587e-01 5.350450854470778506e-01 4.418947533613530321e-01 3.227537795904533158e-01 5.884673110827398634e-01 7.059521314602374975e-01 3.197123235330563418e-01 4.701165593411662513e-01 4.855207646321854087e-01 4.933721334804880287e-01 4.895310823827392910e-01 8.925839430150208642e-01 -4.790070606816976273e-02 2.316456759719949521e-01 6.239081699166300066e-01 -9.898002706862538691e-01 5.465762208004941725e-01 -1.210145372492863469e+00 3.825114181491833243e-01 5.758632091726869628e-01 3.688099005514829942e-01 -1.709852782388957326e+00 4.719824651092315304e-01 4.810418432209623840e-01 -1.827174289864015533e+00 6.198985125718602385e-01 4.657640044579910987e-01 4.081496270842184804e-01 4.959726286928339833e-01 2.695012094468430819e-01 1.139638041409706121e-01 5.292573920600899262e-01 3.475453984122935935e-01 2.730402248369052653e-01 2.134365610527063639e-01 3.971143390962211805e-01 -1.857815592441017127e+00 1.121209252823505836e-01 6.011442048335983168e-01 6.466154462894931898e-01 5.004305352231781523e-01 4.945857326753971273e-01 4.454462899198625703e-01 5.345277577674291125e-01 4.698206757287595181e-01 6.186933607957020298e-01 4.766871451045874841e-01 1.057381844219185796e+00 5.513900808634920603e-01 4.565204101237560486e-01 3.483627941965772856e-01 3.997714972286645074e-01 8.025561030134675811e-01 5.604647895406426050e-01 3.169697973673955560e-01 5.805053187499820133e-01 4.965489355645915093e-01 5.757364957279751394e-01 1.302689744493156776e-01 3.954536892849420116e-01 5.848799130407700275e-01 5.012503097427460919e-01 5.187062243333089295e-01 3.724044899639292749e-01 3.897588872607584132e-01 5.595565576382315331e-01 5.372145495892661771e-01 1.900064121204251000e-01 5.331773966987437552e-01 4.005540529237142655e-01 4.744911272237334887e-01 5.453520877600952499e-01 -1.369006383644493230e+00 -2.016025596652973206e+00 4.158334680831703989e-01
4.185082527366703053e-01 5.784650329917228051e-01 4.564716263682445235e-02 1.314987087262011745e-01 3.080819491599217641e-01 4.311555764961930715e-01 3.914284610065677517e-01 3.015652012162062245e-01 3.804037391808401947e-01 3.570280554673299633e-01 6.250511005701825384e-01 4.512226283172709462e-01 3.209956534514170068e-01 3.841038911640699549e-01 8.688619120302067955e+00 4.065702266216145722e-01 3.109632519139708950e-01 4.393187259878448270e-01 4.604002013912263380e-01 1.827474599398775656e-01 -1.753335442277335954e+00 6.058778777050623406e-03 4.703861780457456176e-01 2.501253926256533644e-01 3.639562635900929211e-01 5.688873732048175258e-01 5.544981996088044207e-01 4.439087537750257551e-01 4.388504376156242004e-01 5.752199012236992592e-01 2.591222830047708592e-01 2.329759831570129835e-01 5.342355688720020757e-01 4.939608934751782421e-01 4.496692932790826713e-01 3.015083123509249563e-01 5.562267548209689494e-01 5.153251092688341251e-01 6.125789037907126700e-01 1.207008846143915043e-01 2.259663039508554849e-01 3.442852294526042023e-01 3.415433605487661062e-01 2.747179979036815101e-01 2.851944568886309317e-01 2.955787982858524288e-01 3.057812473073993065e-01 2.726421239944500918e-01 2.658284626430255093e-01 1.120039944538228222e-01 3.670406627200973881e-01 5.017251359435791480e-01 -1.518380079029706842e+00 1.388289533138103160e-01 4.699695405342584342e-01 -8.718360570332581161e-02 -1.027048852046615002e+00 4.644875555033198267e-01 4.060323797617607089e-01 -2.466532934211405070e+00 -1.975239580607459633e+00 3.640271814186211152e-01 2.985264689475782829e-01 -1.957284502699106365e+00 2.345324322562737096e-01 2.971852865543754829e-01 4.242810829355054825e-01 2.072965672672340276e-01 2.638728270988890956e-01 3.799349099214143766e-01 -1.544369570832103467e+00 6.450193770370878932e-01 5.390048573301950974e-01 3.783432566778363038e-01 4.199068698811431188e-01 4.355797967422177508e-01 7.133607421294978934e+00 6.161925340032649023e-01 3.751139125963643406e-01 5.186488874768719892e-01 7.174630756665759668e-01 4.594741110809145157e-01 2.343931453670307363e-01 1.628831784396655435e-01 4.110725735280412740e-01 1.151678044709672166e+00 5.606486618894983565e-01 2.440818901239461547e-01 3.507309962541931281e-01 5.885320325612810599e-01 3.605905178267823086e-01 2.419550229193378754e-01 -1.944065990637359187e-01 -3.266315607645262631e-01 -1.793405654398645854e+00 3.162319414053190725e-01 9.110149824423856568e-01 -2.058634840405523914e+00 3.754305155793565274e-01 3.273007137188405080e-01
