2.413154541591256974e-01 0.000000000000000000e+00 2.993557356943510328e-01 0.000000000000000000e+00 5.222388024430454356e-01 5.000381901088916115e-01 4.980999277755372434e-01 5.272838015497863795e-01 4.244026021007425986e-01 2.487586802557904264e-01 4.002343485766277076e-01 5.844573449648872154e-01 6.168732331421167281e-01 5.742977652489156259e-01 6.192981330413281915e-01 6.381990668269693634e-01 6.763171127455651632e-01 5.093282175195269490e-01 6.050676334032476511e-01 6.579805004076719754e-01 6.562971846994399838e-01 6.344457478073358692e-01 6.675869535665184262e-01 6.197589172133713964e-01 6.441760251155018713e-01 6.474913208456843927e-01 6.662027455436557721e-01 6.650042118945479475e-01 4.507547870496690368e-01 4.829443961808018715e-01 5.010011362531252566e-01 4.455154236126400713e-01 5.353378913880866424e-02 4.428128162057139335e-03 0.000000000000000000e+00 0.000000000000000000e+00 2.074118979961093734e-01 6.593038478096903132e-01 1.317624091500185501e-01 6.895826251820057484e-01 6.461593144122451671e-01 8.878908968813718078e-04 6.761882168778420299e-01 4.841117263916820401e-01 5.479258191532820899e-01 6.513928330030650526e-01 6.557357083620161120e-01 4.807549600860156480e-01 0.000000000000000000e+00 0.000000000000000000e+00 0.000000000000000000e+00 2.326212144979197538e-01 6.514242529170781726e-01 6.374746769983827832e-01 6.389817195669740268e-01 6.434179887648224794e-01 6.538000437380880880e-01 6.238157971345335007e-01 4.496250617752455270e-01 5.163450017812661885e-01 6.440915377089232452e-01 0.000000000000000000e+00 3.195061677140347833e-01 6.530250604259133507e-01 6.601326408171236393e-01 6.438551461511313745e-01 7.894165568484574624e-01 7.491860783644974653e-01 6.771314328004807148e-01 8.185730000481695745e-01 7.821275078987539597e-01 7.536430055373073422e-01 7.958399500569641738e-01 4.161941495648078804e-01 3.002539246536009010e-01 3.664647754622943898e-01 2.860131269531518416e-01 7.602521968200177671e-01 5.638616531794935494e-01 8.415342773675412724e-01 7.170668857138842167e-01 8.014297259405315232e-01 7.282852794219643044e-01 8.831450054600000765e-01 0.000000000000000000e+00 4.554755054296955596e-01 7.815497031020790519e-01 8.701298627320737111e-01 0.000000000000000000e+00 0.000000000000000000e+00 6.613971068054795843e-01 3.831686655755437987e-01 0.000000000000000000e+00 8.524916631285042179e-01 0.000000000000000000e+00 7.543670242645472701e-01 2.793260043876528709e-01 0.000000000000000000e+00 8.629845537039578796e-01 8.106680465635389687e-01
2.665873940131768816e-01 0.000000000000000000e+00 4.911211195516012595e-01 0.000000000000000000e+00 2.249497610730886443e-01 2.925048028094351382e-01 1.796054132574789186e-01 5.331469554253578380e-01 5.146150510038099979e-01 5.045594415151142265e-01 4.885691792913995912e-01 4.981846935081258865e-01 5.222341018259882839e-01 5.354947899449229443e-01 5.930531036062359762e-01 5.403380336195559019e-01 6.705154379930824415e-01 6.313414850429266423e-01 6.519355068722606505e-01 6.462847466673999897e-01 5.189346397532612620e-01 5.177507646073445935e-01 4.692147905853107925e-01 6.537167933359980809e-01 6.544388328560560852e-01 6.491233008676350336e-01 6.298057439701975069e-01 6.809224804570198630e-01 5.939926085154086932e-01 6.430674216927230180e-01 6.187665922125309415e-01 5.848151485132455640e-01 6.681793550161599926e-01 6.126874573532313795e-01 4.922147861451789952e-01 6.575847826717347022e-01 5.913979916003465620e-01 6.379594590575069502e-01 6.068771235693276589e-01 6.112573564638376089e-01 6.415224030863285742e-01 5.828225198326125733e-01 5.683215491630763117e-01 6.444881213480025961e-01 0.000000000000000000e+00 6.293027779450893755e-01 0.000000000000000000e+00 6.604212339643389384e-01 6.367833151896447053e-01 5.636766205018172576e-02 6.395332998684883918e-01 0.000000000000000000e+00 0.000000000000000000e+00 3.451811236305065700e-01 3.535323883346624951e-01 4.612508938367932965e-01 1.736816461619608287e-01 0.000000000000000000e+00 2.710849567834407448e-01 0.000000000000000000e+00 4.450535879867814626e-01 3.948477506803304005e-01 6.695331327286004885e-01 1.922109837991945458e-01 3.829701882053308526e-01 7.060344601681250998e-02 4.498252091015182419e-01 9.375654407599233464e-02 5.733629609568000607e-01 6.431926065469801834e-01 6.219286230865628262e-01 5.780171903455585403e-01 0.000000000000000000e+00 6.590570654141932883e-01 6.271044972682089380e-01 6.528042551246792113e-01 2.462885059922922393e-01 6.755599422980278490e-01 5.985560417746961237e-01 6.052300520926148231e-01 4.704707212426945673e-01 4.576550454885721653e-01 0.000000000000000000e+00 4.760556109585314943e-01 6.433974544903099391e-01 6.402041274027139295e-01 3.870210995798349374e-01 6.212345398679495201e-01 7.288071716157495938e-01 6.298372875846595109e-01 5.754607968691974884e-01 5.294251800201863478e-01 7.251050645819485663e-01 7.999704317452043245e-01 7.725621232889324785e-01 7.365394392737567575e-01 6.834935942867964576e-01 7.603403952400624721e-01 7.564871262577415045e-01 8.090068732356548997e-01
1.467355289703380361e-01 0.000000000000000000e+00 2.849243156021922796e-01 0.000000000000000000e+00 4.393473172054901954e-01 1.526593579160805958e-01 1.516743157791674290e-01 2.920414518530778936e-01 5.294025428380429998e-01 5.257726768663824046e-01 5.546433101789787212e-01 5.009228957192145559e-01 6.493802266999394446e-01 6.340219500695050137e-01 6.026480526233375379e-01 6.585980130484342387e-01 4.078885921765096900e-01 4.401750896842204219e-01 7.572969930964976726e-01 8.094202801357806010e-01 8.426354587633878568e-01 7.685964105985880757e-01 7.776817137663424306e-01 6.436067556497991893e-01 8.036870117315233486e-01 0.000000000000000000e+00 0.000000000000000000e+00 0.000000000000000000e+00 0.000000000000000000e+00 0.000000000000000000e+00 0.000000000000000000e+00 0.000000000000000000e+00 0.000000000000000000e+00 0.000000000000000000e+00 8.697971085246116729e-01 7.635140539562881301e-01 0.000000000000000000e+00 5.152967332524239774e-01 5.603708265123635845e-01 0.000000000000000000e+00 8.827855319555819591e-01 6.582839376087517014e-01 6.100984069583684777e-01 6.613137327029406931e-01 5.985233848561942738e-01 1.006270525569420288e-01 0.000000000000000000e+00 6.433983203934521278e-01 5.527704235328525506e-01 5.866668823826148849e-01 0.000000000000000000e+00 8.473028003997267188e-01 0.000000000000000000e+00 6.484676884886205750e-01 9.027010568228602816e-01 8.431695973016113399e-01 0.000000000000000000e+00 3.085202380744949124e-01 7.802231394883901716e-01 0.000000000000000000e+00 5.187653556889817441e-01 0.000000000000000000e+00 0.000000000000000000e+00 7.887467189178228866e-01 0.000000000000000000e+00 8.078619018809080066e-01 7.816479212584823699e-01 8.343075734440684732e-01 1.363450314414370867e-01 8.079483684946686672e-01 0.000000000000000000e+00 9.043935263643085865e-01 9.004234841582536841e-01 4.754671369981415818e-01 4.379254423959463849e-01 0.000000000000000000e+00 7.853839222152739774e-01 3.358496256443873063e-01 8.606433990086317376e-01 4.797923541180164064e-01 4.925896912805937666e-01 1.428600866825569526e-01 3.399094743763223514e-01 8.776576535480976604e-01 5.812555443965434776e-01 0.000000000000000000e+00 4.075106563800975912e-01 0.000000000000000000e+00 8.788372610285282160e-01 8.521172218697726786e-01 8.114450090828955187e-01 7.403380326576769477e-01 9.387868280669600107e-01 9.129199509040654137e-01 8.848948720097243870e-01 0.000000000000000000e+00 3.945229751518204986e-01 4.687238853539675842e-01 0.000000000000000000e+00 4.974459853525824982e-01
0.000000000000000000e+00 0.000000000000000000e+00 0.000000000000000000e+00 5.853416794738636186e-01 0.000000000000000000e+00 6.184173858453690942e-01 4.557219785740703744e-01 6.176020761868625808e-01 6.233433851202965226e-01 5.932257275826350318e-01 5.734910527716056139e-01 5.909849558015675131e-01 6.259895851225376617e-01 6.187695610233039378e-01 6.152267801676482017e-01 6.080180128092617098e-01 5.759407546108156195e-01 5.280245198376238847e-01 0.000000000000000000e+00 0.000000000000000000e+00 0.000000000000000000e+00 2.033699085164800413e-01 0.000000000000000000e+00 6.813968716784387647e-01 6.556241305571347544e-01 3.257151107318680822e-02 0.000000000000000000e+00 6.319076619974076658e-01 6.980035332388758729e-01 5.737015290853589855e-01 5.928634708181172996e-01 6.849950703351885828e-01 1.452299321507429831e-02 4.429297749801211492e-01 4.402644014083050283e-01 6.900874467138469193e-01 6.725744319645345914e-01 6.310370582382559546e-01 6.640496155306131465e-01 6.495517992225230408e-01 6.632253994397878660e-01 4.533822155087940398e-01 6.717953665375471228e-01 6.482327813362152025e-01 6.146910335235894474e-01 6.311120207102716151e-01 0.000000000000000000e+00 4.090118850275918927e-01 9.080788101370633469e-02 1.846094520530875971e-01 0.000000000000000000e+00 6.170058400233060514e-01 6.501829189126611119e-01 6.706539824958175355e-01 6.487450248949885312e-01 6.828919153034895828e-01 2.288229612902339671e-01 0.000000000000000000e+00 6.770304159214217410e-02 6.647137632405996088e-01 0.000000000000000000e+00 3.095828713179622077e-02 0.000000000000000000e+00 6.188567698397576811e-01 4.171817739485912391e-01 4.281518390055634171e-01 6.464918212188095481e-01 6.215535633255869774e-01 6.215587587444395545e-01 6.486553420695573280e-01 6.657032431311160625e-01 6.131503444329053920e-01 4.299491137523174245e-01 3.714409971194632676e-01 3.051907786429167158e-01 0.000000000000000000e+00 6.607694507279098239e-01 6.212298392508924794e-01 6.418180471591293790e-01 6.236925914874583698e-01 5.160383792936280578e-01 7.501829802819460769e-01 6.653059172893435180e-01 6.528230575929075963e-01 5.797231432359337688e-01 5.471086539880425370e-01 7.479903898257136419e-01 4.767026570814617004e-01 8.851023176624804867e-01 8.781343950780451380e-01 8.930566276262105196e-01 8.792857988561332272e-01 8.656035396074474031e-01 7.766421351940334672e-01 8.274153555343419786e-01 8.217048480126768473e-01 8.718745338629454444e-01 8.502375935491830461e-01 9.177780386325627981e-01 8.363976162281870907e-01
0.000000000000000000e+00 6.852479140526801515e-01 0.000000000000000000e+00 3.766584346519298854e-01 7.167132261305630969e-01 7.851817956818193389e-01 7.036952382923126192e-01 7.356418688167513098e-01 6.356684030439734290e-01 5.797489966297477704e-01 6.505169101246118801e-01 6.827209612831502961e-01 7.004071566608817134e-01 8.931538561790228758e-01 8.249110399469554711e-01 7.936490914070160052e-01 5.697246215043917372e-01 6.446008124569237996e-01 4.764004878099828977e-01 5.342723821091830416e-01 4.854060041882157783e-01 1.453505632822260363e-01 0.000000000000000000e+00 1.023075231548499359e-01 0.000000000000000000e+00 0.000000000000000000e+00 0.000000000000000000e+00 0.000000000000000000e+00 0.000000000000000000e+00 0.000000000000000000e+00 0.000000000000000000e+00 4.163046759158738341e-01 3.420709541696638212e-01 1.484153501408893572e-01 5.059699668084740587e-01 6.232939049407482113e-01 6.151248509977788048e-01 4.247920729640118909e-01 6.450947483492642798e-01 5.146178033387973638e-01 8.877248908789873161e-01 0.000000000000000000e+00 9.011181858791112997e-01 9.136000559719562597e-01 8.796859698082298840e-01 8.905190366180777417e-01 8.501312111631542656e-01 8.829903798989117147e-01 7.876024897657692980e-01 0.000000000000000000e+00 0.000000000000000000e+00 0.000000000000000000e+00 2.080242616056874605e-01 1.955336397060848941e-01 0.000000000000000000e+00 8.345642518754751160e-01 8.675974671427936213e-01 8.929544510554433545e-01 8.635513491606832126e-01 8.698490627131373332e-01 8.008677548013121150e-01 8.190515970848500915e-01 2.383980254601795190e-01 8.590156248019427121e-01 9.202351006484806861e-01 0.000000000000000000e+00 4.876387663652189119e-01 8.823817736904681075e-01 5.538200836917445136e-01 8.429920871574819730e-01 8.211251877092690110e-01 9.022485605808914233e-01 8.980860404763937321e-01 8.941897237378657604e-01 0.000000000000000000e+00 7.989711795192271371e-01 1.819238070702128285e-01 9.198075918971836407e-01 8.295385500387579825e-01 9.234844640394151982e-01 0.000000000000000000e+00 0.000000000000000000e+00 9.097681871672899101e-01 8.788777110753089872e-01 7.576988958548784847e-01 4.358819109806031378e-01 0.000000000000000000e+00 0.000000000000000000e+00 0.000000000000000000e+00 8.495556329745590496e-01 6.259174677608460025e-01 9.294749056768745188e-01 3.916186432378985227e-01 6.623980908377409271e-01 0.000000000000000000e+00 7.162776768500894731e-01 5.341411359329313324e-01 3.062954236513316664e-01 8.299988394090056509e-01 2.411996396138705624e-03
0.000000000000000000e+00 0.000000000000000000e+00 3.275793228840172544e-01 2.601291791283130705e-01 3.972227065233104315e-01 4.570319972527228658e-01 4.696852233923659026e-01 4.773338386218242690e-01 4.815609612857446042e-01 4.943772864672236200e-01 4.768590144488342175e-01 4.909400220944546422e-01 2.447842776089128314e-01 2.773146969392404348e-01 2.375821436870969861e-01 2.899143917096346779e-01 4.310224934722803880e-01 4.965393229125850127e-01 3.862465801443435431e-01 5.425501687467098044e-01 7.436403398407280818e-01 5.674362250505089467e-01 5.594935429289729090e-01 7.981109665977805800e-01 8.914204417889982635e-01 8.350177377210349361e-01 8.920019575991392502e-01 8.335314768278540010e-01 8.618065543293625952e-01 7.784725307359725566e-01 8.844636522449612626e-01 8.083388908117532523e-01 8.687017410498619752e-01 6.769907853901148131e-01 7.007120782673478265e-01 8.782302629259198801e-01 6.347453502945006321e-01 5.028067298550658037e-01 5.775216463473826778e-01 3.248300494827546236e-01 2.887825016773559184e-01 2.996688524555549127e-01 3.560135719381101738e-01 4.736706353791930169e-01 8.238865837545208959e-02 4.847878111949846525e-01 4.575889894488752163e-01 9.088881976365800752e-02 9.667127455889751309e-02 9.247240198498797581e-02 0.000000000000000000e+00 6.401829746259570797e-01 0.000000000000000000e+00 6.404220875936240676e-01 4.720813629372149767e-01 0.000000000000000000e+00 5.521754243737846402e-01 8.918954515126615856e-01 0.000000000000000000e+00 6.420042163346797448e-01 0.000000000000000000e+00 2.364093706564664998e-01 0.000000000000000000e+00 0.000000000000000000e+00 7.905157590371221232e-01 0.000000000000000000e+00 8.833063108453274026e-01 9.051325128458619362e-01 0.000000000000000000e+00 6.461830648984283609e-01 6.903073861119389809e-01 4.188735322124585436e-01 8.839067528241455474e-01 8.955723236548930322e-01 4.679420675919928052e-01 0.000000000000000000e+00 7.647681291069389209e-01 5.206291503521159880e-01 0.000000000000000000e+00 8.793619983326376177e-01 0.000000000000000000e+00 4.300583103235580129e-01 8.272811405473172730e-01 8.971699149520576677e-01 9.209252254527301451e-01 5.607544216043114371e-01 1.724846123807955711e-01 4.171104606398172709e-01 0.000000000000000000e+00 7.822670420050800155e-01 4.687119791857637385e-01 8.583611257269680994e-01 8.582265396385968526e-01 0.000000000000000000e+00 8.811671589830071261e-01 9.141134128347695453e-01 8.883657829045862320e-01 0.000000000000000000e+00 9.226272199287415265e-01 3.879510795544445778e-01
4.523587798450626751e-01 0.000000000000000000e+00 5.951922554685563638e-01 0.000000000000000000e+00 4.535598493533723463e-01 3.441359166877739351e-01 4.000310468889087812e-01 3.974737256591812096e-01 6.634982826299965497e-01 6.069828874531120189e-01 6.395610087690353218e-01 6.390728867977917282e-01 6.254164809429199057e-01 6.314430431114494979e-01 6.333386287899435141e-01 6.244168576155960659e-01 6.459182222373962556e-01 6.408379685027272288e-01 6.395568029537738175e-01 6.153292041393131351e-01 7.126076082325458749e-01 5.961771584424645498e-01 5.417252104531914414e-01 5.526952136599392329e-01 7.179395923806667357e-01 6.647236592765093377e-01 5.941269472028821719e-01 5.812639560270667083e-01 7.912940822614163983e-01 7.339769844754010508e-01 6.701313480993390526e-01 8.614473282258421349e-01 8.327245787998706072e-01 5.728884460349321639e-01 6.758262693644464525e-01 8.810790842634111941e-01 8.724126308155328857e-01 8.731601526280582393e-01 9.000261583164811396e-01 6.785920877007455276e-01 5.634938298947766988e-01 0.000000000000000000e+00 5.639333994398385563e-01 3.561247167914204370e-01 3.407131871177472293e-01 4.338602436195977408e-01 2.841352613639585578e-01 1.374131384297669067e-01 0.000000000000000000e+00 2.630059026483027446e-02 3.712205319944635318e-01 0.000000000000000000e+00 1.436849676632948325e-01 8.602861521122933119e-01 0.000000000000000000e+00 0.000000000000000000e+00 2.091386634870071037e-01 1.072932852091379452e-02 0.000000000000000000e+00 0.000000000000000000e+00 8.932086554778725374e-01 9.008373858601749218e-01 0.000000000000000000e+00 0.000000000000000000e+00 6.086633580510198982e-01 8.390878535902261959e-01 7.048014914065630077e-01 3.181377933486275733e-01 8.172072233921885420e-01 2.571446120107423461e-01 3.739487144691936993e-01 0.000000000000000000e+00 4.157956794938832967e-01 9.037872704643935551e-01 3.431599819964088471e-01 0.000000000000000000e+00 0.000000000000000000e+00 8.791131130295097851e-01 1.523595080280181202e-01 6.439581886250407283e-01 3.638154520237192879e-01 8.535615483107865664e-01 8.809633006432682212e-01 9.181730141658067668e-01 0.000000000000000000e+00 8.737776652688206136e-01 0.000000000000000000e+00 9.142595030648857923e-01 6.796112556989908349e-01 0.000000000000000000e+00 2.139330918720044328e-01 7.964086010204226573e-01 8.524324106134951728e-01 9.214411800249696638e-01 5.585571305310219614e-01 8.647219265083462281e-01 8.452481359439850683e-01 3.967489647292479771e-01 4.352575329649284730e-01 8.844830732154339570e-01
0.000000000000000000e+00 5.129193034004666529e-01 0.000000000000000000e+00 4.164028631471649033e-01 4.907439259578824098e-01 5.800035721535236055e-01 5.421148668671339488e-01 5.473178314470827921e-01 7.050688080765724619e-01 7.369166019423634140e-01 7.300853683539301198e-01 7.049239548509449449e-01 7.305054550782948963e-01 6.835026244195639977e-01 7.568746797640532042e-01 8.029444379369526930e-01 8.993907091106325691e-01 5.478824621459529309e-01 5.935696766807199154e-01 8.175110316946149203e-01 7.535423133719265643e-01 7.695677065231204539e-01 7.880335858300835383e-01 9.997050469328296052e-02 7.044222258303255435e-01 2.032387241904526909e-01 7.735972486450821695e-01 8.308421053689569735e-01 8.510089895483404776e-01 5.492106957157015801e-01 7.839755926048815882e-01 3.247588289493173463e-01 4.905749511447251021e-01 4.637438908331081300e-01 3.043126291563839070e-01 0.000000000000000000e+00 0.000000000000000000e+00 0.000000000000000000e+00 0.000000000000000000e+00 1.636333659248605521e-01 5.494286868317239426e-03 0.000000000000000000e+00 0.000000000000000000e+00 0.000000000000000000e+00 4.946696524781294402e-01 0.000000000000000000e+00 2.175947179339125792e-01 4.124181624379187894e-01 0.000000000000000000e+00 7.360367206495463943e-01 8.669423495655745882e-01 8.795270147314310227e-01 8.901062482201963499e-01 0.000000000000000000e+00 8.021793506606876845e-01 7.990403280701459110e-01 3.818733054000824634e-01 2.838954989689350117e-01 8.691974087484867217e-01 1.574246084577005378e-01 9.058969816198826353e-01 6.121058178426415086e-01 5.855830190496101872e-01 4.553154988990813501e-01 8.645043374187827423e-01 8.885311704047262893e-01 5.067520628964587992e-01 0.000000000000000000e+00 7.652385619139939754e-01 0.000000000000000000e+00 8.543637457217126974e-01 7.423089519095331656e-01 2.972770733515285313e-01 6.558439462547779319e-01 5.444220039390206267e-01 0.000000000000000000e+00 8.454725285582364025e-01 0.000000000000000000e+00 8.585093188647151541e-01 8.954840015343994430e-01 3.876258710743635816e-01 1.877380374182559541e-01 6.954656948298454378e-01 8.800177344121009604e-01 0.000000000000000000e+00 3.896904934162393475e-01 3.943763591947965219e-01 0.000000000000000000e+00 0.000000000000000000e+00 6.354009626735150906e-01 8.434223173186541356e-01 8.736970125761568395e-01 8.723621610323936126e-01 8.039407213521569950e-01 8.461408820834845912e-01 0.000000000000000000e+00 8.298036401006877449e-01 8.311976204590112438e-01 0.000000000000000000e+00 4.508387178042277954e-01
0.000000000000000000e+00 0.000000000000000000e+00 0.000000000000000000e+00 2.400066106347374661e-01 0.000000000000000000e+00 2.192018341656401803e-01 1.194805936081096559e-01 3.087658453157275940e-01 3.305717604426473555e-01 3.216589575508430610e-01 3.325924072749495419e-01 3.429138181031562427e-01 7.088323942334622263e-01 6.056079569639146731e-01 6.324268327813178381e-01 5.761893306628212974e-01 7.329120473110736222e-01 7.952527440261751845e-01 7.065029910807788527e-01 6.612888689127177644e-01 5.716720995211870271e-01 6.016068659451931921e-01 7.916319081872821295e-01 6.722559033086925595e-01 8.306158572479724889e-01 8.397167466722846862e-01 6.455374722557724043e-01 6.901293811660140776e-01 7.900664790068239185e-01 8.674178540910333357e-01 7.565152062596350868e-01 7.339471726672232021e-01 2.896981942501209994e-01 2.645336263856895576e-01 2.217760714317508208e-01 5.849367460544854236e-01 0.000000000000000000e+00 0.000000000000000000e+00 0.000000000000000000e+00 0.000000000000000000e+00 0.000000000000000000e+00 0.000000000000000000e+00 0.000000000000000000e+00 4.022010929383345035e-01 6.955409047027588665e-01 9.200882682156712455e-01 8.999727197225689812e-01 0.000000000000000000e+00 0.000000000000000000e+00 4.550394613474265104e-01 5.946743216891348105e-01 2.923621761918872575e-01 3.378390381133496989e-01 5.844496136868327918e-01 5.573908826990694454e-01 0.000000000000000000e+00 5.071092479425728383e-01 0.000000000000000000e+00 3.411069256465025235e-01 3.633644092620246235e-01 8.311575415135771250e-01 2.552140964179985261e-01 0.000000000000000000e+00 0.000000000000000000e+00 5.557224110447019916e-01 5.576795376965091311e-01 4.845449253636270881e-01 4.512485683164484951e-01 7.393299976998299883e-01 0.000000000000000000e+00 8.985861613911778623e-01 8.332279159263253909e-01 8.023126997445703124e-01 5.581568358784765316e-01 1.711423078849878265e-01 2.081418852700073485e-01 5.714168436449423849e-01 7.734180066946685361e-01 6.097045447291642439e-01 0.000000000000000000e+00 0.000000000000000000e+00 2.098527707157813171e-01 7.959897513005466108e-01 0.000000000000000000e+00 8.309863400923401811e-01 6.398001217367023097e-01 0.000000000000000000e+00 0.000000000000000000e+00 8.682640888617575436e-01 2.176609285991706055e-01 6.520279111075669709e-01 8.845616230004668123e-01 9.054165290764689678e-01 2.177822942020688213e-01 7.381527405279278975e-01 6.047780506524413902e-01 4.605990852465816077e-01 8.881537603352219756e-01 6.041917105247944786e-01 6.620285975969643077e-01
0.000000000000000000e+00 0.000000000000000000e+00 4.502285344150610547e-01 1.480582733326681055e-01 5.706508904655352987e-01 5.382622163870572907e-01 5.004335676685944811e-01 5.369120878378584871e-01 4.643459099926494082e-01 4.943034682243600542e-01 6.402141471390724314e-01 4.589268407285235774e-01 7.496719737276613671e-01 7.006578974707424745e-01 7.153290181077003318e-01 7.929942212306947402e-01 5.252217150671124601e-01 2.500393200778361358e-01 1.017751473480228430e-01 5.684613152077440390e-02 8.929795622465640514e-01 7.139711582804471046e-01 9.071442532458454666e-01 7.188570786099404142e-01 7.689879225192636225e-01 7.161879940246582699e-01 7.263699016716510526e-01 7.933399639852881657e-01 8.872998561366677306e-01 9.055714020384550977e-01 8.324180490875691119e-01 8.496945485786409069e-01 8.404077373796761119e-01 3.438834131465167143e-01 3.465000487414777175e-01 0.000000000000000000e+00 0.000000000000000000e+00 7.290169675770342694e-01 3.527590749785475821e-01 5.469396791748851738e-01 6.282497160238534883e-01 4.646482648148015371e-01 4.928202998424008885e-01 4.319062713292368128e-01 0.000000000000000000e+00 0.000000000000000000e+00 2.992478689029358652e-01 8.641710884095251677e-01 0.000000000000000000e+00 1.493426087056238249e-01 8.922054448375315028e-01 0.000000000000000000e+00 8.988575601760000477e-01 9.047074781035423507e-01 7.147729845900268053e-01 0.000000000000000000e+00 6.475273176763057803e-01 0.000000000000000000e+00 8.330084713300287547e-01 0.000000000000000000e+00 0.000000000000000000e+00 0.000000000000000000e+00 6.211284048828185078e-01 8.311377494417577783e-01 5.318222473184019278e-02 0.000000000000000000e+00 4.789190907992139645e-01 5.564100618399739906e-01 8.881838195442974815e-01 7.030414814200312001e-01 7.369241476697445670e-01 6.189160223547667261e-01 8.523194721036762012e-01 5.866572955978274218e-01 7.898570541468858952e-01 8.900011028386562995e-01 4.131531595799960432e-01 0.000000000000000000e+00 0.000000000000000000e+00 1.367133649905055703e-01 8.277946211105794427e-01 4.514980102715961952e-01 7.239146951624662041e-01 0.000000000000000000e+00 8.873255858300328480e-01 0.000000000000000000e+00 8.368090439211309794e-01 2.228039139239732305e-02 7.769905993585020099e-01 6.862624896717611778e-02 6.992352186082810839e-01 0.000000000000000000e+00 8.843920296850651397e-01 0.000000000000000000e+00 8.942786643606037700e-01 8.365714153588503788e-01 4.552463503481626872e-01 8.587593174718827216e-01 4.580054579351104938e-01 2.443783081982754402e-01
5.239293546275363145e-01 0.000000000000000000e+00 4.214158856878728043e-01 0.000000000000000000e+00 7.982327342271376691e-02 2.236701572423022422e-01 4.146973122832484648e-01 4.050699537485428214e-01 7.281874323669076388e-01 7.220599306320995003e-01 7.312500080800473645e-01 6.851546439142316425e-01 6.716564509334653765e-01 6.230212691514372958e-01 6.736999823488086792e-01 6.451784935531497123e-01 6.829203664067298174e-01 6.611448815902323251e-01 6.214344397933244668e-01 6.671990289588600742e-01 5.829177691782430060e-01 5.625250698294460561e-01 6.054362607408821928e-01 3.056101540897004365e-01 3.689100550104573717e-01 2.577451622274533061e-01 2.399644287816725674e-01 6.378393459216535888e-01 4.143995343777046036e-01 4.511975418812893546e-01 4.069910217195041868e-01 4.437759788257331084e-01 4.892179262955017593e-01 1.933628205288537016e-01 6.173628395187467088e-01 6.074690302171736889e-01 3.731569078959726116e-01 4.494588083719633920e-01 5.463044773699343715e-01 4.550139481298469124e-01 5.188488534919694084e-01 0.000000000000000000e+00 0.000000000000000000e+00 0.000000000000000000e+00 0.000000000000000000e+00 4.375267249241240330e-01 3.979406948536679534e-01 0.000000000000000000e+00 5.709923655546427224e-01 6.363393542786479617e-01 8.211381762564003983e-01 0.000000000000000000e+00 1.138627067975364615e-02 0.000000000000000000e+00 0.000000000000000000e+00 0.000000000000000000e+00 7.568818543900877049e-01 7.236411934700132109e-01 5.431158508993954026e-01 6.803041019131154110e-01 4.610179658915698753e-02 4.624764251088671618e-01 7.667588404306143746e-01 7.586220723048001657e-01 0.000000000000000000e+00 5.847926968817755977e-01 0.000000000000000000e+00 7.976869214590519563e-01 7.728239971391916985e-01 7.616323227280676900e-01 8.845350274039596172e-01 4.170807725320883064e-01 6.646259359219014451e-01 0.000000000000000000e+00 8.552319991723359438e-01 7.438251483113408336e-01 0.000000000000000000e+00 0.000000000000000000e+00 2.933379871828034613e-01 3.016338804735336707e-02 0.000000000000000000e+00 5.860606883329242400e-01 4.580443926513925179e-01 0.000000000000000000e+00 3.315696519636869843e-01 1.974691187793396474e-01 8.655807787248551710e-01 0.000000000000000000e+00 7.841448148189366085e-01 4.255148856118753931e-01 5.745494956623673488e-01 5.140605328166351073e-01 5.157251388319753493e-01 4.064054237945504688e-01 9.063857220933706493e-01 0.000000000000000000e+00 8.754820100533604599e-01 5.357513446758807030e-01 0.000000000000000000e+00 0.000000000000000000e+00
2.006661568804018192e-01 0.000000000000000000e+00 5.325891901014000521e-03 0.000000000000000000e+00 1.322488457026462991e-02 1.833693086654908933e-01 1.677020901640020323e-01 0.000000000000000000e+00 3.100958725419849515e-01 2.328322629262492283e-01 2.639006821139305847e-01 2.420694857077728968e-01 4.152749624543622398e-01 4.973802076388955107e-01 4.540772883309983077e-01 4.043711389877602813e-01 6.920354813826621321e-01 6.463932319610595778e-01 6.203828622774750778e-01 6.152110702106416973e-01 7.984161356051445724e-01 8.402263925216317819e-01 8.325580779956907040e-01 7.225943165712207517e-01 8.087420305746227944e-01 7.915892315324217776e-01 8.182601616129756561e-01 8.046965310947568062e-01 8.284008770104944741e-01 8.037633349084765122e-01 6.206881549852878432e-01 7.466223865616530286e-01 7.699061509512306056e-01 4.977291666051596453e-01 7.152435410975307439e-01 6.149792555694579832e-01 4.386892617426105256e-01 4.514733938822709236e-01 4.322774036009610077e-01 4.758231778151035263e-01 6.290630464751780782e-01 3.190950183471009116e-01 7.731143220926910420e-01 5.676529482369303548e-01 5.067291087319152759e-02 5.762015151570349936e-01 5.570369138646260598e-01 5.272575152044013391e-01 6.615350328059703688e-01 0.000000000000000000e+00 0.000000000000000000e+00 0.000000000000000000e+00 3.000488293093733771e-01 2.341343957012862187e-01 6.706251602912307597e-01 0.000000000000000000e+00 8.419036469078690077e-01 8.490394310014218737e-01 8.950546372763693581e-01 8.533905942904472797e-01 7.609909359006733487e-01 6.816895469404667951e-01 1.736345317534972177e-01 0.000000000000000000e+00 0.000000000000000000e+00 6.150531047374337978e-01 0.000000000000000000e+00 0.000000000000000000e+00 0.000000000000000000e+00 0.000000000000000000e+00 7.642109822852254375e-01 3.020561474183097728e-01 4.568432303677462114e-01 5.944895750687465563e-01 0.000000000000000000e+00 1.433241179913830043e-01 7.389759670151621052e-01 0.000000000000000000e+00 0.000000000000000000e+00 7.892582202739030217e-01 3.881830488211892582e-01 0.000000000000000000e+00 0.000000000000000000e+00 4.785611017001822898e-01 0.000000000000000000e+00 8.372438509989112987e-01 8.856103554059923111e-01 8.077603438123852619e-01 8.715072672302485168e-01 8.737671507306665752e-01 0.000000000000000000e+00 8.851917530870140327e-01 7.758192798081458008e-01 6.574222402819186462e-01 4.986286544191226300e-01 6.673303988355606675e-01 7.177712360697537930e-01 3.648202398447834005e-01 9.151190974840879289e-01 4.433841885790474890e-01
0.000000000000000000e+00 4.801313861232586189e-01 0.000000000000000000e+00 3.991069117605082761e-01 4.502204320356600342e-01 7.069230932676996704e-02 4.567314670121915832e-01 2.504322390911176699e-01 4.962165884414814765e-01 5.854164563952058975e-01 5.141922737946823529e-01 5.245421048010170395e-01 5.617693219370708535e-01 5.318960964863777008e-01 5.098345234567545070e-01 5.477635241643638020e-01 6.748406241878450729e-01 5.863915870336532388e-01 6.744502255712092609e-01 6.141545446768373884e-01 6.552856861290246027e-01 8.047812659022332005e-01 7.438406108674496808e-01 3.942791615670964145e-01 8.877011403928042332e-01 9.159989787769049485e-01 7.931269518123329476e-01 8.558305856444210491e-01 8.925375805427492315e-01 7.260198294013470166e-01 6.802776300170571000e-01 7.248820326726347352e-01 5.941972090578406807e-01 6.074597526835083805e-01 5.915469269407868103e-01 0.000000000000000000e+00 0.000000000000000000e+00 6.298852833588213240e-01 5.931340655500219050e-01 4.745099738498926301e-01 3.176729579868838305e-01 3.408015092382408739e-01 2.847596393796332226e-01 0.000000000000000000e+00 0.000000000000000000e+00 8.541134997136473617e-01 0.000000000000000000e+00 0.000000000000000000e+00 0.000000000000000000e+00 0.000000000000000000e+00 2.419755352168556362e-01 0.000000000000000000e+00 5.396638661732107156e-01 6.951063450258762044e-01 0.000000000000000000e+00 0.000000000000000000e+00 5.540745973652959622e-01 0.000000000000000000e+00 0.000000000000000000e+00 0.000000000000000000e+00 7.747852677560359558e-01 0.000000000000000000e+00 0.000000000000000000e+00 0.000000000000000000e+00 8.949251229064018043e-01 5.570403156269699840e-01 4.885686535644918616e-01 8.789967109071225027e-01 8.628723573968321015e-01 0.000000000000000000e+00 0.000000000000000000e+00 8.183446490195542822e-01 1.946019897754155126e-01 9.001557963868975776e-01 7.037766331876695869e-01 8.285764079474419175e-01 7.933760845163584374e-01 8.352698392358333113e-01 8.940235940350323984e-01 5.531185784461990496e-01 0.000000000000000000e+00 9.004429051287263785e-01 8.850587751044780571e-01 8.745465872590005851e-01 9.049923602372914599e-01 8.429119292666137353e-01 6.493526414998412877e-01 3.145547789219766965e-01 4.954531092710517393e-01 0.000000000000000000e+00 7.634376070788860824e-01 6.161070325618118737e-01 1.074709809039406522e-01 0.000000000000000000e+00 0.000000000000000000e+00 3.116584875372312990e-01 2.515753549391314681e-01 5.311908802273661578e-01 2.985219946689628423e-01 7.977863766199440043e-01
2.104099484626069660e-01 0.000000000000000000e+00 0.000000000000000000e+00 0.000000000000000000e+00 0.000000000000000000e+00 1.380697713374845759e-01 0.000000000000000000e+00 9.613581397212670257e-03 6.499842559917747842e-01 6.034587853652357836e-01 7.785487302124768361e-01 7.112974967785566927e-01 1.045005079062631403e-01 5.236120011259586260e-01 2.190913232771303509e-01 3.890108522250317336e-01 5.509306886070236553e-01 5.428414833038002207e-01 6.547007067063153052e-01 5.889813796312094452e-01 5.361011695452869708e-01 6.771366282193332919e-01 5.219713620725869863e-01 8.541598873819739035e-01 6.915772949200451603e-01 1.269592753459319601e-01 2.449910738343123451e-01 0.000000000000000000e+00 1.263052246850844551e-01 8.799557604872167982e-01 0.000000000000000000e+00 4.452340050914593284e-01 0.000000000000000000e+00 0.000000000000000000e+00 0.000000000000000000e+00 6.925354785969972671e-01 1.624617061982698840e-01 0.000000000000000000e+00 0.000000000000000000e+00 0.000000000000000000e+00 0.000000000000000000e+00 7.825484605262608140e-01 6.047215195473074623e-01 6.128788219476342114e-01 6.362663710138142248e-01 6.080548755430251751e-01 5.895564630180091248e-01 6.149159209396362069e-01 3.045805952537499750e-01 5.965259937082797448e-01 6.248901355329752327e-01 5.638186672735110427e-01 5.088500843595296086e-01 5.287109336284071537e-01 9.012606887962103519e-01 8.414440997403145328e-01 6.861807391376137932e-01 8.916400100857436728e-01 8.471752652369409775e-01 7.745052099397927714e-01 2.508949406201184118e-01 4.473436234716117732e-01 0.000000000000000000e+00 0.000000000000000000e+00 5.398492931460678879e-01 4.791663370713942216e-01 2.079685500160273204e-01 3.365867566192075611e-01 8.529352529381544201e-01 6.474821670124679407e-02 9.137489913123966190e-01 8.661072478352487281e-01 8.961675702148587108e-01 8.318301008540869290e-01 8.999122302030713172e-01 8.321772043136179686e-01 0.000000000000000000e+00 8.672564250052571255e-01 0.000000000000000000e+00 8.932023467549801143e-01 8.363235196593136189e-01 5.920673347291857125e-01 0.000000000000000000e+00 8.513619069289685148e-01 8.071834049188524318e-01 4.514340880646422471e-01 9.031875706882686039e-01 8.669516270992398965e-01 8.977179079405546158e-01 0.000000000000000000e+00 4.226483441850834022e-01 5.898480249759971983e-01 8.958881309008598359e-01 4.159187614405095990e-01 9.039091154065311828e-01 8.858246045834362592e-01 0.000000000000000000e+00 6.070490671932577964e-01 8.716988792255491170e-01 5.449484730494141838e-01
0.000000000000000000e+00 0.000000000000000000e+00 4.076086271356031410e-01 0.000000000000000000e+00 0.000000000000000000e+00 1.977456820579022168e-01 0.000000000000000000e+00 3.980445027241046041e-02 2.808702189411297345e-01 4.546504234357282570e-01 3.769114639200948358e-01 4.285142813207544754e-01 4.421931078819841265e-01 4.595262312535263738e-01 4.937305805205278175e-01 5.002969095977045644e-01 5.333704202862427080e-01 4.930240344816908538e-01 6.461750243692517826e-01 6.107285370449155870e-01 6.308140263289422345e-01 6.447701583714277040e-01 6.565549764348864725e-01 6.469688101496547938e-01 3.726018639818899358e-01 3.532907395077936608e-01 3.795994437489420559e-01 4.890788251407466869e-01 6.376921423874974959e-01 4.931146141353763834e-01 4.918373760756746260e-01 4.978455378024347344e-01 3.829745486461535453e-01 5.943321662475585798e-01 6.860851186906368193e-01 7.251061778859884122e-01 6.250529253236890570e-01 4.108127780124753992e-01 6.280600832357347008e-01 7.351090909834653297e-01 7.281410446985810969e-01 7.217609466471791579e-01 6.297796431754857371e-01 6.603995863857865523e-01 8.300938413537383154e-01 8.074468868749470341e-01 7.310518399609565732e-01 8.574514326259732311e-01 6.267002442012995500e-01 0.000000000000000000e+00 0.000000000000000000e+00 5.465092016128152430e-01 5.439331397650838396e-01 5.957225592928647728e-01 6.144214902455001903e-01 7.143504238566845688e-01 0.000000000000000000e+00 0.000000000000000000e+00 0.000000000000000000e+00 0.000000000000000000e+00 1.508318693346898942e-01 2.419525423959218158e-01 0.000000000000000000e+00 0.000000000000000000e+00 0.000000000000000000e+00 6.621077658842414726e-01 8.489925485312999065e-01 8.612433461856544570e-01 0.000000000000000000e+00 8.490671399019689147e-01 7.847133420819462080e-01 6.023639745425060990e-03 8.753115508348167095e-01 0.000000000000000000e+00 0.000000000000000000e+00 0.000000000000000000e+00 8.583805466974407938e-01 8.725390526742786701e-01 0.000000000000000000e+00 1.486015347789958196e-01 6.077885484766066826e-01 5.414116298153043294e-01 5.113916647071383714e-01 3.270933038204044130e-01 7.318281839780688136e-01 4.230227235935904440e-01 0.000000000000000000e+00 8.585326827869955990e-02 3.841120670488558653e-01 3.829834550784722014e-01 8.717894279541225089e-01 8.095724316878915028e-01 3.504438046021476350e-01 7.131219546989501223e-01 0.000000000000000000e+00 5.681896844845801819e-01 0.000000000000000000e+00 9.351064923121601424e-01 4.773214995020493845e-01 0.000000000000000000e+00
0.000000000000000000e+00 6.012918009019195820e-01 0.000000000000000000e+00 2.223332337160203662e-02 6.587004370200991721e-01 6.204333320606142399e-01 5.630026772625357223e-01 6.186766619862020811e-01 6.733330868174582928e-01 5.980129968041539845e-01 6.790494082602203108e-01 6.688910036985129537e-01 5.767668880585983260e-01 6.316559315839559430e-01 5.638305425166025842e-01 6.426926093326449374e-01 7.511109810493737937e-01 7.212713402705490662e-01 7.166480359940081701e-01 7.213747538458049613e-01 5.605083195612833302e-01 6.133245146649152213e-01 6.667798081376373753e-01 8.976827770130754169e-01 8.777630463305354791e-01 8.637351680277050026e-01 8.603604960820645520e-01 7.087597820699751416e-01 7.341223325028241042e-01 7.678600218264609589e-01 8.501698057032018863e-01 6.287643098911553929e-01 6.248018134124815326e-01 3.997197547093257475e-01 3.043549347098976621e-01 2.683817927244946389e-01 2.893755525543540985e-01 3.332893665289990981e-01 4.698720419952728267e-01 4.947301419976272152e-01 0.000000000000000000e+00 0.000000000000000000e+00 0.000000000000000000e+00 0.000000000000000000e+00 0.000000000000000000e+00 0.000000000000000000e+00 5.316460514915417879e-02 0.000000000000000000e+00 0.000000000000000000e+00 4.235611993788024332e-02 0.000000000000000000e+00 0.000000000000000000e+00 0.000000000000000000e+00 3.323031337752655467e-01 2.516120166596654828e-01 8.237061975749552234e-01 2.001603766700819353e-01 4.151176154833987608e-01 0.000000000000000000e+00 8.388753362190664031e-01 4.965939985109858457e-01 4.910837001658179268e-01 4.829622708956636812e-01 3.271689775700010322e-02 5.436214146339297670e-01 5.068580123309165408e-01 4.249370189649760987e-01 4.939280682871498573e-01 2.698306342318922413e-01 2.790119289479702780e-01 4.525806984503366048e-01 8.601528030284106840e-01 8.507566406326443342e-01 0.000000000000000000e+00 0.000000000000000000e+00 0.000000000000000000e+00 0.000000000000000000e+00 5.623619707876101881e-01 7.464837183584690505e-01 5.584429550167143708e-01 6.107673789858609759e-01 8.796218929757148031e-01 3.992505279816471186e-01 8.661356989384889626e-01 7.967375205139697325e-01 7.744575852669776106e-01 8.605581693993598069e-01 8.861576061917960656e-01 8.188646857066065321e-01 2.323200812177002583e-01 7.734058840506792265e-01 8.428591091749459974e-01 8.860617383439213235e-01 7.541452293597221690e-01 0.000000000000000000e+00 6.965658866221010603e-01 8.417714111280263367e-01 8.365730234646857610e-01 0.000000000000000000e+00 8.776592616539329317e-01
3.506678879652768699e-01 0.000000000000000000e+00 0.000000000000000000e+00 0.000000000000000000e+00 2.384757866548508631e-01 1.080287616904545556e-01 2.298063489336434895e-01 9.031276223582346274e-02 2.421165846536804112e-01 4.050119073129102576e-01 2.488736134353473906e-01 3.353755436740905038e-01 4.347663803326874965e-01 4.198406532468416108e-01 3.468879733491361250e-01 4.892738388983913222e-01 5.706200890537664883e-01 6.191373224577964018e-01 6.067939968676865359e-01 6.062670329554975535e-01 5.942956746151417669e-01 6.379483260171086023e-01 6.340320935063123997e-01 6.457835124485761247e-01 6.848998209895581502e-01 6.430807813412010576e-01 6.424413737209886399e-01 6.527327562652319726e-01 4.993242838933468208e-01 4.769727570115708248e-01 5.755429339672476496e-01 6.436008180282533075e-01 6.495788896208256613e-01 5.737941807215630741e-01 5.349606514066994611e-01 6.353386176472842761e-01 4.969689036464006171e-01 5.049338518487334060e-01 5.328153145219356457e-01 5.114984491196260530e-01 5.232002023316681960e-01 4.157784542063780453e-01 5.188547292632907926e-01 1.473474596283450844e-01 5.305827688207179760e-01 6.512247240930497671e-01 6.777206180384517387e-01 6.328578051451831943e-01 6.444682055757343653e-01 6.528095742439806726e-01 6.609374359374762253e-01 6.484016324489235705e-01 5.651412724728360759e-01 0.000000000000000000e+00 0.000000000000000000e+00 5.011618849864326597e-01 0.000000000000000000e+00 6.434762516762405626e-01 6.632059784693151716e-01 0.000000000000000000e+00 0.000000000000000000e+00 6.313795847811788375e-01 6.773321986289978502e-01 6.665439113816410410e-01 6.583177078312933972e-01 6.012040972836703023e-01 6.316926706172705241e-01 6.742906519921660902e-01 6.367278973885506232e-01 6.543516240396023420e-01 5.423186015064239696e-01 6.366782935085535389e-01 6.348482690679609908e-01 4.190745763669855850e-01 5.653659743382096758e-01 6.182543486537576127e-01 4.675532461560800712e-01 6.526262501787543080e-01 8.437616276499063650e-01 9.004093823070824509e-01 5.712431063645034834e-01 6.617156354613215052e-01 7.813357013255328720e-01 2.581473896995123418e-01 0.000000000000000000e+00 0.000000000000000000e+00 0.000000000000000000e+00 0.000000000000000000e+00 1.950495534619856725e-02 1.151293993939720220e-02 0.000000000000000000e+00 0.000000000000000000e+00 8.382695751209467971e-01 7.627377099391758897e-01 0.000000000000000000e+00 7.698845033726782194e-01 0.000000000000000000e+00 0.000000000000000000e+00 7.133318743606835710e-01 8.207841455717325152e-01
3.910689184431173082e-01 0.000000000000000000e+00 2.819139414784759268e-01 0.000000000000000000e+00 1.031876673111207787e-01 3.791120949055038492e-01 4.178478699406474872e-01 2.301533750803940181e-01 4.489265562655851416e-01 5.119832930289746065e-01 4.699141310730010623e-01 4.315480966795318118e-01 5.855537638934522615e-01 6.150012742493570217e-01 6.466116869537651413e-01 6.553610197023869155e-01 6.219121709268630172e-01 6.428111143626630275e-01 6.147616664798944974e-01 6.182847789641797709e-01 6.553496392610907995e-01 6.567590821755230346e-01 6.527827312465757092e-01 6.768998655601948800e-01 6.469704182554900651e-01 5.807827612809598472e-01 5.451725564125433632e-01 6.288460758878589019e-01 5.258734927322119557e-01 6.275597149200529135e-01 7.000640116157144099e-01 6.934158546916098231e-01 6.766680509190112769e-01 5.143210459619567132e-01 7.785954889821500302e-01 8.214793420943856672e-01 7.288432921468198655e-01 6.326143626618058180e-01 7.959568469811469926e-01 8.117222217888147018e-01 7.517443273475915566e-01 7.117337882617235101e-01 8.310272849409163776e-01 1.685968464357957275e-01 0.000000000000000000e+00 1.153409039677066733e-01 0.000000000000000000e+00 0.000000000000000000e+00 0.000000000000000000e+00 0.000000000000000000e+00 0.000000000000000000e+00 6.378859809908777878e-01 6.317493254228532251e-01 2.491898845579974542e-01 2.624009997220471679e-01 0.000000000000000000e+00 0.000000000000000000e+00 8.072143300310701264e-01 5.971363317230076184e-01 6.392393876019716314e-01 5.920163701442510140e-01 5.385305845108822043e-01 5.016689331263535223e-01 8.896731729487001861e-01 0.000000000000000000e+00 7.924889048970580330e-01 0.000000000000000000e+00 0.000000000000000000e+00 0.000000000000000000e+00 6.855284666707188723e-01 8.761057077165663731e-01 4.378411405400410294e-01 0.000000000000000000e+00 9.040273730356515047e-01 8.850554351923585195e-01 5.502704374611765425e-01 0.000000000000000000e+00 8.205139837913990597e-01 0.000000000000000000e+00 8.155315771117865875e-01 0.000000000000000000e+00 2.715622549654081452e-01 0.000000000000000000e+00 9.005207127110660403e-01 9.015993806252181608e-01 9.200975457493365539e-01 5.344916411548062962e-01 8.500105723003931191e-02 8.558453059978365918e-01 8.959442909046471115e-01 8.631217375017553595e-01 3.493203262003921061e-01 3.489829950763218003e-01 1.217684643350847168e-01 0.000000000000000000e+00 8.575424761563420484e-01 2.881384862154230397e-01 5.667206179537922356e-02 9.239102409844279773e-01 8.877044803049236599e-01
5.156906573318525977e-01 0.000000000000000000e+00 2.475376795126564833e-01 0.000000000000000000e+00 4.807300653706804150e-01 5.421666973552108360e-01 5.403507129155651345e-01 4.498178179996982218e-01 5.978734626978278177e-01 5.614186311645225080e-01 5.785706261538058337e-01 5.444695667616114010e-01 6.317988056024015364e-01 6.255112354867548019e-01 5.439557150970026900e-01 6.286883578155487706e-01 6.042927737915217978e-01 6.478959450139403220e-01 6.044825302800893585e-01 6.589101092809349636e-01 6.671890092225015723e-01 6.076670746358155961e-01 6.543904659805477309e-01 5.524167639495313198e-01 6.592330911529362680e-01 6.377729187806100430e-01 6.908863042126536236e-01 6.257210314480394775e-01 6.854572152121692907e-01 6.521315720837206342e-01 6.255296668536365345e-01 6.277280712309658561e-01 4.858770554975151978e-01 5.438622594078809103e-01 4.917766082301668895e-01 6.233936075025380275e-01 4.247911452106453711e-01 6.596460032512665439e-01 3.256836135050744097e-01 7.356714332240313903e-01 7.048682896489530947e-01 7.161017748117953774e-01 7.344493964896381399e-01 7.161518734935879982e-01 7.203787178314984274e-01 7.189590077798098111e-01 7.354569366456896740e-01 7.606119177253336527e-01 7.467022970516234981e-01 8.272591218674183455e-01 8.388783050298392885e-01 8.130640005577147722e-01 8.320549882701337996e-01 8.260490840765655207e-01 8.123782052691758127e-01 7.309961747589648340e-01 3.681149703753411884e-01 8.846804991318315547e-01 8.135763678169369850e-01 4.712378805014781902e-01 0.000000000000000000e+00 7.812310507457882469e-01 0.000000000000000000e+00 0.000000000000000000e+00 0.000000000000000000e+00 6.344944703216348625e-02 0.000000000000000000e+00 0.000000000000000000e+00 0.000000000000000000e+00 0.000000000000000000e+00 5.005948730539218072e-01 0.000000000000000000e+00 0.000000000000000000e+00 8.086874786766707901e-01 0.000000000000000000e+00 0.000000000000000000e+00 0.000000000000000000e+00 7.484749244839400406e-01 9.221444170767992832e-01 3.169723186444804441e-01 7.154065782891423364e-01 0.000000000000000000e+00 5.970742340976744611e-01 3.300173659559212935e-01 4.311790363903261758e-01 6.916288780072242792e-01 7.916205277459860135e-01 0.000000000000000000e+00 4.473291814442060810e-01 0.000000000000000000e+00 1.386867582513391928e-01 0.000000000000000000e+00 2.615532186957120753e-01 0.000000000000000000e+00 7.202754743443597063e-02 0.000000000000000000e+00 6.983981376707733002e-01 8.797429957151592372e-01 3.379986735426172562e-01 6.848774312083125704e-01
0.000000000000000000e+00 0.000000000000000000e+00 3.259157992476046095e-01 0.000000000000000000e+00 3.955442460576966690e-01 1.533306338644333244e-01 1.835362114961296420e-01 3.494482324645243887e-01 5.709644092531979132e-01 4.820441661641456377e-01 5.735603868731975474e-01 5.866809223835617315e-01 6.156071590479255118e-01 6.087467321535587894e-01 5.999198392234951216e-01 6.197889764224470133e-01 6.289068128082543341e-01 6.206318712810516836e-01 6.311663252073258512e-01 6.371815069345593274e-01 3.918832075729206110e-01 4.862116033614859445e-01 4.854049218092881257e-01 6.284826439690769373e-01 6.564865700866610032e-01 6.361155801666409371e-01 6.585246586822539605e-01 5.735725095171868571e-01 6.381103736051291220e-01 6.229764895889461362e-01 6.176357227089553925e-01 6.215569032377064040e-01 6.368190646193683246e-01 6.541357667563230116e-01 6.561226433660835022e-01 6.468082469670206613e-01 6.556055754898041377e-01 6.439407468617499575e-01 6.187824258699864410e-01 5.865138649273619054e-01 5.991406500960588799e-01 6.703874080285012749e-01 6.458113450495720498e-01 6.428466163914889897e-01 6.902300733313948555e-01 5.461676646734834328e-01 6.268359435937106428e-01 8.110755158421188993e-01 7.953619715225279663e-01 7.625891457000821827e-01 7.857197689339578961e-01 8.063909798433870346e-01 7.916589985855847500e-01 7.845670044509321928e-01 7.497828093298495311e-01 7.447141834373742775e-01 7.569383854952216328e-01 5.559241664768099778e-01 5.319205273250297017e-01 6.935388129377871858e-01 8.313756254049361472e-01 8.990719330538928800e-01 8.243960749783069142e-01 9.288439096871853318e-01 7.213955355212152698e-01 5.012375896611415138e-01 0.000000000000000000e+00 0.000000000000000000e+00 3.289326367197744835e-03 0.000000000000000000e+00 7.965429397078961360e-01 2.064341387231234670e-01 1.821788928583402134e-01 0.000000000000000000e+00 0.000000000000000000e+00 1.291580508246079062e-01 1.581431998277463002e-01 0.000000000000000000e+00 0.000000000000000000e+00 2.532163805564057180e-01 3.221637172324597898e-01 0.000000000000000000e+00 7.420484387642115598e-01 3.347139936735302190e-01 4.123299021676495868e-01 4.701867668623119778e-01 3.647415199716333434e-02 0.000000000000000000e+00 0.000000000000000000e+00 0.000000000000000000e+00 3.790457605397969387e-01 0.000000000000000000e+00 0.000000000000000000e+00 8.386651691564351863e-01 8.472686590758383707e-01 8.785709339621097236e-01 7.328017683609053257e-02 9.412540335196852848e-01 0.000000000000000000e+00 4.684093151124894550e-01
0.000000000000000000e+00 2.768944865144267742e-01 2.710567530810982159e-02 0.000000000000000000e+00 2.087918383534859978e-01 1.549820503194127286e-01 9.539368086040522776e-02 0.000000000000000000e+00 2.939065762960374473e-01 3.234751584662742818e-01 4.252773498249314832e-01 3.876450137188263145e-01 4.193640044922307131e-01 4.638428511922046971e-01 4.326321146380975868e-01 5.032563500615984120e-01 4.780550740889646377e-01 6.245133439657152286e-01 5.438074601090312488e-01 5.098727778205678351e-01 5.989203395966202770e-01 6.384079968851119613e-01 6.427025053685546663e-01 6.331254929165393008e-01 6.427744990297973304e-01 6.012353934972346492e-01 6.334427845678926028e-01 4.946026377599537782e-01 6.030421622534394288e-01 5.104772091388620758e-01 5.175745533179283431e-01 5.843953091897785557e-01 5.393638307344750249e-01 6.005844817352772314e-01 6.384329843757837741e-01 6.773935540516377030e-01 5.774122951505810120e-01 6.450369802396417329e-01 6.278835626951962956e-01 6.614493083949030128e-01 6.813934080658704540e-01 6.794693712841362032e-01 5.598747877123921857e-01 4.478227153100878266e-01 5.088184170446187204e-01 4.789468615499854476e-01 6.930792657702327109e-01 5.807959353787646162e-01 5.821286221646726489e-01 4.665522621238187284e-01 5.875520209445089792e-01 4.451761442065000907e-01 1.790876186410624571e-01 6.244868720696569175e-01 6.254850109915942591e-01 5.945085630876482119e-01 6.669615240970283576e-01 6.327856877834916460e-01 6.298871388655543635e-01 1.055509411929605595e-01 7.682948289042413892e-01 6.017775725646347107e-01 6.635412066857546698e-01 6.936490300377309293e-01 7.941922600780070285e-01 7.596322101702779328e-01 5.748275742714286096e-01 6.473307576630503712e-01 8.797974239126623575e-01 8.745333513109714296e-01 8.163253628921897098e-01 7.757699233290463736e-01 7.919850729688078239e-01 8.315979151115566737e-01 8.505469683718085427e-01 8.411306428028763049e-01 4.075288403460815556e-01 8.273193639860183524e-01 0.000000000000000000e+00 0.000000000000000000e+00 6.659458197113514721e-01 8.679579302508027006e-01 7.838304919783563030e-01 8.270842094327152116e-01 7.810583649191648048e-01 7.786767601770580027e-01 2.094093200691360956e-01 7.529440980011881113e-01 8.674545931243479169e-01 0.000000000000000000e+00 1.209527371875632612e-01 0.000000000000000000e+00 0.000000000000000000e+00 0.000000000000000000e+00 0.000000000000000000e+00 8.954920420635760214e-01 0.000000000000000000e+00 6.594375061446949848e-02 0.000000000000000000e+00 0.000000000000000000e+00
0.000000000000000000e+00 3.597013915700666975e-01 0.000000000000000000e+00 5.496463068463995905e-01 5.874719249038651281e-01 6.486951736140936786e-01 5.297738297353282722e-01 3.361440945629239341e-01 7.177291779171377506e-01 6.824122049627692199e-01 6.977120949813365725e-01 7.215582016114800989e-01 8.352786219677031943e-01 7.869852245259046919e-01 6.107110952816248162e-01 7.887354621769756546e-01 5.673833431086168222e-01 7.659081524437308941e-01 8.717855932402074348e-01 7.490574298976719891e-01 8.814863061410933565e-01 8.957280625200212398e-01 8.100815827354431731e-01 0.000000000000000000e+00 2.809233482839196827e-01 6.502623346008360450e-01 6.355579385431320283e-01 6.471460728928863926e-01 5.899544073620259788e-01 5.439509526297211517e-01 0.000000000000000000e+00 0.000000000000000000e+00 1.669847821861133175e-01 0.000000000000000000e+00 2.508569181946467830e-01 4.980711210335064809e-02 7.577702710138768394e-01 5.242446052214830843e-01 0.000000000000000000e+00 0.000000000000000000e+00 7.659784142986894029e-01 0.000000000000000000e+00 7.779167446191966873e-01 2.259986326416190683e-01 0.000000000000000000e+00 6.336878351571053614e-01 4.557798394590296120e-01 9.618892785236053677e-03 3.129351148259668092e-02 8.804268117965161622e-01 1.276169983638552885e-01 0.000000000000000000e+00 0.000000000000000000e+00 0.000000000000000000e+00 8.619541289648652294e-01 0.000000000000000000e+00 5.344490882003948284e-01 8.229766123275160661e-01 1.789280759871315352e-01 0.000000000000000000e+00 6.018417730975985647e-01 0.000000000000000000e+00 8.789975768102645803e-01 8.444289915715634809e-01 0.000000000000000000e+00 8.257134847587794813e-01 5.133836130353026661e-01 8.438518052771329936e-01 8.575531143949449708e-01 0.000000000000000000e+00 0.000000000000000000e+00 2.984507741355255095e-01 0.000000000000000000e+00 8.703459674162506987e-01 7.968477376139134760e-01 0.000000000000000000e+00 8.693927317572534008e-01 0.000000000000000000e+00 7.449913961432934606e-01 3.854186839651644325e-01 7.616318588513844301e-02 3.487883833451360660e-01 0.000000000000000000e+00 8.544535522475928957e-01 8.985732965444952480e-01 0.000000000000000000e+00 8.997740568016827645e-01 7.266241060940802354e-01 7.379670661541730681e-01 8.474769706317365481e-01 3.130051833989739296e-01 8.358163478189438722e-01 7.239045517256588180e-01 4.995080099850319755e-01 1.278689065967023308e-01 5.508974131862774959e-01 8.753266422895789045e-01 8.283667356866062370e-01 9.047803376679272036e-01 8.341914187225789590e-01
0.000000000000000000e+00 0.000000000000000000e+00 2.383216713581141066e-01 0.000000000000000000e+00 1.348613527951262880e-01 3.197692476436704290e-01 3.578752946187258033e-01 1.805279093549318759e-01 5.056737660836533310e-01 5.076160486815959327e-01 4.973515091347575634e-01 4.496685424830235700e-01 5.413330800302714740e-01 5.161089503997087213e-01 5.192485914924949153e-01 4.988362856225520559e-01 5.575739593633979307e-01 5.880457094359516912e-01 6.630222833027422658e-01 6.459628780994385311e-01 6.299627198398143335e-01 6.714271103012592334e-01 6.424146544240325607e-01 7.182179183906257647e-01 7.128975620846986772e-01 8.441584586898833731e-01 8.591020914157033728e-01 8.509509740378201625e-01 8.437336713484615558e-01 8.333560695913553307e-01 8.495378201099217375e-01 7.764737788831204135e-01 7.949196187173664940e-01 9.075181997027814695e-01 8.899508804564149056e-01 7.543273164204598036e-01 6.307545264130354212e-01 7.889646791087330246e-01 6.088277559475689937e-01 8.186531579390377011e-01 6.001918565105617276e-01 5.766347141289800415e-01 4.931353958107866364e-01 4.960352435834370910e-01 2.789214420696213836e-01 2.169890805362418296e-01 4.872342040471874247e-01 5.609871021486372289e-01 6.325930861845999731e-01 6.447146168698847379e-01 5.453213062023103408e-01 6.279666893968374186e-01 8.402025183349997040e-01 8.550532520237178469e-01 6.900953635425747246e-01 0.000000000000000000e+00 2.624199877409488235e-01 1.591102744744610220e-01 2.975765830633565756e-02 1.760168323106288957e-01 0.000000000000000000e+00 0.000000000000000000e+00 2.300837471902359432e-01 4.607261874577961991e-01 0.000000000000000000e+00 0.000000000000000000e+00 0.000000000000000000e+00 0.000000000000000000e+00 3.282840134161211787e-01 4.214384300946794615e-01 0.000000000000000000e+00 0.000000000000000000e+00 2.502625066127110443e-01 7.155390614698827756e-01 1.332766263446442945e-01 0.000000000000000000e+00 8.593241337214261311e-01 0.000000000000000000e+00 3.533881536112792876e-01 5.628600506449878971e-01 4.888347641551248901e-01 5.011441648971319829e-01 5.986326123525470555e-01 0.000000000000000000e+00 6.248952072513789258e-01 6.595173547844410677e-01 0.000000000000000000e+00 5.943056247699977923e-02 3.882537436277188614e-01 0.000000000000000000e+00 8.544711177113324396e-01 8.976052168316335234e-01 8.609639068716555821e-01 8.965869147365301828e-01 9.181200703736901447e-01 2.436117519791800579e-01 7.931372189495892178e-01 8.471819450611800528e-01 8.732823686715424083e-01 0.000000000000000000e+00
0.000000000000000000e+00 0.000000000000000000e+00 2.268094890839662536e-01 1.216000770990595253e-01 3.804726761426322490e-01 3.592906133044794226e-01 2.836733329627633138e-01 3.521361813682593600e-01 2.349905883581444588e-01 5.592966736645952341e-01 5.721733337400108921e-01 4.682319286688089721e-01 5.987543335942357992e-01 6.069713833113670187e-01 6.217754819308608516e-01 5.995513355863094640e-01 6.140125365615338726e-01 6.305092284229248945e-01 6.319173106324196265e-01 6.260224894419372799e-01 5.552950259938538302e-01 5.297194633880496495e-01 6.496500173789263588e-01 6.437294664950787837e-01 6.347598232470185176e-01 6.686134198912472293e-01 6.068046351062894583e-01 6.040583614409119617e-01 5.335607334268301916e-01 5.553487738388881434e-01 6.208760559671223644e-01 6.531968803493947151e-01 6.617982673611670918e-01 6.618919086009621422e-01 6.574839668059051512e-01 5.626315759159237206e-01 5.637800108832389245e-01 5.468123914129973118e-01 6.527534142401933970e-01 6.627277525339811959e-01 6.449820572403430763e-01 6.587898724446327181e-01 6.584247087195664871e-01 6.733851647064328372e-01 6.690845949009954774e-01 6.437290953937322424e-01 6.359363382162273037e-01 6.545250520689189777e-01 6.620623678195060036e-01 6.718029122649282758e-01 6.659548498441190123e-01 6.499888329083830518e-01 6.685396944237202987e-01 6.412249035067946190e-01 6.493505385922104800e-01 6.206220989455908388e-01 6.808075627400189678e-01 3.936248171176828792e-01 3.308101312076210943e-01 3.501551496047079493e-01 3.590742612194046668e-01 5.552743680188924058e-01 6.230260934689432206e-01 5.801410652024433512e-01 6.412538494118302790e-01 6.326316807246477047e-01 3.679694058721326710e-01 6.422933042836904693e-01 6.138968766418397838e-01 5.659406247734383166e-01 6.640760874266714575e-01 6.882084368955015963e-01 6.273271580761761168e-01 6.278478132654726762e-01 5.204498465514779681e-01 6.024652233599067097e-01 5.509151642006904215e-01 5.894278145511836486e-01 5.870319224072322317e-01 5.129190250744566359e-01 7.967493957570612739e-01 8.275882887618631889e-01 4.777524100156903542e-01 3.894750381594188626e-01 7.596684544017970886e-01 5.643818135669946834e-01 8.449660989205599604e-01 8.993253952736288692e-01 8.924627417711824551e-01 9.086362043596745153e-01 9.056937417823881509e-01 9.172232421193778906e-01 8.864491681497842501e-01 6.585900962197065445e-01 6.811640674336641998e-01 0.000000000000000000e+00 0.000000000000000000e+00 2.519769639089461388e-02 8.694256360766530189e-01 0.000000000000000000e+00
0.000000000000000000e+00 0.000000000000000000e+00 0.000000000000000000e+00 2.661085805007107896e-01 1.463905129558816520e-01 2.387479740300346154e-01 5.474004633469283648e-02 1.635983586978301541e-01 3.026962972412154396e-01 3.531089307730659876e-01 3.679215956486441286e-01 2.404535248939510539e-01 4.033027382108643755e-01 3.593715752482652959e-01 3.938761145795636187e-01 4.438711972462512922e-01 4.399352654389724337e-01 3.720533761915974513e-01 3.468133510533549235e-01 4.265740707053303771e-01 3.906415024671569536e-01 4.202890364488855446e-01 5.240630748127654837e-01 4.477326304581977778e-01 6.260349831872731308e-01 6.068704437450885836e-01 6.122070048098177120e-01 6.154757891712248075e-01 6.928411424061566848e-01 6.757023215146780171e-01 6.668329993306517656e-01 6.554734634104103508e-01 5.116452506273232448e-01 5.444080257882982776e-01 7.573828412080139127e-01 8.818104013171345068e-01 8.528142738991588701e-01 7.815686292707563210e-01 8.195269779098600660e-01 8.915532960710853549e-01 8.634089699440330445e-01 8.866914973291218915e-01 8.698671229786724135e-01 9.044757871628076318e-01 9.378938345265627197e-01 7.671423118221134541e-01 6.576932679653942904e-01 6.728988982419222831e-01 8.645660639427692473e-01 8.392490352751046379e-01 6.582392817467094259e-01 6.580331967988908293e-01 6.698055211170137468e-01 6.489481410320341315e-01 5.181740056931555261e-01 4.708808500809252284e-01 4.101434658087484975e-01 3.489725114632800107e-01 0.000000000000000000e+00 0.000000000000000000e+00 0.000000000000000000e+00 0.000000000000000000e+00 0.000000000000000000e+00 0.000000000000000000e+00 5.453533446185678812e-01 4.827888737914592387e-01 5.856224176425754990e-01 5.082204799998901734e-01 1.931032351368986155e-01 0.000000000000000000e+00 0.000000000000000000e+00 2.380077505439925911e-01 0.000000000000000000e+00 1.497153645457394433e-01 0.000000000000000000e+00 0.000000000000000000e+00 8.389944597513289137e-01 7.771575949644774495e-01 7.407405539183020693e-01 7.483611200709789912e-01 3.436332908389002072e-01 5.806414953683495250e-01 0.000000000000000000e+00 0.000000000000000000e+00 6.116219016866595304e-01 5.896737310435384849e-01 7.430697096700876747e-01 2.725586698123393797e-02 9.180345933635205569e-01 8.736565625293761794e-01 8.641817266481280901e-01 9.182740774325340860e-01 5.580231775434717489e-01 8.778137635145724094e-01 9.033264862923503502e-01 2.039255090825826122e-01 0.000000000000000000e+00 3.644009571733363151e-01 8.729095355186462513e-01 8.859793538449735051e-01
4.381768944833882573e-01 0.000000000000000000e+00 0.000000000000000000e+00 0.000000000000000000e+00 7.832434096480160590e-02 1.193315191046643992e-01 3.683554440479457348e-01 3.701682432010330315e-01 5.860316187274396960e-01 6.026971617015391969e-01 5.227885890880510367e-01 5.065048475493908464e-01 7.303739615011454189e-01 8.009334397396624672e-01 7.324602932717979575e-01 7.416052200559080099e-01 7.051889212124258233e-01 8.190447935601622431e-01 9.160306460918158367e-01 9.103088818293035844e-01 8.581839866841852738e-01 8.860322976370901271e-01 7.227627965825825784e-01 6.301167268986582748e-01 7.312686868478268654e-01 7.045398649572015559e-01 8.577338407507449913e-01 8.453572397398889660e-01 7.364441899281263249e-01 5.285177135272711713e-01 5.043572222063228416e-01 0.000000000000000000e+00 6.226342645658673736e-02 0.000000000000000000e+00 0.000000000000000000e+00 0.000000000000000000e+00 8.602290025049150746e-01 4.152303993676565996e-01 0.000000000000000000e+00 4.969818303433075624e-01 4.700822709081284856e-01 6.181727063575029879e-01 5.394859849277348074e-01 7.211585254611790896e-01 0.000000000000000000e+00 0.000000000000000000e+00 0.000000000000000000e+00 7.340895518838733702e-01 5.587556079012349075e-01 4.330859406598918104e-01 3.494835489426769692e-01 0.000000000000000000e+00 8.755801045093148938e-01 8.944376194374025202e-01 0.000000000000000000e+00 0.000000000000000000e+00 3.802536026476823205e-01 0.000000000000000000e+00 4.831985000966163707e-02 7.777572947406024007e-01 8.947744557596772896e-01 3.580860183333769431e-01 5.053757098520994528e-01 0.000000000000000000e+00 0.000000000000000000e+00 9.003007733129739787e-01 3.012443013723716256e-01 1.815551488074660380e-01 0.000000000000000000e+00 0.000000000000000000e+00 9.062693199709832559e-01 8.875139816136629056e-01 9.082388785179019708e-01 8.965630405498982158e-01 6.887786959647953511e-01 8.689391222112446966e-01 6.356676608412802354e-01 8.986288380460382141e-01 0.000000000000000000e+00 3.687632225776478756e-01 6.485723390683650891e-01 8.751956435142249635e-01 8.614854279640943302e-01 2.994884044257648537e-01 9.937927839790564044e-02 0.000000000000000000e+00 0.000000000000000000e+00 4.352156912880979500e-01 5.693003289647653453e-01 6.038381746419221319e-01 0.000000000000000000e+00 9.002505509307324738e-01 9.271675212040901837e-01 1.485972052632853480e-01 6.590797025963366362e-01 7.916322792886287818e-01 3.985472909298174438e-01 0.000000000000000000e+00 4.924722686295032736e-01 6.403890595737755653e-01
0.000000000000000000e+00 2.417538640124794191e-01 1.842258260360274680e-01 0.000000000000000000e+00 0.000000000000000000e+00 1.559019023197710518e-01 3.706414901932999356e-02 0.000000000000000000e+00 6.074402080125868020e-01 0.000000000000000000e+00 5.581578254820674934e-01 5.856636098920494637e-01 5.108186223777451129e-01 6.151486014839619987e-01 5.000228512532316483e-01 5.983651719820887172e-01 6.267829998015940207e-01 6.231580818478882344e-01 6.263939618898958228e-01 6.418826187934398853e-01 5.452102231992245196e-01 5.873281231320530704e-01 6.236293805580854777e-01 6.676856665247172806e-01 6.603416945757151213e-01 6.703750379836141970e-01 6.096706508061736640e-01 6.719624858439714465e-01 6.524324115753740161e-01 6.543134006009012626e-01 6.562929788841784795e-01 4.745283433665499206e-01 5.823112040272057088e-01 5.884142130731374598e-01 4.813374036495231545e-01 6.618855998780698302e-01 6.532471027316362200e-01 6.345343173287272265e-01 6.292260836667895596e-01 5.879946830007926062e-01 5.887332983809993037e-01 6.146685200418949835e-01 6.025077763143181775e-01 6.621360932870328231e-01 4.631628079745382376e-01 5.057925185145690783e-01 4.453541800775371873e-01 5.355913999954908800e-01 5.755351408389687284e-01 6.018068895710170230e-01 3.650232632064923655e-01 6.622186014864296366e-01 6.403571448579669090e-01 4.895899553954802808e-01 6.516657161932737363e-01 4.556910225367404865e-01 4.376987303982787236e-01 5.836759910795956685e-01 5.911471270900369168e-01 6.269686741753488501e-01 0.000000000000000000e+00 6.457466497148126594e-01 0.000000000000000000e+00 1.591924579601794454e-01 0.000000000000000000e+00 0.000000000000000000e+00 5.999976468058347834e-01 0.000000000000000000e+00 6.379931055795997619e-01 0.000000000000000000e+00 6.757472247776180607e-01 6.316883411015600247e-01 0.000000000000000000e+00 3.098546875917993493e-01 3.865806950567431954e-01 6.742816218593985500e-01 7.074312392491043378e-01 0.000000000000000000e+00 1.130345090985132445e-01 2.316426589032942462e-02 5.629452802542597167e-01 6.459056047916114096e-01 5.297035060301452658e-01 8.740169019369363745e-01 7.707349439586639317e-01 5.294674855737000474e-01 7.318988169343739747e-01 5.828232001850813804e-01 9.018730060181200381e-01 8.325370489193827384e-01 3.936865127165570799e-01 0.000000000000000000e+00 0.000000000000000000e+00 0.000000000000000000e+00 2.130543548083394800e-01 0.000000000000000000e+00 0.000000000000000000e+00 0.000000000000000000e+00 2.556000727435872033e-01 0.000000000000000000e+00
6.312728312938035158e-01 0.000000000000000000e+00 3.520687568923468180e-02 0.000000000000000000e+00 4.870438599814876923e-01 0.000000000000000000e+00 0.000000000000000000e+00 4.488605930012248835e-01 6.344067821659415962e-01 6.134158055961818068e-01 5.903723911787599476e-01 6.087447529463768658e-01 1.851347923968851561e-01 1.724737422038510604e-01 4.871610661567926659e-01 4.477447531021870597e-02 5.759885648343041620e-01 5.666833841186821319e-01 4.036728808789976086e-01 6.328240349226414985e-01 6.567762765379160372e-01 6.433890428597868194e-01 6.469662124402284498e-01 6.596383338234365068e-01 6.268700849175989909e-01 6.560022828293323727e-01 6.733673518417955250e-01 6.486508888533979444e-01 6.406045457557082434e-01 6.471517631135345061e-01 6.278210939685165970e-01 6.547440018634200776e-01 6.072198975131481991e-01 6.329389526396423937e-01 5.950864915847718928e-01 0.000000000000000000e+00 0.000000000000000000e+00 7.471687714443147055e-01 6.912908046804606688e-01 7.000941945252389109e-01 6.100145380540341611e-01 7.367839950611740907e-01 8.674771066060423808e-01 8.116079225740582270e-01 6.510942201194912515e-01 6.843044507291436984e-01 7.916927688081264458e-01 6.826959737924784832e-01 5.209106307235211730e-01 2.798556897097170260e-01 3.755502951058343197e-01 8.064841262813866596e-01 7.486144585902660964e-01 0.000000000000000000e+00 2.131250496148690693e-02 0.000000000000000000e+00 9.311743024434596672e-01 0.000000000000000000e+00 0.000000000000000000e+00 0.000000000000000000e+00 8.498004361628741510e-01 0.000000000000000000e+00 0.000000000000000000e+00 0.000000000000000000e+00 0.000000000000000000e+00 8.835264976443172324e-01 7.745456599865735425e-01 7.603110782336801599e-01 8.879218219935894885e-01 0.000000000000000000e+00 5.567694116439432239e-01 8.057192864060193083e-01 8.107509258642823236e-01 8.151055527658760402e-01 0.000000000000000000e+00 0.000000000000000000e+00 3.495416263034217264e-01 8.870214064262599285e-01 8.116524547356516184e-01 4.573776781570919048e-01 2.083999553314637432e-01 3.581682482067637396e-01 4.646203703635812254e-01 4.922014574218132044e-01 9.202853230307221910e-01 9.044736842551768241e-01 0.000000000000000000e+00 8.322472187676788202e-01 2.377023032106187206e-01 8.183846042645395169e-01 9.271325139770597579e-01 0.000000000000000000e+00 4.388021074770927510e-01 2.124399192162428063e-01 3.103568495639897895e-01 9.172416734862596233e-01 0.000000000000000000e+00 8.943444729994028952e-01 4.503700477285690895e-01 1.488891383226201015e-01
1.837134123891368542e-01 0.000000000000000000e+00 6.211431252362340505e-01 0.000000000000000000e+00 6.467926607104629300e-01 4.041145533316902738e-01 6.672339124854416159e-01 5.994724146999299563e-01 5.253466525204718574e-01 5.892553761254578637e-01 5.449107444125086408e-01 5.846315770471215423e-01 6.625706529639154851e-01 6.563966398603320318e-01 6.536451707761019581e-01 6.210113842581868049e-01 6.532064052839577917e-01 6.384495602359324673e-01 6.344262031364142906e-01 6.678489511172265303e-01 6.295206144355506295e-01 6.314137261050671857e-01 6.234836614293158830e-01 6.472116341307878606e-01 6.333443190105915166e-01 6.454490264348298201e-01 6.551775719367116668e-01 6.378348927054942052e-01 4.928074349957183298e-01 5.153699948432676203e-01 5.875335895776272466e-01 6.487445300931931058e-01 0.000000000000000000e+00 6.723909841988593428e-01 6.747662802180737218e-01 6.548090682995260092e-01 6.137548685265362680e-01 1.001785379231711903e-01 0.000000000000000000e+00 2.965610023781284910e-01 0.000000000000000000e+00 6.658817428788363912e-01 6.655409481421977747e-01 6.423388260488749335e-01 5.544632641756475078e-01 0.000000000000000000e+00 5.751802442511588787e-01 6.226154079786926365e-01 4.663005007852547013e-01 3.486866397259399397e-01 0.000000000000000000e+00 0.000000000000000000e+00 2.538478868104465658e-01 2.123713118547879142e-01 6.738370424461573860e-01 6.463265574191182639e-01 0.000000000000000000e+00 6.941480376484752135e-01 5.771808516107440612e-01 6.470782850469053438e-01 5.649369811815262432e-01 5.574069637574226022e-01 0.000000000000000000e+00 1.806772467218309697e-01 1.855791244092285797e-01 1.059576141499009028e-01 0.000000000000000000e+00 5.469464208493486357e-01 6.304533158200353871e-01 0.000000000000000000e+00 7.340244854477674386e-01 7.545145989000499043e-01 6.331381103623241469e-01 6.135344343266487810e-01 5.635374961532280125e-01 5.977406084157407262e-01 8.075420125201284716e-01 6.295406539082676334e-01 9.178376622489184955e-01 8.542957104748338804e-01 8.637133967487037323e-01 8.690406802797675523e-01 7.958994499728709870e-01 8.240906585700452647e-01 8.185527131745546914e-01 8.308549702156394767e-01 3.270829129826993142e-01 9.712085610903986588e-02 0.000000000000000000e+00 0.000000000000000000e+00 7.958898013378590264e-01 1.416473429443851073e-01 1.749482769081719402e-01 8.388963652953744798e-01 4.933177611975342325e-01 6.736315914631392510e-02 0.000000000000000000e+00 2.760628174715571426e-01 8.825740041880131281e-01 0.000000000000000000e+00
1.324360199443437146e-03 0.000000000000000000e+00 4.470686682988844751e-01 2.863504890023343408e-01 3.705951334500857119e-01 6.195613675965250255e-01 5.533512589905247303e-01 3.810220607611790600e-01 5.943201673040181543e-01 4.868323631390311101e-01 5.975116388848811244e-01 4.695740166888311973e-01 6.285108476714194037e-01 6.105496661958486060e-01 5.840568647616685150e-01 5.529024119117975644e-01 7.363735569718212748e-01 8.434570771447867932e-01 7.105987129428863458e-01 8.215404501161277517e-01 8.184356925499230995e-01 8.192035012360632251e-01 8.488708272896111628e-01 8.386905277484536514e-01 8.961835275727629835e-01 7.924725764378071080e-01 5.816305423072949399e-01 7.491946136954695801e-01 5.328664028073192283e-01 5.544742735155969715e-01 4.656083967738233742e-01 6.192630021138489926e-01 6.323412320706993384e-02 1.826979863294698470e-01 6.038791194904983284e-01 6.744430509451747602e-01 5.744517723077595672e-01 2.924369531132295918e-01 6.495133283829241932e-01 5.967429642955989211e-01 2.927014865231394869e-01 1.521362441803626731e-02 4.611030718003928941e-01 0.000000000000000000e+00 0.000000000000000000e+00 3.994931045618824728e-01 7.643407440560907595e-01 7.330315419446826741e-01 0.000000000000000000e+00 2.544548694504987774e-01 0.000000000000000000e+00 0.000000000000000000e+00 4.599357415895126699e-01 0.000000000000000000e+00 0.000000000000000000e+00 0.000000000000000000e+00 1.737281884558483924e-01 4.131260382565811184e-01 0.000000000000000000e+00 4.139123710849397231e-01 7.572113923858792006e-01 0.000000000000000000e+00 0.000000000000000000e+00 0.000000000000000000e+00 8.152709402660162086e-01 3.222143725662723335e-01 6.458033045203954714e-01 0.000000000000000000e+00 8.107298967879742468e-01 2.845072054198784922e-02 5.960256253925979575e-01 6.335557230777114635e-01 4.374656787526063906e-01 3.997801205283746384e-01 8.364661462768614442e-01 4.679458095305711329e-01 0.000000000000000000e+00 5.423362906706125086e-01 6.489548208562732068e-01 8.692277153584599958e-01 7.242923526328682859e-01 5.860248770529762341e-01 6.636107263380199850e-01 4.140528638697445474e-01 8.080899591209572685e-02 0.000000000000000000e+00 0.000000000000000000e+00 5.009226792434290365e-01 9.127429355617314721e-01 5.374632583816359166e-02 0.000000000000000000e+00 0.000000000000000000e+00 0.000000000000000000e+00 2.471806800172157703e-01 0.000000000000000000e+00 4.897941229863412849e-01 1.327888445496350489e-01 2.736937373998984957e-01 8.831164306563109578e-01 5.567537016869366084e-01
