9.194653780274333887e-02 1.610101478955713525e-02 2.976227176403802173e-04 4.936330661697070910e-01 4.114939051480087304e-03 1.241545627549542341e-02 3.423750009456954513e-01 8.574080395097543050e-01 1.297934540091138400e+00 3.404714005307862279e-01 1.635849107692964655e+00 8.270168670870800542e-02 6.440385072901478984e-03 4.692799558997723386e-02 7.427664973612402299e-02 2.178755603051274470e-01 5.839855622499104913e-03 1.682143226994304852e-01 4.808654864547551866e-01 8.277337263804374068e-01 5.431262576672188369e-02 1.095933767313466388e-02 4.554208720374910979e-02 4.994474767281459338e-01 3.493854298305151818e-01 9.179249677242797001e-03 2.035270610258870516e-01 3.060696689492423128e-01 2.933333774566744198e-02 3.741713396350727656e-03 4.884380818757536602e-01 1.568276470786096610e-01 2.779983034493895833e-01 5.688766025519200742e-01 3.132717083855580120e-01 8.848951149860219412e-02 1.023977284312724279e-02 3.879606826291450566e-02 6.916258021550406032e-02 2.669266713045555933e-02 3.764314364750728087e-02 1.471085650008081280e-01 3.497669350604735716e-01 3.493613565881298864e-03 3.173660435613998021e-03 8.194752654333465475e-03 1.337995259056757646e+00 2.424831090948738055e-01 1.716149343115580539e-02 2.962446591838277174e-02 8.662549475109036778e-02 1.235745492501259202e+00 3.034295610394254026e-03 5.639056148339457834e-03 1.031878753874859167e-01 4.034884925841324410e-01 4.696746001428234729e-01 6.442882028944932893e-01 1.751833728406140258e-03 6.462277503177162874e-01 3.478533920109462274e-01 1.221702852436250958e-02 6.117656627962363425e-01 1.051959610471980833e-01 5.518974767607136289e-02 2.916305017159745994e-01 1.188953117010529137e-01 3.214061999458635022e-01 2.566333249744020550e-01 6.126217475423667569e-02 7.745731761643581681e-01 4.186939301923035123e-02 1.886192954157917337e-02 4.991547699963740925e-01 1.313521780777762542e-03 1.741161917737445164e-02 2.500264419658904114e-02 5.144467193168028238e-03 8.775572978370190999e-03 1.344786456199224822e-02 1.299910711048933402e-02 1.184792499456389925e-02 3.793752278681688378e-02 2.622892242326531689e-02 5.989670337810052824e-04 5.005516188086115564e-02 1.568250221809894263e-02 8.721977798452645869e-02 2.926465386433176330e-01 9.299442057469393605e-03 1.211163866291717307e-03 3.273421238180135862e-01 1.001448132822251091e+00 2.448783040747989082e-01 1.062966459431357313e-01 6.684391292100699822e-01 1.062815295204940641e-02 2.711555582796622982e-02 4.086591221180690958e-01 1.236272237044591771e+00
8.669523602099878795e-03 2.353255941339256127e-02 3.639529260169575009e-01 7.111154989789336689e-02 6.848059047435745006e-02 6.255518372079027500e-02 5.202946275214197502e-01 6.566026505451115769e-01 5.368287482988698400e-01 1.401900566786417612e-01 2.059301676792370597e-02 1.220958144775219578e+00 3.424057612773545589e-01 2.688461734361297095e-03 1.828002899038704832e-01 1.047969752647794290e-03 1.886765817744745777e-01 1.794384806413069564e-02 5.872485144041387356e-02 2.646093989514489500e-02 2.650014830427033785e-01 2.369914395787298955e-01 1.688382088297183878e-02 6.340551910768710275e-02 3.992465312764935659e-01 4.310962778018459507e-01 1.350482094726550286e-01 7.233855746168457723e-02 9.510802870965014144e-03 1.039229854301013251e-01 3.139421480069194692e-02 6.581336017389652782e-04 4.909684938238709773e-01 1.012955951140904060e-01 2.184914218101092695e-02 1.963659719062799347e+00 1.973756915055944194e-01 1.904706434679445670e-01 1.447205054080789033e-01 4.136386576597355508e-02 1.827057229755243983e-01 1.416469811915600611e-02 2.262121519331619646e-02 1.414405091755554511e-01 4.315574709787288188e-01 2.747529034391087421e-01 4.586250197269418072e-01 4.051077275082371615e-02 1.415116407749299754e-01 3.415997139918033332e-01 5.914741841230685554e-02 4.877715697599720179e-02 1.091306593066164801e-02 6.390480600332206773e-01 2.308985583731130387e+00 1.391161570704839423e-02 4.189185066973134114e-02 4.755287424093158910e-02 4.840558121021948379e-01 2.096377049604219306e-02 1.124598078194914419e-01 1.434946876529519799e-01 5.728052974612186932e-02 2.713666908260337629e-01 9.756062140691756229e-03 3.172256939169903339e-02 1.287224540996877997e-01 7.262581472261979421e-02 8.146373967664118088e-02 1.574070817411312162e-01 1.397906513914239646e-01 2.889699698275618664e-03 3.675281889101809224e-02 3.370676078642346751e-01 6.434581941051577270e-02 8.719415554789772607e-03 1.412419720764603870e-01 6.326734288563741482e-02 1.884449899397948602e-01 9.409733685410005821e-02 8.620131305564712187e-01 3.151470457407995474e-01 7.488548855911240087e-01 5.413383822568251097e-02 1.176621839078691445e-01 1.715873531043908273e-01 8.087012932372324159e-02 1.699282946794270222e-01 9.753513296450908587e-01 2.071159486972260488e-01 1.050412842860592583e-01 5.203342556346770564e-01 3.697106555058607968e-01 5.270274602201672348e-03 6.959655769868902664e-02 1.113415411109477671e-01 1.684225381582210926e-02 2.905462282333894433e-02 9.792684702015158615e-02 1.975692064216418298e-01
5.271156222422890281e-01 8.281775687945286402e-02 3.742358663940164032e-01 4.098742819590041331e-02 1.377584363121685251e-01 3.407325266282009713e-01 1.086895265604866448e-02 8.417611648025177251e-01 1.227432149762426594e-02 4.553223092544566031e-01 3.798668453132991903e-03 6.071312235499068399e-02 5.642265290806119937e-01 1.419964997472581043e-02 3.394976070618881958e-01 4.886864033693990583e-01 2.049581320735280043e-01 2.888555949734424033e-02 6.689450023993114003e-02 1.456521431114882192e-02 1.436199678864232693e-02 8.886630851867889647e-02 1.114840901967093000e-03 5.151063005097209109e-03 5.192742311599169991e-01 5.079210965220111451e-02 1.267035000270147149e+00 6.860415041918349610e-01 5.802917177754330497e-02 1.008221210923910593e+00 3.653796276048423275e-01 3.110292254101009179e-01 3.207863694765581419e-01 2.682033045335435392e-02 6.192812784771717372e-01 1.486008798564450450e-01 1.889410201400217315e-01 1.737570730403659343e-03 1.256925127617339495e-02 1.949907894863558200e+00 1.029870841003312359e-01 1.008596003981139244e-01 1.274883087676093874e-01 2.147679510653814072e-01 9.010487097726921357e-01 2.598915657343136010e-01 2.679195087100086359e-03 2.072100445235561805e-01 1.223401947685165067e-02 1.896492280848636192e-01 9.488388495453500826e-02 1.560793082612056855e-02 2.242585613257603028e-01 7.934806698911351514e-03 2.777057656071486025e-01 1.227432148567765946e+00 2.932873251007631077e-01 2.455086009232859134e-01 3.601306336344260450e-01 9.544491126826235017e-02 3.951348863727873438e-03 4.434208661416366715e-02 2.128932887394613047e-02 4.694965724949834995e-01 3.682050875258915945e-01 2.274170019480848889e-02 4.102400186612916062e-03 4.333242856363673373e-02 1.260884329519147140e-01 2.319334880846174174e-01 5.988661088144468791e-02 3.769538851637682653e-01 7.118988397549635971e-02 2.647376489448427073e+00 1.339611674600728053e-01 9.766751205784887646e-02 4.319874007531834988e-03 2.886976717415753457e-01 3.082631366915125071e-01 1.139495269506347164e+00 1.181690370144743013e-01 2.176206879862620583e-02 8.945666987165562523e-02 1.133932497354931179e+00 7.208023600353631426e-03 3.303478458009438852e-03 4.075740402270440210e-01 1.226168653316587337e-02 3.636371169741780401e-02 1.092974044758483199e-01 5.404495588451547761e-01 8.599157664385860544e-02 1.686500582773101456e-02 1.404608440163153782e+00 2.564030792034138195e-01 1.383446571056200138e-03 1.392859351716967675e-01 8.289784057133818551e-02 2.024319997650762815e-02 1.165710495326121102e-02
3.933733508478202967e-02 6.130995910183500985e-01 1.517931120437713721e+00 6.379796426389437725e-02 6.486050285891650224e-01 3.881213505126630738e-03 2.856379003344119288e-03 6.906672306171924604e-03 6.991665985673595901e-03 2.690277812776759730e-02 1.138936133624015024e-01 3.158198589290459601e-01 6.979034815578218087e-02 1.913218596261030691e-02 1.636908743458279636e-01 8.416132196559988898e-01 1.249939489427216166e-01 6.689947870098862381e-01 1.171987685354986819e-01 1.510353784950952305e-04 5.702451354426364416e-01 9.299194583504395428e-01 2.579401552716440449e-01 7.183958530249130725e-02 8.803584138721215480e-02 5.190776221768627491e-02 2.022978072296439667e-01 1.180488120024518646e-02 7.575471944153793213e-01 5.373100308673380704e-02 6.800259494986875611e-03 7.611778537221313146e-01 4.491247706180597626e-02 4.572978348479173581e-03 1.061702016846180596e+00 1.558989249061579541e+00 4.046842830018390624e-01 1.023205916350567596e-01 3.733599246153172790e-02 6.260513146545267915e-01 2.373571074291194460e-01 6.414081742995843272e-02 4.417300456928382468e-01 1.504282935680099909e-01 7.269868645422300490e-02 7.053138164630018414e-02 3.488168686005454957e-03 7.161637228531711474e-02 3.523562624520452241e-02 1.230954639312670934e-02 2.544282029203580042e-01 2.575162406260099179e-01 9.339638687632516312e-02 6.881716286651787771e-03 1.023156202789034103e-01 1.403231559746255519e-01 5.078281753463097931e-02 1.271607467936867672e-02 3.377791591023148743e-01 4.160921813726620178e-01 7.305836083832064135e-03 1.867043511071661555e-01 1.675996497915678562e-01 8.803660861502373702e-01 1.456951269056440124e-01 1.164749468564199725e-01 1.578564187496167559e-02 2.070105045882239203e+00 1.179270962703016790e-01 2.315094754839430377e-02 2.654444958581527250e-03 2.395179864262008892e-02 4.447681104467223617e-02 9.960103410395609869e-02 1.554161014765692850e-01 3.183161214530469407e-02 5.482419553665855011e-02 2.103110683699424902e-02 2.447871900745826265e-02 2.055306249920351575e-02 2.539300288528377816e-02 8.911668037098141593e-02 7.140138565193206339e-03 1.624098825845589691e-02 1.075309996598750928e+00 2.165695998821859716e-02 9.763048033571808393e-02 9.604266191556827259e-01 1.394190559883117485e-02 1.896316298108340764e-02 1.020685017553604745e-03 8.022713010701083558e-01 2.050112104085338172e-01 4.460919290299257267e-01 5.135408208332142843e-01 2.293768643750207781e-01 2.617163872512153766e-01 9.771140541242038235e-01 1.722313034462471387e-02 3.710149087456190986e-01
5.682967723818304479e-02 3.399568417026506140e-01 1.263875102796450656e-01 1.740381179795535927e-03 7.542138939003624198e-01 1.591440327988512954e-02 2.188495607194362435e-03 1.354679793973927737e-01 3.079227046749819646e-02 8.448368132133923236e-01 6.734244018518882324e-01 8.363280682272961064e-03 2.972754548499823013e-03 6.575229754970181029e-01 8.514855593774934839e-01 9.258196883592918758e-02 6.588032545620019498e-01 1.653912655463385395e-01 2.688522067146638328e+00 2.130754757209907535e-01 2.251699910093699075e-01 1.787653868356963577e-02 1.508858412619226985e-01 3.789267898031905592e-03 3.888017316015963121e-01 2.765468937793494862e-03 7.533069642035877811e-02 9.476097616443203142e-01 2.173951206092838428e-01 9.312394239782857408e-01 3.703227604751677116e-01 5.146504750508415493e-02 3.444508009966381484e-02 3.647161870993530924e-02 5.744230621384474045e-01 1.280695442318404154e-01 3.191682294925455299e-01 4.157374570668042058e-01 1.719752548378833124e-01 3.036378494144816864e-01 1.248364015539766142e-01 1.022582619186522823e+00 5.139628154500545942e-02 1.822715525950523727e-03 1.647425449741836412e-01 5.708638801278356212e-01 7.846709297756690460e-02 8.863521599861735878e-03 3.190054070420513255e-01 7.901631560539167098e-02 3.963147059445175369e-02 1.732802447951614366e-01 3.001393545785449590e-01 8.239606109797074657e-04 3.333519076676487725e-01 1.462340673061841290e-01 1.147749951166248186e-02 6.404138963442392862e-01 9.651818255483587961e-02 7.596315798029920630e-02 4.232991085994427527e-01 4.102593509929772925e-02 5.194783479245029638e-03 1.588055185733799612e-01 2.242021497756153392e-01 8.214927874338473490e-02 4.422639945420339114e-01 1.094481896589559078e+00 1.026965208519259043e-01 3.665656250598962364e-03 4.428034071967192897e-01 7.904102345448545952e-01 2.060315376693429013e-01 7.886474341520383069e-02 1.177627132026458218e-01 6.533324134692787277e-01 4.918236260739572430e-01 1.191958138022306102e+00 8.995344096606743001e-02 1.203098688038378855e-01 1.039361268557754438e-02 4.540487367927041884e-01 2.439424100726932457e-02 1.645723828312560880e-03 4.317180481040748573e-04 5.654473371001079822e-03 1.050869003472927193e-01 6.089718525450312642e-02 6.902748676006323358e-02 1.373423546263438544e+00 3.539418222943613856e-01 2.826096904180775415e-01 1.267018636850031062e-04 8.008453062473740447e-01 1.138450529445949488e+00 3.323378082460170298e-03 3.249246555699768658e-03 1.825316545880802388e-01 4.376839307490657527e-01 3.483234157616410358e-03
1.453211742061559786e+00 5.113771695738229539e-01 5.265727680433541780e-01 6.184965457115090132e-02 5.467325099386489279e-02 5.397972714877659253e-04 1.271345271424008105e+00 5.158770562643512532e-03 9.481306921730009440e-02 2.346736357213767901e-02 1.387864064146043241e-01 1.995416504551239534e-02 9.568862121792150177e-02 1.707729823163368410e+00 4.517501291804885133e-01 1.455353059897815104e-01 1.195433691309286377e-03 1.105583364551847303e-01 8.399145927359484565e-02 1.772953756536011782e-01 8.689490663987856078e-02 5.541783947380972408e-02 4.260496548917858672e-01 2.758140326661411290e-01 8.559310011277145025e-02 3.057398116834394441e-01 9.300489537704249507e-03 6.596611367651778433e-03 7.616221860215018069e-02 2.528479612679325472e-02 6.352913693241693527e-02 7.569981293740668873e-03 8.727124749297995778e-04 5.278403440916646511e-02 2.326589246908462166e-02 8.975251868229632002e-02 5.653880454806692324e-01 4.121367355013070277e-01 3.297437156265933256e-01 3.803487077102913338e-01 2.121917469001277645e-02 1.809126208800759805e-02 9.398970404390934175e-02 8.432640605849343884e-02 4.439712051873811322e-02 6.293338321250343537e-01 1.405715675182599989e-01 7.683630326071785310e-01 7.707029370593065920e-01 1.801226501224216237e-01 4.327348635416529143e-01 1.126297573872616503e-01 2.195110553243335982e-02 1.811617005945494463e-01 3.114151644465637525e-02 6.636237363840136183e-02 1.344191807140044173e-02 3.482450071351622101e-01 1.554195211579349756e-01 6.925227765950807933e-03 7.390506212635074290e-02 1.481808848439540860e+00 1.725322373502089501e-01 2.728192995347365063e-02 5.295938241249833339e-02 3.910171852844392115e-02 2.964838863337762587e-02 4.185304397366111651e-02 1.240229885780330804e-01 2.364706149271850744e-01 3.622360867970236126e-02 2.320198905372525822e-01 4.921037808033230671e-04 1.267826932410850982e-01 3.225211442442457721e-02 2.858221559481548095e-03 1.046296376367816111e-01 7.129250763052800144e-01 1.887213185766983825e-01 6.381846967976224638e-01 6.004401493743258822e-01 1.713042311506776660e-02 2.879844939894082509e-02 2.016317380374071100e-01 6.310620819243524526e-02 2.296406271779124764e-01 2.247014798895697663e+00 6.259880481817519694e-03 1.194800536867189900e+00 9.021394076519512195e-02 4.406686498037694077e-01 4.523922368200606337e-01 7.853357480948062672e-03 1.461535844054195898e+00 2.591885097702815999e-02 1.564576422890345264e-01 1.513277045908211216e-01 9.762760088847666218e-02 1.901541490257193517e-02 3.758851504301383151e-01
1.271709498021779350e+00 1.710631910609924644e-01 3.097976749119177396e-03 7.353617738207447220e-03 7.589606525522124558e-02 1.310096250174008548e+00 1.667122091296556197e-01 3.061534453171651723e-02 1.424233548021018314e-01 2.259063326045616382e-01 1.418050872653201129e-02 4.740528030813175864e-01 3.855451718599767902e-02 5.410537686650844676e-03 8.197429360274304097e-04 1.776498553698368510e-01 5.689758083329582439e-01 1.350713546329364821e-02 5.851595330658937444e-01 1.246871890737531796e+00 1.894927916766257492e-01 6.919793309394264846e-02 3.272757670035175148e-01 1.922323274317082054e-01 8.212331477461984330e-02 3.453837969782667106e-01 8.839602617099409643e-02 3.076260092362427812e-01 2.890392987634307978e-02 2.294708400402789283e-01 2.778104389378762140e-01 3.809635274826560503e-01 4.423627906823181938e-02 3.832877736796160917e-04 1.405363272594673529e-01 1.225382772092190736e-02 5.689786767966246994e-02 1.086258094218621462e-02 6.056914505769005475e-01 1.986236132760792195e-01 5.389915544534411296e-02 8.354649651807580790e-01 2.972151076920281909e-01 5.926677933491507622e-01 1.022392691302378455e-02 1.545281658324479945e-01 2.019684299849668421e-03 2.880234725880130298e-01 9.488136695438618984e-02 5.564420044922795995e-03 2.075916119519186642e-01 8.520015284081893236e-01 8.269033534824002385e-02 4.846842667462019638e-01 5.686399488458927093e-02 1.187626827440514843e+00 1.410561094308801222e-01 4.085745057871823516e-01 6.062958492021089905e-03 1.613326602457531567e-01 1.846365733615283056e-01 9.280890383800136645e-01 5.479731264553289183e-02 5.527786525541704583e-03 4.774223831228428111e-02 2.101980148570528062e-01 1.659420179113917093e-01 1.557402451366021907e-02 2.739058566298318621e-04 6.480284336740700368e-01 2.222319296362753466e-02 3.157605221449500954e-01 3.935898778631868877e-01 1.348391899693617869e-02 1.832320863591266058e-01 5.366191630869274328e-04 3.720753965195052748e-01 1.348395669733387925e-01 3.993302520573462078e-02 2.124333416246488096e-02 5.319503942433249227e-02 2.403693637004869141e-02 3.270762318408607094e-02 4.808386748649738363e-01 1.877527119610578402e-02 9.204856676053052578e-01 7.449650866851889250e-03 3.575140042290748943e-02 1.144596003069427576e-01 2.439343875618909738e-02 1.425095618273846121e-01 8.961109284513617546e-01 1.871028040579052545e-03 2.649504209632020518e-03 2.786960869690953690e-01 6.414785080071845336e-01 4.009239927735895430e-03 5.378906321372388388e-02 8.962071134820091128e-03 4.944615591794985776e-01
1.285092366859653001e+00 2.254793760221061871e-01 7.280224858930353779e-04 1.355882647077070735e-01 1.572572067370939242e-02 2.345196713270080169e-01 2.236165970049624474e-01 2.536531014091166283e-02 1.507344951727526972e-01 2.845016827815036731e-01 6.696166123868969866e-02 3.869078318526072285e-02 1.884483476336981933e-01 2.604865046722643074e-02 9.242784387963980386e-01 2.809646158405255112e-01 1.343297578333860730e-02 5.196389410046987622e-01 4.439259893482099817e-01 5.635341941182067105e-01 2.781531585270329288e-01 1.059491035514781077e+00 1.951278443825510411e-01 2.315198633677712781e-01 1.250769136266275616e+00 5.291581827177902625e-03 4.385151185308411304e-02 1.422712432679755501e-01 1.463610481244759010e+00 3.327882629770091694e-02 3.005839500511297557e-01 7.707956820334898283e-03 4.030523981422332036e-01 5.492965130768465154e-02 1.139974398895085561e-01 4.426132337526550442e-01 2.462418768887730119e-02 7.644626392452178896e-04 5.404406415900934180e-01 9.169665744660445705e-01 1.826791313588155968e-02 2.160299113804630133e-01 2.741593233205289956e-02 1.343892228755865122e-02 4.166671017302800428e-02 1.859815871863091385e-01 3.957755650170896033e-01 2.256295331435825835e-01 3.987596552920105730e-01 8.528439232571089629e-03 7.621347817498534682e-03 6.567759971298681165e-01 1.769787407269162172e-01 5.877295720777608867e-01 2.356536276636370109e-01 8.044252132185626680e-02 2.606815895981516931e-02 3.085452854838124925e-02 7.017111764199319632e-03 2.599241173652580214e-02 2.960201443028060223e-02 1.139747916283375684e-01 1.542217934365661472e-02 7.648804363249378513e-02 2.123434346444454113e-01 1.050575722931999974e-02 4.226689939496394363e-03 1.713789060658652344e-02 6.294041149553065984e-02 1.394408321181033750e-01 4.963009427887408731e-01 4.301579169898302191e-02 5.065332684653688355e-01 1.730975874677002313e+00 8.633081654227217627e-02 6.127633913643378005e-02 8.488602126160236377e-03 1.649791213981841032e-01 3.032460336707835657e-01 2.216422741198892377e-02 1.478003393886367922e-02 4.632820961047113273e-01 2.272331686169823048e-02 5.782356010130808299e-02 6.652159345949808233e-02 4.107232341561105060e-01 2.068651684316749617e-01 2.955080489000630473e-01 5.835137106744664459e-02 6.469854183159151617e-02 5.383724383085732729e-03 1.420721544002323707e-02 2.776314134320755911e-01 1.470059930796168701e-01 2.895112460979372068e-02 1.729602117969000069e-02 3.904971211578941309e-02 9.659107803471020381e-02 7.900104913032621537e-03 4.689939149045888045e-02
8.202330366426306696e-02 2.416571099623668339e-02 6.535090564583304618e-01 2.037812129922561208e-02 2.070792894355390212e-03 4.773091074310775728e-02 8.356456425319873024e-03 2.164835148950625399e-01 4.145679005731749134e-02 7.563731078280525478e-04 7.574779508234924519e-01 9.531515371469423403e-01 5.845207372667383244e-02 4.573576042841557832e-01 1.765731687174231790e-01 3.040073881740706918e-02 1.430457328786096105e-01 1.516705252181668739e-01 6.251875157517853415e-03 5.202022591722656707e-03 4.445320639729441470e-01 2.055321771984316287e-02 4.115634692498664204e-01 8.551106923376478042e-01 1.886329840767345112e-01 1.149654914314541393e-01 3.752952174050015743e-02 1.389560974138197118e-02 3.430342473657512770e-01 1.117946646470934641e-02 5.208118620175979444e-03 1.821580132041871858e+00 4.740081508123263759e-02 4.420213501522597677e-02 8.826830029599559702e-03 4.165828799169037922e-01 7.258981865707336834e-01 5.326402999576465916e-03 2.614318674301161285e-02 5.964955902411930161e-02 1.431046744353128234e-03 4.178108956767083715e-01 4.743796110897009477e-01 7.642762932381379493e-01 8.700419659389585503e-03 7.497439902248210775e-01 1.372723346287063780e-02 9.347121439966491960e-03 9.321446196389971068e-04 9.259000298840720788e-02 1.147700496488624822e+00 3.093828877705007835e-02 1.859061184090682606e-01 1.799703627343819667e-02 5.080923084228597397e-02 3.243371512524224065e-01 1.070886635927328218e-01 1.210127632748999107e-02 1.529319210921751715e+00 4.423980917165103513e-03 7.528622998088371071e-03 6.546544620624814570e-01 2.733850202252626760e-01 1.594098646914842432e-01 4.642296385020853733e-01 5.240012932850762750e-01 1.554589760695873103e-02 3.137220768525051384e-01 4.019493561782724184e-02 9.014132064773405784e-02 3.771115944769412032e-01 1.857081397266215073e-02 4.493054968934095394e-01 1.243666027152512399e-01 1.650278077737425686e-01 4.481249648510224337e-02 1.355927029766449410e-01 6.970098309336163478e-01 1.251479616470253242e-01 3.237217767094685561e-01 1.419774198083352187e-03 2.095333943774251029e-01 3.203683920427807252e-01 2.642969469269977889e+00 6.737480732345816486e-03 2.286601199513987881e-01 2.522958612511687626e-01 5.155513869948652635e-03 6.101565796632012206e-02 2.059691894335206330e-01 3.477278371804509716e-01 2.203069313962950082e-01 4.257234184169925717e-01 9.030019884140487729e-01 3.127156978632969486e-01 1.051878719137450263e-01 7.795564871316376654e-02 2.445189767651358981e-01 4.550866010059616967e-02 2.372969411755632141e-02
1.071774763503662992e-01 9.047254410748079012e-01 7.607556484395190666e-02 1.798676210108411666e-02 5.512622006517562540e-03 4.995001706996813479e-02 2.356437261677230277e-01 1.824241061957028176e+00 4.447440869125847407e-02 2.418647986744503209e-01 6.168616343849843142e-01 6.169013824670509238e-02 1.676596343634078612e-01 6.240129317971518548e-03 1.029965997613113693e-02 5.957185651256569070e-02 3.127705038821686906e-02 4.604873448645164201e-03 9.457023670862785281e-01 2.140545115541541907e-02 1.978422851775414548e+00 8.668426670735834838e-01 7.639198066909816398e-02 2.458024877416170248e-02 8.410968470623476634e-01 1.994598794108629891e-01 2.219544323678069031e-01 1.627002490211958419e-01 3.052992732630498487e-02 3.465651862797502645e-04 2.067275627605123789e-01 6.331936747142065114e-01 1.076538823200709344e-01 3.176444500382091807e-02 4.969371410513975795e-02 3.888926197588860600e-01 1.546271810821839177e+00 1.190823078705875900e-02 2.427619724134861059e-02 1.317156352293305244e-01 8.779674383401542270e-02 4.098903022243462202e-02 6.275780786121234849e-04 1.499146711991869163e-01 3.582022087374795438e-01 5.295839780887050263e-02 6.002779904581474479e-01 1.477411041461255958e-01 1.547149697648408928e-02 2.268122820499143041e-03 1.172303943763196798e+00 3.784058894878811891e-02 3.575715082479608009e-02 3.820236077703218283e-03 2.079258085438222547e-01 5.561421292792133320e-02 1.097658391764752203e-03 5.456390847275010003e-01 5.400735933319560089e-02 1.147594832127966313e+00 7.498927697468766862e-01 2.659535919785288582e-01 2.996623445229682631e-02 2.462971295659914517e-01 2.960076208479927029e-01 6.068249712726414558e-02 2.433433542611739553e-01 8.424162733084808452e-02 7.787809568754658742e-04 5.999723200534532452e-01 1.071109361951154137e-01 3.846081180357271423e-01 5.418070769893024857e-02 5.938216972490406413e-03 2.793594131776110795e-02 1.085170856379263027e+00 2.076812041519861818e-01 7.813198128271251787e-05 1.015127398908659107e+00 4.896590966030282821e-03 6.421036346990165455e-01 5.465173867136738362e-02 7.708892428371669214e-02 5.437483877488157730e-02 1.048163969916609678e-01 9.184841543564850053e-01 2.168578921133613654e-02 1.192536303789718755e+00 1.922614143748475890e-02 1.084484229809316580e-01 5.879350675682258887e-01 9.425336237040043974e-02 2.539008825405399405e-01 1.476015028455781447e-02 8.814386482214987828e-02 8.571773893440512090e-03 5.111007816936507901e-03 2.171559987999183428e-01 4.008778119499784715e-02 4.157443731677952503e-02
3.629986764341255195e-03 1.770713720791655399e-01 1.138527940554685423e-03 4.374779694820649101e-01 1.016946855246988156e-02 4.513297357896456363e-01 1.804271034492653525e-02 2.831328779407454310e-01 7.774082005629948111e-02 4.869138143683236775e-02 4.360968608101426641e-02 3.485379409656703120e-01 7.204878726938818145e-02 4.429019246332894233e-01 1.216512760228282697e-01 2.254874280545761389e-02 3.906170807772893494e-02 5.286521480218373675e-02 5.103505241918768753e-01 5.549737387807451849e-02 3.074248297747920189e-01 3.165301435204698373e-03 2.171617099866524070e-01 8.840244537918262591e-01 1.507344826241168168e-01 1.438571963123508879e-01 1.200666767180757766e-01 4.367831273359231714e-01 1.880068242269558251e-02 4.565231216085700178e-02 6.175729396320232129e-02 2.002380068837771088e+00 4.066184482470183714e-02 2.039041746775920871e-01 1.044589635704071783e-02 2.733111624502762016e-01 1.060738587675617850e-01 1.381433639171022465e-01 3.531273938251999062e-02 8.630131422946132197e-03 7.475403198975005825e-01 1.876087032347232425e-02 3.604089608747094303e-02 5.131486616617586538e-01 3.569549621545418418e-04 6.343794441763837000e-01 5.452510476503041187e-02 9.033789518684260875e-03 1.550706702530384729e-01 8.260992160048611366e-01 2.006372763044621532e-01 9.429205049228993676e-03 4.537609574292524317e-01 1.557183081731666474e-01 7.777195608142971339e-02 4.754176344459053009e-03 1.051276162494466787e-01 4.086024990533052015e-03 8.533217035442869358e-02 6.634844056957680744e-03 3.882180231041262863e-02 1.971192409233777365e-01 1.499523495309049437e-01 7.011465822003869197e-02 2.004756326888759710e-01 6.256119153237327257e-02 1.798781843303673758e-02 1.877560070181977236e-02 1.553658873496926551e+00 1.602610102517004753e-02 8.092093543358634677e-02 6.205502776220009897e-01 7.560994312083659796e-01 8.582144872807129232e-02 2.983816336013650483e-01 2.540940074806952945e-03 1.506260567733493372e-01 1.287175885904774386e+00 1.993867961622712917e-02 6.556747079302595663e-03 1.727193360260569771e-02 1.825530393439191938e-03 2.163442911002144142e-01 3.011036093593389903e-02 9.887213561800275996e-02 6.767659490641567688e-01 2.251240756429913947e+00 4.376486620675633377e-02 4.244456005435440910e-02 2.527175255663620737e-02 5.091733920000483110e-03 3.883913325065621591e-02 2.253807371297325279e-01 3.287335456496166541e-01 2.776986432321411694e-03 3.315876409948215753e-01 1.400587214337677688e-01 3.255178978483888041e-01 8.068831956552226237e-02 2.099768166626517826e-03
2.225081190636517547e-01 3.221627166960379651e-01 1.331145785119973945e+00 1.226967756321334146e+00 2.716652910799956678e-03 6.496948963310105185e-01 4.126188735241478334e-01 3.101677522006748844e-01 7.565695417546328995e-03 7.107152601327552943e-02 1.312262142435287327e-02 2.272582656355855435e-01 6.507515623853177625e-04 1.671619869360970456e-01 3.659856735262728006e-02 3.419682888124641051e-01 3.273657336734459022e-01 9.735760469826725688e-03 8.832451607885432043e-01 5.932886048222955205e-02 4.952758738014637618e-01 2.336585392391652971e-01 1.357214843722974740e-01 3.986467830185204397e-02 2.092419766013122167e-03 8.738711378853830647e-01 2.127092027043182062e-03 2.544744374265437478e-03 4.396502385761250076e-02 2.081537648491185999e-01 4.688553907719356650e-01 1.019717441257824916e-02 1.180361477321885122e+00 3.782793223989524417e-02 2.304454027341360511e-01 3.225288412050755261e-03 2.211504306825168964e+00 3.042285921371497004e-01 3.323485022598737099e-02 1.431624938588271223e-01 4.028790675558714673e-02 6.417520392323695574e-03 4.188068805964855704e-04 2.121680622710963443e-02 2.356143539150672497e-02 1.014994469018655338e-01 1.872440064828887222e-03 1.333646967381369418e-02 2.631647123902328481e-02 3.018999131945201420e-01 1.633846140942545825e-03 8.224508157841063927e-01 5.435933184163373177e-02 1.301215817745542680e-01 1.986643367348058312e-02 1.244977857645418740e-01 1.106743679299746069e-01 1.278536164406213205e-01 1.757614079160872422e-01 1.367134646216437321e+00 9.874242551474172735e-01 4.283165882715264661e-02 3.053573980673514043e-01 3.950964564782790539e-02 2.568930211580675027e-02 1.035841768584897654e-01 9.450441328693343079e-02 1.942184969118125881e+00 1.186374460962289629e-02 4.532858670652204491e-01 4.825253880193527273e-03 1.636554263543507637e-01 2.894028975260664605e-01 1.475687097134235293e+00 4.780941793562342064e-03 1.112482213457947761e-01 2.504334781839581778e-03 1.211159057317508780e-01 3.190999020979646272e-01 1.125700724178257395e-01 2.599535551962630503e-02 2.731847088574985150e-01 4.181055684814251328e-02 5.757672976426801530e-03 6.951504683486086581e-04 3.188778849458081543e-01 2.472469357569992421e-01 1.208703368123902402e-02 3.974101659961459254e-01 4.159761284302725820e-02 1.247409449031692541e-01 6.938898686732873911e-01 4.316099709617727820e-01 7.691415325575648963e-03 9.646220584429286982e-01 3.239513214909827687e-01 3.288454539635854434e-01 5.992827254740434179e-02 4.025127469141466241e-01 5.736770616601457456e-02
1.618713011263991919e-01 3.233027894213505449e-01 2.214062309100989223e-02 8.144883964344976079e-02 1.221976090916225381e-02 8.750961061907418237e-03 2.896055233256336070e-01 3.138551653418351212e-02 7.777262059070387812e-01 2.071040242578003898e-02 4.010568994715760227e-02 1.441029401168332225e-01 1.069382298532523201e+00 1.096303922579281998e-01 3.506057768860377372e-02 3.254213198059966450e-01 4.849466002703810980e-02 2.915442471342906683e-01 2.288261010199309775e-01 1.408092800860451764e-02 2.004576633108405559e-02 6.490413428671121254e-01 1.173821460587550075e-01 7.103212083057878212e-01 1.541062958542839230e-03 3.071104175344099296e-01 2.315209228379101758e-01 9.915181362231421103e-01 4.952517484753332123e-03 9.828912529036084589e-01 2.512141987579483149e-01 2.059536702867653668e-02 2.760724642789154706e-02 7.800867821284918069e-03 8.696324404076559711e-01 7.109799939237144636e-03 1.399048446329707596e-01 1.991416272500417251e-01 7.900707928466913499e-01 8.115229582813916764e-03 3.759483178678673099e-01 2.181151378786401213e-03 4.262199492864660738e-02 4.186844523865975165e-01 5.168320872229303226e-02 6.156121394033765570e-01 3.245992996191089941e-01 1.681438824456901043e-02 7.384306699771174820e-01 3.201361633493639003e-01 3.691386531754207168e-01 4.799118014583348552e-02 1.122603578726613519e-03 8.547129657682013548e-02 9.452857179146980648e-01 7.034897632695772396e-01 8.588733650121047614e-01 1.740835743275131131e+00 1.200976115802308897e+00 1.191991406072724358e-01 4.494516799931165263e-01 7.158779518007820641e-01 1.214413994879652570e-01 3.468572292687894798e-01 2.536929354338793852e-01 1.618656839791330626e-01 1.356450828237986128e-01 7.670860629517953777e-01 2.806800537438096377e-02 1.779603129947166185e+00 5.138133396969117861e-01 2.443125524725532349e-01 4.909269282377629051e-02 1.745483071442410078e-02 8.015597657903614356e-04 2.546992048220403457e-03 3.146762672793019643e-03 1.720549563791145542e-01 5.405632613403958111e-04 1.966178846162046356e-02 2.103359459431927009e-02 5.277762967290787754e-01 5.136332676238182238e-01 8.047839437647862082e-02 1.079237950724099421e-01 3.721409395708998730e-02 4.255125963181156656e-01 2.687308809060454280e-03 2.269201443464186063e-02 2.239362358760021987e-01 1.196038066462286158e-02 1.381097103486480293e+00 1.451167522828349654e-01 5.582530991223825720e-03 1.059971070691991674e-01 1.587626286883522808e-02 5.946240027240912163e-02 1.695488890076103372e-01 5.199769377348847921e-02 1.284806269393777567e-01
9.444342138319490598e-02 3.271889307424349913e-03 1.359669323885226211e+00 3.366374443641829139e-01 1.685470155761092659e-01 1.109135678494766186e-01 2.977230992714862690e-01 1.246529601275329358e-01 2.105479806446268823e-02 8.913936250490936408e-02 1.868978653305445464e-02 9.882086010028035689e-03 3.226579645737183699e-01 1.316019162217885841e+00 3.733981583621721629e-03 3.858306644387906898e-03 4.724203036759808128e-02 4.284623873557820151e-01 1.487323269760255223e-02 3.450461644319353094e-01 3.048597873133367386e-01 2.816116163673489450e-02 1.594439133615641324e-01 1.179362826111244184e-01 3.348921350508670125e-01 2.489186338910298890e-01 2.709694781645242689e-01 3.648578546553442603e-01 1.225586371442884473e-02 1.399571034160993627e-02 2.024872888229876239e-02 9.132028660887733795e-02 4.514096779923912339e-02 5.256585411323818624e-01 3.562323991275203900e-03 1.606033020350219331e-01 8.210601467655541386e-02 4.269864033108777823e-02 1.723652482285668863e-01 1.332556451367469252e-01 3.355446043407150358e-01 1.546058757466149070e+00 7.170556536646157664e-01 1.810462119148843196e-01 1.899655529134688381e-01 7.612856895130364066e-02 1.217911416655034773e-01 5.352099390419405855e-01 3.634021588589250729e-01 2.320125051393789606e-01 1.358599612028683033e-02 2.799409268974061837e-01 2.481779287133311848e-02 7.090647280457483548e-02 1.075838188363540705e-02 5.593891222687584763e-01 7.020974116622674677e-02 1.321068106482047554e-02 1.657533707533457579e-01 1.211382342523048550e-01 4.599927178287766677e-03 9.065911508903145011e-01 3.986439187526212291e-01 2.761666303406573814e-04 8.296534753194473311e-01 1.319465361154444349e-01 6.704911390288993689e-02 1.273921097008150899e-02 1.370549159342770995e-01 9.732426594380805263e-01 2.922484929795505781e-01 9.313248941335257325e-02 1.203119239430883836e+00 2.146538610212901155e+00 1.513740488095630943e-01 2.889314731619926357e-01 3.492638366322065591e-01 6.613863197580997777e-02 3.841024953494484584e-02 1.638344518668838345e-01 7.447693681310682545e-02 3.218706774202479415e-01 4.954711985231402419e-04 1.372432688575991044e-01 4.330967864364747288e-02 1.013004594746380466e-01 1.096748772041318931e+00 7.673914277740544534e-03 3.195402749628144246e-02 1.536028230243282611e+00 5.016326363010926298e-02 3.123519891401944637e-01 7.623559733262271765e-01 2.395423400370078060e-01 1.503616496390396406e-01 4.817967320925853336e-02 1.250218365449195894e-02 3.721540707682337822e-03 3.667581998937013282e-02 4.404433783658854851e-01
1.186998268971372608e-03 6.207505140721716191e-02 2.084428509810240804e-01 6.659280222262695288e-03 4.658735758189253701e-02 3.560790251389401358e-03 1.203010786176881508e+00 2.917917478725748359e-02 2.403556159229640610e+00 9.726456292408251769e-03 4.469037272033777319e-01 1.663862032544588532e-01 1.983994655919765204e-01 6.309039415887693902e-01 1.120458153279030034e-01 3.739600406381069636e-02 7.705589305189820999e-03 6.737393821598395283e-01 1.544520104215730549e-01 7.105320117580304906e-01 2.178604524590381786e-01 1.099397838511304883e-02 5.605450838239879607e-02 6.744033763842168308e-03 3.055168162813615487e-04 1.687900117246324272e-01 3.053731267020724609e-03 7.477286400662795131e-03 3.669985174185801391e-01 3.321521834358485137e-01 1.771511865052964943e-03 1.253070711546691801e-03 3.989053726156175511e-02 8.716667852989402193e-03 8.492305222873701431e-02 4.307417412055547512e-01 6.912058683966444406e-01 3.780814426242305737e-02 1.344928469853897551e-03 1.697356171262090152e+00 5.902170251089166042e-01 3.592879160632119623e-02 8.769047776367572267e-02 1.310341019443445609e-01 3.845775251753417653e-03 4.097846506518281751e-01 2.440684322360518466e-01 1.910725212251266313e-03 2.210007055575138324e-01 8.248756354685798931e-02 1.341421528600900970e-01 1.066413660483398057e-01 7.094287583235665551e-01 6.422740963576976936e-02 1.812254967125727090e-01 6.067938328928967548e-03 3.420550690384384640e-01 9.115257905040764774e-02 6.751287044466221417e-03 9.618971196131408108e-02 4.669963103538404270e-01 1.675088663069230696e-02 4.501934848492984420e-01 3.033993424231257729e-01 4.413282305837020747e-01 4.927968904789130078e-01 2.499994592032487029e-01 3.665530937838401560e-01 2.231712552232213796e-03 4.885970454768144566e-02 5.942457116138678136e-02 1.228607286123065911e+00 1.665645408805938379e-02 4.769146409933162217e-02 1.604901392824308048e-02 1.777015613336373479e-01 1.780670095340725900e-01 1.086028123076647825e-02 4.311290093620637753e-01 6.286308454494477860e-04 8.607443267128838116e-01 1.477623311586749311e-01 6.309611288089245727e-03 2.709485328186297948e-01 1.231935883405828186e-01 1.235471723561636787e-01 1.119199931587558927e+00 1.134142458342116272e-01 4.944365136013517126e-01 1.566823381171922602e-01 5.176600914793984959e-02 1.123794331048137141e-01 5.394830196532330452e-02 3.383666148404777807e-02 2.672950897008198323e-01 5.794538020736614281e-02 6.334539588574218151e-03 1.223559202988074891e-02 4.078148518862312888e-01 1.909784528211244583e-03
1.363480874750085059e+00 2.162352100538587896e-01 8.323818626379110297e-01 9.264732009134649671e-01 5.982594840248777190e-01 3.960492016120039094e-01 6.677829756936032313e-02 1.919174124881026788e-01 1.453097887584317571e-01 3.157004678932712194e-02 2.836953208636261436e-01 6.847186132116090951e-01 1.518420307090399823e-02 7.003827388603528492e-01 9.368901827191024045e-01 7.894292313183301490e-02 8.138066995216969302e-01 8.015518919586604035e-03 8.098737822984557189e-02 1.463542661507360731e-01 9.362649853710934555e-02 4.377352625432367333e-02 1.176569968256593011e-02 8.211027520562569348e-01 5.009578178269658705e-02 7.235825743527803111e-02 2.013674444968974186e-01 1.674466996081559467e+00 1.052876289885541633e-01 1.104204037166035324e+00 3.096162991792094643e-01 8.840216691655622405e-01 3.314533435607840833e-02 1.979267639674522905e-01 1.890091667756789162e-01 4.192614499818803422e-03 1.293503252655020920e-03 5.110469459556275101e-02 4.072864375946236848e-01 5.979644561958845639e-01 4.312480249180297015e-02 7.599061350326981323e-02 1.706259540919635720e-01 3.405008551892563240e-01 3.302516482107034634e-02 1.035917594599925773e-01 9.763595675684483277e-01 1.122039246430292375e-01 2.959004616025659451e-02 1.392163905207932997e-03 3.467312863230765929e-01 5.539237267593605241e-02 1.292226007568179735e+00 3.597206267416369618e-01 1.563192597971922336e-03 1.551127571662688255e-02 5.767093086731299723e-01 1.988441954333894368e-02 4.440434530350020892e-01 2.421766705245473328e-01 2.272424217746437658e-01 1.406500494133302026e-01 1.594159636242143407e-01 9.300530266343129959e-01 1.219788102410298593e-02 1.949546296040209348e-01 4.952820731482257544e-01 6.200258983244852917e-01 8.458144698884011159e-02 7.741474604895870471e-01 9.787553505848925472e-02 2.222434774858335904e-01 4.797699485015546883e-02 3.044666275871337757e-01 1.377043219712452589e-02 5.252229638941163792e-01 1.088063675936855879e-01 1.356285639299762737e-02 8.350819580149557164e-02 8.268885685902165050e-02 1.423600682896993541e-01 1.742833487919643876e-01 2.274505307534789925e-02 4.683937578463764351e-01 2.359175408425000578e-02 5.672137263267314905e-02 3.860001479697039439e-01 4.200065292025024211e-01 2.612761587129755741e-03 6.405881778075042318e-03 1.369399778026467729e+00 2.719008828562053184e-02 1.711375179277762996e-03 4.636424129561028118e-01 1.599032719170448424e-01 4.035927231855319097e-01 3.679321648608301354e-01 6.086909034279709002e-02 1.907161982086471794e-02 1.130512481925396648e-02
1.970623995363315114e-03 2.865666033994727080e-01 1.911699014102117844e-01 3.018648636223813728e-02 1.288603480614028685e-01 1.307369540514734807e-01 1.025827414118539449e-01 9.746791057858404661e-02 7.066692313895078792e-02 1.411284899297056417e-01 2.257057994329069728e-01 9.998295792898594797e-03 1.899715303852101966e-01 7.852144996455337478e-02 2.387940022646677790e-02 9.391224297006632582e-02 2.444772039390371576e-01 7.212715183360135420e-04 5.289994369379177191e-02 1.612487957965542229e+00 2.321229186974566733e-02 7.051108018245265049e-03 6.791620921191129368e-01 1.216501236796869445e-01 6.080530005882901073e-02 4.412895022380088905e-01 3.081653063324655802e-04 1.806795929375401566e-02 6.489041107248134932e-02 1.513343746758092322e-03 1.192921257975788629e+00 9.497881140301746294e-02 1.344947452981172242e+00 6.204832739877078618e-01 8.592833805453069240e-02 1.029309020756023818e+00 9.602030837466928384e-03 6.157990489679062707e-01 1.944541703026884472e-03 1.978491919873455462e-02 1.099813984612829920e-01 5.708054416935530728e-01 4.817383470413698632e-01 8.614060211879184109e-03 5.992106652280902723e-02 2.132390108566806219e-02 6.659944708257137073e-03 2.485608198414823028e-03 7.575865242333380822e-02 7.345816899726580473e-01 1.950075326283563760e-05 8.580610123733239947e-01 1.274820414685881413e-02 1.540387905440772642e-01 1.830101465902654878e-01 1.161079300251939214e-02 4.706755289694342648e-01 2.085463417290525923e-01 5.683444407551477839e-01 5.800387175879804236e-01 4.526631965604817343e-02 6.619760664588134058e-02 1.032306393879372716e-02 9.849239480859241225e-02 1.396516884634116731e-02 1.867591285400035592e-02 1.802557955827195635e-02 2.601216473504153887e-02 1.522960356618119002e-02 2.836076146923391383e-01 4.608121729186717142e-01 4.744886489211869174e-01 2.639403435382564611e-02 6.982644335396510638e-01 1.773597471100176459e-01 1.172670821986810941e-01 1.924071370641242951e-01 4.592269129973138714e-02 1.226543427863671307e-02 4.665012930328216872e-02 1.468059965164052010e-02 8.813889828241117932e-04 1.389994159539875984e-01 1.581462777947290066e-02 1.261082930158144710e-01 7.259882778877705389e-01 5.701835183705948606e-02 2.195131468284624437e-02 1.776535861667155567e-05 1.046524809693675923e-01 1.399376182401050051e-01 1.367851459365645788e-03 9.180767547613075674e-01 3.385182150198111084e-01 5.746094667323907272e-03 7.787036001179058475e-01 5.065693250222104427e-02 2.607191280942940392e-01 1.911618179461214984e-01 1.265721240203940556e-01
6.324576323411965628e-01 2.155908610999786590e-01 1.183924268313081285e+00 6.605983407570724386e-02 4.587505769262775757e-02 4.517204564293970243e-02 1.265882405353001838e-01 2.327381528782593301e-01 6.636899673263048360e-02 8.481452024099372933e-02 3.319564815136558100e-02 7.683227194985554551e-03 4.073009770022617548e-01 1.772033366591818093e-01 9.262462492196756048e-02 3.498696154126644808e-01 4.315821223465933221e-01 1.329312160417312622e-02 8.662301472749098785e-01 6.559342179559199404e-02 4.131807192223806990e-01 8.222506995331758661e-01 1.685262480486780930e-04 6.203194779434442752e-02 7.019980304958112205e-01 2.426061976362147918e-02 3.450569384371223736e-01 1.940141170858066325e-02 2.476429834275979940e-03 1.287727934466470362e-03 3.024159520966581728e-03 2.115745486708672518e-01 1.206121616705767008e-01 1.446911923425837188e+00 5.522118068197532509e-02 1.263399233989297654e+00 7.553274283844108039e-01 7.229754889715019894e-01 3.917417943614706077e-01 3.356325334760315235e-03 1.645772904141857840e-01 9.588995970918096079e-02 4.453239708186083612e-01 7.227610389406813329e-02 1.749132013711335587e-01 1.633529229705049657e-01 6.860041835885517525e-01 2.261050679101179461e-01 1.507996381359857571e-02 4.956501856453843224e-02 6.948216347044839925e-01 1.029068332204064740e-01 1.191617457356256293e-01 1.486451228675723879e+00 1.387104094881214666e-01 2.024775334205899668e-01 7.507794568164960491e-02 2.013572249750680832e-01 3.366989680693389941e-02 9.046455164721160444e-03 1.794859807243701783e-02 1.147542981702247104e-02 3.709020486555729690e-01 5.254224323628944870e-02 1.840345833290741306e-01 1.292226399384748328e-02 2.002074155409608314e-01 1.603964823614483781e-01 1.776162302992281838e-01 1.335179959721563225e+00 5.888841839264265243e-02 7.157459476248810570e-02 3.104439225483231479e-01 3.028397153715380648e-03 1.125675887425395564e-03 8.249295224733795839e-01 1.458193010837682546e-01 9.272677427619088197e-01 1.156716988257922296e-01 5.923099472933677362e-02 6.126516478865130511e-01 5.190753159316117971e-02 2.050464927448805708e-02 9.076044386225509686e-02 1.149780750782782413e+00 4.007358734363031250e-03 7.286779488078650724e-01 7.861237083281902294e-02 5.298461085575886104e-02 1.438508244239990186e-01 1.327170990340003298e+00 2.733645775233400910e-01 4.408838554399039853e-05 6.133496067804416335e-02 3.219221715026794328e-01 9.698279377954524549e-02 3.064420568120263533e-01 4.186338665914837953e-05 3.198613140530819354e-01 4.563273700758089246e-01
5.170389210026844762e-02 1.007370419155380337e-02 9.555714079241706127e-02 2.604423088527208496e-01 7.851760363179400778e-03 2.834009928793033706e-01 4.714983394157037933e-01 2.257746127805985992e-02 3.743520540356510412e-02 1.824482983006996129e-01 1.596128124170674845e-01 3.456551943002649785e-01 1.143354643335280585e+00 3.227919819765419085e-01 3.571736983567794788e-01 9.520470207816264475e-04 1.189780216110653654e+00 1.632826204478718957e-01 2.486918514678601935e-02 5.943704337804379956e-02 1.785550758667592275e-01 1.946994133666470322e-03 1.237816486058897492e-01 4.618299563973258387e-02 9.421695759495197775e-01 1.474767812475120121e-01 6.047282231650060423e-03 2.290428575476999296e-01 3.569256553328838122e-02 7.523401028100956678e-02 1.362579562859896933e-02 6.344305123498278354e-02 1.170741936854382131e-01 9.199904025463018914e-03 5.879652902226835398e-02 1.844929745253912762e-02 1.071589103770837076e-01 1.538491190575665080e+00 2.676750556918810475e-01 6.610396953182398616e-02 9.881930812231929859e-03 1.402516184897855400e-01 2.800033030076779991e-02 1.321045882901788759e-01 7.434921200670298047e-01 4.176403938619211997e-01 1.142790818572944622e-02 2.385902037900501926e-01 1.129659199164221972e+00 3.906358861179756725e-02 8.165477259335317262e-02 2.350145246056965509e-01 5.422157281910106041e-02 1.738724640690424872e+00 3.082865393422231093e-01 6.199644776600375939e-01 7.031912525295107574e-01 1.385002028086349757e+00 3.347756851759604857e-02 1.952262698342976943e-01 6.436107561711632008e-02 5.501607374649648136e-02 5.024762439240959555e-01 5.300610386283276243e-02 9.471609771176694448e-01 1.909653883322529888e-01 4.875995945759709072e-01 6.976018912681992111e-03 8.745570248007081271e-04 1.053910857130661294e-01 1.014862128152452386e-01 3.030720589240174512e-01 4.071438552051243609e-01 1.713620379313971764e-01 3.064644088178525294e-01 1.686116995685957853e-01 1.788159226780066391e-01 1.160463838644556767e-01 1.130612035702355765e-02 2.539997811185825544e-02 8.167113653036836007e-01 1.053123345860540738e-01 1.203069244325308956e-02 3.617900804072167742e-01 1.033710745969738248e-02 3.682915027366351901e-01 8.584094763853555854e-01 4.194112979509533740e-02 5.125229527381833794e-01 3.658303245790621439e-02 3.618642735655596132e-01 7.917826062361787987e-02 5.039943645671686456e-02 1.269008259738520772e-01 2.277388672756368825e-03 8.836684027150603846e-03 8.562451596252262931e-02 2.459841502223143218e-03 1.039710478589036674e-01 5.972764280506502599e-02
8.528196500763267351e-02 8.632775043531797088e-02 3.158759497002758265e-01 1.245975445619070584e-03 5.289062764068986899e-01 7.386357950928187921e-02 2.162064840385411746e-01 6.545768692030441427e-01 6.199139736873039014e-02 1.214199020839804577e-01 1.827895677171027800e-01 4.875076832079579259e-02 6.283435425298801169e-01 1.671220524484120284e+00 2.943885613278614602e-02 1.187463566484515898e+00 2.844984619745304366e-01 3.473028741142250575e-02 4.625860979548766794e-02 8.139190279332601460e-03 3.122918869453541468e-01 4.063998104851808749e-03 5.906729245057766864e-01 1.356455291859504607e-02 2.006822446209514110e-01 1.147481154562878525e-01 3.140852438588151996e-01 1.552118108517896826e-02 7.185397466411451439e-02 9.546316475828075729e-03 5.649252724418687283e-02 4.911009854771310190e-02 1.152615694575661043e-01 6.533169377467042127e-03 6.872398317528837473e-03 2.187222489625537947e-01 9.704896698362172527e-04 1.785176770081011166e-01 1.525605467317075137e+00 3.232999846223341689e-01 1.609452036304443541e-03 5.405787940262178903e-01 6.034295224023671425e-03 5.532334497383619709e-01 7.344428936573434985e-01 4.949029633838007702e-02 4.319716276610259531e-02 3.718133778278233104e-01 1.007210306890836959e-01 1.622035463881592310e-01 4.217757275270475614e-01 2.106664281800629552e-03 3.325252477825946240e-02 7.913297450684549927e-01 2.811810394542624825e-01 5.126107206371023350e-01 6.190304671543903764e-02 1.267110342738720363e-01 1.643888516896553076e-01 2.121923672420433782e-01 5.075923197847558299e-01 1.697023972854255769e-02 5.625076649184587718e-02 6.454784251652380400e-02 5.562515001182926078e-01 9.061534258552444987e-02 1.428492310623264983e-01 5.508883313588870678e-02 3.581248238395181444e-02 7.085738239729189036e-01 9.012432839867205725e-02 1.932436822922579400e-01 3.531692992283586366e-03 1.442133134684242014e-03 4.297188331626207169e-01 6.981254698120322941e-03 1.555323474976871845e-01 2.480047090092238012e-04 3.524200056604416369e-03 1.494076947707415060e-02 4.684116883105934326e-01 1.627026148506036107e-02 3.661438266588943891e-01 2.195497219723118454e-01 3.049692961698895893e-02 3.470589651164973644e-01 1.129959795235096903e-01 1.071340555496586855e-01 9.216768396437370614e-02 5.817641267080128631e-02 6.733889277749913194e-02 1.082123806138920896e+00 2.736221260147168044e-01 2.092379255612867306e-01 6.552706543353217783e-02 5.219709647252506607e-02 3.395862385908609005e-01 3.705245666793779979e-01 7.616608177087834386e-02 5.122273401990724562e-01
2.400003342173477883e-01 1.062059954021841168e+00 1.384429182699424554e-01 8.566700593818416323e-03 1.780081223134128907e-02 3.862470544781502757e-01 4.277382951254599108e-01 1.627700627106842823e-02 1.284486282709661753e-01 8.418653908950413101e-01 5.602447483425768704e-01 3.955899613972392315e-01 2.783648424291354506e-02 6.046256118164856225e-03 2.478500614844390881e+00 1.227544082922689572e+00 3.054050490728525734e-04 5.013647366968778663e-01 1.238987256638641454e-01 8.642832899428860849e-02 5.812235975305061553e-04 4.910645091556824909e-02 1.521133235390230085e-02 2.019955343273319853e-03 3.241336084283376329e-03 2.018972452346016067e-03 2.212660943856989970e-01 1.607161993684964874e-02 2.911207180611024084e-02 3.567738947428172880e-01 1.903128805253645689e-03 2.335255153646518308e-04 1.516723562728511387e-02 9.249393921292284881e-01 5.052560248563590234e-02 1.244531879570125454e-01 2.742325598143950938e-01 2.551338287214701349e-04 1.637136183307208795e-02 2.304074064095929242e-01 7.215701048529288286e-02 7.818496334956913374e-02 2.133640401642117990e+00 3.569350321059838044e-02 1.301872382298321917e-01 2.874327619348922974e-02 4.221094927975716990e-03 2.589720217138515856e-01 2.794704310224126187e-03 2.717544958273121133e-02 2.907610389196233491e-01 4.126150562336401428e-01 2.192033328351687682e-02 1.575247251164345386e+00 1.641544293975081420e-02 1.057549509529777554e+00 4.729084014202714070e-02 2.846713125406620266e-03 5.308994117224888898e-01 1.857300832204686336e-01 4.408856526188204561e-01 4.531573913416315352e-02 1.184481189962029168e-02 1.628679983162581724e-01 3.865347197117748219e-03 6.654803527194885771e-01 3.718269938735833113e-01 5.575368605868787908e-01 7.399705322128528884e-02 2.225062414156399604e-01 5.632608761409540555e-04 4.089191646575532357e-01 1.053048804058053000e-03 5.395250397089720873e-02 5.262140631009827596e-02 2.387256492637256922e-01 2.249871506960892872e-02 3.773352728899484476e-01 2.210491144862704316e-02 9.075783118308754227e-02 5.327354551665206550e-01 2.860520798955374366e-01 1.147934264977045205e-01 2.329553859557463857e-01 9.405806795021845468e-02 1.817326037462020649e-01 5.500234293145037784e-02 1.767404723215356549e-02 1.897038179056977358e-01 6.295412402243635852e-02 4.449312654901896313e-01 4.916580353905908307e-02 8.583512571561420224e-01 1.072339356789792086e+00 4.024082644572302137e-02 8.474622979618295915e-02 2.086330242482166142e+00 8.964025034822300508e-01 4.274187341364171083e-02 2.296435941206598566e-02
2.066854451191206532e-02 1.165347697005476857e-02 1.251090657364423431e-01 1.650131420009989455e-02 4.542210750083570947e-02 1.094202814445916383e+00 1.046487124311647587e+00 5.304449892217862235e-04 1.217905410886661599e+00 1.391822113928427827e-02 7.243725610702725359e-02 1.609333048383227577e-02 4.160899355983040809e-02 3.469611717964952713e-01 6.490593261075801312e-02 5.888467578835946542e-02 3.383394577432431716e-02 7.351259433546033888e-03 6.158931398278576497e-01 1.607834835520229738e-02 9.684119886854486436e-02 3.089502016144937135e-01 8.603034458112230947e-04 1.596207028886680535e+00 2.055979369614647362e-02 2.373687866246553535e-01 8.520247103153666401e-01 5.387328254402756755e-01 1.020072163165833788e-02 2.229058338291108610e-01 4.410009100543640370e-01 4.679701001792020976e-01 5.239498434922192915e-01 3.902763269340623342e-01 6.969292463733718357e-01 1.053847949187473709e+00 6.756329511680721212e-02 9.694004631275972006e-01 3.719766009692486719e-01 4.414264219896951724e-01 4.807588811673460527e-02 6.410392149668872608e-02 1.233533645173765098e-01 1.090510646241338089e+00 1.193333160842997148e-02 1.040351569957191080e-01 2.657542888602499320e-01 2.586690190582406623e-03 4.362691694644038609e-01 1.646680776351375219e-02 7.666566913050303078e-02 4.930479405374211810e-01 1.312979027035162116e-01 1.219906530061606528e-02 2.110233910262857351e-02 4.425715767210383622e-01 5.726510214120353326e-02 2.061739113900913356e-01 3.002623825137474417e-02 4.616573610711247055e-02 1.835283749499189761e-03 2.803544322034197053e-02 6.115892591564784514e-02 2.930009744903645519e-01 8.112488626334946051e-02 4.273937899945075003e-01 6.938286151654921019e-01 3.606991204739432022e-02 2.407114163107746951e-01 1.158048134277855218e-01 1.486519514796497687e-01 1.319620068587306141e-02 7.971630003981307333e-02 4.066576823264079327e-04 1.793828726690737674e-01 1.890052950590475345e-01 3.328490992597094023e-02 7.752411714986262581e-01 3.790743582901963116e-01 3.053097279371720374e-01 3.791253040073486735e-01 3.603013429091955766e-02 6.496368188881412875e-01 1.514639710200917089e-02 4.478055658344592266e-03 6.661363052394940476e-02 1.448078565228214654e-01 1.027276377136405461e-01 1.005757976015566463e-02 7.696386185290808590e-02 4.095217566894861910e-02 3.093115081523807874e-01 4.338464380161072970e-02 2.930898612209893450e-01 1.255216668847170501e-02 3.534624751219833834e-03 6.753433230461700076e-02 1.132576069732666169e-01 8.316150826550095312e-03 3.564212423528032025e-02
1.681211093802348122e+00 9.678318543750499825e-02 3.183984658347319141e-01 3.858900742498594383e-01 2.214841184339875202e-01 1.038394852337802154e+00 5.663246770554301174e-02 1.820945551901308190e-02 2.725083420720877392e-01 1.646179100115187921e-01 2.248144734016545992e-02 1.127650034355666131e+00 3.036116036757100650e-02 7.538627379371327930e-02 1.746776704635227273e-01 5.265591671960970221e-02 1.083922449644027369e-01 5.215378808670967977e-04 2.670375791442115149e-02 2.339397227329551021e-02 8.934982899234025222e-01 9.379080499998148496e-03 8.914623101039118591e-01 5.412131054287433463e-01 4.115220591958227980e-01 5.064172104863164624e-03 1.131012585629240563e+00 4.732673696423835702e-02 5.303150940212054271e-02 6.664929550232294442e-02 1.414701294064939913e-02 1.197051231369712504e-01 8.390336364647738021e-02 1.681979700609075035e-01 1.684412352704827143e+00 4.413600062194345530e-01 1.079903060332203235e-01 5.631500777916395029e-01 1.471532488954564212e-02 2.216719252932081718e-01 9.274546190265776924e-02 5.878035786525775963e-01 3.267213090415864163e-01 6.562016281147262098e-02 1.701547157777156052e-02 4.284438846110932841e-02 4.423559176858114506e-01 2.826549711744902549e+00 7.818384570557918023e-03 2.339262151891904062e-01 1.677176091110985090e-01 3.638692240549169354e-04 4.444025413713313666e-02 6.924570168738786516e-04 5.113811428180562411e-03 2.413966307875236028e-01 2.336672403757556610e-02 3.622180257422509542e-02 1.094234789122154883e-01 1.183823099359185803e-02 1.532604270689828518e-01 1.067323867195565656e-01 8.105234915694954356e-01 8.724583808752955916e-02 1.811203065571561632e+00 1.310799530006667157e-01 1.351692233016290323e-01 1.832694867186050458e-01 8.376537312442895455e-01 2.083198449232336324e-01 4.783295331183149562e-02 3.758426130603412729e-06 7.726599136169186588e-01 7.128428389717099412e-02 5.692752820398890024e-02 3.499129190774925152e-02 1.272866024925525918e+00 6.534663479371272121e-02 1.058867344596104987e-01 1.101153571632623035e-02 2.996389761546930375e-01 2.428264323114985856e+00 6.175166915849602048e-03 1.800040961280894095e-02 3.061926566952099527e-01 1.664529148086267007e-01 3.777604191158067670e-01 1.633150264094052062e-03 4.196794427945870209e-01 8.320541761585602547e-01 5.003625851589787316e-02 2.505285076060226150e-03 2.296907592486992777e-01 1.019428966816313009e+00 1.723066608999417881e-01 7.150005665349681849e-02 3.211332518250021445e-02 1.200738980981745918e-01 2.573344919888320356e-02 1.416589048330843537e-02
2.176929642253720362e-02 8.671746263175511560e-01 1.338903879091214444e-01 5.385920698836951098e-02 5.767159351124974409e-02 2.228463141821379612e-01 5.967705583464848890e-02 7.578126876098515916e-03 1.412888200902331637e-01 3.562789515013962266e-02 3.190404836784665413e-03 2.983274416342679425e-01 3.484583351269509872e-04 3.582158156650460668e-01 1.205027688051083512e+00 4.019479634393992584e-01 1.745757569289384204e-03 5.897754666223336759e-03 1.683016656497599572e-01 5.284857903433445858e-02 1.134334274169875867e+00 2.255672027287411563e+00 6.197055179896888977e-02 1.772767922616379221e-02 3.070559294771659786e-01 5.268600977694200792e-03 1.100542385102044052e-01 8.488261535539223246e-01 5.927870113820380427e-01 3.617852827325189202e-01 4.538466814580743303e-01 5.238117812130130974e-03 9.481225199320556518e-01 7.009704490668954291e-01 3.067253851875628712e-01 1.319007610688753378e-02 1.417490617121820451e-01 9.804975984453520176e-05 8.646643160972868059e-02 2.732663510309559785e-01 1.215338121066857235e+00 2.690066315531214076e-03 2.005340293818399372e-02 8.796903964785268704e-02 3.403779334506385479e-01 4.225711582146259720e-02 8.688797916892300188e-01 5.263085154918875075e-01 2.287198597256747123e-01 7.649646280332811354e-01 1.881422055584330566e-01 9.423520654896666571e-02 7.629000852892211526e-01 2.726091263056072966e-01 4.028769617446985307e-02 1.733064792007396951e-02 5.960611543807506352e-02 1.902093611628348328e-03 3.102157177735122007e-01 1.514890590280142391e-01 1.564876617974524653e-01 1.989576685202028572e-01 1.958692746471815075e-03 3.547709201293320347e-01 8.617652076943644116e-03 5.169329997041381963e-01 2.907417132897994194e-01 1.190078969655685714e+00 1.268473488099556429e-02 3.545430244024402183e-02 3.554982425953865516e-02 2.909167594307671134e-02 2.506824442108483431e-01 5.264999102867788314e-03 1.026553664619672457e+00 6.342517207307010740e-02 7.221162868842486704e-01 6.802779880920553079e-01 3.381342262624040806e-01 4.727963055491238853e-01 5.524064430820535554e-01 2.312451439247576179e-01 2.686418754044667678e-01 6.013656657652948212e-01 3.179052523172734013e-01 3.088650225494738930e-02 3.291414365167735778e-02 1.950174554261874249e-01 5.050926597532761492e-02 2.438807064819562831e-01 2.202630435573014189e-01 1.764383281008718163e-01 4.443629955633204148e-02 2.517668149850350034e-01 1.862969289701414399e-01 1.403618869501062738e+00 1.947229980130205096e-02 4.551091689759779735e-01 5.064362684212637966e-02 3.037986883276809769e-01
6.469414457106096306e-01 4.608361929985806960e-01 8.850311888533178573e-02 2.376248238791978939e-01 3.530118646589641695e-02 9.408524163449770439e-02 6.997405970360310278e-03 2.206859552407226463e-02 2.235994272507783043e-01 1.257264743585461975e-01 6.234958401400018772e-03 1.272691765749200676e-01 3.423176017515474068e-01 1.276433074312107507e+00 3.826017596340367533e-01 6.493546425400095190e-01 1.478423110410945901e-02 2.088656761859273951e-03 3.411932078465167995e-01 1.403078997791146199e-01 4.599219383235482288e-03 4.535443201370245592e-01 1.126162202760975228e-01 4.959700011616827720e-01 1.797146132505886978e-02 3.072033775366870834e-01 6.138077799757242214e-01 4.417180298058583920e-01 5.934062344022962825e-04 2.961233147664070198e-01 5.350856057454926595e-02 1.058529936061911592e-01 2.300229554915730890e-01 3.622098462822864046e-02 1.142275326750246955e-01 3.473618632150750341e-02 1.885796162132159434e-02 1.227087223066543505e-03 1.319406909259288885e-01 6.241663379325604888e-01 7.955956314887751013e-01 7.375959217130521883e-02 9.310599817769681097e-02 7.294175870410273266e-01 5.176006530643504494e-02 8.630861711860993157e-02 3.870403625170838469e-01 1.615541095091122814e-01 3.186167401688806411e-01 1.432022988675925833e-02 5.009844832118168917e-02 7.950616720170855869e-03 2.841167312989048011e-01 2.492600613415446240e-03 8.396778446087507786e-02 1.025794956759542090e-02 7.319691736012913941e-04 1.695944907015929648e-01 6.933630471884633453e-03 1.360337233402399842e-02 4.743266547811367251e-01 1.000616476875368033e+00 5.847742514480838011e-02 5.393556582889702522e-01 1.667387146244418417e-01 1.064853602694259237e-02 2.887610326816039599e-04 4.454806346345119294e-01 1.588178038793980340e-02 5.114294640119573104e-02 2.679065497059069170e-02 4.980392313954056481e-03 6.232817370162181680e-02 4.122675280913050411e-02 4.806135230212200959e-02 2.249948370265549558e-01 1.831836439684220719e-01 1.176817164363613485e-02 1.023656260154877200e-02 3.187330370034435201e-01 5.213093590485325807e-03 3.641165599716803588e-03 1.776170412892582373e+00 4.118597842519361452e-02 3.592868356576611917e-03 2.908212964587914007e-02 1.707015330040592138e-01 2.107781343210287650e-01 1.937332803937272363e+00 7.544665695674975803e-01 2.329513044943908691e-04 2.496261831764831976e-02 1.408524982044196718e-02 8.821003550288217254e-02 2.862542248831128067e-01 2.911624002017644194e-02 1.823540071836381518e-02 3.625909872124373212e-01 1.653554308817062335e-01 5.594713691958026758e-02
6.076663907700023959e-01 4.241369181537752442e-01 1.721785372491277277e+00 1.381793712694328602e-01 1.076816897694544278e-02 2.967600849682979769e-01 5.201137443214635253e-02 4.077639313872229443e-01 1.953042059088182791e-01 2.251643208841201671e-02 1.574137253387560345e-02 1.333755046759594609e-01 8.655723890316965874e-02 4.018246563058578552e-02 2.613480016076795420e-02 7.351023319243204504e-04 3.697224178685482587e-01 1.058756265639091004e-01 1.588313130703740139e-01 1.123849221267673587e-01 3.098289817672910118e-01 1.853762517156288397e-02 1.574689859543877857e+00 1.728388257421375196e-01 2.697706216109048150e-01 1.807975854694548745e-01 7.913794320480246544e-03 3.649061198216301816e-01 2.053479499115493379e-01 6.837952130550619678e-01 2.113328578057918072e-01 3.348055936664455501e-02 8.455099097321559440e-03 2.561986089939532807e+00 5.984451732288739029e-02 1.693746818140392726e-02 1.510167048858750138e-02 6.686514552592960348e-01 2.656798704740988976e-02 2.363988846440390895e-03 5.076999850249654805e-02 7.600122044535899402e-02 5.256352202828942603e-03 5.922824242306969911e-01 3.543063670584632729e-02 1.792252083696746490e-02 3.024389122558995488e-02 2.716313116436259167e-01 4.890856769601374943e-01 2.807395313675655757e-01 3.446205967270620785e-01 7.069962540655202465e-01 8.757707011938845598e-01 5.127768211131055603e-02 1.192259025106539444e-01 7.695470318689749331e-03 4.958019049609493911e-02 4.641934838292790383e-02 4.092703978025770406e-02 1.136558168622876092e-01 1.641792748286355075e-01 6.710304770878087188e-01 5.799242036210068285e-01 3.163190718085089892e-01 1.821328609758980643e-01 2.689999437028867124e-01 3.370119770396638459e-01 2.611751680809173415e-01 1.621020967918706257e-01 5.580140022400626961e-05 3.488541814811134678e-01 2.087576408171712417e-02 3.222912919628677653e-01 8.916733150272726505e-02 3.846676405661607345e-02 7.733790183791894313e-02 3.207316414046494923e-01 7.645491420960597029e-03 4.052734480716217447e-01 7.237539089335429665e-01 3.138313539986158779e-02 2.935761408614436657e-02 3.463624019869697146e-01 4.947462825404681797e-02 8.525118401296102877e-02 4.433488146112418010e-02 1.105805453933123017e+00 4.697215589887111380e-05 6.044539992234676529e-01 3.601712271105845750e-04 4.277405333275306754e-02 2.849094658672421745e-02 1.039757459923395036e-02 2.975268510897532493e-04 3.650748553449041645e-02 7.141568522264749586e-01 5.818322389133294692e-01 5.432880737277107075e-01 3.135997114143341397e-02 5.416612174485836428e-01
9.191059804980150627e-02 1.577093738108895915e-01 9.588574202241431643e-02 6.021267334228567192e-01 4.626642019424837549e-01 6.634460025496667634e-02 7.470364622000673360e-03 1.733502915620434459e+00 9.714564270406708278e-04 5.172468471951764402e-01 4.781213464346231734e-02 1.785494683523534964e-02 2.780077192857471902e-01 3.323426705701678641e-01 6.554108816365727952e-02 6.716308835242097708e-02 5.504159156494914384e-02 1.079043522455113147e+00 3.865261813177169048e-02 2.123457469133030739e-01 6.074610248788577804e-01 2.299765443531900933e-02 5.065232374748499522e-01 8.612714191578781930e-01 1.262560465525374598e+00 2.579615327584828255e-01 2.302261221142070519e-02 4.377083191353438041e-01 1.951211676142280971e-02 4.403923702954919972e-01 6.356298902194145173e-01 9.466572165141712292e-02 1.690377113341073601e-01 1.880181326745554715e-01 1.279817732502727123e-01 9.027668674239265612e-02 6.252728155421434508e-02 8.717111998692241362e-03 3.747435802565739493e-01 5.767346207393149113e-03 1.026775238431943738e+00 8.648681944440644864e-02 4.164903577004016796e-03 6.265299296076838609e-02 6.014322557459211849e-01 8.575933343093039563e-02 7.648751648710741535e-02 1.644473650903774953e-01 3.925068387541371523e-02 6.372645837042711925e-02 1.475045592986365950e-01 7.947875515004063640e-01 9.648717293968284148e-02 3.502484626964267878e-01 1.935533570845461737e+00 4.079555240533647709e-01 3.856074812456141993e-03 1.954306928333060245e-01 1.242500261386399879e-01 4.446905927850394041e-02 4.916944902156257817e-04 1.627592986941725495e-01 9.198816588554819748e-03 3.635067380599388883e-03 6.227093886127560429e-01 3.005930231875504899e-01 8.675841903806772587e-03 2.683999082532132017e-04 1.478253461935873612e-02 3.228705215527503669e-01 2.492310578499310619e-02 7.862621650812295308e-04 1.526337141035475076e-01 1.187096049711553608e-02 1.344352468107154142e+00 6.141969534154427882e-03 1.186565005042345376e-02 6.541849674504434109e-01 7.059835019901843089e-02 8.717395715731092454e-02 5.657522378495299931e-02 1.239933208636061907e-01 5.002242486781539876e-02 4.383718820445070552e-02 1.715866763431981856e-01 4.954204387441019652e-01 3.682602526571401858e-01 1.896709817160036338e-01 4.456014520892178643e-01 6.356765589589350451e-01 4.469981131541152231e-02 7.556504852463341582e-03 2.868282744591959532e-01 4.361987296547573112e-01 3.000457829716813088e-02 6.691945538656394153e-03 1.579039586053906929e-02 1.360958235967617558e-01 8.997773762693324004e-03 3.985910415173516963e-01
3.586162451532510370e-02 2.298215280153350359e-01 2.488908464907771401e-02 4.030088721636375902e-03 1.006722156345837699e-01 4.908984474060191366e-02 2.614775058212577205e-02 9.695007121148930818e-01 7.302235812683965065e-03 6.564119851607738143e-01 5.201902880624553749e-01 1.074887664940745932e-02 1.142566519772120117e-03 1.152690109824725494e-02 1.080840723106222812e-01 1.341321865450086914e-01 6.291635941627171658e-01 1.160594442955570696e-02 7.067003117767580063e-03 3.237945953511723318e-01 1.433508042652141268e-01 4.851322015617011429e-02 1.213694167780164257e+00 7.765366863443505172e-03 2.035368401049675591e-01 9.718591106603990948e-01 1.161559888055081757e-01 3.256912171309744430e-03 1.615287735533510183e-01 7.718487054773358336e-02 1.860892375943774477e-02 2.559374166464120637e-01 7.055895628282868315e-02 3.699297297510177884e-01 1.442836674197840729e-01 6.859866744626278434e-01 1.498362314927776696e-02 3.943715442709300190e-02 2.387524355045979318e-02 3.512534506622133623e-01 1.356746577562306100e-01 3.272320248147969068e-01 3.328123309385883338e-03 5.608827629894964639e-01 2.025202453305013361e-01 5.636495151330685877e-02 3.061833490528572538e-03 2.302006202081186836e-01 2.079808797131451129e-02 3.586658727189691587e-01 1.196793167190798091e+00 8.220406126604665187e-02 2.135590555569044906e-03 6.441132576779737828e-01 1.068848395925343919e-01 6.566234279273057417e-02 1.610496697718586112e-01 4.325601567186088126e-02 1.083673734430970308e-03 1.844935631385059491e-03 5.025372435539624677e-02 2.270304730042303418e-02 4.793985599197586600e-02 4.947660048075433470e-02 6.455049105268380414e-04 8.814824363600202994e-02 7.405173836374071006e-02 8.826870568025624308e-02 1.567738050692771834e-01 2.904689948312083256e-02 7.633258583511542961e-02 4.627208764735332193e-03 1.614690619595857135e-02 9.499461420593392491e-01 9.235194699074830149e-01 7.834446792358322476e-02 3.034409668254774983e-01 1.268973240315022510e-01 1.298398250159112699e+00 4.306490843701114013e-01 1.864477326778902675e-04 1.258207002666839047e-02 1.174464437162112684e-01 1.940202251251690990e+00 2.562885373516592957e-01 2.766839504771646113e-02 1.945723685063895259e+00 7.030650023133830362e-02 9.175472010216806406e-04 5.307773720236987763e-02 6.505727416840718924e-02 6.002964838566219319e-01 5.476191755504811187e-02 2.738021138971372670e-01 6.263868481983538850e-01 1.543527678106252632e-01 2.092378206201352120e-01 4.795845225884742130e-02 4.941210986504591118e-01 4.447755045457740808e-01
5.252965944353148453e-01 6.821519504717167559e-02 4.027528318587596246e-02 8.224084837414086246e-02 1.121697474211825474e-01 3.221831194954363764e-02 2.221160739002059903e-01 4.287926899664620123e-02 8.794038596514685002e-01 4.955738338141406352e-02 1.784733120352081093e-01 1.510925794589291051e-03 6.145507313509134262e-01 4.798123323985935551e-01 4.113383425127332960e-02 1.158399713232283745e-01 2.945777320511055453e-01 8.101872847486714380e-02 7.537543319390963559e-01 3.939353531690580057e-03 3.575524645396019677e-03 2.033089193814250906e-01 2.388545058129923071e-01 7.905543586163315053e-03 2.095734223853985834e-02 7.841827625959348069e-02 1.026062274776740613e-01 1.354611650907641858e-02 2.810782648681537932e-01 1.575129156375961945e-02 3.235030138732877120e-02 2.036882988577535213e-03 2.741766002676746666e-02 7.501454006595762447e-01 7.731052045540836269e-03 7.536982787989672250e-01 1.889360456021996759e-01 1.406445808958610155e-01 1.987884693999715235e-01 7.832692585327731827e-01 2.056860376199662332e-01 5.838137722569218813e-01 1.398471049078532993e-03 1.473954260083919776e-01 1.228871522891489959e-02 1.212835098507223097e-01 8.492778573090681293e-02 1.307233068345599603e-01 3.741389724380107806e-02 5.853981249081697397e-03 9.167997369972087467e-04 1.704261882770153128e-02 6.069401692879574650e-01 4.073731243451742673e-02 7.563501753096404934e-02 3.225576323319307576e-02 4.920651030822353333e-01 1.814728895029966635e-02 1.979032495552671134e-01 3.319348485454581832e-01 6.729695582762474926e-01 2.485035696460618782e-01 7.819505284852702005e-04 1.649059657242512300e-01 7.931676052359717954e-02 1.843042356793095360e-01 5.572729228589953787e-02 2.602963743060585089e-02 4.920266067434413138e-02 5.025228810028560256e-01 6.277211490945196204e-02 3.050752650333780069e-01 6.228385526813248058e-02 4.818770329579138978e-02 1.426952291502400660e+00 2.666074705682298651e-01 5.633378891747411465e-01 3.211765278483535990e-01 3.448623028903850529e-01 1.308612046870383239e-02 1.019047075406459835e-01 1.311961717204687683e-01 2.471492009680958279e+00 3.985688723312053594e-01 2.149860428274483898e-02 6.723417612315004677e-01 9.811436411526327506e-01 3.555651106570369840e-02 2.651281462606502534e-02 5.663345711620059592e-02 2.745464454117739761e-01 1.595571004081665634e-01 7.016462098184049756e-01 7.156507409673600051e-03 4.222150783841176203e-02 1.379138011060512814e-01 2.290680213748929467e-02 1.549737842544402777e-01 5.352848617607564030e-01 5.385426308421908947e-01
2.401905816514629316e-04 4.382374031670221992e-02 4.748084086894511779e-01 1.085711904826525409e-01 1.103212229801495831e-02 1.148097366741467756e-02 7.840715143283613631e-02 5.760957310031561418e-01 1.628461518057801186e-03 1.209954831447294377e-01 1.548121775385304447e-02 8.144678878169941960e-02 1.100218493494500571e-01 1.753573599272874040e-01 1.144288743323459007e-01 8.276002905283187661e-02 3.381691907427707144e-02 1.784192104065870574e-02 4.132880031327645920e-02 2.729433646177219508e-01 5.838687183917420365e-01 1.893225160163418685e-01 7.716927913299258257e-02 7.821866594553761320e-02 3.532246765772035363e-03 6.536027710675307301e-01 2.145341011074915483e-01 2.649319031360473642e-01 1.268003242609418768e+00 1.662800505235818155e-02 1.743267419855191624e+00 3.390418007059781656e-03 2.018529557870037405e-01 1.133931585552832699e-03 2.959894292324083964e-01 1.534568544675311841e-01 1.624407438053113162e-02 2.636221564993991850e-01 3.435510151414639633e-03 2.530277825445734763e-01 1.708748300221097360e-01 1.615278390862036687e-02 7.625037197792321475e-01 2.430916269421166120e-01 1.977835110675073629e-02 1.718554442714801678e-01 1.442648586096985895e-02 5.139514294763348756e-01 2.287574517473879299e-01 1.745329653588612376e-02 1.168211572902442541e-01 3.004944781448044139e-03 4.328108170936262322e-02 8.053166966822856640e-03 2.457654693223623038e-02 5.267945142329703151e-03 9.275591211095415151e-03 8.916458966357272697e-02 5.180408913395127823e-02 1.311927371311377433e-01 2.397083074532016175e-02 5.537868372464323230e-02 7.532838760167691328e-02 4.921785277060021502e-02 1.078245524737868506e-02 1.366341990891838977e-02 1.939093942000891801e-01 3.266389519428469779e-01 6.572636998196879077e-01 3.350428118921218168e-01 4.983076206044123602e-01 4.997867406956023606e-01 5.606253481506427994e-01 2.897498555860238967e-01 8.195857263127513670e-02 1.464430912213824931e-01 5.611299897655341873e-01 6.504847243452770329e-03 2.315055887412497890e-02 5.241215418530582176e-02 4.166377230568832357e-02 2.958625264980827094e-03 5.089337207234250204e-01 8.052444739966804210e-01 1.923860798604667188e+00 2.418757781066746548e-01 5.850270580309232388e-02 7.568380195805203547e-02 6.474927700292994193e-02 1.819401575259859682e-01 4.666377971580439044e-02 4.740119202735517540e-02 4.451045207890061417e-02 1.284711992895705146e-01 2.307425445107653267e-02 8.473206720512731563e-03 2.344500219937364210e-02 7.237237764071122736e-01 2.577835794755666265e-01 1.036470880887769841e+00
