6.655906374741108245e+00 2.072944529596574270e+01 0.000000000000000000e+00 1.753668487059064773e+01 3.191312390047060177e+01 1.049609087524668283e+01 1.531103202413439224e+00 2.501588754996070207e+01 7.947699907719610657e+00 2.982441883411160077e+01 3.348317213113631396e+01 3.575383897744029582e+01 2.790582570842142118e+01 3.451288057495966655e+01 9.341424068896330368e+00 2.835880558834404042e+01 0.000000000000000000e+00 2.405133353803779173e+01 2.687223591434286263e+01 3.741082659067813410e+01 2.525366812128910610e+01 3.578838997362633734e+01 3.088214135734724408e+01 3.402533359366322685e+01 3.136540077976333762e+01 2.329302613976820524e+01 3.653173386298212222e+01 3.347810436538124890e+01 2.434806983343628417e+01 3.161106931417378263e+01 2.554551201853281217e-01 3.653402795750825049e+01 3.882836942985020556e+01 3.223469797435792117e+01 3.115601902288865688e+01 1.032961154915511592e+01 2.272988856488927212e+01 2.053562830834868791e+01 0.000000000000000000e+00 1.762477487935645470e+01 3.058564127136953914e+01 3.682412533661037912e+01 3.874867380284888441e+01 3.669698024747579268e+01 2.104583528885290988e+01 3.995481994720835672e+01 6.078693760474289220e+00 3.502483228414016025e+01 2.141195094374637975e+01 2.452876646140780181e+01 4.088162339897274222e+01 4.254024658350300570e+01 3.813165184858554824e+01 2.944558723873242556e+01 3.509500795569763909e+01 2.299057250270747943e+01 3.328764799361447757e+01 3.312471359830002626e+01 2.076324292725669807e+01 1.367282932297770870e+01 3.422318045715613977e+01 3.937857274947573671e+01 4.014962829860659355e+01 4.091443503487844424e+01 2.201264939546107868e+01 3.876203752977644967e+01 3.426051586136297544e+01 4.191357225336295755e+01 3.797754667510567117e+01 1.262851347383704237e+01 2.925393013574332457e+01 4.263785117931673341e+01 4.212587441762191531e+01 3.977695783228627846e+01 3.028714414210699601e+01 2.805577932238443850e+01 3.336594067981354783e+01 2.298026160359706083e+01 3.678909476372152909e+01 4.202927550131184375e+01 4.277653831969432474e+01 2.956742119482991882e+01 3.787234758852057581e+01 3.555023361458304265e+01 3.635967319459180658e+01 3.447607485248429526e+01 3.198797365541517124e+01 3.877493957465429020e+01 4.098095303934434241e+01 2.530908249351269745e+01 3.474696411095969495e+01 4.138610230102288057e+01 3.533222663491901727e+01 3.397190015953669473e+01 3.809860042432844551e+01 1.382396308931200402e+01 2.273881799678114746e+01 3.476165920007714760e+01 3.747263472245075633e+01 3.415144795077983275e+01
3.139961893540190729e+01 7.640053242332186301e+00 2.960717953506513211e+01 5.108593300826153261e+00 2.739787166474122415e+01 3.135914480904309798e+01 1.881313373854453275e+01 1.033934534570338393e+01 2.843985047218834339e+01 2.316522252739990861e+01 1.150346231835052890e+01 3.561481183865399203e+01 3.090757681724927508e+01 2.036720025453562855e+01 2.635929642031180720e+01 3.220194002241149178e+01 2.561009024260375710e+01 1.813973110079074402e+01 1.274903485713039153e+01 1.363935021651175461e+01 3.239173429201392906e+01 3.214814153736191571e+01 3.754832910502117471e+01 2.982505230483098302e+01 3.097532955277837630e+01 2.851454454365103075e+01 3.491056060843847320e+01 1.857888736120139228e+01 2.417814220769428957e+01 2.443949003714213219e+01 2.332698303347165947e+01 2.582544165574924122e+01 3.641156053069137499e+01 2.817329887762194929e+01 3.583647648540959807e+01 3.466727564181960730e+01 2.705370917025848243e+01 2.633478074557859827e+01 2.641975171631083441e+01 1.142811151311944329e+01 2.087895512253212615e+01 3.357439549365817300e+01 3.650912933719892095e+01 3.369323388482840897e+01 3.552335942457258255e+01 2.569364753574188853e+01 1.626094820982973843e+01 3.175676042177077463e+01 2.834104514515228246e+01 1.895655043573379572e+01 1.276764619107657595e+01 3.334864728706744330e+01 3.601495059746734739e+01 3.178632238867534099e+01 1.741060272384959973e+01 3.156719878265850454e+01 2.052438330834697311e+01 3.415990854276075339e+01 1.764431047213473391e+01 2.202316071468610659e+01 1.088948424457779041e+01 3.332994737458846402e+01 3.612369640429486850e+01 1.359360700955061496e+01 3.074065907215700477e+01 2.651587284538340583e+01 3.602515770758984814e+01 2.747726487210532653e+01 2.838319421104030837e+01 3.607279327411524861e+01 3.615483667960197067e+01 3.803378241190608833e+01 3.766803001847034693e+01 2.171244511629375751e+01 3.615801119106011896e+01 3.048184512558669468e+01 2.624128118318370539e+01 3.339087508942906624e+01 3.235444183497450865e+01 3.781109419099373525e+01 2.829137674603586561e+01 3.795513899050645534e+01 4.001290241220765864e+01 3.938574850536480199e+01 4.024057250454024626e+01 3.689128396965689660e+01 3.811819506946191893e+01 3.846068441388074888e+01 2.735815985060404643e+01 4.114748068099925149e+01 4.322015750658560052e+01 3.467910400751205202e+01 4.013054186162086978e+01 3.997406385714126742e+01 4.210456546472242678e+01 4.089395639388232695e+01 4.011919665156185744e+01 3.961690805504992596e+01 4.242896689379794850e+01 3.307257215812658302e+01
1.881301742329944915e+01 1.148290941454408731e+01 2.254473795776366885e+01 2.779618695840471787e+01 4.387279518889382501e+00 2.304528182559932858e+01 2.225710825132264503e+01 9.313497673284182099e+00 2.195447029933509242e+01 6.772806327615381150e+00 9.044786194089832421e+00 2.874325431532814434e+01 1.995083462430032029e+01 1.414008645186813018e+00 3.478438540950136115e+01 1.063033298379673575e+01 3.507712761833018078e+01 2.722155385838081187e+01 1.127618769785122588e+01 1.209652333212644670e+01 1.718034864361082370e+01 3.630152272991075790e+01 3.838217699184460230e+01 2.962922037927600272e+01 3.377989411081233584e+01 3.325077069252674988e+01 2.196743139656813071e+01 1.036435043919860099e+01 2.241280604892752493e+01 2.539933417637177371e+01 2.440689313707351005e+01 3.376187777408139112e+01 3.253334899763703447e+01 3.570903076610310478e+01 2.953705933693223074e+01 2.650559594611385705e+01 3.113565132874169805e+01 3.790494090965857765e+01 3.562989703120880591e+01 3.017907117423565921e+01 1.839377791177789589e+01 3.293155513391668165e+01 3.461039569750794698e+01 3.509785678446955615e+01 3.043570555205961270e+01 3.263167295850497851e+01 3.687021122617819202e+01 3.612490250391312685e+01 4.075167600716427785e+01 2.695044270620710236e+01 3.363589583739765487e+01 4.114892656896891765e+01 3.383060755766920380e+01 3.726384706805866642e+01 3.828805111659155358e+01 2.972121679081134360e+01 3.864609091454553891e+01 3.476173793655073752e+01 3.125535940005210733e+01 2.117543194546081864e+00 3.099069748085200970e+01 4.057587535627816067e+01 3.648847174967190199e+01 4.395541659167535187e+01 3.562950692777144468e+01 4.038220510481644254e+01 3.229088002719907280e+01 2.852889605542915774e+01 3.008872464971521055e+01 3.084912214346570281e+01 1.751941116196293535e+01 2.078377883114270475e+01 3.762360833163990037e+01 4.410525925878921072e+01 3.933455906073574226e+01 4.427263868593119867e+01 4.460063336134718526e+01 3.762960661935564843e+01 3.974814028295025281e+01 1.107299391201504513e+01 2.257719170060757108e+01 3.964835253945955884e+01 3.783371661143002740e+01 3.639215556888064640e+01 3.651869223981017853e+01 3.108202463236178659e+01 4.000889043098489140e+01 4.123496406102530898e+01 4.003487346727147411e+01 3.912587519533156666e+01 3.436188907111743873e+01 3.546697695161682162e+01 3.911075421347057812e+01 3.317921355375072778e+01 3.862749836998509778e+01 3.157723768304195389e+01 3.505634834716214954e+01 4.153244477399234569e+01 3.778216569480855469e+01 4.167765988381714237e+01
2.271550484273558368e+01 2.024729892097184347e+01 2.615531705920497885e+00 1.015940745102287934e+01 1.042249016708779052e+01 2.511133405061178436e+01 6.099037744205905831e+00 1.494099296655095621e+01 1.575972255571135516e+00 2.061644771956405719e+01 0.000000000000000000e+00 2.436216724114053278e+01 2.321869175083262604e+01 1.298262807963574872e+01 1.679063530968766216e+01 2.084441486313794201e+01 2.565771149340668700e+01 2.191560311282375650e+01 2.996966794377727084e+01 3.202378085624812343e+01 3.053988464341858133e+01 2.701940154135446548e+01 3.414216420475678149e+01 1.550551111391577663e+01 3.087973631597195734e+01 2.373698890399880668e+01 2.928152548027330937e+01 1.823024583505024054e+01 2.040376976759021233e+01 3.867196479344827242e+00 2.656059695185107472e+01 3.522889932904713106e+01 3.327537226159478934e+01 1.986767638192609553e+01 2.183286539479714605e+01 2.855528708980618902e+01 1.923539386750766411e+01 3.027390209882044658e+01 2.682387382490201233e+01 1.577343343890886196e+01 1.137017041587955113e+01 3.048078934105438975e+01 2.965434805114488270e+01 3.701944547508698946e+01 2.646830527853974857e+01 3.030870004121912942e+01 2.152323063345142984e+01 2.714549800381798050e+01 2.528725996406952703e+01 1.558097107653071234e+01 5.861806091361037474e+00 3.279867301900146259e+01 2.513872718556185148e+01 3.584339813722478851e+01 3.576930711557123033e+01 3.148556695419285134e+01 2.790650928416945931e+01 3.684391682292784509e+01 3.784691928647978187e+01 3.715338695346513020e+01 2.960661585349279790e+01 3.635890730343955823e+01 3.624144680055724166e+01 2.423814476897014103e+01 3.432471471878841385e+01 1.059751061109918346e+01 3.672725800050395861e+01 3.811569339695994785e+01 3.695963438659919831e+01 3.693498987036374359e+01 4.127470450660743495e+01 4.048189263824983897e+01 4.379686638636793816e+01 3.725758751840781002e+01 3.463341895817345062e+01 3.588505688961814855e+01 2.916800895893201329e+01 4.451428092339641296e+01 1.182910474161784364e+01 2.295219384022550102e+01 2.812871255998307518e+01 4.415052199431488589e+01 3.487298541588022971e+01 3.698849130417202247e+01 3.709870805148353412e+01 2.968130634602486850e+01 3.465039024716394778e+01 1.200204672167284059e+01 0.000000000000000000e+00 3.591481569770670745e+01 4.316290535348966984e+01 4.086672073187944676e+01 4.276171438907462630e+01 3.419607363665551247e+01 3.718910468103263867e+01 3.519141360975434196e+01 3.552960465850097194e+01 2.641004028807892823e+01 3.442546877354596546e+01 4.015617416270688977e+01
2.563503181008050547e+01 2.601774833464550696e+01 2.290509511329279846e+01 1.401070274163199336e+01 3.976673282751069571e+00 3.004083676858124274e+00 2.345875210096468422e+01 2.136276212133277141e+01 0.000000000000000000e+00 3.038104454473110749e+01 3.296433455944681867e+01 3.326033717406862422e+01 3.264014070834713266e+01 3.516516573260202705e+01 3.594108504844272289e+01 3.782641201403872344e+01 3.405793407266246930e+01 3.514056774246460435e+01 1.744749791959042540e+01 1.163361549866953304e+01 2.300622495576524074e+01 3.450190757368492456e+01 3.799694090012454240e+01 2.697003735134057578e+01 3.506734997988183977e+01 2.468307742339821687e+01 2.631211179904427411e+01 2.938064933213437158e+01 1.615043620074224506e+01 3.146841671867145962e+01 3.021352553929501639e+01 3.389506409809914089e+01 3.207044295364543274e+01 3.375276581672800091e+01 1.303327442154352944e+01 2.732205023013387191e+01 2.335448353634026830e+01 3.856637023502989337e+01 4.083842570641364489e+01 4.005546305511675342e+01 2.672267240381720654e+01 4.106227350084623140e+01 5.006736040705604962e-01 2.038715637166151851e+01 3.438907820702227980e+01 3.074540473415645536e+01 7.701653796128969276e+00 2.846078184790763643e+01 1.513139118069518041e+01 2.241006458807414781e+00 1.553960042805209829e+00 2.790900021987957658e+01 2.184895984578623285e+01 4.058442900045515245e+01 3.281118496044194188e+01 3.733188969696782067e+01 3.683379202820955811e+01 2.907432329214498168e+01 1.960331509289790830e+01 1.127703769387299815e+01 1.774078054694255968e+01 3.879919398745238368e+01 4.032923335273962806e+01 4.211469025944070665e+01 9.358966197320391700e+00 3.882819406224992775e+01 3.450793449284561376e+01 3.155810114102758135e+01 2.405072511983273387e+01 3.608174417959082803e+01 3.425019422546070302e+01 4.065710276558398562e+01 4.126416455593746235e+01 4.141265796620833584e+01 3.826107313759317208e+01 3.944111098309443264e+01 3.364666483962717081e+01 1.908840360809634262e+01 2.779119077126200565e+01 3.910731486114669053e+01 2.615564095242590525e+01 3.284334165204455047e+01 3.680418353520695973e+01 3.923978897797145748e+01 3.079199525294140116e+01 3.224754633527648906e+01 3.479767755781656291e+01 3.669705540501876584e+01 2.615588431970792982e+01 1.090081424418168021e+00 2.231456798239441497e+01 0.000000000000000000e+00 3.689192459823751591e+01 3.520748658715971402e+01 3.318305732523444362e+01 3.891046294036558351e+01 4.082499755873496383e+01 2.102690453534906823e+01 3.785380872791940732e+01 3.503477813232754556e+01
5.597798221731376422e+00 2.966701567606724765e+01 2.464157793341735569e+01 1.467981960997074076e+01 6.318898609930050370e+00 5.960560418635792779e+00 1.288697221154351702e+01 1.039473556014530592e-01 1.826691555816212897e+01 6.263144239297748328e+00 4.025163855801105939e+01 3.714251774117830962e+01 3.809665706500287996e+01 3.110502284051296940e+01 3.863783432160984432e+01 2.542574668433251261e+01 2.850900435905438712e+01 1.751750001301293125e+01 2.330003905431414779e+01 2.830297784963407182e+01 3.607229580275934921e+01 3.632483230502570848e+01 2.970125709475483333e+01 2.689872000091596149e+01 3.165678657388794193e+01 3.153517451148876205e+01 3.068046503809308945e+01 3.286546660112494322e+01 2.071478599615447180e+01 2.731150312160266580e+01 1.684397748108344217e+01 3.545562100476595191e+01 3.812029948066529528e+01 3.665610885981838862e+01 2.435591842828153020e+01 2.881875901457580724e+01 3.437816246863742720e+01 2.522448194209942485e-01 2.403116268507482189e+01 3.573051866553349498e+01 3.283454464058554123e+01 3.916991393658589260e+01 3.932777698721465498e+01 4.334450387197691867e+01 6.871833548349757237e+00 3.471225564182645940e+01 1.039150646999522820e+01 3.965391061870928979e+01 3.546911357319576297e+01 1.823374245026401397e+01 3.562206990994727107e+01 3.897438979906405621e+01 2.298078591693259298e+01 3.701306066286450402e+01 1.026465306370600672e+01 3.605673103350171971e+01 4.195591816043497602e+01 3.559958706780507498e+01 2.596635131204060087e+01 3.048634742030412070e+01 9.681320478082431791e+00 4.058591783559223387e+01 3.055031722617001222e+01 3.894232973858813551e+01 3.720082209987592137e+01 3.438364539034417788e+01 1.136843195033186404e+01 3.444744340754040479e+01 2.539780955192851053e+01 3.649144226208483133e+01 2.950875536413988698e+01 4.063320982477830512e+01 3.866397125191299722e+01 4.263897854246139474e+01 2.806889968202997565e+01 2.998982269155246172e+01 4.167865840545956502e+01 1.412830729647168226e+01 4.042981919775813893e+00 3.503261287930366308e+01 1.914963016364354687e+01 4.022542647016492623e+01 3.811295551503718571e+01 3.968549468141301872e+01 2.621547351449740404e+01 3.012134302336753677e+01 3.688629136144480469e+01 3.611057962357994455e+01 2.430865507054040009e+01 1.688121088576766482e+01 3.476315519307546253e+01 3.988372449048205226e+01 3.404259477603378059e+01 4.150666573675098903e+01 4.061605243139567989e+01 4.015244491700294560e+01 1.654480572339940991e+01 4.135198435544161555e+01 3.301483684939722707e+01 2.823661731811536413e+01
1.079003739422845554e+00 3.389377210414604491e+01 0.000000000000000000e+00 2.000505900209343046e+00 2.911836382286461600e+01 2.617103214354855822e+01 0.000000000000000000e+00 0.000000000000000000e+00 3.212088082284471824e+01 3.299460873354436785e+01 1.263223108801647676e+01 2.899702912758833051e+01 2.653520801804707574e+01 2.251086337946442839e+01 1.787153140867476964e+01 1.763915323311421801e+01 1.933220394072419879e+01 2.200490458960375761e+01 2.086264235677534629e+01 3.128716177752353644e+01 4.229928255338990084e+00 3.452844176528667219e+01 3.082531509699485639e+01 2.060690808000181562e+01 1.254120098774799175e+01 1.469472943492527151e+01 3.043162915008572611e+01 3.166642105511155947e+01 2.521166937048703360e+01 2.195120631461148619e+01 2.330204504492553141e+01 2.665517019343136340e+01 2.929863992648851934e+01 1.472599765700196528e+01 1.861164352368251329e+01 2.965602656960471961e+01 2.771425628923246265e+01 0.000000000000000000e+00 2.759379485302696366e+01 2.494572082572976868e+01 2.183795821306654261e+01 3.323650507508344987e+01 2.708982058019396533e+01 2.466094889538720736e+01 3.335038306841716604e+01 3.638108951540983327e+01 3.595107384379752347e+01 3.361972980779620457e+01 3.724993218581593624e+01 2.182823425857747424e+01 3.670170443589153564e+01 3.370508014517394457e+01 3.761428879631066025e+01 3.792297871997323000e+01 3.632136790018749650e+01 3.846527976079424604e+01 3.867197731970543373e+01 2.091800841343559725e+01 1.911349370119373603e+01 3.433716939733900375e+01 2.167314130024702834e+01 4.058997634291302603e+01 3.547221292711093810e+01 3.887432647791577267e+01 3.596413694055317478e+01 2.867102254813063311e+01 2.496583441580285267e+01 3.893054074113248220e+01 3.871520722264009606e+01 3.325256731569697877e+01 2.499335281332455239e+01 2.832976435584438946e+01 3.875242810106715297e+01 2.946166379506842148e+01 3.959804351176251913e+01 3.764765874539276780e+01 2.813658620734264559e+01 3.688117349066108375e+01 3.076518190475144721e+01 3.966596087810005145e+01 3.586583087433832162e+01 4.143699111548002634e+01 3.650181400301575252e+01 3.995189596089345940e+01 3.328307412028469514e+01 3.199541425216996515e+01 2.234259279859855951e+01 3.887380395404554889e+01 3.499661957407857216e+01 3.192506679194282171e+01 3.656944863383446176e+01 4.241640842625943719e+01 3.741948760277366404e+01 3.851031702369098753e+01 3.669107501195611576e+01 3.408773224898781962e+01 2.321028126388035773e+01 3.703289867528000201e+01 3.749371462379070152e+01 3.556309629122408467e+01
1.360343833195822505e+01 0.000000000000000000e+00 1.017754726086014472e+01 5.202628808081093403e+00 1.350000902656372581e+01 1.266370957226697591e+01 1.778825327212484098e+01 2.647601966348681657e+01 2.156329855118509720e+00 3.012760794141432275e+00 3.301818314952504352e+01 3.119553757477246236e+01 3.593296803380113147e+01 3.257383028185708440e+01 2.718775264815923975e+01 2.325395137528103007e+01 2.415968566249733129e+01 3.083235843245105201e+01 1.311481856620904196e+01 1.578035688018935545e+01 3.039856698903676957e+01 2.621173353200160605e+01 3.083370411036341707e+01 2.845389061700270616e+01 2.392952821338524316e+01 3.162129789787998746e+01 2.671029467227490173e+01 2.224994681115605388e+01 3.089179731215457281e+01 2.043576719678032205e+01 2.716917620878658113e+01 2.788484243820816744e+01 2.323100327215849958e+01 2.421697718383006048e+01 3.207465177605218543e+01 6.735711159126279490e+00 1.177197248269761687e+01 2.836573618748577275e+01 3.371069190838294816e+01 3.024111193649845575e+01 1.889164831844191994e+01 2.757700787896330041e+01 2.652257797189620447e+01 3.282609478539647796e+01 2.780234450853296124e+01 3.181993570503946955e+01 3.205258051093106531e+01 3.135286378580853039e+01 3.489072975388420872e+01 2.372562400982139152e+01 3.034678344192512256e+01 3.648824269811235155e+01 2.154699115382424424e+01 4.066076043267556628e+01 4.450451044280930546e+01 2.993326485099642298e+01 3.137934787238162926e+01 3.497294494804059184e+01 2.771351902952515545e+01 3.153232568271684499e+01 3.416373441959138546e+01 4.475148170796470026e+01 4.075334736776287059e+01 3.715454652698535654e+01 3.920766449674441390e+01 1.399408934570329954e+01 3.462800761507905634e+01 7.883654944310743318e+00 4.308737918065830286e+01 0.000000000000000000e+00 3.147456890040377786e+01 4.433107188613106331e+01 3.939530782904544282e+01 3.475322008167993459e+01 3.145294500160990481e+01 3.200751819551999233e+01 1.517307140667225163e+01 3.113148903243297738e+01 2.779873157807410422e+01 2.024969322555527640e+01 3.430450449758864551e+01 4.322377580544038267e+01 4.079779052817703189e+01 4.019757523209575822e+01 3.748516455854432650e+01 3.223652322897309119e+01 2.253134917832178274e+01 4.234179845966627198e+01 3.542171421609115356e+01 2.060927196367499548e+01 4.519361205971889461e+01 3.888378559153910885e+01 4.574026865910200002e+01 3.981150882847231998e+01 3.283763325770886610e+01 3.739595255502977977e+01 4.417630461048685930e+01 4.069058008258462422e+01 4.208679249527349953e+01 3.444752214401400181e+01
1.955016797322080890e+01 2.803503047212666033e+01 2.470267743692761897e+01 2.833117445450787741e+01 1.861489498214895377e+01 3.099737576538517203e+01 1.455080989798418223e+01 8.639500933047811415e+00 1.816969390792452899e+00 1.431759514739167649e+01 2.449743292384733095e+01 3.554079239561279735e+01 3.470125400910676916e+01 3.277364913612050401e+01 3.318406300473809978e+01 1.371274603089276667e+01 3.477125073413334633e+01 1.158369836387516827e+01 2.090826656429343799e+01 1.339777866292625141e+01 1.423434564228669430e+01 3.231123698455417781e+01 3.418349727446390318e+01 3.453399626560579350e+01 1.031205957867185496e+01 3.405907217259898800e+01 2.213532440025380055e+01 2.304546792999146376e+01 3.554952498632068369e+01 2.008720082817214703e+01 1.383354746550697278e+01 3.237755456890546668e+01 2.982364757456342375e+01 2.749290121997530889e+01 3.641638492916441550e+01 2.479665657602532391e+01 2.406656367728263390e+01 3.023634122198467722e+01 2.613095885741896396e+01 2.686291995794424281e+01 1.250724230457922737e+01 3.233629307781070139e+01 3.370813655192170444e+01 3.170712065409930247e+01 3.221010356315111522e+01 3.112540127145178204e+01 2.000758393764441934e+01 2.397879219334182466e+01 2.684706350584125545e+01 2.690097651667060319e+01 3.412698596000589646e+01 3.175727578777976490e+01 3.324724186693741501e+01 3.602219435303815231e+01 3.659365652053452322e+01 3.616431726680901448e+01 3.705927539393456271e+01 2.967663763103370300e+01 3.487044437514146011e+01 1.892634426131798975e+01 2.650847340633071880e+01 3.155122959424104678e+01 3.724911618963503201e+01 3.245911839768938023e+01 3.550971654105681807e+01 3.711138462373244096e+01 3.097013294552105833e+01 3.061683523063590684e+01 2.045602215461281403e+01 3.368051436541208687e+01 1.916830502360819821e+01 2.808978453165123668e+01 3.502805690062696442e+01 3.347489048568629499e+01 8.577692801275185630e+00 3.826489543549318739e+01 3.642152069460122732e+01 3.625960987344352304e+01 2.616499090866539490e+01 3.409774609685695168e+01 2.456326019470395750e+01 3.295130009413611560e+01 3.224231393871299645e+01 3.562341916679024934e+01 2.992330289762125872e+01 2.915473470526990241e+01 1.117541395897527323e+01 3.617835741162337371e+01 3.130086908179042382e+01 2.471838536340996129e+01 3.387173662833110654e+01 3.857992006634958670e+01 3.275418691141989314e+01 2.885237054147462743e+01 3.804338826168476828e+01 3.587444178140520279e+01 3.073762413899295254e+01 3.844299733876665925e+01 3.765647365150486792e+01 2.017466631354511719e+01
1.672668697740548049e+00 4.230194885670030658e+00 2.835539844639571783e+01 9.489724216913835164e+00 2.134583735844031338e+01 7.751886771550372757e+00 1.935193279575584668e+01 3.331875247961539799e+01 6.989307024855563100e+00 6.054074296753160667e+00 3.185273302522269745e+01 3.359681033611862233e+01 3.382201096632480386e+01 2.917699207478316126e+01 1.951577266051664949e+01 1.957263292070991056e+01 3.103640758270493194e+01 3.729029178639496678e+00 5.928286964421772609e+00 2.977842241780923871e+01 1.338053984887206482e+01 3.422862043169547519e+01 3.174735499210670397e+01 3.213754432380206083e+01 3.138759730745609033e+01 1.682005054043689185e+01 2.324637656862806168e+01 9.702041591627919459e+00 2.319093535442483045e+01 3.007660281171208894e+01 1.965092381744367245e+01 3.348074919510793990e+01 2.897016925330034098e+01 2.219102150799621498e+01 3.126909175683332265e+01 2.573690964905210876e+01 1.431569384050087201e+01 1.982608383974916322e+01 2.444532369404944916e+01 2.400276029169048186e+01 3.056422495055150890e+01 3.439563480791443340e+01 3.294355528827878743e+01 1.721161597095486329e+01 2.999057784591285625e+01 1.972281200730185802e+01 2.719960427690070048e+01 1.985752832415879254e+01 3.530473328991164550e+01 2.394428056539258165e+01 2.934518928757136180e+01 3.452781903135914376e+01 3.324367009418066488e+01 3.555486832973333833e+01 3.489378616063196858e+01 3.537733547642811516e+01 3.318735562090664359e+01 3.701113161926140549e+01 3.791397413053837795e+01 3.642277332031752479e+01 3.394340471395628356e+01 3.405426924770964803e+01 2.914007898438924826e+01 3.322461228863988225e+01 3.649532182287472892e+01 3.317504767851139036e+01 3.492869147094918958e+01 3.003400995842743271e+01 2.778138450136872351e+01 3.172020522443866142e+01 3.716275659382301910e+01 3.067094150371862682e+01 0.000000000000000000e+00 1.916336252042475863e+01 2.996393628639256690e+01 1.790473135855252096e+01 3.634425516148952084e+01 3.643040360039506709e+01 3.725797762184517126e+01 3.578201947712631892e+01 2.974126238120268440e+01 2.803416258145179896e+01 3.457386555269015815e+01 3.370176963435230988e+01 3.054607261445708133e+01 2.473037478098021680e+01 3.309069586277606589e+01 2.352416958426555027e+01 2.991827450010298506e+01 1.498512654946665634e+01 3.217868771018643059e+01 1.472080373394261166e+01 1.449278648534007807e+01 3.685893401580091222e+01 3.429876747180801289e+01 3.985734061396625805e+01 3.771437001211203466e+01 3.815380900804150599e+01 3.704165989743282950e+01 3.703156015522887401e+01
7.833774493555211826e+00 0.000000000000000000e+00 2.378506467899021715e+01 5.182625270124512795e+00 1.795366428742693898e+01 1.923473713373926230e+01 1.202718781453154051e+01 1.074887790265630194e+01 2.642269359727881906e+01 3.101290832426723298e+01 3.314683854738041902e+01 3.234894459754528384e+01 2.842323170786372444e+01 2.656366230592538002e+01 3.300635836276321555e+01 2.632637025862632996e+01 1.730201617943458459e+01 2.780155356486638851e+01 2.952535444434610667e+01 2.190114423312709135e+01 2.703391231554509133e+01 2.724873941535503619e+01 3.129139207351399676e+01 2.689717390288899068e+01 3.095712711165529640e+01 1.828169833107972408e+01 3.174458132087776718e+01 3.251733328312154470e+01 2.774391667672902528e+01 1.247384640825014124e+01 3.046463762717541712e+01 3.573225086795260097e+01 2.322781623444318200e+01 3.243795975987584512e+01 2.317095955318054123e+01 1.846959397798932301e+01 3.416423904880852014e+00 1.847801878066406189e+01 3.258183992858013767e+01 1.787698927786719594e+01 9.595091513237974823e+00 1.328875996263911041e+01 2.336148571409435704e+01 1.087375394977908449e+01 3.349725164418747170e+01 3.664438786204448206e+01 3.423022379261233539e+01 3.964771191087893953e+01 1.642194819314516963e+01 3.742770124854193625e+01 2.294316777720693779e+01 3.750791582048287154e+01 3.118547720080530539e+01 3.653287912077987443e+01 3.754561627561273696e+01 3.815410605928279608e+01 3.652930019016189078e+01 2.811764829597757043e+01 1.280423628298221495e+01 3.310410611580166318e+01 2.090238280235746871e+01 4.085817424556369559e+01 3.131163808401994331e+01 2.926687691725388873e+01 3.357954557481745184e+01 2.126676804429714096e+01 3.594254525213486318e+01 3.654776747215070287e+01 3.285236413613249340e+01 2.850405290854440210e+01 3.588992065632799466e+01 4.345177158045920862e+01 4.172110810151949778e+01 3.575443307992287600e+01 3.340425671100971527e+01 3.744728873581417616e+01 3.417701583111472985e+01 2.882749339474900196e+01 3.389927292050589358e+01 3.883575634264573040e+01 1.561706101288248760e+01 3.582355654587866667e+01 3.750662382652977556e+01 3.334556224887473519e+01 3.890942505048636235e+01 3.674648401578377843e+01 3.557254824698618734e+01 3.244148142760393938e+01 3.160821332754062851e+01 3.421631606823083871e+01 3.064758182357503102e+01 4.195561753026306206e+01 4.036674412454674155e+01 3.773456233865871923e+01 3.838153636326398299e+01 3.453649435917714783e+01 4.216183909140205799e+01 4.013714856754167215e+01 1.530427321366232540e+01 1.366882360488352788e+01
2.022249156339327314e+01 1.832807232456228164e+01 1.650906115385226913e+00 3.105042983286620384e+01 1.310189325828218365e+01 2.124986654445369894e+01 1.315664731780675822e+01 2.335641436940867166e+01 2.654239451072799483e+01 0.000000000000000000e+00 0.000000000000000000e+00 3.272758829906701550e+01 2.980977385002280045e+01 3.217088206250860338e+01 3.405055431772817798e+01 2.703552104485787666e+01 2.038188997525715251e+01 1.203451478023921339e+01 1.006075512327073795e+01 1.280894078727955687e+01 1.388487290949951714e+01 3.311468901363905104e+01 3.155857355986915636e+01 3.192854193357288750e+01 1.926155406085983657e+01 2.441752613993955023e+01 2.367081984526816285e+01 3.881722463990579541e+01 3.843074665926129541e+01 1.446906891213468072e+01 3.732988549582174898e+01 3.619243692467453144e+01 3.870303527960832213e+01 3.563879067379450305e+01 2.752625685333494232e+01 1.521298543038934525e+01 3.745713795287488068e+01 3.296911958968306777e+01 3.661056696770450714e+01 2.806593453801297500e+01 7.168564027985996567e+00 3.674934000241693610e+01 3.799364828395599147e+01 3.815044839219121542e+01 3.973073952228560302e+01 3.045613408802708122e+01 4.037609229132092281e+01 1.357538756850710193e+01 3.380453146918655705e+01 3.768531625335522506e+01 1.838332743437337413e+01 3.953959599584018747e+01 2.758610552059422005e+01 3.508997597924874867e+01 3.783131157005474421e+01 3.178426092463938346e+01 3.349656091057820362e+01 3.168543949241554003e+01 3.057665099765715766e+01 3.623685861150497800e+01 3.043205504282926910e+01 3.921470783220060952e+01 4.257850893073990051e+01 3.655278513287711917e+01 3.257636774366523014e+01 3.596258368466497046e+01 2.174946915353682542e+01 3.738442481950924901e+01 2.420107957402496268e+01 3.601167229702127059e+01 3.770716204584741149e+01 3.486151852218020508e+01 3.601233797811622139e+01 3.712722497064765292e+01 3.422955095365615108e+01 2.014180994100669508e+01 4.072785106604033700e+01 3.094879536117662511e+01 3.756604481158020548e+01 3.384442938771586995e+01 3.166338254301689048e+01 4.274323279136334008e+01 3.736438280804852496e+01 0.000000000000000000e+00 3.777136806113409051e+01 3.817138155737581684e+01 3.724862945507098999e+01 1.905456124017266362e+01 5.270964014568272127e+00 2.909250247021904556e+01 2.060567155947330065e+01 3.692849053236147938e+01 3.458450571341743540e+01 4.150106828926445957e+01 1.862604156155867230e+01 2.665188473512405309e+01 2.560410627061048672e+01 3.369126905191913579e+01 3.538087861773992415e+01 3.785702976547559473e+01
1.981659609468088235e+01 1.049768081517372309e+01 3.102948593088974505e+01 1.537651750711700060e+01 1.323079828654816659e+01 5.351717662933536346e+00 6.030894457873117176e+00 2.595349579326079592e+01 1.726614992624643108e+01 8.346977038986688413e+00 3.313093020078347273e+00 2.288382194969948813e+01 1.696472523173837743e+01 2.558428973177869281e+01 3.097243061897780692e+01 1.916464914598192593e+01 3.104210524024876605e+01 2.356961126632212356e+01 2.612559761935321845e+01 3.064929255241042583e+01 2.584059663745110313e+01 3.223275819396297237e+01 1.824148904558664697e+01 3.127687593092744223e+01 3.492979736051015038e+01 2.967753236368820069e+01 1.623390223114961728e+01 1.745435515065448584e+00 2.417514127437110716e+01 2.233314442176707360e+01 3.041212039928708322e+01 3.268711775163882294e+01 3.131350986473315245e+01 3.159328918686362542e+01 2.165555443519024337e+01 3.305602676187962885e+01 1.863401720844085574e+01 1.967829368934472356e+01 8.941380151744350968e+00 2.476854407602104047e+01 3.397783760543192955e+01 3.766035321229476551e+01 3.628024956631745113e+01 3.111449984878939645e+01 1.617042631770900840e+01 3.160066536286729288e+01 2.345379170312815731e+01 2.185943895463569575e+01 1.817911723224168696e+01 1.740114718915688030e+01 1.280880299845076564e+01 3.835991604340072314e+01 3.682968699479072683e+01 2.287324620972333733e+01 3.718015735448766890e+01 2.823761941868839997e+01 1.069506689134956723e+01 3.463351916823075527e+01 2.988902747909279967e+01 2.090033207511336144e+01 1.316931852165973993e+01 3.409110360162996756e+01 3.195852979322099685e+01 4.116103051231894483e+01 4.031499994567189304e+01 3.838455340177494435e+01 4.145680765431181669e+01 4.349375959446943085e+01 3.958920355313609463e+01 4.221207654048673419e+01 3.617079155229695431e+01 3.750266910819690480e+01 3.672046876912163782e+01 4.101960906894921521e+01 3.916473880291228227e+01 3.991344750926442941e+01 3.721961864348158855e+01 3.137188938097374802e+01 2.705775336185680757e+01 3.089811770362593535e+01 3.683309771566967328e+01 4.110024595470306252e+01 4.078410111856322828e+01 1.633624175217093821e+01 2.437581370358691757e+01 4.175997886696145400e+01 2.335646626390263236e+01 3.411486054307216165e+01 2.231757786304414282e+01 3.850981955233508813e+01 3.674735011699333143e+01 4.256836624136852265e+01 3.821674450295879666e+01 1.784529426831430854e+01 2.548974870057396558e+01 2.587599047179768164e+01 3.891789280032852361e+01 4.402307269607776874e+01 3.952110008240642713e+01 3.000334389142721392e+01
8.618954292369950920e+00 2.323768513562227866e+01 1.578780105587476790e+01 1.061075891751431399e+01 1.995214988130242872e+01 1.511351621172364723e+01 1.052126596794625435e+01 4.365373779309342228e-01 2.907703075315748897e+00 1.054987772877174734e+01 2.128929025467612846e+01 1.701538320517066794e+01 2.866165648670336452e+01 2.455035814982611697e+01 2.701366451557383286e+01 2.687820557061366245e+01 2.922799362555477742e+01 3.178736385748517534e+01 2.958184249575509739e+01 3.670769198681542633e+01 3.297815638949348482e+01 2.924483965197363844e+01 3.344126285359969586e+01 2.564414018850328247e+01 3.426896213762142196e+01 3.107712149741514551e+01 3.173930239821623545e+01 3.421849921590781207e+01 2.800589976636155853e+01 2.977326696825402763e+01 1.838631226250877759e+01 3.431421413635523976e+01 2.897666680183729682e+01 2.741324854014140300e+01 3.296360803653136884e+01 2.627878121819896506e+01 2.783257573546309516e+01 3.512912232234828735e+01 2.618341882241740848e+01 4.585824273852799671e+00 3.055557825417845308e+01 3.368735370182306355e+01 2.951729469259440108e+01 3.204817842627093682e+01 1.377973824366554645e+01 3.745408512505773757e+01 3.650662408576632600e+01 3.266050124463286153e+01 3.516538404736972723e+01 3.376528491602971371e+01 4.489632460900522481e+00 1.340465647284136708e+01 1.971280710675927494e+01 2.902935044999936665e+01 3.151805648634293178e+01 1.685048576641224827e+01 0.000000000000000000e+00 3.127459257319316777e+01 1.112926364865633744e+01 3.430193840433555152e+01 1.218053425472040630e+01 3.491523827075617703e+01 2.914355591548462243e+01 3.635882856696596122e+01 3.406395741289254175e+01 3.839263462711035402e+01 3.696250468895482300e+01 2.721327937079202641e+01 2.588610810865472800e+01 3.756804185486504366e+01 3.752300459196830218e+01 3.393405654718210229e+01 3.392382796347590102e+01 3.552730340611360305e+01 2.759783188676405175e+01 3.089610276568800984e+01 3.546871631189716823e+01 3.749434451557946346e+01 3.649733676081265088e+01 1.685640173872378256e+01 1.293668713675796589e+01 3.475332744959847275e+01 3.400607536800784203e+01 3.223549965481635127e+01 3.401996877666686458e+01 2.560130038900598493e+01 3.238422569557739195e+01 2.876679294200264181e+01 2.389808551844092221e+01 3.238191370639817279e+01 3.799693016333268503e+01 3.902778028602318017e+01 3.696553604318825847e+01 3.403045862230818841e+01 3.567457640104374406e+01 2.839252985155732745e+01 3.609227697239956711e+01 3.569848007864128192e+01 3.557064067696680354e+01 3.289111679686405409e+01
2.206822303009717245e+01 5.019764242887729822e+00 2.598269449870763736e+01 2.842824757912483236e+01 1.480945026641951934e+01 3.307364941624259558e+01 2.219597116904089162e+01 2.756980886002521913e+01 2.293060930966842292e+01 3.014137429803640700e+01 1.130686181744533503e+00 3.832395136962058046e+01 3.078691317146386197e+01 2.836206241520640958e+01 2.291533085486024035e+01 4.192156221596761156e+00 1.611194122301518306e+01 2.762797542989404320e+01 8.378804468972441910e+00 3.390121985876207589e+01 1.834011542609180623e+01 2.190335243331838910e+01 3.922147916892983943e+01 3.719903979242816661e+01 3.476701328028165250e+01 3.253896076084603806e+01 7.900466076156080319e+00 3.109836602956351470e+01 3.097578049803624012e+01 3.064976139232138408e+01 2.141796712611521514e+01 3.304645670140713776e+01 3.465526832959626091e+01 1.825520529718007978e+01 2.053567841337734023e+01 3.748226204581314391e+01 3.022773389384841991e+01 2.515653236538633664e+01 3.922359073799444928e+01 1.989571730331801902e+01 3.306170294583975533e+01 3.472337537925654516e+01 3.642930128976473014e+01 2.763379119214827284e+01 3.273388005909343690e+01 2.264084119218315294e+01 3.184135202585750335e+01 3.668468662080300646e+01 3.193995872224426336e+01 1.267483736229095115e+01 3.355779999238257005e+01 3.405313830563436284e+01 3.340382723933555553e+01 2.971650154972214608e+01 3.729814038124020925e+01 3.847840012043978675e+01 3.551830955347060126e+01 2.842070677231273379e+01 3.225466840720628170e+01 3.323170930805535050e+01 3.918604775581177080e+01 4.104457926787090116e+01 3.211016550457446073e+01 4.387730285200718328e+01 3.687106659059588765e+01 3.538057082970677669e+01 3.354153733165443896e+01 3.410589890080472486e+01 1.109389576155674106e+01 3.767950407003161217e+01 3.622936433079091501e+01 3.722801123578076954e+01 3.608389153796161963e+01 1.063676611158256691e+01 4.172267925206080008e+01 3.823318611021782232e+01 3.332468992551063991e+01 2.311845664101467790e+01 3.164121106783846216e+01 4.178752231699747632e+00 3.776383083325261225e+01 2.018163449145833965e+01 6.957082333571213084e+00 1.588298271566011799e+01 3.614707755802217548e+01 3.389911544755869954e+01 4.085278437605300894e+01 3.806144396665251151e+01 3.694895485763512966e+01 3.496627382136866657e+01 3.456260623696597634e+01 3.774543512987615657e+01 3.947401925012681545e+01 3.575154846184478430e+01 3.888631947441664494e+01 3.954812816643346451e+01 3.757696412889568194e+01 3.550564729694416854e+01 3.575220698507849448e+01 1.796837548173217058e+01
5.015070475382240822e+00 1.586584679586119861e+01 2.460111454385040020e+01 4.806405399363812947e+00 1.589624086413444815e+01 1.138127583758716277e+01 1.179336911939724963e+01 1.239139947833624156e+01 2.754040078713722295e+01 5.903437107042110998e-01 3.102632215622344702e+01 2.931816120354432798e+01 3.145585825113294476e+01 2.259881738886675606e+01 2.883153221795139842e+01 3.552094722533605875e+01 2.817284614289877354e+01 3.262681634965637301e+01 3.150556601848616012e+01 2.879471754814948170e+01 3.498706025039793133e+01 3.436623747181829458e+01 3.458667812430255140e+01 1.588361081798357333e+01 2.348164830959325400e+01 0.000000000000000000e+00 3.602647475405726851e+01 1.617117968260409455e+01 3.232058515132835907e+01 2.980819196268965143e+01 1.109746663958083701e+01 3.361572140550406118e+01 3.393380602203884422e+01 3.662366943269695696e+01 2.983805992816205688e+01 2.333759456275398847e+01 1.692626604331749363e+01 2.388333137696827180e+01 1.812887620422639401e+01 2.548015000865652624e+01 2.326686773588134116e+01 3.702347177203222373e+01 3.531633618297515653e+01 3.270949680479309052e+01 3.450128483975739613e+01 2.337108261654648800e+01 2.419463391998197110e+01 2.634792615773846602e+00 3.582010645676292881e+01 2.982852744646104881e+01 7.128367268750081642e+00 3.905032039105525854e+01 3.795865707930393995e+01 3.489790193084265013e+01 3.755280276829365249e+01 3.085398591017554537e+01 3.258074477581103423e+01 2.255542643405428649e+01 3.066065565712253616e+01 2.949175723316976061e+01 2.918954338446043906e+01 3.819610123115425182e+01 3.618476369742956678e+01 3.479005443560024702e+01 3.867990107209365647e+01 4.073550281970159403e+01 3.100464457347030134e+01 2.856326094722306053e+01 2.156279213250265414e+01 3.589363916524008147e+01 3.491821236209972312e+01 2.650789004063998533e+01 3.595156773622280610e+01 3.619401165414645050e+01 3.219890508924743955e+01 3.227396242216784827e+01 1.118391034026237207e+01 3.241490428883477648e+01 2.091362064449794644e+01 3.102237101682118947e+01 3.714425710145864912e+01 3.622979380246507475e+01 3.380876176517701737e+01 3.403085588360678315e+01 3.109021322561574152e+01 2.989843290875687032e+01 3.479908049861881381e+01 1.093317493482951441e+01 3.448408807813797239e+01 3.386517286957771944e+01 2.667204127236455236e+01 3.603006800039772628e+01 3.104149682204370819e+01 3.796256885046939544e+01 3.726719336818648287e+01 3.736913204897859231e+01 3.767310494208665261e+01 3.821387062167255522e+01 3.317831882109622654e+01 3.929802891591795344e+01
2.193723774840948693e+01 2.262886609033536800e+01 2.800805786152420396e+01 2.778089955626998631e+01 1.650117855916615417e+00 2.609636312460019525e+01 1.770207083337841780e+01 3.146470536762060632e+01 1.927904071585931689e+01 2.668715151743369063e+01 0.000000000000000000e+00 3.242425603453957450e+01 1.515016088232121128e+01 2.346328302712705494e+01 1.843684318390412713e+01 1.906288404332478947e+01 3.206398298387996704e+01 3.781143418940244771e+01 3.938396977684766398e+01 4.028916006661003024e+01 3.686019022044782645e+01 4.181645439211327897e+01 4.045776348802337452e+01 2.507341528071421877e+01 3.673643437860847172e+01 3.671651762971937671e+01 1.358475184046906215e+01 2.915496912522538153e+01 1.551296781585835127e+01 2.583322761930866918e+01 2.468667961706522007e+01 3.953409875841095555e+01 4.084405894320635610e+01 3.217501572737237581e+01 3.697285137737141980e+01 3.042204477389076089e+01 2.554941305290641651e+01 1.199259745010870226e+01 8.894131109725693207e+00 3.069262982326362632e+01 3.359583686699053118e+01 2.676439915589231333e+01 4.257100033430336339e+01 3.671434163990364397e+01 3.957803728960797685e+01 1.866631705726818424e+01 2.879862752984963237e+01 2.686767277780493046e+01 3.943512701110115870e+01 1.538905450107180783e+01 3.610483543993807842e+01 3.720087578383519400e+01 3.804735371680949640e+01 4.344746612692577514e+01 3.797482310890538315e+01 7.839133942155646295e+00 3.728052130580786638e+01 3.680064755175638425e+01 0.000000000000000000e+00 1.702265022379048887e+01 2.074445533097757988e+01 4.416976948317842044e+01 3.510363317848698728e+01 3.675926437702060667e+01 3.985964544528424369e+01 4.182331878103857292e+01 3.247049223919334082e+01 3.662979656191495081e+01 4.029407035941790838e+01 2.925048541502351185e+01 3.383537111432174527e+01 4.299651371119824717e+01 4.007059477376959933e+01 3.910031805178852693e+01 3.983898785775722473e+01 3.073143974688506930e+01 3.417493647242567789e+01 2.672744669726160183e+01 4.257281843105729990e+01 1.030733270605814944e+01 3.891132904157513650e+01 3.805930734507357016e+01 3.779818856718527798e+01 3.847959190433557097e+01 4.095376390343949424e+01 3.934138408142423771e+01 3.389492094087442098e+01 3.589701051788222230e+01 3.031059687444666295e+01 9.594139517693591301e+00 2.372511043327770963e+01 2.397780082956064263e+01 3.918588312500335036e+01 3.456205150272018756e+01 3.869479658132571842e+01 3.622387783015354046e+01 2.182798194396890423e+01 3.655889078851140539e+01 3.577207720786955036e+01 6.360268363676009784e+00
2.439512919213218822e+01 2.594455204564644646e+01 2.711364552131790262e+01 3.501612116701598154e+01 4.454707466464902232e+00 1.367708735568045952e+01 4.810109592553428737e-01 2.559559736306622213e+01 2.932721589800783235e+00 1.293997527926324054e+01 1.742194793390861918e+01 2.196466309373511550e+01 2.866242416732092124e+01 3.508068865429507355e+01 1.116402401228353192e+01 3.509865488599736949e+01 3.708804999610317310e+01 3.710963094772962734e+01 3.753560958560485261e+01 4.349470801108319762e+01 4.014140391604645686e+01 3.898766047379555033e+01 4.189072793922834848e+01 2.295284162666735739e+01 3.750390741819072815e+01 2.066460580995968144e+01 2.141611145058978849e+01 1.843572476808600591e+00 2.455995326281293600e+01 1.731774200057001423e+01 2.346465733648436469e+01 4.192323536603151979e+01 1.929423327633266894e+01 2.503822186648224957e+01 2.655280204096509777e+01 2.314374536476137223e+01 1.770821764671481091e+01 3.463758483341278804e+01 3.461040643429980435e+01 2.261747793310893684e+01 4.893716095987556081e+00 3.987584726419186865e+01 3.908976736432670407e+01 1.819892840267755219e+01 3.654426727800630914e+01 2.830011470513968064e+01 2.758867161384731759e+01 1.385273769148061618e+01 3.019954623630115975e+01 0.000000000000000000e+00 2.659563110367054151e+01 3.899832568703715197e+01 3.662728415262112236e+01 3.498566446745691394e+01 3.976075959230927737e+01 3.926738969089736742e+01 1.058424709422892462e+01 2.731566720737669129e+01 2.991259652667755020e+01 1.886567244001657428e+01 2.248095246682460768e+01 2.798646617310589235e+01 2.956157322220013128e+01 3.139242170592913439e+01 3.325807171098743709e+01 3.696047543529442692e+01 9.281410770828625090e+00 4.263348846289340344e+01 3.622844454562209648e+01 1.219551923721791553e+00 3.226044480122371283e+01 4.013385595137312833e+01 3.761421005983707033e+01 3.795812023971124205e+01 3.944023772402364614e+01 3.878478521278437086e+01 8.196698637070090498e+00 1.732024009414137211e+01 0.000000000000000000e+00 2.117054491570195651e+01 3.028240563796878249e+01 3.880035713990322677e+01 3.116508445414401862e+01 4.226766806977592239e+01 3.977249848473626770e+01 3.091065111865012582e+01 9.103280236110203205e+00 3.988569290232194930e+01 2.055395780150870522e+01 2.914360602051327476e+01 2.491045583288543952e+01 3.260871769752121452e+01 4.100760891458710233e+01 9.636882686064202730e+00 4.024142429002732513e+01 2.723060497391369950e+01 2.570293486069556366e+01 4.541512639138854723e+01 3.473498185125067295e+01 7.063466046190860936e+00
1.969324646146667135e+01 1.303257026694444143e+01 5.786921441842943992e+00 1.213122374866578923e+01 1.972509357557082410e+01 7.464372485621775688e+00 3.659748239736515085e+00 2.697321723119465986e+01 7.827922941994803985e+00 8.361099499205263186e+00 3.186947168372302031e+01 2.906650690767530065e+01 3.094556716575920063e+01 8.435743465639296446e+00 3.155887419004106675e+01 3.248135787254954465e+01 3.219899456251288683e+01 3.258954178727004347e+01 3.332632907573367476e+01 2.060450482809183725e+01 2.753952573860112807e+01 3.064908855336520332e+01 1.773829855855898785e+01 2.263292638712147564e+01 3.096306813648115508e+01 2.962915237959425951e+01 2.978457638900686710e-01 2.850485995739876088e+01 2.327287139199301436e+01 2.536719895835287275e+01 1.324379248888942051e+01 3.346318022470424580e+01 3.022038277035907683e+01 3.133161925366016121e+01 3.220152844539042292e+01 3.011204854055262814e+01 2.579774789062726015e+01 9.591184215735788499e+00 3.110933187297702318e+01 9.720738819908934403e+00 2.903558136820527835e+01 3.110047401969750780e+01 3.587564430209284438e+01 3.202175876044896086e+01 2.871499150023790747e+01 3.269892464374756003e+01 1.710334795136484587e+01 3.572553679411325334e+01 3.338288691628971350e+01 2.901604040703107401e+01 1.704427770151497867e+01 2.734159655970400493e+01 2.002357102071496531e+00 2.762279134889389098e+01 1.330612582873023619e+01 3.657598376114290772e+01 3.221166397690056016e+01 3.740865775872363486e+01 3.360296609678155733e+01 2.219853010443275210e+01 2.328703858884431455e+01 3.892823590981450366e+01 3.774122630746940388e+01 2.311440171262450249e+01 1.681559656128280977e+01 3.803594766492997081e+01 3.241526933975780622e+01 2.376096416020869739e+01 3.597238637562763586e+01 2.952007194275395818e+01 3.621875638043920276e+01 2.837602740247779209e+01 3.390637351885197859e+01 3.703598371347270302e+01 3.316252857920967045e+01 2.181408495637926492e+01 7.184232138865213280e+00 3.104883362981058070e+01 3.905056375833727600e+01 3.692026257087073304e+01 3.639291430217166123e+01 3.616901640271043306e+01 3.538588196274386632e+01 3.166091665982109760e+01 3.665963768540772350e+01 3.582611906020114390e+01 1.919798330575785172e+01 4.940549982054526446e+00 2.996097293184087462e+01 3.489803077234490303e+01 2.851104792843725733e+01 3.512124867498871339e+01 3.774197788289918520e+01 3.413113036166152625e+01 2.686272848515617895e+01 2.130618996505426210e+01 3.360869238577033968e+01 2.097804855348293529e+01 2.009446963625727989e+01 3.484337692287763133e+01
2.337228155830351639e+01 2.907133488507896502e+01 1.681707287016272812e+00 2.160890665351540818e+01 1.596499212130596845e+01 3.926364255054033969e-01 2.297371931842738135e+01 3.265805683502077272e+01 3.135292104869841978e+01 3.101900682204028215e+01 2.912844030201955547e+01 3.187386303159129142e+01 3.268698891013657715e+01 1.033278248168265101e+01 2.494953775523385175e+01 3.691962194229011374e+01 3.251051899922489952e+01 2.098619777850009172e+01 1.701009533518259076e+01 3.273160385922039950e+01 2.972957717273495959e+01 2.115860739262566170e+01 1.717253404860645105e+01 2.877998845919115922e+01 3.366865378934408426e+01 1.025664699591357198e+01 1.723410597095828933e+01 1.008503995697908451e+01 2.688889225743897171e+01 0.000000000000000000e+00 2.462980683061479681e+01 3.683612906990310165e+01 2.240286735860137668e+01 2.080568367599009250e+01 2.443253438548607548e+01 1.960958358987531014e+01 3.127651088000440893e+01 2.820187484914126230e+01 1.607840127472872283e+01 1.031362625554987922e+01 2.008104327804390365e+01 3.147144091504365804e+01 3.307446183349288304e+01 3.371139695771469036e+01 3.302257807632393138e+01 3.497313821029396053e+01 8.568541475684993358e+00 3.543256553372488327e+01 3.614067843007721592e+01 3.287896990634660455e+01 2.851165276771169843e+01 3.529844868774645761e+01 3.497533925262402477e+01 3.398883208029038627e+01 2.863638207867914431e+01 3.305433034876670462e+01 3.075090197158568017e+01 3.247479769272678141e+01 1.729730093834538707e+01 3.805044591286343802e+01 3.275416543783618550e+01 3.744687000093187379e+01 4.190983942872839663e+01 3.581087281576852632e+01 3.842691362456942983e+01 3.977355426926857973e+01 3.641736555615374726e+01 4.105831162465212003e+01 3.357731232211182970e+01 3.904581451740720865e+01 3.662794983371606605e+01 3.043619586555427858e+01 3.731017274597788003e+01 2.775985723370153480e+01 3.732637814381612174e+01 3.220406590719857576e+01 3.077368544389978311e+01 3.525369416036853920e+01 3.718672111324105600e+01 4.039833892404232785e+01 4.011403583361072123e+01 4.193143111714670823e+01 3.716763825518595610e+01 2.992437657680665453e+01 3.994143832562770058e+01 3.772084429759997448e+01 2.746923375179856563e+01 3.418980335021279870e+01 3.749814533989576404e+01 3.276017088341316708e+01 1.861747360165921350e+01 3.988499501085144061e+01 3.953865115815703746e+01 4.007689369165725424e+01 2.790866558986679635e+01 3.773015309613735724e+01 3.351757281223640206e+01 4.222323564615361846e+01 3.423874880534437892e+01 7.158154708283582579e+00
1.611484552521167757e+01 2.060922543757695991e+01 1.777128019366903899e+01 1.469402796452414606e+01 1.732964373434013083e+01 2.225907308423191822e+01 2.880560286562408834e+01 3.410482164268870520e+01 2.850699300004707837e+01 2.186490040275874591e+01 1.848472569664216891e+01 1.852888612153750358e+01 3.133304724697674004e+01 3.082385489330271611e+01 4.173923538509960451e+01 3.503430929241658731e+01 2.555389387404013490e+01 1.860862827463686031e+01 2.416620647408330314e+01 1.861641065926567151e+01 3.399419331835613178e+01 3.651988044477535311e+01 3.049897388752437877e+01 2.251607967084014206e+01 2.870318997652509552e+01 4.230515736799932824e+01 2.915925131570980255e+01 1.748574237217422578e+01 2.140084373257345618e+01 4.504277444989323698e+00 1.480878100639395534e+01 3.457478891678960053e+01 3.700081714122036658e+01 3.058912714979145875e+01 1.233112402360076842e+01 2.462887272972350416e+01 3.497829187038386323e+01 2.791673786787566414e+01 3.061789459409883207e+01 3.497845650119229077e+01 3.415964728082564505e+01 3.019782119174329083e+01 3.075582658011602888e+01 4.155668844999858891e+01 6.732155044190982096e+00 4.087396090851963493e+01 3.821924259653015099e+01 1.846328074437919398e+01 3.336827772150709848e+01 3.588029691189622383e+01 2.884956823880074239e+01 3.577453235427348943e+01 3.720026378669951583e+01 0.000000000000000000e+00 0.000000000000000000e+00 2.656005295439713976e+01 3.030936214338345636e+01 3.219885856314940753e+01 2.424243411731579556e+01 2.393151094094760722e+01 2.518862463623781878e+01 2.930979366375947492e+01 3.705458699482499441e+01 3.111810741085232834e+01 3.663343633435344060e+01 2.939524600065982796e+01 3.758779039401509436e+01 3.479294621153957934e+01 1.383857675775789886e+01 2.605079617997199293e+01 4.369548601875223426e+01 4.007690800737972836e+01 4.112962897507673432e+01 3.521314129753613287e+01 3.667081826465830829e+01 4.096291165009907331e+01 3.357976388958515201e+01 4.232709621268758582e+01 4.002969475466724703e+01 3.475141630064846510e+01 1.697367255828334365e+01 3.440735938461895671e+01 3.821273252173602941e+01 3.278150488882697999e+01 1.972248990354623643e+01 2.547750875786045199e+01 7.791243376823715039e+00 3.400178065126625881e+01 2.117006533899914444e+01 9.539323721615854623e+00 2.281429585404917404e+01 3.100564309511272043e+01 3.727453375488397569e+01 3.871816699826116803e+01 3.352522456589765909e+01 4.040446605326032170e+01 3.701847558488951506e+01 1.539107301794035187e+01 3.890092866919926706e+01 2.995186813234871792e+01
2.939886429951461366e+01 8.152408475939854071e+00 2.730972976148145293e+01 3.117713113460415997e+01 4.344352930324598461e+00 2.637747380892055915e+01 2.242566156770733343e+01 2.076047820335430316e+01 1.557043649425667020e+01 4.099771496089368306e+00 2.355487680896787595e+01 3.451970917457878585e+01 1.897342867252821819e+01 1.269031355301577868e+01 2.008184316903702182e+01 1.514386733282948150e+01 3.145262647678490353e+01 2.490107366627038843e+01 2.015702576452906314e+01 2.110323954650010236e+01 1.753317393965440019e+01 2.955135895421639702e+01 3.256267833405143364e+01 2.299708078803628553e+01 1.869650891596151610e+01 2.636018399510506782e+01 3.194093219137235806e+01 9.965514411130190098e+00 2.416433111443947723e+01 3.285213508457294296e+01 1.755989423564829011e+01 2.224999154778877752e+01 2.047420849054811143e+01 2.783467119933992606e+01 3.648377619270110017e+01 3.570347984471460734e+01 3.101702409447791808e+01 2.068222846432264816e+01 3.104700121733417362e+01 3.027826123631315269e+01 8.189004830974074167e+00 3.954097746305872363e+01 3.350368656143861301e+01 3.520602638346758084e+01 2.759167612610111675e+01 3.132088961966744023e+01 3.229963051256005002e+01 2.855080805813777900e+01 2.995013592992961193e+01 1.592718429825755955e+01 2.194195120003337607e+01 5.869641265216464454e+00 3.242163983625782464e+01 3.478214142000388165e+01 3.345673457066124712e+01 3.085874230896684978e+01 1.595836394180145668e+01 1.514637079479676274e+01 1.622597668929608616e+01 3.038808072232606960e+01 2.652549837928048149e+01 4.085196837987211183e+01 3.526602357634750007e+01 3.733389389811389947e+01 3.785664681989946700e+01 3.235916602339025161e+01 3.243111684453425170e+01 3.804084364201538193e+01 4.004292248223132589e+01 4.013479363119503773e+01 2.777571547526983409e+01 3.868758861506109525e+01 3.545367406650976960e+01 3.242145015293507271e+01 0.000000000000000000e+00 3.815564499944853338e+01 3.749756197420503412e+01 3.763743374061718328e+01 3.699317612435096692e+01 3.176290902457247611e+01 1.119327640168964422e+01 4.239283758920937828e+01 3.570868718876377557e+01 3.404472781868209807e+01 3.813815118658781245e+01 3.416865902812173061e+01 3.393402433680654440e+01 1.635310388377758173e+01 3.297705407886314077e+01 3.799923141572004681e+01 2.856128716698724190e+01 3.793123889183954134e+01 3.166257012576660657e+01 3.920849838757840189e+01 2.902634772721087586e+01 3.372864382436276998e+01 3.039599373792243497e+01 3.446008419048313698e+01 3.284502732836562444e+01 1.745147769043762409e+01
2.189192848678577619e+01 2.083257218172302316e+01 3.144845344368432905e+01 3.317980049837207623e+00 7.000413788662156911e+00 9.662242093690601052e+00 3.468622607944184466e+01 2.596663225809411557e+01 3.345762572438513160e+01 1.893849652023136088e+01 5.902168823504362116e+00 3.260645581337064414e+01 3.172634666937912584e+01 5.859020341241262919e+00 2.798119440830559768e+01 3.005753426937945605e+01 1.754918249630865645e+01 2.515469637397930924e+01 2.082046108051175892e+01 3.011924219109478074e+01 2.825659490882496527e+01 3.043412366472646369e+01 3.903904675960859549e+01 3.190870750008800627e+01 3.562104991472114079e+01 3.081593114091449337e+01 2.524678583771071771e+01 1.686851820833097548e+01 1.755932518568002720e+01 1.058850781112963801e+01 9.652557507438329409e+00 3.585069915568547572e+01 3.209447547274520929e+01 3.606871329321074171e+01 4.097530548682915708e+01 2.713398637348522868e+01 2.567198963710714210e+01 3.351369683037712122e+01 2.151142732027331306e+01 2.411222904250283250e+01 2.408282812747607338e+01 3.104471785959989560e+01 4.112179111702334211e+01 4.257910303322248069e+01 3.415914265160850505e+01 3.991370161333831135e+01 2.736597981400434421e+00 3.144366125558684644e+01 2.992314184574344793e+01 4.044453576045929566e+01 4.125071135574444980e+01 4.067859066501437582e+01 4.592571810693419820e+01 1.896905342984772957e+01 1.862626703418760599e+01 3.069318097857879479e+01 4.580684034752716016e+00 2.353138291892610212e+01 3.203152208317482774e+01 3.747716922754374735e+01 0.000000000000000000e+00 2.066828852956559004e+01 3.880191397472205495e+01 3.605499883108261372e+01 2.734800105604488962e+01 3.752226733226099498e+01 2.024499587911916976e+01 3.618617379609305829e+01 3.315817659957820496e+01 2.786129665367243646e+01 1.749617674439096504e+01 3.490462316254323127e+01 3.545294754359431977e+01 3.973138015086622232e+01 3.792430292430188388e+01 3.686030474622760522e+01 3.209125085625840512e+01 4.235580639410507331e+01 2.764003463661135029e+01 1.063315407585636407e+01 3.935843052795770802e+01 3.860865530028139858e+01 3.370142963594360452e+01 3.498146280291140187e+01 5.933930490640009658e+00 3.500667279018449562e+01 3.448408807813797239e+01 0.000000000000000000e+00 0.000000000000000000e+00 4.175029428070918414e+01 3.161656655160300744e+01 1.712050892367809141e+01 3.870112413065831447e+01 3.537424328037418064e+01 3.832231579832816237e+01 3.778478189309030455e+01 3.581213259934605730e+01 2.559237632551003472e+01 3.480081985889915330e+01 3.436638778690424800e+01
1.210621418150729944e+01 1.925161179160306801e+01 0.000000000000000000e+00 3.075177523065647023e+01 1.096481357622516839e+01 2.989263862008634831e+01 1.812398201660629482e+01 2.632724709662773677e+01 3.591456875149406258e+00 3.433345446735753370e+01 2.704391721608767085e+01 3.076543242989470528e+01 3.454437158546733144e+01 3.340419229025859238e+01 8.665571653134533037e+00 1.217254250265044302e+00 2.031440387005909187e+01 2.687707462853838081e+01 2.640301305781051155e+01 2.607314302275069906e+01 1.197720357478808673e+01 3.449953832161581602e+01 2.635319255414282935e+01 2.372824199756844621e+01 1.984499311966929724e+01 3.744142644746191451e+01 2.288316521593108632e+01 2.934523044527346869e+01 2.954890380781245796e+01 1.144194765888857823e+01 1.360564026902093993e+01 3.290550409794835929e+01 3.833137049279166320e+01 3.272628556832206925e+01 3.032156987572140849e+01 3.059957046933474345e+01 3.476665538721985627e+01 3.220866841197330643e+01 3.061896827328422788e+01 3.356501511650842673e+01 2.944825712097344450e+01 3.188242383362951315e+01 1.553528423772680611e+01 2.236777952282263726e+01 2.529183383739931301e+01 3.212148208318853904e+01 3.052894385251939724e+01 3.160593712766758756e+01 1.325659074477933963e+01 1.162846989117352337e+01 3.654068118952708488e+01 3.254993734105140391e+01 3.401336922860730283e+01 2.802920576254588880e+01 4.323366081180726184e-01 3.790636174511391943e+01 3.266644584838933696e+01 3.327114912346556252e+01 3.567047136762491988e+01 3.259642049191781155e+01 2.998013989476550023e+01 3.143517561109160141e+01 3.753269633608180555e+01 2.497272743617309487e+01 2.007652308867338675e+01 3.009070737727757461e+01 3.015682812044487449e+01 2.742231039246614444e+01 3.671931277453202824e+01 3.244344983944383642e+01 4.645621941350771555e-01 3.318721246368192368e+01 1.854859171352013547e+01 3.258382265614250173e+01 3.584570296854276705e+01 1.956883209639360643e+01 3.504252651711548339e+01 3.131970857256350271e+01 3.241398808259656761e+01 2.940186881176841283e+01 3.192030323529028379e+01 4.246899365382951430e+01 3.923580920712425524e+01 3.495692207566386855e+01 4.247680645936857502e+01 3.800821811050181509e+01 9.894831426157612242e+00 3.170480150705884625e+01 1.965975303927824314e+01 9.211576887145165315e+00 4.755987214282929032e-01 3.223938637346748237e+01 3.790949688833527631e+01 3.419644942437039958e+01 2.045567678780817999e+01 2.542591131514094016e+01 3.092326327014790976e+01 2.471586221732428257e+01 1.289596427472120688e+01 3.920148726249777127e+01
2.408736621149968116e+01 0.000000000000000000e+00 2.725731632258104042e+01 6.631807645424895981e+00 3.265950988085167950e+01 0.000000000000000000e+00 2.208804314785958312e+01 1.340960344968807760e+01 2.323518704205092433e+00 1.863460415306220597e+01 2.887954536165699793e+01 2.877843699276826328e+01 2.869582274784796994e+01 2.708449871036502188e+01 1.436844369887937312e+01 2.518997210361549222e+01 3.351854628136449321e+01 3.642633793521303431e+01 4.819310128439617813e+00 3.769386989753220973e+01 3.810640607200627272e+01 3.380292095040846334e+01 5.965022450383766994e+00 3.956081905440484547e+01 3.401846562580731614e+01 2.934567244320478707e+01 2.342725393259578581e+01 2.864132279239727197e+01 1.930716753158607446e+01 1.336117693949610441e+00 2.044057906899620392e+01 3.561578530778208318e+01 6.580547069549803396e+00 3.138632678708670554e+01 3.064764266539553716e+01 1.868385739622693364e+01 1.444264745684739637e+01 2.040350134779386337e+01 2.106046953614985640e+01 1.878107009913799175e+01 2.447881890570318575e+01 3.142311819383960625e+01 2.685558315017737030e+01 3.348478980777564828e+01 3.083466326376903766e+01 2.872984048337193386e+01 3.703035763454123241e+01 2.605423911122649727e+01 2.016203089899831724e+01 3.387938480306173972e+01 1.057663828773508641e+01 3.425119274710311856e+01 3.043028347217336460e+01 3.191125211975739617e+01 4.045363698102083561e+01 2.350198200389934300e+01 3.714127227332324566e+01 3.511605564666201929e+01 3.847298877734539246e+01 2.780023651839896814e+01 3.511787016448533905e+01 3.873218209056120287e+01 3.698069281435542877e+01 3.764840316296130851e+01 3.782107940741791907e+01 3.604943717290226601e+01 3.494032657438826561e+01 3.301917451330622555e+01 3.522624018359796594e+01 1.779349461601488258e+01 3.155662662161297050e+01 3.665799137732344803e+01 3.823447452524030155e+01 3.347213828804106583e+01 3.811740054686472945e+01 3.558345682750981354e+01 3.227698661854005024e+01 3.275022503522578177e+01 3.559286225717387708e+01 3.310013350281569444e+01 3.207426167261482419e+01 3.712737528573360635e+01 3.457462428598117299e+01 3.596159947874502194e+01 3.119306095478481566e+01 3.334575551112811098e+01 4.160016887807650221e+01 4.037968911659199733e+01 2.457710528779963610e+01 2.164870436198741999e+01 3.282245859188859782e+01 3.757732560088810203e+01 3.746609243728107685e+01 2.260249474007673598e+01 3.975751708116938232e+01 3.864237598456406886e+01 3.694160731307640333e+01 3.365849678425023228e+01 3.637910678784746921e+01 1.336337171869758400e+01
2.034638877299203585e+01 2.355329134270410574e+00 1.196883514027058126e+01 1.340616946576012047e+01 9.235793721171770443e+00 1.188678994531854904e+01 1.965407864478342859e+01 1.125723368129836999e+01 7.735398638193308862e+00 7.658508892796487721e+00 2.175559986168543958e+01 2.295918707065304787e+01 2.014058594673534230e+01 2.181486337378867546e+01 2.201674011315743584e+01 1.491821217843481762e+01 1.846056075710952271e+01 2.479988835037336870e+01 2.909350099186146466e+01 3.029884366629719494e+01 3.057140428537118737e+01 3.183326722159146982e+01 2.580755594998585067e+01 3.080652929018104302e+01 2.453912388661625599e+01 3.182160348670745265e+01 2.354266370823399512e+01 2.289262969795035119e+01 2.364703964077695275e+01 2.667419936752719778e+01 2.477234132140672429e+01 3.009562840687730656e+01 3.098423393215592725e+01 3.331248219317268422e+01 3.232054220416094381e+01 3.541103826605769456e+01 1.834106026377495624e+01 2.056828962916843295e+01 3.330910726159992663e+01 2.547885264630750513e+01 1.139429151351212433e+01 2.963080942447038879e+01 2.977665084715333421e+01 2.596282069698595762e+01 2.733795320833489484e+01 2.785993666003760083e+01 1.870722423423176650e+01 2.809228441468789939e+01 2.782947459208260810e+01 3.027579893204798012e+01 1.500935769921573382e+01 3.401853362548905579e+01 3.330888536790160970e+01 3.330833421258643767e+01 2.760711563278711012e+01 2.604141938175286697e+01 3.215038552685939521e+01 3.272491841682600011e+01 1.998335099843003348e+01 3.202326906916974991e+01 2.800922459290566735e+01 2.235308085477456785e+01 3.582442264708821966e+01 3.631900938491024533e+01 2.906240187425646937e+01 2.533098375942946845e+01 2.936219099747210493e+01 1.809978307723278235e+01 3.814811492942828863e+01 3.038480600081060956e+01 1.812010782421232591e+00 2.772859885368404065e+01 2.808671917757693137e+01 3.186557422828003538e+01 2.435082203108151688e+01 2.277972338427942489e+01 2.910416083670713405e+01 3.276745758615138726e+01 2.541633230734190008e+01 1.773760782494971622e+01 3.225549156124841943e+01 2.931772815293955148e+01 3.265295327995952590e+01 2.982692408554419217e+01 3.489284848081005919e+01 3.827040698864488633e+01 1.449849309021045585e+01 3.171525198446336802e+01 3.416268937185093080e+01 2.982674334954798212e+01 2.618440481780266182e+01 3.325480056840260090e+01 3.242927011633537404e+01 3.394859774228298477e+01 3.405359640875347083e+01 2.445514070073458512e+01 3.576048505159789670e+01 3.610272029194285182e+01 3.352989149142351266e+01 3.469126521375196859e+01
2.008101285713365058e+01 2.766364126296758741e+01 2.364856426522021593e+01 2.834257334852616239e+01 2.375927490495700667e+01 6.166888452960675338e+00 2.814823920543480895e+01 1.262914068142784529e+01 1.467926845465557051e+01 2.087903743793633993e+01 1.866017740179302775e+00 1.337300172625793060e+01 1.110471486881491465e+01 2.396821287443505710e+01 1.191927053014208582e+01 1.670895874458928532e+01 2.586104485753696736e+01 1.236979794785872855e+01 2.715870783672896849e+01 1.933724128556901434e+01 7.519621332304287087e+00 2.274200682396177342e+01 2.412871001799866022e+01 3.131553553946293178e+01 3.214414745079224645e+01 3.381638130846270940e+01 3.144768397360146395e+01 3.174583036766344435e+01 3.186130098512215980e+01 1.874207586058971842e+01 2.474325535227434969e+01 2.921950082319829534e+01 3.053810591490144333e+01 3.187085672987218032e+01 3.048868446199766780e+01 2.478514315622726372e+01 2.661682910972087512e+01 1.772527304057482311e+01 2.422644703424525048e+01 2.858359285206384470e+01 2.772717086036746537e+01 3.487062332167236178e+01 3.577412435618303732e+01 3.545647636918365464e+01 3.355842272631009848e+01 3.716488605754071983e+01 3.497983081054960053e+01 2.900033248054873170e+01 2.771394671173400681e+01 2.889973410927305864e+01 1.003739186419652185e+01 3.682392491649576982e+01 3.775605739595034294e+01 4.002129500450683253e+01 3.517631410147705395e+01 3.923721930578774675e+01 3.610828910798443303e+01 2.196595866661882823e+01 3.383978751470434077e+01 1.995048925749568269e+01 8.161813905603922947e+00 2.351171490571495681e+01 2.994811562359575774e+01 1.280117361310587221e+01 3.861193360072747538e+01 3.973017405124796397e+01 3.665109119909197233e+01 3.581601216013595490e+01 4.015501816811728020e+01 3.668448977961902102e+01 3.795518909553511122e+01 3.570356931798005462e+01 3.947523250760631441e+01 3.452084011665407104e+01 3.785980701563515538e+01 3.662949593174303686e+01 3.302075282170875425e+01 3.863585159404748026e+01 3.005631027510810682e+01 2.814889772866851914e+01 3.870807799284906281e+01 3.893789902248306589e+01 3.972149156556872640e+01 3.746860842550552206e+01 3.313155651364161969e+01 3.949304484529203307e+01 3.875169799922108638e+01 2.369813961214056164e+01 3.579021164931089061e+01 1.394792829859250993e+01 3.193796883682066223e+01 4.186896446214037582e+01 3.996343801213646429e+01 4.338885755912562558e+01 3.581450900927639935e+01 3.260515308262569789e+01 3.127990012729964064e+01 4.350813973769249543e+01 3.870795273027743377e+01 3.813729224323949296e+01
2.870123230147705939e+01 3.097766301554130308e+01 3.248475069877540022e+01 3.629044593964809273e+00 8.846147492197694362e+00 2.539102389947680649e+01 2.322658687177590409e+01 2.203634549508276663e+01 1.310607971237257452e+01 2.255421675550540783e+01 1.059262179187501296e+01 2.569036386689988660e+01 2.960917120995404161e+01 2.135526247222278329e+01 5.309550702392420440e+00 2.923346402100436947e+01 1.984069303453178534e+01 2.011724595071014221e+01 3.644925382796000690e+01 3.336763709292647917e+01 3.434648893266824388e+01 3.173931671393870957e+01 3.393921378620262175e+01 3.489169248622044961e+01 2.954520677248407878e+01 2.029371586162181984e+01 2.645002589040838004e+01 1.220590171494069409e+01 3.094782904990976746e+01 1.149318899801159866e+01 2.902347026699401411e+01 3.207215010355021434e+01 3.173649651661173365e+01 3.666179578057036537e+01 2.979071067608609624e+01 3.326648219793970895e+01 2.351411636815962680e+01 3.669169774588364419e+01 2.953623797235540493e+01 3.104154692707236052e+01 1.700469651834535867e+01 2.910678956124604611e+01 2.707158592869532399e+01 3.330267950221002593e+01 2.084940031348879685e+01 1.837583315365931114e+01 3.577535550831562716e+01 3.496628813709114070e+01 3.723568088409511034e+01 3.972665238351986261e+01 3.737506591594321037e+01 4.347269042992134302e+01 3.843410369618096922e+01 3.994942649876704621e+01 4.356001633700021358e+01 4.181829754138153987e+01 3.676445024748607437e+01 3.869339364052346752e+01 1.913820621711093395e+01 2.638185441999697645e+01 2.762798437722058686e+00 3.397941591383446536e+01 3.900370839868659800e+01 2.559584967767479213e+01 0.000000000000000000e+00 2.484303772736912208e+01 4.062491744253642878e+01 3.639253851445677412e+01 3.367239019290926194e+01 3.284689553014820973e+01 3.521742169855524907e+01 3.407430410130913856e+01 3.961226260310778002e+01 1.837442842339175186e+01 4.543326441176050423e+01 2.339394482533418795e+01 3.605484851599666030e+01 1.390133777980756236e+01 2.153390658348488529e+01 2.462455653939820976e+01 3.818401518245730841e+01 4.231744025788025709e+01 3.991664707323690919e+01 3.706389937229300102e+01 1.251000344955100374e+01 2.938081754187341588e+01 4.091102431399950490e+01 3.686396599224980264e+01 3.254269716441121574e+01 1.881707950955086162e+01 1.934325209954192104e+00 3.970593753310296137e+01 3.480083775355224418e+01 3.749806660342217413e+01 3.455858351895135883e+01 4.317632634330711738e+01 4.277284486329656232e+01 4.109408303617889402e+01 3.455506900908449097e+01 3.952937456999521260e+01
1.122246615980994022e+01 2.476514588139926332e+01 1.844321368040414200e+01 1.461281308147548863e+01 2.337376860397528944e+01 8.883057898393642571e-01 2.148025841352126974e+01 2.736162962383818353e+01 1.901614320945388670e+01 1.988038874348118412e+01 2.653576633122348483e+01 2.684930570587342302e+01 3.190124185081888797e+01 3.381022912673039116e+01 6.187288357483198276e+00 1.661347645463202483e+01 2.150664586896768071e+01 1.995542460281788522e+01 2.123427851214706052e+01 1.828866293006232624e+01 1.570311997852259012e+01 2.730226232274702269e+01 2.997710317213613962e+01 2.593511082667619760e+01 3.580264843320838963e+01 1.555341688970283442e+01 2.461362290636026273e+01 3.575897116394648378e+01 1.070828746105240903e+01 1.737258553336004097e+00 1.980116195639081766e+01 3.184297686035806763e+01 3.337427958815345619e+01 3.364990735076706585e+01 3.022123813477677601e+01 1.313119754218225665e+01 3.353655188130358056e+01 1.978661897182462681e+01 2.451009339090845884e+01 2.069994417088168248e+01 1.425672290597565350e+01 1.782570141264614350e+01 3.550598013749164039e+01 3.363845477278950824e+01 1.885321239307005214e+01 2.225425226468949091e+01 2.033052874195842818e+01 3.110397779277251828e+01 2.268069974247566734e+01 1.925359630863074401e+01 9.964513205289808440e+00 2.869932115252705174e+01 1.904191150990338954e+01 2.558845560701803024e+01 2.851094950784526461e+01 3.410716584224348935e+01 3.646396323279992657e+01 3.361643719162766075e+01 3.351619134501785879e+01 2.093186961171905835e+01 3.576494797807852422e+01 3.084715373162580931e+01 3.569184116234491455e+01 3.397706097748783094e+01 4.030996439029238587e+01 4.152202650696338537e+01 3.910459845280763602e+01 3.844165881871553836e+01 3.321397570684322886e+01 2.782935827683752450e+01 2.783226078956871063e+01 3.981757869480042444e+01 4.432036372572205352e+01 3.957948317757764300e+01 4.194194601530235644e+01 3.713015253589316700e+01 4.409796897712037378e+01 4.427558056689918686e+01 3.755654632972007079e+01 3.407870260703864318e+01 3.785817860220397080e+01 4.691037855106895904e+01 3.527920119888293016e+01 3.709196892512986921e+01 4.033157039443317160e+01 2.766374863088612912e+01 3.973933611363001006e+01 3.844873078561667512e+01 3.340734174920241628e+01 3.293621848051191847e+01 3.771090560727382268e+01 3.062199604858704660e+01 4.067281427099694469e+01 3.790077503441924023e+01 3.818591559461545870e+01 3.121478864256661367e+01 3.974105042139602517e+01 3.373959893098442819e+01 3.858136595431925286e+01 4.790557536694306862e+01
1.506584843482268710e+01 2.800130084051744817e+01 2.241953085955872282e+00 0.000000000000000000e+00 6.732808199028764484e+00 1.622021997939705429e+01 2.385582729516904621e+01 2.135142943753091771e+01 5.167891707502916709e+00 1.059426273156335974e+01 1.432965524884163599e+01 1.218839627055546870e+01 2.413846618286329004e+01 2.217637473444210627e+01 3.129905814289772081e+01 3.077101556165876417e+01 0.000000000000000000e+00 3.019403826208007757e+01 3.387872270089741278e+01 3.136492836092176262e+01 1.076312741491181413e+01 2.773788975756833608e+01 3.084489184747524249e+01 3.437025303197167148e+01 1.963345147816666270e+01 2.796706657969109600e+01 2.174617653736827805e+01 2.288958044906382838e+01 2.146366112278035487e+01 1.731690632027071786e+01 2.180047965163498702e+01 2.843137377501964380e+01 2.522820402994213040e+01 2.767051817815005066e+01 2.257119878128775170e+01 2.984064212660293336e+01 2.738443814866661086e+01 2.294858985709318944e+01 2.162415289794803286e+01 2.061837139477122438e+00 2.120866410571413141e+01 3.160263735363780668e+01 3.240408160264598081e+01 2.862634138883038304e+01 1.852186783859563235e+01 2.727160520307335290e+01 2.853239982850416467e+01 2.694870692485737962e+01 1.315128160607774355e+01 2.394411235565353735e+01 2.217267412018310679e+01 3.035620318731166378e+01 2.185954274362361716e+01 2.432340921201305051e+01 5.132817292713994561e+00 3.166435243321436488e+01 2.992038785863290684e+01 2.203445224078585341e+01 3.194802921078782276e+01 2.961019657357609347e+01 2.549097985270655187e+01 3.131799784372810791e+01 3.244419425701237714e+01 3.206327077668698422e+01 3.139070024030188222e+01 2.819221889433393358e+01 2.919732219015863350e+01 2.695129449169418123e+01 2.948074665312352494e+01 2.849783630606096096e+01 3.384388896919255529e+01 3.305821706741784283e+01 3.193455453701110613e+01 3.274986356323336167e+01 3.211306085944441691e+01 2.058627017659319591e+01 2.716261960789442753e+01 8.085357210811878304e+00 2.133090963883269353e+01 2.737614755589004645e+01 2.619478729552544038e+01 3.106972742675838717e+01 2.975311579940945705e+01 2.173741710468075894e+01 2.796439490798477223e+01 2.986525443246282663e+01 2.779482875423519062e+01 2.146732415826786422e+01 2.339444945455132441e+01 3.014622017009316224e+01 3.278279688278007598e+01 3.344318116041093703e+01 3.070876722142012483e+01 1.515572254050156253e+01 2.160846644504939817e+01 3.058560190313274063e+01 2.156358307616922687e+01 2.799927158685704853e+01 3.508251390891025068e+01 2.661007745711004446e+01
