3.738647572637985861e-01 4.176583909116982074e-01 4.139108187858890342e-01 3.755414761326094641e-01 4.429630455502602815e-01 3.865128512126894123e-01 3.798475996546961109e-01 3.767216231895985645e-01 3.790829566340319090e-01 4.456629218782956481e-01 3.809599874359182459e-01 3.731088344791478328e-01 3.673945956370819887e-01 3.739341389090564682e-01 3.725844542402717563e-01 3.754502685477947854e-01 3.730888590547915551e-01 3.733462074152802956e-01 3.712918820474702120e-01 3.790723351837714250e-01 4.000804737695756175e-01 5.667458324787173485e-01 3.838231146939720118e-01 3.575626309300564132e-01 3.613916257246884700e-01 3.577885458816595921e-01 3.582040752675078599e-01 3.585694632962790340e-01 3.546766384019907070e-01 3.548749223732026170e-01 3.540100980364774275e-01 3.687050138942830624e-01 3.577535128404661924e-01 3.591759252915837086e-01 3.576865393999213438e-01 3.492116360729592972e-01 3.512602831475513665e-01 3.498044600247313118e-01 3.554844770103491869e-01 3.487492607680622303e-01 3.547206958734770432e-01 3.558231973406142390e-01 3.471543194614004069e-01 3.537865659400639129e-01 3.535025498810690503e-01 3.445668936187007980e-01 3.519065438944288249e-01 3.540609491802067521e-01 3.403992798918968887e-01 3.460506265666683512e-01 3.422698972643896109e-01 3.472137894430499805e-01 3.451659028541567698e-01 3.448642435269487216e-01 3.444580427656729338e-01 3.472590129926079183e-01 3.532587381660197146e-01 3.526663958551902733e-01 3.593108354545586081e-01 3.562979939119257367e-01 3.490307672242509152e-01 3.610774183834494777e-01 3.418078008042488292e-01 3.454800848458724483e-01 3.541384933719655126e-01 3.422877179792658819e-01 3.423625497720321209e-01 3.378053138721872073e-01 3.491039512980029791e-01 3.439845643695727540e-01 3.426471488700627566e-01 3.420655801066335711e-01 3.465469448832571575e-01 3.394864689075746678e-01 3.435875908347763019e-01 3.369836344241097792e-01 3.552341758173364061e-01 3.411932016119665345e-01 3.374039041708141728e-01 3.436990273391802297e-01 3.404615383211089252e-01 3.505093795685129687e-01 3.484082589807006580e-01 3.469144369224617663e-01 3.449854142482978170e-01 3.381905252281748875e-01 3.572519218230321147e-01 3.523029850892360759e-01 3.427286982865020981e-01 3.476074675398181379e-01 3.481619630123684583e-01 3.517176899458825945e-01 3.600991042309334977e-01 3.530112254205693412e-01 3.397461494242065561e-01 3.420473537993846125e-01 3.500010709274057330e-01 3.542148714856527270e-01 3.592021366986705155e-01 3.406592139037616929e-01
6.051157328215093223e-01 4.170092910182117141e-01 3.947270600420878517e-01 4.121584062405199145e-01 4.008476517425692554e-01 3.978619848889084487e-01 4.036677355100684594e-01 4.042647674827074544e-01 4.060890712761406340e-01 3.570389351283092538e-01 3.473020564831624801e-01 3.616810665816683756e-01 3.550209102778573156e-01 3.673433896000264931e-01 3.659694454374486927e-01 3.553255608488141704e-01 3.625694152760111644e-01 3.625028981268856310e-01 3.615382220179022554e-01 3.660743164153192342e-01 3.633490652144658606e-01 3.482959098934581554e-01 3.548248824142186675e-01 3.570772889570543174e-01 3.545276846031105156e-01 3.695045125094775784e-01 3.542138828542442663e-01 3.599868565417841393e-01 3.503597159829804908e-01 3.575928475618238012e-01 3.571378743177288650e-01 3.643340969906549431e-01 3.576902911293690090e-01 3.597536916265186568e-01 3.464439751196337069e-01 3.554693686944654929e-01 3.549413888232815228e-01 3.547145105897931416e-01 3.593703561352547537e-01 3.547966683947915700e-01 3.565844942242035187e-01 3.505727280272266655e-01 3.467128828627448756e-01 3.540850312273368106e-01 3.463259984382197065e-01 3.509459490586959163e-01 3.535921857954394398e-01 3.523553318548398594e-01 3.500385375228354801e-01 3.563698344609431690e-01 3.537749051593482852e-01 3.602479566317205451e-01 3.606375788047614939e-01 3.547160569107141170e-01 3.658997342483880089e-01 3.551740974471277457e-01 3.555649363972868682e-01 4.376936401429715184e-01 3.585439616758444581e-01 3.563246109113852866e-01 3.632627754371703377e-01 3.834090048814282614e-01 3.498555139646470358e-01 3.510015659128046805e-01 3.663768629758425988e-01 3.621484610921777980e-01 3.858191361582041234e-01 3.545928582275014174e-01 3.522562912673271041e-01 3.456379109779058045e-01 3.709738976272602962e-01 3.604899431810926203e-01 3.734920178732719642e-01 3.386492502017174888e-01 3.481740293854567736e-01 3.851759173541219883e-01 3.509064798509258787e-01 3.575621746386370980e-01 3.844910239337432367e-01 3.692011040651622111e-01 3.909419706218024149e-01 3.711478460561091763e-01 4.037730881288816298e-01 3.443792817967959996e-01 3.472649447810589041e-01 3.526392972147881499e-01 3.602925210936727685e-01 4.211807325230331189e-01 3.500244431878835605e-01 5.304061247575586613e-01 3.439172867347484175e-01 3.481517725040039202e-01 3.451045570077833635e-01 3.442243201608949366e-01 3.559388925649316637e-01 3.432410121522898594e-01 3.402941807683166897e-01 3.488864777376569637e-01 3.510633173515507743e-01 3.436102786581251567e-01
3.784029810211723688e-01 5.146050064022148485e-01 4.079904376203899452e-01 4.862143007977444698e-01 3.994981445204476289e-01 4.326579573404606971e-01 3.704760329897505700e-01 3.675627136755730828e-01 3.755111581027488765e-01 3.806344742072897969e-01 3.711593547396850323e-01 3.757880255961746352e-01 3.889936569604111605e-01 3.966607470285380410e-01 3.773706470345151720e-01 3.725394841859467898e-01 3.827894625321034971e-01 3.716867769213564876e-01 3.719325912487461139e-01 3.770860225869612226e-01 3.859099888496926312e-01 3.733906704791393749e-01 3.704701012012995842e-01 3.741731088651564785e-01 3.629390620246958354e-01 3.745280021912835711e-01 3.489968749116058033e-01 3.629697095983592248e-01 3.601052895146173993e-01 3.568408286037604293e-01 3.579670572247015681e-01 3.614782957448333667e-01 3.660818452237378229e-01 3.542230593816769746e-01 3.588578394732805932e-01 3.470424266655771639e-01 3.441873859054544460e-01 3.731924879060206646e-01 3.533761064588746281e-01 3.493908065036068766e-01 3.495073129126697320e-01 3.443365931995675533e-01 3.448536474262114959e-01 3.391525396372123691e-01 3.480070774250372811e-01 3.464681078658103375e-01 3.509254159448271237e-01 3.416713189708296405e-01 3.463198131545358049e-01 3.476370250839798670e-01 3.507215043794437714e-01 3.471728753124521671e-01 3.416090605416176595e-01 3.511486945460076670e-01 3.455596823490180713e-01 3.461063701683936289e-01 3.422296675709207703e-01 3.422414550992528559e-01 3.605691604413888696e-01 3.443304079158836517e-01 3.459391140136945930e-01 3.531256531687220757e-01 3.477892743208884085e-01 3.534858445452177533e-01 3.438338614535852433e-01 3.473707536912913341e-01 3.519914647974664024e-01 3.434272804494600262e-01 3.461432790743108612e-01 3.478812423914018903e-01 3.507713668917646355e-01 3.503440246280610237e-01 3.475179330235409481e-01 3.447316401705936562e-01 3.493207911202666494e-01 3.452426105116467858e-01 3.463061751110032005e-01 3.470398410142011003e-01 3.450760894931232947e-01 3.481097429943811883e-01 3.433934388358614864e-01 3.443854417309566429e-01 3.496589537610191867e-01 3.587123839086150956e-01 3.927437133395031976e-01 4.397803622015523661e-01 3.466313587958287923e-01 4.716743719253631562e-01 3.423125098130481714e-01 3.437759884919032172e-01 3.903577148089040216e-01 3.449074898136896272e-01 3.490899837106675729e-01 3.501686819754309399e-01 3.495490382280129760e-01 3.599893661445903170e-01 3.480345816578120921e-01 3.502551491993894928e-01 3.509948736386548362e-01 3.548935542728242631e-01
3.725085577675271153e-01 4.479742407132683568e-01 4.185425569346973296e-01 4.205835738027776105e-01 3.683608687660329672e-01 5.125901248926514331e-01 3.729153162183154180e-01 3.882629062523921259e-01 3.754224347712171173e-01 4.065860233308117300e-01 3.803748190401812224e-01 4.014452921037673372e-01 3.633692687845317959e-01 3.562357861817603277e-01 3.528466563153395685e-01 3.586890369976605819e-01 3.551994976694691220e-01 3.504801769176773552e-01 3.841496926025788627e-01 3.563241546199659715e-01 3.702506503781365366e-01 3.564686976017928943e-01 3.527423176774581726e-01 3.879446936864725526e-01 3.561130184404436294e-01 3.615020989472071400e-01 3.610275305216052999e-01 3.599228236459414698e-01 3.653408279587843643e-01 3.597982053894243082e-01 3.546544829186310532e-01 3.555266586171117460e-01 3.647251387370004094e-01 3.425924445987925671e-01 3.479041583604604027e-01 3.605021109522741352e-01 3.496660516275417740e-01 3.502770765370394890e-01 3.500626195699655385e-01 3.532756716475806136e-01 3.564002031898503287e-01 3.532286482818687845e-01 3.498851222078553369e-01 3.558021065372329872e-01 3.561490401130455452e-01 3.843665577743658468e-01 3.501680228878252810e-01 3.490501089105248478e-01 3.707538130660149034e-01 3.850882080035220034e-01 3.529908951028869479e-01 3.544524218684482753e-01 3.722443650357488143e-01 3.429704313406412575e-01 3.491462850019053099e-01 3.530131012852931738e-01 3.458536354211445008e-01 3.551262375471471722e-01 4.095690284845266427e-01 4.446416909828415642e-01 3.467052273067098289e-01 3.535485846153723632e-01 3.509222726039385454e-01 3.740907736134949646e-01 3.448417331502629524e-01 3.518297855378921812e-01 3.895861513683803734e-01 3.563667925181477902e-01 3.530347497781869404e-01 3.520050014429058072e-01 3.459979249077385077e-01 3.546268519382397288e-01 3.771491428999652618e-01 3.495475172566153144e-01 3.484608338920140991e-01 3.545296618659274923e-01 3.540899490348560219e-01 3.521126355188154977e-01 3.484398444867259914e-01 3.542747217101517854e-01 3.822343333214708316e-01 3.516722636001383129e-01 3.541054122440658314e-01 4.331961784190557774e-01 3.464983244975777255e-01 3.598069002759143875e-01 3.696058092045635957e-01 3.503088394897278524e-01 3.465515584964967699e-01 3.585328078855947731e-01 3.616190616476893105e-01 3.415050260980158070e-01 3.543983006362138588e-01 3.572898700594044352e-01 3.531909535407294354e-01 5.344986531963633603e-01 3.501856915055617248e-01 3.487255843133049149e-01 3.547255122829030549e-01 3.713892242169222202e-01
3.949676523676787232e-01 3.972708340056738119e-01 6.211571139586413715e-01 3.880106531460856267e-01 3.857000947968117210e-01 4.681252865669522922e-01 3.830419437841196539e-01 3.997092553504466572e-01 3.777837428661271479e-01 3.760019755727826984e-01 3.696454305094733495e-01 3.761824134795950236e-01 3.656990167229398070e-01 3.645631299336233866e-01 3.526312360663803602e-01 3.884307961451735625e-01 3.521402664992068221e-01 3.625567151648404485e-01 3.601080779621798622e-01 3.495361606701792301e-01 3.502862784139954555e-01 3.559039102227848916e-01 3.487545588184308709e-01 3.469694453880114438e-01 3.493919725816784227e-01 3.493226923345137958e-01 3.535947207477689314e-01 3.446136888387029695e-01 3.495269841427465218e-01 3.485428649493960140e-01 3.513699958843712334e-01 3.456460988739300522e-01 3.542816421300112317e-01 3.531449948549959528e-01 3.563521404936834114e-01 3.427617540648785210e-01 3.402697438278605158e-01 3.437459239572756009e-01 3.483701079481419938e-01 3.522145913015071739e-01 3.428828233881344723e-01 3.514539028064769810e-01 3.483656717815654114e-01 3.475235099186657628e-01 3.437968004505282393e-01 3.501295676609870733e-01 3.461575255064024970e-01 3.461668794804982907e-01 3.529614389568183630e-01 3.487450273976719917e-01 3.486507018214921039e-01 3.448081703814206422e-01 3.493292578610471266e-01 3.467817575175368150e-01 3.444823276089893360e-01 3.582415418629376069e-01 3.476538318179243081e-01 3.433134103908198065e-01 3.485639050537306938e-01 3.543316313899485537e-01 3.582412123191347497e-01 3.673799436126176099e-01 3.656104961875943915e-01 3.557072739705871567e-01 3.447959519111925553e-01 3.610127010504778911e-01 3.717887073545248500e-01 3.498249931386001044e-01 3.916799966430070667e-01 3.490508186971771343e-01 3.504496053925838517e-01 3.488612549619786174e-01 3.492323466334911197e-01 4.205495040434694132e-01 4.125448850726723404e-01 4.169388700424987437e-01 3.740147757426571795e-01 3.498004801495740446e-01 3.679011805106051636e-01 3.508149934213549703e-01 3.448035567681809743e-01 3.719220204975322019e-01 3.483432881524961000e-01 4.130800642084720420e-01 4.256241237137610711e-01 3.525497119994643325e-01 3.486457840139728925e-01 3.683177492269085196e-01 3.445553595856016282e-01 3.862097216131302746e-01 3.464763718104044155e-01 3.687137848293430831e-01 4.024164323411908439e-01 3.458544466058899314e-01 3.518376438901135717e-01 3.511689488151201743e-01 4.175320742371202432e-01 3.738576593972760542e-01 3.569464347178065711e-01 3.566906580277621197e-01
3.944256035110661474e-01 3.935743665188269902e-01 4.614762587038676034e-01 3.794390160382306032e-01 3.987376081225572078e-01 4.008136833813542577e-01 3.924996481292208905e-01 3.739181433598574578e-01 3.741407628734323421e-01 3.742187126575637901e-01 3.739541903819826318e-01 5.206413869863109056e-01 4.272888269085301505e-01 3.573370201727327222e-01 3.576862859046884280e-01 3.608686143600702834e-01 3.572849269023619656e-01 3.570220269962716131e-01 3.961135522186965963e-01 3.527473875821171556e-01 3.489998915048778683e-01 3.569602248584789472e-01 3.491991641074982389e-01 3.509245540610351211e-01 3.401569891482452701e-01 3.480072802212236249e-01 3.542317542681671094e-01 3.431444811675832818e-01 3.505120159189356044e-01 3.488077928173499154e-01 3.505294056919158741e-01 3.498757935832828569e-01 3.507322525773207689e-01 3.948905898168625916e-01 3.474055332372518179e-01 3.576191096679572357e-01 3.598857879924077796e-01 3.522216131194598199e-01 3.452921941792114202e-01 3.430189503282274899e-01 3.482847814527317287e-01 3.492528797473599123e-01 3.499422093343152462e-01 3.519344030205298068e-01 3.565767372700752724e-01 3.427068976964685598e-01 3.559441145667304185e-01 3.499009910094378895e-01 3.571450482328212828e-01 3.452042820324250916e-01 3.452649180921462113e-01 3.432485663102317064e-01 3.532776996094442179e-01 3.496535289630341437e-01 3.605853587867742238e-01 3.731800919891294921e-01 3.500037833263983100e-01 3.741066424150775171e-01 3.518521184679149205e-01 3.675788866714351233e-01 3.799418491823061128e-01 3.510195640743439816e-01 3.706708947753176164e-01 3.609964520060459092e-01 3.626954531058328990e-01 3.463828827684932166e-01 3.679683313978130421e-01 3.586155740791522883e-01 3.776821673262849011e-01 3.877537610770162013e-01 3.492411936171210263e-01 3.816686080101008849e-01 3.496455185136729815e-01 3.801194986415560306e-01 3.423416617648371574e-01 3.452982780648021777e-01 3.510534310374658351e-01 3.941218401734246646e-01 3.514314938278843559e-01 3.742434284427762492e-01 3.508061464377251193e-01 3.868957811115805723e-01 3.449235867609818373e-01 3.464760676161248720e-01 3.655294791111442509e-01 3.539423134111871483e-01 3.440305991038761224e-01 3.873712114209744706e-01 3.709576485828283698e-01 3.653621215583520154e-01 3.494018081967168454e-01 3.790398624444307751e-01 3.431934310970655710e-01 3.613657692109277786e-01 3.467766622633545737e-01 3.886060373997104467e-01 3.448296160781280095e-01 3.790319280436394989e-01 3.453255034528207590e-01 3.444428330516960401e-01
4.163728658863726229e-01 3.868004669039921684e-01 4.081776185003986868e-01 4.178585000485872669e-01 4.077414546025884823e-01 3.538217510783970843e-01 3.551185312920655535e-01 3.789327860580335439e-01 3.704036601007439367e-01 3.580039154315721728e-01 3.865708002229413243e-01 3.881617363049226221e-01 3.374701931742300487e-01 3.520606436465378852e-01 3.568640994661450572e-01 3.855602668263176658e-01 3.514831054573125946e-01 3.510328472245504705e-01 3.445696820662632054e-01 3.552577508740005774e-01 3.461725324241930468e-01 3.501461715987451706e-01 3.522095213968481908e-01 3.478603036851604102e-01 3.543435963649437248e-01 3.529551522750412618e-01 3.506938733990524470e-01 3.467248478377399912e-01 3.504394148842193135e-01 3.463992078614950842e-01 3.453329815621927756e-01 3.592657386526171281e-01 3.441642417906862761e-01 3.461724817251464192e-01 3.566669055244348630e-01 3.469932992894318446e-01 3.426201009287072052e-01 3.508476943064052778e-01 3.464000697452870869e-01 3.458098821439377080e-01 3.405534303430525211e-01 3.529737081260930776e-01 3.521489867352202152e-01 3.454565097892082770e-01 3.568931500198408990e-01 3.510113508287964756e-01 3.452397206659911788e-01 3.716684745655376432e-01 3.529861800915540804e-01 3.459740203072714793e-01 5.868946982733979079e-01 3.506093073893410406e-01 3.657872330640056791e-01 3.543622282645653709e-01 3.562605273164960451e-01 3.713219719316211420e-01 3.865926261624981208e-01 3.463175570469625431e-01 3.666871918400174679e-01 3.516213617573624162e-01 3.878611163081696067e-01 3.512942008097197921e-01 3.442350176597253619e-01 3.442924089804647592e-01 3.509152254364625856e-01 3.489979902906307774e-01 3.500655094156211455e-01 3.733484888723768158e-01 3.484592115225231823e-01 3.686117783476048348e-01 3.764934774799454376e-01 3.590443105666371038e-01 3.471010347634347348e-01 3.433632475536173567e-01 3.525190897753242014e-01 3.447969658921243297e-01 3.888346140512596305e-01 3.516697286478088769e-01 4.009809648855765518e-01 3.539719723534420215e-01 4.037565095406468463e-01 3.467600076265499043e-01 3.638969191119129087e-01 3.580411792308155206e-01 3.433161988383822694e-01 3.435767919378527324e-01 3.525301168179574285e-01 3.475191751501823800e-01 3.464719102943045193e-01 3.627026523704485750e-01 3.670770421587681298e-01 3.495258687637215478e-01 3.393893548838323171e-01 3.509016887910231808e-01 3.822109864105163179e-01 3.540606449859272087e-01 3.538653522584641609e-01 3.544377444944605826e-01 3.472053734013161308e-01 3.593204429238873177e-01
4.522711877079222398e-01 4.049552377982110762e-01 3.697903030351030740e-01 3.885325237821555255e-01 4.222377822949027193e-01 3.736390958074283231e-01 3.736952196520030300e-01 3.774888772111620883e-01 3.568310943868152618e-01 3.975302610270727288e-01 3.705369225447046611e-01 3.546341779504719183e-01 3.614431866550700811e-01 3.556425566376155700e-01 3.533531904898161158e-01 3.563291738255783270e-01 3.567566428368984521e-01 3.508140301394697680e-01 3.556348503825339513e-01 3.548027269308590137e-01 3.457240486580615557e-01 3.534859205937876392e-01 3.538548829053433931e-01 3.936919376078682475e-01 3.435878189804859595e-01 3.443090382677461148e-01 3.513457617401014033e-01 3.463650113545703735e-01 3.435593768153492045e-01 3.833374938762136863e-01 3.540176014953726469e-01 3.559454580914650501e-01 3.480358998330234654e-01 3.482293166957627362e-01 3.372559390033424420e-01 3.434032237518532815e-01 3.413968343325936017e-01 3.425065857633931010e-01 3.441974496662024707e-01 3.430721843271465343e-01 3.552139975967937846e-01 3.430311180994090048e-01 3.467129335617914476e-01 3.498840575278769904e-01 3.481523555430397487e-01 3.410317504981020265e-01 3.411838983369173683e-01 3.859810182139646328e-01 3.478310503352782246e-01 3.503607806629588928e-01 3.573577560827879140e-01 3.428862962728258523e-01 3.390659456656373028e-01 3.453400033801454216e-01 3.582464850199800765e-01 3.448620381184220873e-01 3.415145575187746307e-01 3.493644683489036118e-01 3.452616987026878026e-01 3.459465160744966683e-01 3.574426262867788640e-01 3.473060363583197474e-01 3.511049159192775604e-01 3.582874751991477758e-01 3.499257321441736068e-01 3.586656393876594962e-01 3.408749636965237029e-01 3.580211024083660432e-01 3.569395396474703830e-01 3.655247894493346972e-01 3.600969241719301217e-01 3.561870643979876960e-01 3.608053419499264725e-01 3.444410078860188351e-01 3.997748092176869883e-01 3.438969057180193967e-01 3.934204188638577016e-01 3.486905005730648877e-01 3.548076954374247971e-01 3.543617466236227975e-01 3.693430613956130149e-01 3.833191915203948419e-01 3.538382282685387237e-01 3.431470668189594009e-01 3.606744116621088403e-01 3.451933310383617504e-01 3.423565672845345076e-01 3.606194285460824211e-01 3.420892565613909420e-01 3.512865452536847455e-01 3.521909655457964305e-01 3.697711894945387989e-01 3.472630435668117577e-01 3.806216219989793093e-01 3.528962146333808891e-01 3.449552990146236287e-01 3.510215666866842721e-01 3.695201531653504734e-01 3.922071653294455507e-01 3.569646863745788434e-01
4.371330607848304406e-01 3.939250011250405858e-01 4.491966961246364742e-01 4.179768316233273828e-01 3.884886437573322748e-01 3.991732650299015250e-01 3.891583781627807048e-01 3.861874140326308491e-01 3.876710202329819999e-01 3.997248199577496663e-01 3.707434197614640214e-01 3.658236349794570241e-01 3.714906730091479536e-01 3.610463398678900315e-01 3.573458418068393150e-01 3.556829637777474407e-01 3.737612551601859345e-01 3.732352525518189967e-01 3.871247633555024437e-01 3.538480131845305188e-01 3.559128332549846285e-01 3.700213639399351218e-01 3.529464827380744407e-01 3.534195808913251913e-01 3.645615836127024112e-01 4.282120058478799396e-01 3.545149591424165414e-01 3.562355833855739284e-01 3.584038548605941732e-01 3.586241168685025960e-01 3.604774205165849899e-01 3.577467191682232039e-01 3.494487555138587886e-01 3.535778886643011765e-01 3.551493056133454562e-01 3.516663064621640689e-01 3.505720182405743790e-01 3.714210632181804694e-01 3.557538917439262982e-01 3.516591071975483374e-01 3.617967111069392283e-01 3.518944775213405096e-01 3.474262944968302680e-01 3.472407106367890739e-01 3.605109832854273000e-01 3.543831416212835927e-01 3.464396657006735825e-01 3.508861748827667992e-01 3.506939747971456467e-01 3.523351282847739241e-01 3.514937015580498203e-01 3.489579380438249667e-01 3.607053887795750868e-01 3.513119454760261218e-01 3.517227091514949500e-01 3.480590946468382074e-01 3.454302730325981563e-01 3.508273639887228290e-01 3.575983737579020993e-01 3.585185107544565097e-01 3.528116739731927409e-01 3.463869893912669973e-01 3.533558268402387514e-01 3.576845621371043671e-01 4.070254826666502845e-01 3.445589845674327800e-01 3.619703553415085651e-01 3.457818202216503822e-01 3.603895590688452333e-01 3.501051307205308993e-01 3.744608006050290649e-01 3.632092625934950636e-01 3.816177315168482465e-01 3.463101296366371540e-01 3.494373989274227044e-01 3.521132185578512708e-01 3.502682042038862686e-01 3.429876436669584416e-01 3.429871113269692406e-01 3.493142762927798906e-01 3.404979909356068424e-01 3.483747722604282337e-01 3.455043189901422784e-01 3.580222177873910172e-01 3.530137603728988327e-01 3.523012866711753288e-01 3.487934196376417662e-01 3.536715551528754609e-01 3.576234190869173046e-01 3.546982361958379015e-01 3.580754517863101172e-01 4.113915578113291338e-01 3.548646304667449347e-01 3.479420051987395235e-01 3.451221749264732352e-01 3.434229203314533296e-01 4.080968802687047758e-01 3.526823914043892838e-01 3.384418911011660702e-01 3.515423219437291968e-01
4.161128811754611911e-01 3.688997742817569647e-01 4.172032655704634441e-01 4.363010387312487026e-01 4.535279663738315814e-01 4.216004952792715699e-01 3.538599781595256344e-01 3.679410806602711470e-01 3.681922944361225580e-01 3.591923517826787204e-01 3.769043679030307237e-01 3.529334530831009231e-01 3.637742274191660963e-01 3.485187322032193835e-01 3.873028184071251045e-01 3.514569954483189318e-01 3.766554609337991466e-01 3.554467062206399519e-01 3.586627241924805753e-01 3.520360039098953120e-01 3.521156267625643044e-01 3.496889168975536588e-01 3.560734985336270197e-01 3.564496601097985051e-01 3.558072271409385423e-01 3.511134840581511818e-01 3.458136338733853177e-01 3.577291772981032181e-01 3.636395961009474820e-01 4.090736734498230387e-01 3.466083160791538220e-01 3.566068525037495163e-01 3.743026449291928515e-01 3.481052814782812921e-01 3.511483396526815515e-01 3.524139399526974303e-01 3.513890587258888809e-01 3.501975804319870100e-01 3.614831375037826366e-01 3.416463750399075794e-01 3.723343304939220055e-01 3.555961670099860861e-01 3.518243607399070827e-01 3.533887812205220302e-01 3.593773526036841415e-01 3.498684675710506675e-01 3.597870009001279956e-01 3.595754844777562242e-01 3.672509652380936962e-01 3.544623081825332145e-01 3.574458710257605865e-01 3.609081596164101513e-01 3.714230404809974462e-01 3.441781079799285381e-01 3.480448735642697744e-01 3.497719365863440899e-01 3.448794025418789877e-01 3.471706952534488466e-01 3.441872084587913605e-01 3.470811607371716012e-01 3.483619200521178016e-01 3.431009053370395745e-01 3.483576866817275630e-01 3.494669057725378614e-01 3.546646227279489638e-01 3.758945442930593517e-01 5.121727703411259602e-01 3.812917619968004823e-01 3.824793111145917135e-01 3.533111102811467563e-01 3.443446796974986013e-01 3.797316002360990872e-01 3.726755097279466633e-01 3.845045098801360695e-01 3.601116268954411281e-01 3.445883900144547929e-01 3.707216952200004245e-01 3.504474506831037894e-01 3.755826437584401933e-01 3.851834968615871491e-01 3.448158766365022609e-01 3.741170357196283991e-01 4.096812001251060598e-01 3.605175995110072584e-01 3.824178385206018493e-01 3.598621622366970363e-01 3.910176135993140845e-01 3.831717333433889983e-01 3.635031396170516071e-01 3.716094608753073847e-01 3.664306546642741580e-01 5.558966927999647867e-01 3.505275298271920414e-01 3.474225681169059166e-01 3.499179244909988440e-01 3.448597820108488254e-01 3.417786488524597877e-01 3.442870602310495465e-01 3.446696605861379048e-01 3.451119844181087526e-01
3.914258930215000487e-01 3.662299878378725837e-01 3.768146052410438762e-01 5.006031972103354155e-01 4.027849637108505965e-01 4.013670888244028623e-01 3.697548390520136730e-01 3.640383187528513087e-01 3.689556446310987003e-01 3.982613919779411926e-01 3.633675196674244212e-01 3.636667454403961774e-01 3.750443212817519689e-01 3.691088824994157025e-01 3.622257264391803289e-01 3.715164788238620730e-01 3.583199225889651118e-01 3.544915108333688281e-01 3.537884925038343176e-01 3.518103171040017907e-01 3.726703637747177944e-01 3.991359505316116052e-01 3.509826551684267493e-01 3.563423555776916163e-01 3.527782633014902025e-01 4.309408313315179484e-01 3.634701345377217563e-01 3.447031219568870153e-01 3.524410385930995537e-01 3.548785727045570271e-01 3.525949101994989565e-01 3.539784364818822082e-01 3.522190274680837563e-01 3.584905248807390699e-01 3.498285420718613703e-01 3.551821078964889078e-01 3.601494990832435628e-01 3.820584329793282330e-01 3.566283995985500832e-01 3.729796026093910033e-01 3.456249066724556007e-01 3.529516033417799958e-01 3.471274236171846272e-01 3.519550121829684852e-01 3.581908174668246847e-01 3.444556092114366419e-01 3.845194660988799917e-01 3.450779400083238135e-01 3.472032440413593268e-01 3.562227565267868101e-01 3.461481968818300170e-01 3.475673645939657552e-01 3.550159164217682184e-01 3.698460973358749238e-01 3.462688352631899669e-01 3.549173574751980920e-01 3.605135182377567915e-01 3.508067294767608924e-01 3.678279203882832138e-01 3.536470168143260873e-01 3.447221340993580907e-01 3.458166504666574381e-01 3.564887744242423717e-01 3.485483911454743122e-01 3.900433046714786856e-01 3.580511162439470874e-01 5.303925374130726844e-01 3.408644182948330492e-01 3.538176444556233591e-01 3.503899326147478788e-01 3.507300978678407066e-01 3.481120751505242805e-01 3.527495676411204761e-01 3.669289755932031993e-01 3.590886215333564113e-01 3.780036246311861969e-01 3.740300868547272728e-01 3.898273013834837597e-01 3.567965683360877494e-01 3.540696187171735732e-01 3.565174700846120426e-01 3.540276652561207271e-01 3.863332498401458315e-01 3.440041342015563441e-01 3.430670637234410347e-01 3.469632347548042284e-01 3.459915368278682068e-01 3.659526387035042516e-01 3.423732979699090628e-01 3.732738852253202344e-01 3.421611985085015739e-01 3.494914441110872350e-01 3.542394605232487281e-01 4.050604636694077332e-01 3.490451404039590644e-01 3.689443640932325019e-01 3.674816205505530009e-01 4.146904433748204166e-01 3.428846739033349911e-01 3.489663540855588719e-01
3.796137503023016002e-01 5.461890928542234569e-01 4.557124361942371249e-01 3.822024436211659548e-01 4.235174008813006319e-01 3.842068557776086024e-01 3.705462511692771410e-01 3.757629802671593744e-01 3.835388451397442333e-01 3.621251902297931702e-01 3.608103104564922559e-01 3.960237895567097488e-01 3.635918629485833664e-01 4.172935098733929205e-01 3.609538901564339208e-01 3.733393376944674213e-01 3.629831701952287992e-01 3.657183330596904813e-01 3.651218587765639456e-01 3.834744573505754484e-01 3.640717801236004192e-01 3.784604737400049657e-01 3.580441958240876410e-01 3.650942277961726212e-01 3.620635908881868481e-01 3.744471625614965160e-01 4.207151124791543295e-01 3.634285613195183395e-01 3.552592211463516669e-01 3.573323051613999102e-01 3.548647318648380788e-01 3.524953119224736864e-01 3.551226632643625925e-01 3.523359901685659268e-01 3.508810542790612441e-01 3.546469794597358338e-01 3.537882390086013462e-01 3.338643502331620772e-01 3.527485536601887017e-01 3.591162525137477357e-01 3.430436407639166352e-01 3.444879552031607783e-01 3.428499197068978210e-01 3.442867813862933168e-01 3.432679333460289528e-01 3.407636539397362885e-01 3.501973269367540387e-01 3.390777585434927022e-01 3.458078034830275316e-01 3.444302596881418377e-01 3.477046576121303745e-01 3.510397929939332307e-01 3.549326939367914435e-01 3.518484934860837687e-01 3.437948992362811484e-01 3.464815431131565426e-01 3.496323114120363784e-01 3.492107995386905528e-01 3.472933869461956591e-01 3.427335653949746819e-01 3.608069643194173337e-01 3.403759076314191168e-01 3.446192657338278398e-01 3.550937901573298361e-01 3.643510558217391559e-01 3.563921420414425945e-01 3.482616119884403005e-01 3.438917344152672695e-01 3.551467199619693926e-01 3.564457562832110682e-01 3.509208530306340279e-01 3.550054217191241923e-01 3.441634813049874175e-01 3.526373453014944315e-01 3.483768762708617239e-01 3.410512696310389891e-01 3.402929893407218298e-01 3.524349547075087963e-01 3.396024429766483221e-01 3.553922047455561617e-01 3.438291210927291175e-01 3.463821729818409856e-01 3.407326768222700419e-01 3.579004893765294071e-01 3.434933920062128720e-01 3.398132242628445487e-01 3.492562258844348344e-01 3.433479110920240052e-01 3.669244633780567311e-01 3.549905922479967280e-01 3.455766665296255979e-01 3.655928022203346339e-01 3.703684242633641377e-01 4.260127319058702455e-01 3.703396525544245810e-01 3.417262767373327459e-01 3.530191344718373037e-01 3.412391602977000171e-01 3.488619140495842763e-01 3.486268225705483892e-01
4.223231087903129843e-01 3.953307335898300634e-01 5.506609008605649613e-01 3.824480044533226653e-01 3.795953211988662979e-01 4.668036638204549060e-01 3.797924390920066062e-01 3.762581578551998374e-01 3.739350768414183568e-01 4.259953928319366034e-01 3.691302014485066674e-01 3.872018259063186307e-01 4.062308765094516660e-01 3.779552577407397362e-01 3.761575202477195345e-01 3.741691036404758974e-01 3.769367645938014877e-01 3.824853189516125851e-01 3.700071175078434305e-01 3.667403497903666820e-01 3.847446459143076813e-01 3.808093605685005656e-01 3.739592095875949873e-01 3.696995770912310242e-01 3.785458002354152307e-01 3.679624756579319977e-01 3.609594670515587911e-01 3.820652266515712769e-01 3.766866154979284786e-01 3.738586226791612566e-01 3.831038980190521470e-01 4.121112307776683137e-01 3.639276427341462394e-01 3.782039872633082278e-01 3.701714331178402873e-01 3.828014782061452403e-01 3.768047189269589370e-01 3.787976730988723006e-01 3.730577298401855368e-01 3.855420405190687072e-01 3.710161299330694273e-01 3.677136954363168786e-01 3.794156437777527757e-01 3.599826485209172144e-01 3.893032506884104849e-01 5.862672975718516977e-01 3.577096328156429417e-01 3.603998002762563435e-01 3.565809959899888248e-01 3.533975521555819954e-01 3.597421829429428008e-01 3.558733386976913327e-01 3.567616620425108076e-01 3.555390038349562909e-01 3.519762550834895087e-01 3.520558018875885598e-01 3.626916506773386617e-01 3.569464854168531431e-01 3.514200611928784412e-01 3.553560816748611018e-01 3.613959858426951666e-01 3.682935150826386894e-01 3.559472579076189414e-01 3.709702979949524582e-01 3.524493785862635176e-01 3.588921627278217619e-01 3.479914621186876444e-01 3.544387077763457849e-01 3.467208933121060377e-01 3.567684303652305378e-01 3.582144178730121697e-01 3.476168215139139317e-01 3.529320335097964056e-01 3.506617809025612820e-01 3.570926507681709272e-01 3.561164913251350095e-01 3.518989897364869779e-01 3.501712169277604314e-01 3.489365430461641715e-01 3.511402785042738173e-01 3.552891082343162532e-01 3.585902499053807424e-01 3.741040314141781398e-01 3.471133546317560215e-01 3.487459399805106219e-01 3.474470557564086626e-01 3.524621547460041193e-01 3.481297691177840936e-01 3.520799346337651903e-01 3.510606303020815666e-01 3.462579603176965115e-01 3.537398467686316272e-01 3.578072538298511795e-01 3.423072878112494721e-01 3.480506532555809884e-01 3.514152447834524295e-01 3.427550364412053630e-01 3.525202558533958030e-01 3.490181685111733989e-01 3.534104804124623689e-01
3.681104154758804148e-01 4.131236146894924910e-01 3.844833937272315039e-01 3.864477536368683963e-01 3.804427050635646457e-01 4.533576682763371113e-01 3.689271264173920595e-01 3.910777426685693170e-01 3.908791798526012329e-01 3.661255731514213019e-01 3.576411637532236898e-01 3.596595941960483711e-01 3.522733514965044610e-01 3.993982166996195016e-01 3.502684576991192400e-01 3.521484290457077559e-01 3.504061563096565468e-01 3.568649360004138016e-01 3.637838095389715476e-01 3.504496053925838517e-01 3.495877722996074133e-01 3.514857418077352302e-01 3.525500668927904480e-01 3.530097297986949378e-01 3.535837190546589626e-01 4.246899937803478853e-01 3.475638156607044893e-01 3.465725479017848776e-01 3.548713227408947235e-01 3.483330722946083036e-01 3.476998412027043628e-01 3.459723725882573597e-01 3.447054034139835355e-01 3.586820151797079359e-01 3.579367391948409804e-01 3.473219812084721858e-01 3.410762135619610502e-01 3.617643904647384057e-01 3.773348535076229138e-01 3.972758025122395953e-01 3.840746580136262800e-01 3.473315126292310095e-01 3.496781686996766614e-01 3.507640915785790736e-01 3.503223000865973713e-01 3.405748506902366302e-01 3.447384591923599584e-01 3.460629210854663240e-01 3.418720111467545286e-01 3.452838288365241426e-01 3.427826674215966873e-01 3.517506950252124454e-01 3.568478757712363891e-01 3.641316049985761083e-01 3.504264105787691097e-01 3.598249744860235744e-01 3.452373885098480866e-01 3.749106785949418152e-01 3.425955372406345734e-01 3.427050725307913548e-01 3.878557168597078220e-01 3.472093532764733981e-01 3.442786188397923830e-01 3.491988092141721234e-01 3.432060551596663456e-01 3.576921669940927861e-01 3.570161459068672549e-01 3.541789258616207525e-01 3.452645124997735238e-01 3.519973458868707605e-01 3.798518583746096078e-01 3.451754342749155935e-01 3.460649236978066146e-01 4.128458599627514714e-01 3.366546483107899501e-01 4.305489277013804239e-01 3.410071614605060808e-01 3.412556881868882286e-01 3.566221636158195540e-01 3.500651038232484025e-01 3.617055288716478634e-01 3.771107130226503679e-01 3.474818606518924047e-01 3.594667857218681317e-01 3.703701226814248848e-01 3.451427333898653416e-01 3.419650185477231541e-01 3.510785777645742400e-01 3.482115720294563510e-01 3.412323919749802870e-01 3.532644671582843565e-01 3.455974531387273618e-01 3.410330179742667722e-01 3.572429734413090641e-01 3.467551912171238926e-01 4.157486338752383048e-01 3.530046091949893827e-01 3.605741289479546530e-01 3.544154876130077292e-01 3.464972598175993235e-01
4.779001641475179585e-01 3.720343695847747045e-01 4.049851248861756070e-01 3.991907055019283668e-01 4.327340059103450542e-01 3.717243195653560650e-01 3.582627847634586304e-01 3.638540784175447462e-01 3.578397772682384015e-01 3.573890373945336485e-01 3.546727852744498977e-01 3.557145746332960323e-01 3.837997931325408119e-01 3.459112802371168693e-01 3.917682636831195109e-01 3.432443075903182095e-01 5.266344198855729131e-01 3.568798668696344101e-01 3.779141408139555791e-01 3.668649173478372716e-01 3.448130121403699122e-01 3.601678014390624072e-01 3.566258899957439055e-01 3.575479282065454067e-01 3.481471588907643078e-01 3.427590670154092578e-01 3.873651021858603993e-01 3.836513970231730797e-01 3.827673070487438434e-01 3.801420597172884275e-01 3.634355070889010997e-01 3.710025425885834505e-01 3.640424760746716060e-01 3.532543780480130180e-01 3.979902534767800759e-01 3.627240727176326840e-01 3.510718854904244512e-01 3.511513308964303026e-01 3.582016417132715680e-01 3.441291580504463044e-01 3.422461701105857235e-01 3.423993572798561535e-01 3.441518712233184174e-01 3.396150163402025801e-01 3.475183386159136356e-01 3.509012071500806074e-01 3.495054877469925270e-01 3.462456911484217970e-01 3.484399205352958773e-01 3.997370130784544395e-01 3.465860845472242824e-01 3.427944042508822009e-01 4.597870678695957225e-01 3.493556467147970190e-01 3.443876724890065910e-01 4.088791412080587939e-01 3.902037418044114192e-01 3.405844328100420815e-01 3.408978543160589014e-01 3.444400953031802048e-01 3.464144175754719779e-01 3.864284373001177775e-01 3.480037312879623590e-01 3.486669255164007719e-01 4.158731000346157503e-01 3.478518876434265605e-01 3.468124050912002043e-01 3.461705044623294425e-01 3.452849949145956887e-01 3.431285363174308989e-01 3.525497373489876463e-01 3.700052669926429116e-01 3.485247146907169413e-01 3.439977968207326708e-01 3.417753534144314931e-01 3.440028160263450263e-01 3.365427048159201351e-01 3.658636872262627793e-01 3.478298335581600509e-01 3.449602675211894121e-01 3.482748951386467340e-01 3.401874085761990019e-01 3.496885113051809157e-01 3.404432866643366529e-01 3.398472686726294878e-01 3.473044393383521444e-01 3.734247909374941443e-01 3.405352800843734484e-01 3.366338363521649280e-01 4.206155142021290594e-01 3.396786689931957648e-01 3.439970363350338123e-01 5.212303071114955388e-01 3.464897056596574765e-01 3.404617918163418411e-01 3.484891239600110824e-01 3.490200697254205453e-01 4.653296397399092066e-01 3.444109433513912188e-01 4.080888444698202999e-01
4.952966294018963933e-01 3.792375887261301703e-01 3.954893709066089058e-01 3.921765938043520472e-01 3.916839765181643340e-01 3.921932230916334583e-01 3.738936303708313980e-01 3.726439749209679020e-01 3.761327284139372451e-01 3.734927023104009369e-01 3.647343659634797453e-01 3.896716806599769822e-01 3.685872907081020333e-01 3.671786176986103767e-01 3.735289774782357686e-01 4.001732023257879578e-01 3.528681527110935079e-01 3.564015720641082741e-01 3.816986725447285567e-01 3.671146608513375931e-01 3.589798720784217467e-01 3.609322416635402098e-01 3.628689959423090361e-01 3.575228321784835739e-01 3.660539607481135271e-01 3.590958968465420287e-01 3.638930659843720994e-01 3.512096094504850718e-01 3.593767695646483129e-01 3.514605950806268253e-01 3.595941924259478117e-01 3.556476772413210696e-01 3.638477410367210174e-01 3.660528960681351252e-01 3.801477380105064419e-01 3.591558991681808033e-01 3.588630107760327759e-01 3.602763480978106725e-01 3.625137477228557725e-01 3.661886934644253411e-01 3.692144379144152722e-01 3.680261536604484962e-01 4.786578106997527726e-01 3.562370536579250735e-01 5.796436192320618686e-01 3.544985326513214741e-01 3.589849419830807298e-01 3.676714631305077474e-01 3.621934057969795062e-01 3.562141883879131332e-01 3.584928570368821621e-01 3.630109532727598953e-01 3.558434516097268019e-01 3.550386295946403870e-01 3.754094558152901717e-01 3.573195797007059360e-01 3.663107514190898084e-01 3.633574812561997103e-01 3.622126967842068113e-01 3.552731126851172427e-01 3.537554113759346364e-01 3.541986984897906865e-01 3.685355269815340784e-01 4.103951187496573394e-01 3.485961242978383723e-01 3.576684905393354708e-01 3.583315833696806840e-01 3.736275364248058950e-01 3.734824357534665129e-01 3.739163181941801972e-01 3.605970702665364236e-01 3.788850782551927421e-01 3.606993302435076432e-01 3.493923274750045938e-01 3.572639121475505442e-01 3.685847304062492835e-01 3.515915253684444020e-01 3.707483629185065466e-01 3.552854072039152156e-01 3.487105013469444792e-01 3.534886076432569024e-01 3.478608613746728695e-01 3.501311646809546207e-01 3.567253868746759760e-01 3.497192095778909326e-01 3.510621005744326562e-01 4.345379286870492130e-01 3.462904077075138476e-01 3.518184543009794107e-01 3.610207114998389977e-01 3.728981292415215476e-01 3.985315164981705349e-01 3.488958824107993295e-01 3.514091355483383583e-01 3.496009540517207026e-01 3.564650726199617425e-01 3.520211237397212756e-01 4.138050352251798625e-01 3.523346973428778672e-01 3.484032904741348746e-01
3.878944509313023148e-01 3.825754111574022898e-01 3.753641815666856618e-01 5.102112749276213055e-01 4.638150564220918648e-01 4.043539471056585843e-01 3.900130626901879838e-01 4.207333894854498602e-01 3.817389275877206556e-01 3.903467131157940528e-01 4.159241286250081604e-01 3.914026728581619929e-01 3.849104824957021997e-01 3.804138319565318893e-01 3.909144156899809763e-01 3.865410652321165097e-01 3.805718862342749587e-01 3.606718513602560905e-01 3.668630414831134390e-01 3.741835021697073604e-01 3.696089525454521185e-01 3.731735771616427333e-01 3.633640214332097829e-01 3.691341052750940488e-01 3.674575131538996842e-01 3.749461172285079025e-01 3.665607737673463595e-01 3.660526425729022093e-01 3.746004511288600902e-01 3.697485016711899442e-01 3.655149031352497579e-01 3.722217279114465316e-01 3.688580743159370345e-01 3.770131680570120158e-01 3.877822539411995284e-01 3.885899911514648641e-01 3.777992060753369574e-01 3.814991210973519009e-01 3.663814005405123808e-01 3.811734050725371081e-01 3.778978664200003390e-01 3.756781607622149965e-01 3.833465943550765087e-01 3.832128502701731554e-01 3.932825935057039368e-01 3.906838110765682437e-01 4.315894242345385545e-01 3.761865708014153764e-01 3.844965501298215349e-01 3.730808993044769650e-01 3.733224802614763527e-01 3.737745383103924235e-01 4.035618759007894019e-01 3.798437718766785598e-01 3.854006408781303628e-01 3.792368789394779394e-01 3.793871002145228766e-01 4.156632820303047260e-01 3.838882883183629691e-01 3.962691222431567462e-01 4.722075737983458810e-01 3.747296322995704032e-01 3.780871259609192570e-01 3.948025509224597496e-01 3.661181457410959683e-01 3.730332422006827908e-01 3.765028821530878034e-01 3.886139718005017230e-01 4.023369869351849926e-01 4.280387672056833459e-01 3.891137123027352818e-01 3.745603481830077630e-01 4.026729188178875818e-01 4.013250086157335028e-01 3.725535024723288235e-01 3.742187633566104177e-01 3.895794337447072153e-01 3.723309843568470834e-01 3.899762551823639511e-01 3.741467960599764719e-01 3.688852490049090438e-01 3.761416767956602958e-01 4.009050430633086526e-01 3.744888118282698186e-01 3.845987087086995548e-01 3.726815682640141070e-01 3.564773671387597154e-01 3.623918672148544462e-01 3.547849315655060565e-01 3.540124301926205197e-01 3.572565100867484689e-01 3.537170828967128866e-01 3.630615509212563041e-01 3.522202695947251883e-01 3.515729441678693279e-01 3.573026462191449815e-01 3.555814389369518214e-01 3.541733236169725685e-01 3.500040621711545397e-01 3.851653719524313901e-01
4.225087686989240643e-01 3.949163195830067696e-01 4.051731169509298347e-01 4.178925698078955198e-01 3.951367590375783334e-01 3.771268606689891500e-01 3.768827194101370126e-01 4.181337958715687364e-01 3.718135498873537670e-01 3.724329654890620733e-01 3.933336220960963470e-01 3.736793001513739054e-01 3.769950177983329431e-01 3.681600498424916212e-01 3.674582989891218010e-01 3.661670703210548883e-01 3.733609354883145603e-01 3.741376195325437637e-01 3.555915533967464182e-01 3.624386624348566177e-01 3.603953894592030194e-01 3.512732114044316845e-01 3.634831641926952739e-01 3.600234105543752561e-01 3.563576666897616541e-01 3.580792542148042990e-01 3.542755075453739022e-01 3.565645441493704992e-01 3.538088735205633384e-01 3.685335750682403599e-01 3.496587256153095846e-01 3.594423487814119578e-01 3.594801195711211927e-01 3.561410296636843831e-01 3.628103878444514652e-01 3.612012001056979504e-01 3.635282356451134400e-01 3.664903781411567030e-01 3.605017814084712779e-01 3.581110425170159761e-01 3.587537796801554824e-01 3.601369257196893048e-01 3.552010693399134111e-01 3.518806620311448197e-01 3.513579802103294902e-01 3.567533220493468438e-01 3.519752411025577343e-01 3.584840607522988831e-01 3.597560237826617491e-01 3.577683169620703985e-01 3.577024082015038964e-01 3.564236768484213003e-01 3.605549900578670641e-01 3.495224212285534260e-01 3.618199819693238561e-01 3.701606595704400315e-01 3.531041567729680808e-01 3.671472856878180147e-01 3.792845106937488553e-01 3.520359532108487399e-01 3.520817344499191370e-01 3.498696589986455274e-01 3.485408369875324652e-01 3.671177027941329718e-01 3.459059568372249704e-01 3.572111851390973869e-01 3.574349200316972452e-01 3.521403678973000217e-01 3.558393196374297629e-01 3.545849745257567687e-01 3.540584142278772606e-01 3.449391260187615327e-01 3.465454492613827542e-01 3.536156087549638394e-01 3.493248470439938025e-01 3.519669771579636008e-01 3.481375007223889706e-01 3.481547383982294130e-01 3.538284433525469286e-01 3.587456678327011761e-01 3.466856574747262387e-01 3.529996660379469131e-01 3.512680401016795573e-01 3.486352386122822389e-01 3.514836884963483676e-01 3.472775181446131065e-01 3.961799426202056718e-01 3.511566035972756294e-01 3.707815961435459995e-01 3.541610290981745957e-01 3.450965972574687735e-01 3.531163498936728540e-01 3.526955731565025731e-01 3.404935547690302600e-01 3.509329701027689707e-01 3.502457952252936990e-01 3.576061053625069763e-01 3.603921447202212969e-01 3.495795083550133353e-01 3.458569815582194229e-01
4.017264690161531648e-01 3.854344824917289025e-01 4.209050564572022202e-01 4.146675781048085319e-01 3.921725378806248941e-01 4.091819666133383882e-01 3.868435103945467302e-01 3.769619366704332064e-01 3.784315245844023234e-01 3.963514321452949463e-01 3.874195022628510454e-01 4.036124228502392386e-01 4.100207823391631701e-01 3.798655471171887843e-01 3.900566638702550049e-01 3.859564545258920010e-01 3.823582671408590761e-01 3.972619363229973888e-01 3.932364573733073687e-01 3.894916229960140863e-01 3.964917924557782025e-01 3.907205171862990767e-01 3.905307506549142715e-01 3.787492048103326958e-01 3.882411817109284735e-01 3.803859728304309074e-01 3.631330872759941930e-01 3.693904143051277011e-01 3.657659141149147697e-01 3.547397080159481741e-01 3.641697053320882005e-01 3.664569674694541646e-01 3.609781749997503786e-01 3.668139901555380611e-01 3.966442951879197154e-01 3.777052353924831851e-01 3.597645919215353705e-01 3.968347461564334933e-01 3.780450964512964696e-01 3.576734336963779404e-01 3.603365278661125326e-01 3.613014828198521378e-01 3.598216283489486522e-01 3.616530807079509358e-01 3.578545560403192383e-01 3.669601555068558452e-01 3.835409491501776680e-01 3.723244948788836384e-01 3.578009671480740783e-01 3.580203165731439263e-01 3.630697134677571825e-01 3.657398548049677345e-01 3.535044257457928829e-01 3.507343312382309453e-01 3.569667143364423922e-01 3.564888758223355159e-01 3.557294548034701243e-01 3.531024076558607061e-01 3.443067061116030225e-01 3.579222899665629454e-01 3.495617890382302639e-01 3.493451266626296792e-01 3.496436933479957210e-01 3.404604482916072095e-01 3.507265996336260683e-01 3.558290277309720251e-01 3.496456199117661257e-01 3.789927123311024881e-01 3.516089151414246716e-01 3.499828953192034020e-01 3.508057915443990038e-01 3.467314387137966358e-01 3.437792585804082535e-01 3.475546898323183531e-01 3.539211719087592689e-01 3.391262268320323625e-01 3.536821766031359449e-01 3.474030996830155260e-01 3.512018778458801394e-01 3.482091638247433729e-01 3.502931227852850715e-01 3.479457569281871332e-01 3.562355833855739284e-01 3.553047488901891482e-01 3.474028461877825547e-01 3.432644604613375727e-01 3.463191540669300905e-01 3.569219977773503971e-01 3.457690694114330943e-01 3.466349837776599441e-01 3.551466185638761930e-01 3.437948992362811484e-01 3.483487636495277706e-01 3.577503188005310419e-01 3.449783163817752851e-01 3.477417439647106367e-01 3.467122237751392166e-01 3.598459638913116820e-01 3.428447737536689521e-01 3.455981629253795928e-01
4.240365337688546954e-01 3.790115216773872198e-01 3.967300272757027235e-01 3.993710420106474923e-01 4.304089476337465969e-01 3.906483724430021010e-01 3.786114555007487614e-01 3.667865112722865084e-01 3.978390689198499364e-01 3.642759451842166873e-01 3.649562249913557710e-01 3.572211982007988396e-01 3.729779041913302562e-01 3.569152548041539807e-01 3.500888309770523454e-01 3.456146908145678043e-01 3.606786957315456510e-01 3.555433893024863012e-01 4.523094147890507899e-01 3.497558903380985074e-01 3.543881101278493762e-01 3.522717798260602273e-01 3.605657382557440616e-01 3.541696225865715308e-01 3.516750266981774620e-01 3.487754214761024651e-01 3.491353847068885408e-01 3.549895022184950677e-01 3.623412188673114098e-01 3.534152207733184947e-01 3.549553817601402983e-01 3.513697170396149483e-01 3.535894480469236045e-01 3.782018072043049073e-01 3.595932798431091815e-01 3.514455121142663896e-01 3.545322982163501835e-01 3.556440015604433458e-01 3.455550433862551452e-01 3.511808377415454596e-01 3.432953615302339334e-01 3.442018604832557394e-01 3.670968908355079496e-01 3.393209111709363790e-01 3.439572882825076006e-01 3.506406394001334026e-01 3.944739704015126081e-01 3.389695160790239248e-01 3.489818426442919952e-01 3.838716590310815580e-01 3.488255881827028726e-01 3.447652282889592246e-01 3.436241701968906770e-01 3.380541447928488985e-01 3.417960386254400573e-01 3.408646971395893344e-01 3.950242578531960036e-01 3.552358488858738950e-01 3.479483932786098244e-01 3.444624028836796303e-01 3.436884819374895761e-01 4.220269249601366068e-01 3.555273177047174049e-01 3.548098501469048593e-01 3.452103659180158490e-01 3.878081358044835336e-01 3.478236229249528355e-01 3.723605165514855542e-01 3.922072920770620641e-01 3.607089630623596666e-01 3.517515062099578760e-01 3.945045926256527391e-01 3.762450775011797477e-01 3.418674228830381745e-01 3.522536042178578408e-01 3.452773900576072696e-01 3.653513733604750180e-01 3.786057518580074333e-01 3.485362487238161111e-01 3.462646018927997282e-01 3.560927134722844944e-01 3.603731325777502215e-01 3.835953999262148861e-01 3.582292726936628924e-01 3.425600732575451168e-01 3.367580743658327158e-01 3.462149675261885218e-01 3.455090086519517767e-01 3.416271094022035326e-01 3.785549260638013669e-01 3.594969009555423756e-01 3.916026805969579083e-01 3.569952325501490331e-01 3.769439638584172192e-01 3.478421534264813375e-01 3.488716989655760714e-01 3.472974935689693843e-01 3.530644847690116994e-01 3.475358551365103632e-01 3.499711584899178884e-01
3.993946424168349774e-01 3.836478987889584413e-01 4.054144190631729927e-01 3.746133540362171499e-01 3.878553366168584482e-01 4.190013072577631892e-01 3.718244501823705361e-01 4.040527947689164234e-01 3.728457571263945058e-01 3.653241479724564367e-01 3.710088799694071238e-01 5.746912349630977079e-01 3.832361718316043553e-01 3.673956096180137632e-01 3.850946974814855039e-01 3.761920716479703608e-01 3.845574903838221981e-01 3.690123515147091804e-01 3.663799049186379775e-01 3.670327058425255085e-01 3.654241518418543944e-01 3.638745101333203391e-01 3.598871822161890388e-01 3.646819938483527035e-01 3.768005109060919566e-01 3.670632266685724399e-01 3.593980885137392778e-01 3.582216171376279013e-01 3.638860948654660254e-01 3.635041028989368095e-01 3.589122902493178113e-01 3.541770753464202337e-01 3.582255209642152827e-01 3.563718117237602012e-01 3.618848260499119562e-01 3.527586681199832985e-01 3.563882889139017851e-01 3.561600418061554585e-01 3.725429824201614837e-01 3.523306667686740279e-01 3.546333921152498014e-01 3.546665492917193685e-01 3.539400826531372002e-01 3.589152307940200459e-01 3.533388426596312804e-01 3.496025764212116194e-01 3.508859720865803999e-01 3.457991339460607105e-01 3.528198111701703610e-01 3.420075043487652011e-01 3.529603742768400165e-01 3.554503565519944175e-01 3.477550017653938119e-01 3.555285344818355786e-01 3.452161456093270631e-01 3.492167566766648523e-01 3.498552858189373782e-01 3.498236496138654728e-01 3.407500158962036840e-01 3.445267399738018432e-01 3.402887306208082774e-01 3.451524169077639370e-01 3.533267255874963375e-01 3.508763392677283766e-01 3.488841962805604435e-01 3.524329267456451920e-01 3.510685393533495291e-01 3.475460202953515321e-01 3.426973155766631640e-01 3.441747871923769297e-01 3.471999486033310323e-01 3.407758217109177479e-01 3.474461938726166599e-01 3.506324515041092105e-01 3.452999004342930389e-01 3.484262571422399590e-01 3.484670445252213145e-01 3.460925293286746807e-01 3.397451354432747261e-01 3.331778851423390919e-01 3.476218660690496010e-01 3.483263293214118872e-01 3.463080509757269776e-01 3.499050722826883564e-01 3.498466416314938709e-01 3.453831482687931276e-01 3.459613962446707047e-01 3.511563754515659719e-01 3.492024088464799614e-01 3.418180673611831977e-01 3.423176304167537265e-01 3.456059198795077836e-01 3.940369953189569729e-01 3.453875337363231379e-01 3.497369035451506902e-01 3.617755696045114044e-01 4.201176749141425915e-01 3.547740312704893428e-01 3.555669643591504725e-01 3.679299522195447758e-01
4.266180278231033185e-01 3.969679072023010735e-01 4.039546921137655566e-01 3.970695334411898925e-01 3.812090718518129084e-01 4.083960806921532183e-01 3.816121292722001179e-01 3.994380154511923409e-01 4.155769922530092586e-01 3.814666483580113066e-01 3.838968564572365905e-01 3.806023563612752625e-01 3.840623634948283072e-01 3.746419736480169904e-01 3.796100746214238764e-01 3.690771955952972250e-01 3.687863351650127464e-01 3.640430591137074345e-01 3.668488710995916890e-01 3.716407928860997467e-01 3.759266114400272585e-01 3.700894527595049444e-01 3.691658935773057260e-01 3.726365221611192546e-01 3.812870469854676703e-01 3.666121572510648852e-01 3.719837212372317237e-01 3.675886208883803463e-01 3.645353722056156043e-01 3.904599240868286136e-01 3.694510250153255626e-01 3.690206661583498304e-01 3.719458997484758611e-01 3.911473017604902291e-01 3.711884052933808742e-01 3.805524684994311402e-01 3.731171491227885384e-01 3.651386401609851284e-01 3.739416677174750014e-01 3.654758648693757772e-01 3.597264915880233338e-01 3.637414504855459585e-01 3.693040738287856617e-01 3.702114346655994703e-01 3.747937158944596447e-01 3.718327648260112417e-01 3.634404755954668831e-01 3.699104851250437087e-01 3.707188053743448175e-01 3.609605824305837651e-01 3.646602946564123648e-01 3.437102571779998006e-01 3.509283057904827308e-01 3.463608793822733345e-01 3.417986242768161209e-01 3.521178068215676249e-01 3.674047861454465269e-01 3.502780398189246913e-01 3.509117018527246334e-01 3.464606551059616346e-01 3.532320197684670204e-01 3.488905083118608585e-01 3.496954063755171038e-01 3.472100377136023708e-01 3.512299651176907789e-01 3.453302184641536265e-01 3.552747350546081040e-01 3.544177437205809911e-01 3.522416392428627252e-01 3.486888021550041405e-01 3.469014326170115070e-01 3.515489888683557274e-01 3.464814670645866568e-01 3.518870501110151205e-01 3.513252286262326107e-01 3.531089731823940925e-01 3.498955155124062188e-01 3.510886668748455786e-01 3.522021193360461155e-01 3.541547931154440665e-01 3.486319938733005164e-01 3.482626513188953887e-01 3.480559006069030570e-01 3.726114261330574218e-01 3.526318444549394471e-01 3.494167390659374539e-01 3.532142751021606353e-01 3.459614722932405906e-01 3.444589553485115641e-01 3.541117496248895047e-01 3.488297455045232254e-01 3.472832471368776930e-01 3.591865213923209343e-01 3.453741491880235048e-01 3.459778987843356024e-01 3.525363021016413856e-01 3.495548686183707621e-01 3.442921554852317878e-01 3.714313297751148379e-01 3.443902327908593408e-01
3.972751180751106781e-01 3.584203067012124988e-01 3.797722101724173571e-01 5.715677681008064503e-01 4.978343701789382236e-01 3.743317715314585792e-01 4.423441115894946041e-01 3.570436501396421214e-01 3.437816921346445453e-01 3.496656460351690310e-01 4.266819086218062163e-01 3.501018606320258630e-01 3.807771666739162009e-01 3.401162271147872285e-01 3.596420523259283852e-01 3.646590271802476191e-01 3.462509638492671238e-01 3.468792771336519087e-01 3.435989981202589583e-01 3.508268062992103697e-01 3.461611251387103905e-01 3.434954960166463067e-01 3.481546370001362689e-01 3.802645993128954682e-01 3.407776215270716946e-01 3.481476151821836229e-01 3.393820542211233859e-01 3.490637976531040243e-01 3.493362543294765143e-01 3.442553226278844969e-01 3.492887493228220563e-01 3.454682212689704768e-01 3.610716386921382637e-01 3.366914304690906690e-01 3.466586348828940012e-01 3.504794671310251242e-01 3.395864220779260534e-01 3.570933605548232137e-01 3.407198753130061819e-01 3.597245396747296153e-01 3.422168914111802240e-01 3.384227522110785369e-01 3.463020938377527336e-01 3.479167317240146051e-01 3.444522123753151477e-01 3.426350064484045554e-01 3.437346687689327163e-01 3.456737552038446903e-01 3.468582877283638011e-01 3.356123773110011865e-01 3.460711343310138299e-01 3.444425542069398105e-01 3.484208323442549160e-01 3.422383371078875913e-01 3.408255067765755819e-01 3.465010115470469887e-01 3.449365657169087829e-01 3.570662872639443486e-01 5.156226883644076109e-01 3.382066475249904114e-01 3.433159960421958701e-01 3.438859800734793137e-01 3.411187500620497248e-01 3.456596355193694570e-01 3.430230569510012706e-01 3.663339462329045504e-01 3.469496474103182515e-01 3.680487654352274651e-01 3.764754793184061366e-01 3.412012374108510104e-01 3.498339415203231550e-01 3.724547914286188699e-01 3.431244550441804320e-01 3.478013913930232959e-01 3.458822803824676551e-01 3.397037903707809114e-01 4.019321043491205225e-01 3.495014825223119459e-01 3.550245352596884674e-01 3.530156362376226653e-01 3.676062641565935318e-01 3.480695639999589197e-01 3.407586854331705051e-01 3.663023100278326449e-01 3.698721059467753869e-01 3.955105884576066155e-01 3.423584431492583402e-01 3.852065902773086914e-01 3.457006763975837282e-01 3.534871373709058129e-01 3.580180858150939782e-01 3.541507878907635409e-01 3.519745313159054478e-01 3.792796689347995298e-01 3.766889983531181985e-01 3.564555918982494909e-01 3.893470800141871635e-01 3.409758294497136633e-01 3.422800370737075215e-01 3.950850460100569506e-01
4.058560077589682957e-01 3.952729366767179231e-01 3.926047979518477171e-01 4.012196306473970742e-01 3.767602812126231160e-01 4.314977096592579886e-01 3.775145816277830080e-01 3.756833827640136958e-01 3.815028474772762523e-01 3.897133299267503403e-01 3.813620308753736809e-01 5.219900830236871014e-01 3.816387462716596124e-01 3.822682256341159435e-01 4.014988809960124971e-01 4.068299110944309516e-01 3.753534587183319782e-01 3.819219257963857861e-01 3.840397010210027662e-01 3.841597056642803154e-01 3.476397121334491302e-01 3.700005266317867858e-01 3.697342552390983084e-01 3.502224483143391853e-01 3.466204078017654511e-01 3.511940448431820627e-01 3.495220156361807384e-01 3.412393630938863609e-01 3.494503271843030778e-01 3.477360403219693086e-01 3.448843203493981990e-01 3.501097189842472535e-01 3.506041360865889134e-01 3.498508750018841096e-01 3.520901251421297284e-01 3.504302383567866053e-01 3.578947857337880789e-01 3.640003705164789882e-01 3.501869336322031567e-01 3.469388992124412541e-01 3.509235907791499187e-01 3.545358471496114494e-01 3.490576377189433810e-01 3.517782246075105701e-01 3.571527037888563294e-01 3.524634222221688651e-01 3.511003276555612063e-01 3.452089970437579036e-01 3.510260535523074266e-01 3.489348699776267382e-01 3.466828183281172038e-01 3.378659245823850688e-01 3.500478661474079600e-01 3.409708609431479354e-01 3.489032844716014048e-01 3.476601438492247231e-01 3.376016304525135681e-01 3.524951344758106564e-01 3.486743275772028472e-01 3.626410530288422529e-01 3.403316473637463813e-01 3.523600468661726715e-01 3.476915265590636572e-01 3.448630267498305479e-01 3.478892781902863662e-01 3.574482285314269925e-01 3.458290970825951827e-01 3.552942795370683804e-01 3.443707897064922641e-01 3.457412863339019982e-01 3.532980806261732387e-01 3.624042377822223049e-01 3.464693499924517694e-01 3.558647198597711392e-01 3.984024113760301633e-01 3.685351720882079629e-01 3.422407199630773111e-01 3.527286796339255681e-01 3.498991658437606844e-01 3.732362665327507711e-01 3.444110193999611047e-01 3.474983885410806161e-01 3.491761467403465824e-01 3.570777198989503187e-01 3.575211337604228268e-01 3.515663025927661112e-01 3.568359614952878456e-01 3.418326433370777462e-01 3.505759727662083880e-01 3.425695286297341102e-01 3.445954878809773247e-01 3.528100009046552521e-01 3.586608990268033703e-01 3.496490927964575612e-01 3.386411130047398688e-01 3.851835729101570349e-01 3.473040337459794569e-01 3.489099767457512491e-01 3.617763047406869492e-01 3.531558698004894636e-01
4.120953873256090749e-01 3.412390082005602454e-01 4.282980421299424911e-01 3.882423984880466472e-01 4.335147712278247245e-01 3.845717368159138894e-01 3.588418946231282103e-01 3.776117717000952445e-01 3.915550741922103062e-01 4.954168875404069139e-01 3.834423648540842278e-01 3.856445032922262706e-01 3.500901998513102353e-01 3.490481316477078710e-01 3.478845378294302404e-01 3.444916055345152439e-01 3.384758594623811234e-01 3.536621504797330395e-01 3.906037572820032500e-01 3.449875436082546210e-01 3.891768833147858930e-01 3.454696408422749943e-01 3.427259351884629490e-01 3.436247025368798780e-01 3.405677021246675262e-01 3.364387717704114822e-01 3.839083397912891327e-01 3.447411969408757937e-01 3.372644057441229193e-01 3.411688153705569326e-01 3.464529488508800159e-01 3.390016085755151454e-01 3.387776962362522015e-01 3.422361063498376432e-01 3.410544129719275674e-01 3.370862999934536863e-01 3.366169789191738593e-01 3.441167367840318181e-01 3.470316024191302806e-01 3.509443773882516271e-01 3.440733130506278270e-01 3.384863795145484633e-01 3.376794027899819861e-01 3.402024408435128100e-01 3.397313706521256638e-01 3.441236318543680062e-01 3.396605187345166921e-01 3.480211717599891452e-01 3.426958706538353328e-01 3.371308644554059653e-01 3.423364397630384581e-01 3.424801715601199503e-01 3.563907224681380770e-01 3.594387998481506918e-01 3.498645637444632861e-01 3.411698547010120208e-01 3.465513050012638541e-01 3.607715256858511910e-01 3.528549456094569603e-01 3.455787451905357743e-01 3.497730773148923777e-01 3.418717830010448711e-01 3.482431575354816844e-01 3.425751815734288108e-01 3.479461878700831901e-01 3.458806073139301662e-01 3.472596974297368355e-01 3.366707706076054185e-01 3.727848168723937872e-01 3.439312796716071374e-01 3.335227400572414735e-01 3.526754963340530957e-01 3.372256209734818544e-01 3.850946214329156181e-01 3.487293613922758384e-01 3.417051352349049220e-01 3.496983976192659105e-01 3.483388012868729455e-01 3.651750167269131597e-01 3.481540032620538683e-01 3.812890242482846470e-01 3.614813123381054316e-01 3.520792755461595314e-01 3.415479174914305971e-01 3.901416354723391544e-01 3.448408205674243221e-01 3.545759247459405183e-01 3.618874117012880198e-01 3.652416099246085790e-01 3.448865511074481471e-01 3.577383791750592401e-01 3.480658376200345683e-01 3.518003040423003380e-01 3.415332401174429044e-01 3.501598349918010333e-01 3.485174647270546378e-01 3.557443603231674190e-01 3.517973381480748452e-01 3.423983432989243236e-01 3.398449365164863401e-01
3.872447172997334208e-01 4.481632974580009310e-01 3.885211418461961830e-01 3.922444544782122122e-01 3.861362586946219810e-01 4.149153950445384487e-01 3.871421784780059716e-01 3.643131582844134631e-01 3.623953400995458263e-01 3.636464151227137842e-01 3.570924479719845834e-01 3.526879176004675265e-01 4.213461888615782081e-01 3.451708713607225532e-01 3.483820475736138511e-01 3.578935436071466469e-01 3.422552705894485459e-01 3.766078291795282307e-01 3.528867085621453237e-01 3.482534747914626805e-01 3.532891829434967601e-01 3.474449010469286003e-01 3.460637829692583822e-01 3.445837764012151250e-01 3.498574405284174405e-01 3.521547157274848572e-01 3.635731803499150927e-01 3.551145260673849724e-01 3.468566400093496260e-01 3.501720788115524341e-01 3.473437564489824103e-01 3.563127980335298872e-01 3.515837177152696391e-01 3.524413174378557834e-01 3.538494581073582945e-01 3.379214653879239472e-01 3.682196212222343390e-01 3.530488694626621182e-01 3.509417410378289914e-01 3.905579760429328529e-01 3.483153529778252322e-01 3.565678395873987938e-01 3.648486416144926525e-01 3.452605579741395148e-01 3.562978418147859649e-01 3.704424702209082598e-01 3.639866057253299259e-01 3.503085859944948810e-01 3.635777686136314468e-01 3.471884906188018038e-01 3.555116010002746241e-01 3.645368931770132659e-01 3.570391886235422252e-01 3.632590490572460418e-01 3.703965875837446631e-01 3.597851503849274768e-01 3.441702496277071477e-01 3.509512724585878152e-01 3.537353092039618452e-01 3.380453738577889333e-01 3.505983310457543856e-01 3.649158938997937307e-01 3.609983532202930001e-01 3.485352600924075950e-01 3.427487751089515755e-01 3.449673400381886301e-01 3.520487040210660279e-01 3.493898178721983605e-01 3.576336602943284149e-01 3.550010109020709237e-01 3.526079145049491603e-01 3.547222675439213324e-01 3.534431559479893625e-01 3.633412068622444702e-01 3.428020091078706200e-01 3.446533861921826092e-01 3.571270754208052400e-01 3.552800077554533753e-01 3.615014905586480531e-01 3.554425488988195991e-01 3.468144330530638086e-01 3.648846886366178821e-01 3.490555844075565184e-01 3.632854125614726204e-01 3.468592763597723172e-01 3.559003612895236257e-01 3.580775304472202936e-01 3.567344620040154846e-01 3.410729688229793277e-01 3.510146462668247702e-01 3.642901155677384928e-01 3.548246289189857516e-01 3.452318623137698439e-01 3.433803838313646550e-01 3.551775196327725537e-01 3.605441658114201808e-01 3.540030001699548401e-01 3.475182372178204360e-01 3.581863813002481023e-01 3.553863743551983756e-01
3.993029278415544114e-01 4.118777109690766602e-01 4.057047218039449565e-01 3.673481046113593607e-01 3.840850513181771619e-01 3.887942069111277044e-01 3.638817093979360706e-01 4.010049708841367244e-01 3.846895107011414905e-01 3.792888961612788101e-01 3.910246354172667305e-01 3.697561065281784187e-01 3.715629191505381290e-01 3.947771507001183733e-01 3.659491658188128715e-01 3.731338798081630936e-01 3.719697029508496899e-01 3.647786262311524252e-01 3.649060836342786773e-01 3.684095398507589714e-01 3.614765466277259920e-01 3.700166489286023097e-01 3.663041351935098500e-01 3.604374443183491206e-01 3.572603632142892782e-01 3.646201156619900963e-01 3.466815508519525135e-01 3.551120925131486805e-01 3.550075257295576825e-01 3.480830245968284387e-01 3.518588360915880231e-01 3.535836683556123905e-01 3.518745527960308039e-01 3.539103730118356994e-01 3.543158639864592008e-01 3.512120176551980499e-01 3.516601972270499976e-01 3.463862796046147108e-01 3.522689913784977644e-01 3.453875337363231379e-01 3.425914559673841064e-01 3.538479371359606329e-01 3.503494240765228085e-01 3.480292836074435070e-01 3.485087951900878167e-01 3.465342954711330137e-01 3.472785321255448809e-01 3.410502556501072147e-01 3.529934047056931257e-01 3.593014814804628143e-01 3.555501576252060314e-01 3.449574283745803771e-01 3.540277159551672992e-01 3.477684116632167588e-01 3.530793142401391638e-01 3.536589057407513170e-01 3.461693130347345826e-01 3.481309098463323259e-01 3.708762512635287445e-01 3.546153939537105004e-01 3.534386690823661525e-01 3.445679582986791445e-01 3.442116200497242207e-01 3.395997052281324868e-01 3.471228860525148452e-01 3.611149610274490551e-01 3.449797359550798026e-01 3.447698419021988925e-01 3.456828810322307710e-01 3.578135151621049670e-01 3.441551159623001399e-01 3.419493271928036870e-01 3.422092358551451774e-01 3.443209271941714000e-01 3.431134026520238911e-01 3.733037723132848207e-01 3.639642981448305004e-01 3.403732205819498535e-01 5.158962604198049640e-01 3.545801074172841294e-01 3.545543523016166376e-01 3.554504579500876171e-01 3.529711224747169585e-01 3.653125885898340086e-01 3.380803561999357609e-01 3.624651780362229680e-01 3.834546340233588868e-01 3.557029645516270322e-01 3.421272554968098345e-01 3.815348892747208454e-01 3.588173816341021505e-01 3.971037806471611198e-01 4.035729536424692565e-01 3.531200255745505778e-01 3.639065265812416738e-01 3.858097568345850159e-01 6.123495234879583471e-01 3.470436687922185959e-01 3.424675981965657479e-01 3.475019628238651959e-01
3.917963509549301504e-01 4.204638733537796047e-01 3.928611830304512553e-01 3.900871339972553642e-01 4.709443563535197219e-01 3.902849616770479590e-01 3.986406208464313150e-01 4.097124307378052777e-01 4.034933814888468917e-01 3.937417240716192257e-01 4.033770778759703801e-01 4.085920325072219805e-01 3.872142725222563753e-01 3.944440579640247635e-01 3.862855673868282880e-01 3.871485665578762725e-01 3.794260117327803994e-01 3.778002200562687873e-01 3.812271207123987815e-01 3.881712677256814459e-01 3.822715717711908656e-01 3.769287034453937535e-01 4.726750190079018754e-01 3.954907904799134233e-01 3.998071045103645527e-01 3.950636510123961553e-01 3.760315838159909996e-01 3.931359718629668376e-01 3.896403486491846202e-01 3.790193800296086102e-01 3.771478247247539439e-01 3.602813419538997697e-01 3.716953957592767366e-01 3.769395783908872088e-01 3.756428742257886255e-01 3.680786271736687376e-01 4.029822337011306765e-01 3.782960060328683372e-01 3.690144301756193013e-01 3.724425983079140967e-01 3.663454042174337788e-01 3.785698822825452892e-01 3.834390947655791915e-01 3.715748841255333001e-01 3.835415828882600686e-01 3.792825334309318230e-01 3.756207440919522855e-01 3.774749349733499959e-01 3.696508806569817063e-01 3.743299717153046879e-01 3.781988159605561006e-01 3.634457482963122099e-01 3.717351945108495759e-01 3.737003909547551572e-01 4.047010327786108586e-01 3.623102417498451633e-01 3.662115333849139676e-01 3.815625456046354835e-01 3.620939089180474357e-01 3.638223408143796411e-01 3.849110148356914007e-01 3.791629090305037031e-01 3.687554087465931274e-01 3.612599096016487210e-01 3.606682517279481970e-01 4.061160685184495578e-01 3.705203439564698775e-01 3.681109731653928741e-01 3.585668776449029704e-01 3.895219156763513602e-01 3.675975946196267108e-01 3.642200748348749517e-01 3.591367095790466424e-01 3.619569961427322458e-01 3.646704091162069616e-01 3.687134299360169676e-01 3.660686634716245336e-01 3.425369037932536886e-01 3.581660256330423953e-01 3.612353459135760336e-01 3.506520466856160589e-01 3.516352025970813644e-01 3.492401289371426243e-01 3.556022508955768435e-01 3.607084814214170376e-01 3.665147643825663049e-01 3.745843795310911939e-01 3.578651521410564640e-01 3.550885935050543951e-01 3.673778903012307473e-01 3.716906553984206107e-01 3.476527417884226479e-01 3.622194397574032276e-01 3.862700534785719064e-01 4.041832180662681129e-01 3.506949634285541628e-01 3.742457098998727694e-01 3.592385386141218051e-01 3.863821997696280652e-01 3.712204470908254672e-01
4.038445737845729466e-01 3.864107433328580199e-01 3.860804390443268175e-01 4.166933092103420888e-01 4.339721780261560080e-01 3.823994347666898053e-01 3.852751353882978291e-01 3.887774255267065215e-01 3.825554864320925841e-01 3.733989597732567667e-01 3.788082691996095264e-01 3.939632282061691360e-01 3.858780737998644961e-01 3.713245322334738918e-01 3.722280906417935187e-01 3.836862272681801356e-01 3.736216046363549648e-01 3.901675933841930455e-01 3.589033165180714469e-01 3.527562092162237484e-01 3.504874268813396587e-01 3.644815551676607313e-01 3.511759706330728759e-01 3.693826827005228242e-01 3.568356319514850439e-01 3.486181783831048819e-01 3.472140175887596381e-01 3.530179176947191855e-01 3.537905204656979219e-01 3.489621207151686333e-01 3.594651126533306984e-01 3.497738884996378084e-01 3.427039571517663807e-01 3.463100789375905819e-01 3.490941156829646119e-01 3.526481948974646285e-01 3.537277043469734261e-01 3.518651227733651243e-01 3.468607973311699788e-01 3.894199852431829978e-01 3.608327194350848255e-01 3.585362554207628394e-01 3.509919837929992292e-01 3.457323633017022058e-01 3.527969205506351624e-01 3.470800200086233689e-01 3.545575970405983601e-01 3.438204515557622964e-01 3.479864429130752890e-01 3.477302099316115225e-01 4.138421215777601248e-01 3.440237040335399343e-01 3.516027552072640283e-01 3.461424678895654305e-01 3.427122210963604587e-01 3.455255111916167299e-01 3.445896574906194831e-01 3.500336704143628408e-01 3.523005515349997840e-01 3.462530425101773002e-01 4.009420533673190845e-01 3.473938217574896181e-01 3.476306623536328799e-01 4.251307205923511856e-01 3.689746314240465175e-01 3.511254743826696112e-01 3.453200279557890884e-01 3.481069545468187254e-01 3.425822794399513427e-01 3.921370485480121792e-01 3.438073205026955792e-01 3.485112287443241086e-01 3.453374430782926163e-01 3.977746304316345793e-01 3.400230169176322592e-01 3.536536330399059902e-01 3.672981660504686108e-01 3.431896540180946475e-01 3.714863128911412571e-01 3.465950582784706469e-01 3.591308031401189704e-01 3.581758865976040762e-01 3.434219570495681273e-01 3.969923441427572475e-01 3.490731769767231318e-01 3.665327118450589783e-01 3.556603773524917855e-01 3.613948451141468787e-01 3.713279037200721278e-01 3.579396543900199013e-01 3.411642017573173202e-01 3.491001995685553694e-01 3.564706748646098711e-01 3.410411805207676506e-01 3.398043772792146977e-01 3.531842359170563328e-01 3.373975921395137578e-01 3.685872907081020333e-01 3.492311298563730015e-01 4.264171075014687728e-01
5.107971531100106155e-01 3.736401604874067250e-01 4.282434899558120733e-01 3.863436177951733996e-01 3.965264706036454867e-01 4.430097393721693089e-01 5.638489396556348732e-01 3.753877566233498331e-01 3.777793320490738793e-01 3.665588218540526411e-01 3.754696862826386039e-01 3.718676204205415559e-01 3.808446471049269366e-01 3.689090775568061864e-01 3.635440030486027929e-01 3.684628752477712155e-01 3.763580096274580788e-01 3.668178432830788704e-01 3.661414166034805406e-01 3.809682513805123238e-01 3.700944212660707278e-01 3.694854243184366172e-01 3.643485715684562920e-01 3.650475086247403356e-01 3.718727156747237972e-01 3.772175105642913140e-01 3.716560279495998986e-01 3.647293721073906481e-01 3.638228478048455283e-01 3.734311536678411314e-01 3.832759705831771946e-01 3.652380356418239993e-01 3.537975422836505679e-01 3.547663250154077241e-01 3.757291640030840929e-01 3.731920823136479770e-01 3.649042584686014723e-01 3.589936622190941229e-01 3.605407182762521145e-01 3.765021723664355724e-01 3.610547812591471950e-01 3.589639018787460500e-01 3.633127139980610876e-01 3.531052214529464273e-01 3.550342694766336904e-01 3.594518295031242094e-01 3.747934117001801013e-01 3.552542779893091973e-01 3.704846518276707634e-01 3.685509394916973158e-01 3.550064863991025943e-01 3.590223832289871075e-01 3.627071645855950432e-01 3.596129003741393437e-01 3.534650325865927312e-01 3.527069804419852295e-01 3.544807626354918306e-01 3.538741738925706981e-01 3.558594471589258124e-01 3.712723629145331938e-01 3.761304976558872970e-01 3.877371824887813623e-01 3.569148492117812377e-01 4.032591518936030073e-01 3.474569674200169156e-01 3.493734167306266625e-01 3.504020750364060799e-01 3.528353250784267980e-01 3.490540380866355430e-01 3.547930180634371045e-01 3.492527783492667126e-01 3.444501337144049713e-01 3.546142278756389543e-01 3.419069934889013562e-01 3.865969355814582453e-01 3.479086705756068709e-01 3.549842295176497409e-01 3.471795422370786977e-01 3.473742519255060279e-01 3.521240428042981541e-01 3.462093145824937657e-01 3.982105408342118680e-01 3.376763101481400353e-01 3.448744340353132043e-01 3.394052236854148696e-01 3.469593309282168470e-01 3.465286932264848851e-01 3.441223390286800021e-01 3.536007539343130612e-01 3.407676591644168695e-01 3.422754995090377950e-01 3.417091911586320752e-01 3.437991072571480733e-01 3.739915048802725517e-01 3.444388024774922008e-01 3.432480339702425609e-01 3.439044598759612437e-01 3.385124641740188123e-01 3.423837166239832586e-01 3.441810992236772893e-01
