3.611351899470383042e-01 3.787858602210169567e-01 4.471704073295904025e-01 3.955883100960284615e-01 4.001230609687108641e-01 3.834662948040745145e-01 4.145695007991809788e-01 3.942457232937663369e-01 3.559550655607937597e-01 3.606053342111305016e-01 3.587172763666109931e-01 3.646127136011880210e-01 3.888325607398727124e-01 3.522507397217255476e-01 3.616546777279185387e-01 5.404499100812355517e-01 3.690383347760863297e-01 4.412631572171580308e-01 4.345192207388576255e-01 4.380150720983495005e-01 3.593793805655476903e-01 3.708059823849556014e-01 3.580938048411755337e-01 3.718273146785028294e-01 3.747355640880213890e-01 3.715618544705597825e-01 3.660588278565861109e-01 3.696641891567115090e-01 3.663215503160133779e-01 3.616312040693475671e-01 4.357771147837918857e-01 3.566993782637755128e-01 3.732763694786031539e-01 3.688008097428140952e-01 3.691923838291487625e-01 3.624020070241723568e-01 3.709784605414533920e-01 3.611996791343002888e-01 3.650283190356061747e-01 3.632849309205299915e-01 4.274075640756429539e-01 3.657675111348823727e-01 3.660461530949387088e-01 3.499807913087699118e-01 3.661098310974552628e-01 3.744396591026012411e-01 4.230543411392745923e-01 3.677792746530804679e-01 3.670803122472731661e-01 4.126160158350375418e-01 3.643533119293124178e-01 3.622329764028426324e-01 3.567808769811682823e-01 3.678872382727930157e-01 4.371847738123518234e-01 4.327727399819394916e-01 4.289754320914259678e-01 3.614971304406413566e-01 3.734704707784713973e-01 4.224157359484321805e-01 4.402430417007289210e-01 4.341835930504345797e-01 4.389864151319594066e-01 4.419149441601137318e-01 4.199989884460764156e-01 4.330132562589605327e-01 4.421735599967672181e-01 4.308851130793159845e-01 4.240827206002977801e-01 4.198075741956773799e-01 4.329969311659586650e-01 4.437152166054634250e-01 4.465809295148933100e-01 4.395467409948675130e-01 4.279256069336953572e-01 4.213609422841357866e-01 4.417135168480132990e-01 4.288465044159486816e-01 4.461106451587282806e-01 4.298640849800482999e-01 4.307658182226906662e-01 4.392003651085674698e-01 4.497110379522878398e-01 4.230156577667267270e-01 4.526811401986456929e-01 4.450164583352317904e-01 4.373878234939431175e-01 4.398470314478176713e-01 4.377484458123348521e-01 4.251072976328267861e-01 4.378562826844308864e-01 4.392617109549408760e-01 4.302044783788507853e-01 3.955158865079752561e-01 4.326247494649445025e-01 4.198270426295678259e-01 4.395148512945626917e-01 4.313344587292394783e-01 4.348478012598047671e-01 4.260810742206729840e-01
3.522075948330777861e-01 4.260123770125441300e-01 3.949626585115896815e-01 4.409986602911001308e-01 3.752542913832027094e-01 3.638224422124728408e-01 4.258847168132315342e-01 4.253547089801839598e-01 4.099020451720503111e-01 4.395942967005685431e-01 3.554156784041271333e-01 3.726481322427882548e-01 3.542319063653068811e-01 5.453613295205552713e-01 5.680549325607070488e-01 4.811239137239635144e-01 4.819756070076219867e-01 4.727833121714172249e-01 4.706178544934827568e-01 4.757578252348283465e-01 4.739507591172356649e-01 4.740375051859504474e-01 4.750032713244355387e-01 4.776705988645603140e-01 4.806206749875152617e-01 5.645420970206076472e-01 4.770933395200912530e-01 5.482067628113492797e-01 5.404557911706399098e-01 5.715379570614117499e-01 5.392200526090653590e-01 5.516625112249887719e-01 5.649251790166386344e-01 5.475873218601177150e-01 3.686980427753769884e-01 3.518051965002962356e-01 3.574208256967453257e-01 3.854856885287843982e-01 4.725445196619803001e-01 4.710844885182933206e-01 4.069115365594401790e-01 4.136685787412839876e-01 4.053750259039728410e-01 4.372537752147602208e-01 4.071412032404910231e-01 4.394215650488378366e-01 4.124504327488759392e-01 4.165067113693691203e-01 4.087288438844439709e-01 4.177097236963701610e-01 4.059000905799779457e-01 4.112213611119278633e-01 4.192209608771125806e-01 4.141453018763658900e-01 4.055732084770915513e-01 4.382811913938982062e-01 4.074028356704165743e-01 4.032406467415978191e-01 4.362354848640083715e-01 4.200198511037480098e-01 4.099927457663991026e-01 4.127749066470493000e-01 4.374553039249538533e-01 4.174805893553085179e-01 4.343924731223836599e-01 4.380042225023793034e-01 4.345967395810931277e-01 4.404344813006512149e-01 4.238352585538940343e-01 4.335377885949763810e-01 4.420380921442798594e-01 4.341953552292433516e-01 4.378867021123846737e-01 4.422201524205831014e-01 4.357404593731076248e-01 4.367865835004371977e-01 3.553760317496940657e-01 3.525469489014251834e-01 3.587518784659083915e-01 3.525385582092146475e-01 3.557342712128961359e-01 3.969654229490181541e-01 6.139630206456719863e-01 6.138070703783624626e-01 6.190416455406442253e-01 6.342835027130583336e-01 5.972219926656037181e-01 6.150673472784864426e-01 6.185006867135333097e-01 6.194623969282911924e-01 5.830972382857445568e-01 6.002062399459600073e-01 6.233591763482134729e-01 6.152545281584951287e-01 6.221473677366291533e-01 6.190366263350317588e-01 6.155700790244686971e-01 6.161600131305852157e-01 6.152659861430244126e-01 6.152762780494820394e-01
4.953910310266462225e-01 3.753296808654814631e-01 3.702248192138991589e-01 4.124725882322355930e-01 3.600709662600762861e-01 3.916452170970465829e-01 3.652792032676547285e-01 3.767872531054087815e-01 4.370319668859307671e-01 3.563737889865771780e-01 4.232059059390541611e-01 4.053175585346635579e-01 3.933402636711995637e-01 3.960252091300142663e-01 3.987792827388538242e-01 3.787841871524794679e-01 3.545755952021376611e-01 3.690454072930855478e-01 3.861548145456737413e-01 3.568823004238707575e-01 3.553123030481309952e-01 3.602980219402277529e-01 4.253085221487408751e-01 4.334224989630316993e-01 4.431378558629012199e-01 4.372247246610643789e-01 4.398040386563096815e-01 4.321960890260295174e-01 3.941873179920951098e-01 3.575021216179517514e-01 3.619893928335029543e-01 3.550233945311401795e-01 3.510669930324285537e-01 3.667067109729544860e-01 4.797479922985686818e-01 4.205943726997012355e-01 3.569510483310462390e-01 4.255865050211915523e-01 4.264578188358802424e-01 4.298982561374496414e-01 4.171533270095726942e-01 4.421308207004921997e-01 4.465098494515746808e-01 4.071769714178599675e-01 3.619760336347266350e-01 3.823786988566346690e-01 3.952734943662304379e-01 3.778761165290133728e-01 3.626945405229942687e-01 3.633032332763488359e-01 3.752331245312515717e-01 3.810923626465636538e-01 3.577983814966980147e-01 3.643073278940556214e-01 3.572702241788509592e-01 3.852927786565110146e-01 3.513340249108158897e-01 3.546533675396060792e-01 3.633036895677681510e-01 3.901045998188054642e-01 3.686143893485042122e-01 3.547979865700028879e-01 3.480569145878348314e-01 3.587496477078584434e-01 3.531886720836329152e-01 3.583634223709389333e-01 4.789799524417830412e-01 3.769344831367049675e-01 4.139546227621424546e-01 3.541229541141858173e-01 3.610626396113685854e-01 3.774879646283235135e-01 4.783859624119394249e-01 4.798407208547810221e-01 3.941650104115956843e-01 4.754085088038260687e-01 4.872607291193535861e-01 4.753260721540714107e-01 3.688826380040097219e-01 4.827401993292395610e-01 4.873960955737477452e-01 4.738146321771426472e-01 4.832361374029789380e-01 4.753592800295876053e-01 4.799172764151313220e-01 4.815867960193264685e-01 3.995737874979592985e-01 4.718239341128024900e-01 4.697758954267694520e-01 4.782961237013826361e-01 4.779803700392227239e-01 4.839490673961217015e-01 4.743843373636698058e-01 4.766590514870048811e-01 5.606225537287666816e-01 4.828959974994093685e-01 4.720168439850758735e-01 4.727730202649595426e-01 4.750486976701797648e-01 5.475437206800507495e-01
3.875178584132348281e-01 3.941351993722009839e-01 3.530280575040370961e-01 4.142157735511254324e-01 3.758304353486467964e-01 3.703924302619243103e-01 3.767513581804233791e-01 4.089972699866125661e-01 4.321735279502971760e-01 3.560316718201906316e-01 3.458444335441885342e-01 4.029833744296789089e-01 3.582288671012902048e-01 4.794500340017616713e-01 4.096780060851709648e-01 3.988481573936458191e-01 4.021364722059231900e-01 4.231525451925186587e-01 4.504591023847172027e-01 4.130796586160993544e-01 4.504667579407522493e-01 4.377413986448588923e-01 4.402098845242593539e-01 4.200634776333383447e-01 4.309209573052548148e-01 4.440808074304209430e-01 4.402378703979767938e-01 4.527479108430041421e-01 4.390296107196537401e-01 3.948454423158745397e-01 3.899581049236848784e-01 3.999363870791680098e-01 3.931679629613648586e-01 3.756678435062340005e-01 3.881476166204473888e-01 3.726636715005679501e-01 3.967633872483586344e-01 3.801180283692049411e-01 3.957756684227002886e-01 3.644732151744967674e-01 3.565905527602709624e-01 3.627572552436255648e-01 3.960620673368848710e-01 4.217781193889982294e-01 3.938327288602475051e-01 4.077794028389607472e-01 3.835466020938724241e-01 4.018008445175000887e-01 3.701243844026051999e-01 3.960336505212714298e-01 3.937041560780963345e-01 3.931281895593153330e-01 3.909616418518791492e-01 3.941649597125491122e-01 3.876235152263275419e-01 3.885262117508551660e-01 3.470247833973639784e-01 3.484064338150234530e-01 3.490823028051092680e-01 3.586195032552629836e-01 3.454836337791337142e-01 3.566108070293834698e-01 3.548259217446737557e-01 5.496628394294023057e-01 6.127925824561047952e-01 5.329394547175472230e-01 3.923012120608692643e-01 4.120643088100496843e-01 3.882839717062500640e-01 3.816726892833513518e-01 3.876601706370118028e-01 3.843415377948738443e-01 3.975476001010063709e-01 3.930584783702546492e-01 4.158764968707372445e-01 3.590241323460944822e-01 3.962106155433923749e-01 3.936096023562067336e-01 4.192185780219228608e-01 3.976070193836093725e-01 4.009986842023596232e-01 3.884973893428689817e-01 5.372552617575324652e-01 4.015576918900564118e-01 3.952287017585685569e-01 3.840940503989467847e-01 4.011751675835379949e-01 3.988588548924761890e-01 5.382466309145452765e-01 4.075410412714198238e-01 3.866731869475290018e-01 3.759493246128993715e-01 3.890819240005236046e-01 4.050006134449087303e-01 5.253806831624590057e-01 3.866558225240720459e-01 3.971690556696452212e-01 3.877531019894105424e-01 5.370581438643921013e-01 3.855143334901074970e-01
4.014762692212335282e-01 4.311612707860894567e-01 3.529551015759946897e-01 4.523156000727347470e-01 3.816990274380546722e-01 3.750641446089684750e-01 3.713566754290116845e-01 3.624452026118666903e-01 3.661530013356262825e-01 3.693400448023409499e-01 3.640535791658747744e-01 3.666137542710324881e-01 3.714386050883004553e-01 3.620462264647298922e-01 3.708638046475910000e-01 3.639544118307455056e-01 3.760827898530464952e-01 3.942998698755240117e-01 3.745498027813171094e-01 3.636826142419787300e-01 3.729022105147719590e-01 3.686434652517233124e-01 3.610695853807514011e-01 3.813177199086543734e-01 3.659025987445203021e-01 3.675262103620285936e-01 3.728074793462193282e-01 3.822961861583101251e-01 3.911643366401443278e-01 3.849089868738277964e-01 3.925415255417039062e-01 3.923683122490305708e-01 3.962140377290371829e-01 3.952206659596840810e-01 4.005333937022836910e-01 3.809644996510647141e-01 4.339761325517899615e-01 4.449773186712646100e-01 4.561556472595232892e-01 4.213500166395957036e-01 4.301592041302462754e-01 4.338814267327606444e-01 4.234925076494251428e-01 4.376994198342827325e-01 4.197025764701903805e-01 4.288023962454157179e-01 4.296759408181543005e-01 4.363246137879128739e-01 4.415397205163041905e-01 4.332503250008134521e-01 4.422984317485174066e-01 4.404734688674785681e-01 4.310615457614477286e-01 4.447638756851224895e-01 4.457506819279422050e-01 4.311877863874558070e-01 4.362313275421880188e-01 4.467645614616407856e-01 4.152816196075783117e-01 4.331552642884579640e-01 4.395428878673267037e-01 4.175180559507382094e-01 4.314389494642606460e-01 4.446963445550651262e-01 4.315410573440920938e-01 4.323002248677245696e-01 4.323322666651691626e-01 4.317789372706903883e-01 4.379753240458232333e-01 4.395663615258976753e-01 4.279848234201120150e-01 4.284208859198290753e-01 4.459899814278450725e-01 4.474654250816952339e-01 4.157120545131239298e-01 4.372734971438835827e-01 4.242717266459837822e-01 4.248264502642437601e-01 4.276885381918424933e-01 4.369632189787552856e-01 4.054804799208792110e-01 4.261902799670269637e-01 4.239616512770418844e-01 4.489787916223944575e-01 4.310696576089020904e-01 4.284717370635583999e-01 4.415465648875938065e-01 4.396968101727726785e-01 4.307537011505557789e-01 4.532941423709603845e-01 4.311243618801722244e-01 4.448160450040631320e-01 4.267346863293059456e-01 4.391792743051861625e-01 4.293044689037924244e-01 4.247065216695360967e-01 4.412921063727606730e-01 4.246428943660661703e-01 4.329474488964872303e-01 4.237060266841371492e-01
3.843509931670628377e-01 3.867084481344320590e-01 3.801570159360323498e-01 4.562398076768620081e-01 3.758709692363951804e-01 4.149098434989368922e-01 4.084526608281471849e-01 4.037822900058376518e-01 4.028643330682865620e-01 3.786382752963946552e-01 3.699439971948394468e-01 3.709387378384504386e-01 3.821256092160594253e-01 5.925167155497172988e-01 4.313156493829547466e-01 4.169839161453935961e-01 4.054167512193160849e-01 4.234144057681538675e-01 6.016088797689075340e-01 3.975708456138677405e-01 4.089654816844008889e-01 4.062427654358769513e-01 4.005718489291218987e-01 4.111711437062808838e-01 3.986963390986332789e-01 4.151169491042553394e-01 4.133927505783133172e-01 4.110016821430552136e-01 6.044286593421273057e-01 4.096948635181619780e-01 4.204383210342984567e-01 4.116924820023616372e-01 4.125244533568967475e-01 4.064469051469699057e-01 4.121249448697708040e-01 4.149297175251999703e-01 4.210444281362770158e-01 6.004315465090042103e-01 4.135201826319162555e-01 4.198918360111092984e-01 4.111343361984568512e-01 4.113858541685878056e-01 4.142387909182770889e-01 4.085009770195470735e-01 6.176694251456503748e-01 4.209575806694690336e-01 4.224135305399054907e-01 4.136893146513391240e-01 4.124986221926593699e-01 4.181998820787982685e-01 4.111633360531061210e-01 3.970038021272864759e-01 4.020241738177272040e-01 4.101081367964369839e-01 6.214780389235533553e-01 4.031890858112162079e-01 3.986114181955957014e-01 4.188319724421539769e-01 4.111549200113722158e-01 4.088377200869950934e-01 3.895835657170043098e-01 4.125336805833760834e-01 4.058854892545601389e-01 4.072986998287215776e-01 4.159333051524408686e-01 4.123448773338764251e-01 4.169084506145450120e-01 4.078782913293337309e-01 6.270695353738258149e-01 3.982659548921342885e-01 4.179502906724377187e-01 4.086016146270273763e-01 4.214827467435672825e-01 4.070406923806271782e-01 4.205810388504481745e-01 4.090459917703851422e-01 4.113887440142434126e-01 4.049389380547325223e-01 4.131663539857675094e-01 4.106979695044602474e-01 6.356834047874899696e-01 4.171327685461806434e-01 4.131429817252897374e-01 4.197150484356513833e-01 4.144196851165087292e-01 4.223408027575727419e-01 4.077857655693077343e-01 4.098628801585598724e-01 4.032522061242202471e-01 4.032371992064296973e-01 4.154317394845301048e-01 6.184461345394028919e-01 4.155083710934502350e-01 4.188478919427831015e-01 4.144647058698802677e-01 4.132751541397488015e-01 4.105249843574965696e-01 4.097172471472312894e-01 4.136031262721368562e-01 4.116120733144705279e-01
4.162006158755844898e-01 3.657915678324891173e-01 3.948823005227451999e-01 4.595662228226514712e-01 3.782942315662377042e-01 3.925667736669055108e-01 4.112188008100751135e-01 3.753007570594020792e-01 3.849294692886500169e-01 3.745431105071672651e-01 3.896829358483198669e-01 3.798689946523569061e-01 3.678015061850100076e-01 3.748879654220696467e-01 4.344462648108152192e-01 4.186940710354302708e-01 4.268720807455637645e-01 4.195733446004334954e-01 3.953274888508483409e-01 3.566021374924166487e-01 4.466935827964153560e-01 4.141967867581776153e-01 4.459535288133471553e-01 4.246401566175503350e-01 4.377309039422148662e-01 4.315572303399541343e-01 4.372732943476972389e-01 4.496216555331504217e-01 4.475920713000760554e-01 4.168075848613549961e-01 4.447673232202905558e-01 4.398289318881851706e-01 4.402359438342063891e-01 4.278440321677327574e-01 4.211301095250133963e-01 3.501802920570999400e-01 3.489243752749826566e-01 3.475190991016124942e-01 3.619083504075294999e-01 3.549646850351894645e-01 3.452518123886028079e-01 3.496081786658597479e-01 4.014062538378933565e-01 3.503583217591992871e-01 5.457570862782336052e-01 3.937051193599815369e-01 3.869711198948126984e-01 3.927051313650485320e-01 3.782059138270786325e-01 3.872665432392902174e-01 3.652408494389097204e-01 3.978116914346915833e-01 3.918514101195264554e-01 3.953950199809056487e-01 3.729571936307983782e-01 3.478963760568088981e-01 3.640108145200764422e-01 5.221309249751130421e-01 5.524868777225354632e-01 5.408277193764211566e-01 5.615401050739450284e-01 5.551614552263226532e-01 5.623404909224548609e-01 4.105555558825901286e-01 5.730640997618514643e-01 5.529073756149495145e-01 4.281466040777793802e-01 4.258325474942908362e-01 4.363784561753910052e-01 4.243169755450649783e-01 5.482394129973530150e-01 5.521447605561489169e-01 4.109232253684578229e-01 5.426333152216628042e-01 4.203705871080548051e-01 4.185916589613193350e-01 4.221400852321245956e-01 4.144537548758169265e-01 5.285980953580807773e-01 5.422041984913285040e-01 5.573765979699148998e-01 4.321739842417164912e-01 5.685716572435480787e-01 5.795762908981908490e-01 4.388653965077500274e-01 5.532283005798616093e-01 5.548184254770974766e-01 5.312043812461118009e-01 5.730760647368466909e-01 5.718562456759012091e-01 5.490833493268832965e-01 4.210770783222806957e-01 5.645964463985517767e-01 5.496832204461312710e-01 5.451938198706233196e-01 5.445597775939738927e-01 5.688713900069857221e-01 5.603276880738016219e-01 5.615998285508275734e-01 5.505719747328468028e-01
4.107391624798142904e-01 4.391781082271146164e-01 4.208564867705693602e-01 3.795099947034560328e-01 4.148666479112425587e-01 3.810089880644470517e-01 4.195005407695308608e-01 3.815236594359012745e-01 3.579634322428704163e-01 3.631818090597667692e-01 4.766955041015027983e-01 3.631367629568719169e-01 4.031309847038245242e-01 3.673158600177283684e-01 3.686358096956882657e-01 3.663154917799459342e-01 3.638706063067329022e-01 3.653733260476483280e-01 3.670657109218553593e-01 4.397187628599459885e-01 4.062756944666368608e-01 4.065328400309392576e-01 4.214600589202184278e-01 3.566804168203510095e-01 3.677715430484755910e-01 4.111336264118046202e-01 3.980482785356018738e-01 4.397048206221338407e-01 3.673217411071327820e-01 3.676216766667567692e-01 4.242654399642066809e-01 3.735597011004690438e-01 3.613370989000813660e-01 3.762856113889281318e-01 3.715058320240782752e-01 3.622323933638068594e-01 3.718584945921554197e-01 3.707377161187226933e-01 3.660954325682237998e-01 4.463562313404082493e-01 3.851653719524313901e-01 4.397076597687428756e-01 4.323489973505437178e-01 4.161217535086143560e-01 4.278720180414501972e-01 4.257376895781217474e-01 4.560871021485342069e-01 3.585277379809357901e-01 3.599824964237774427e-01 3.583142949947936695e-01 3.625854108252101748e-01 3.612620896606520415e-01 3.682808149714679735e-01 3.581322854175369996e-01 3.568651894956467729e-01 3.607344139837476149e-01 3.613165911357358318e-01 3.607607267889276215e-01 3.641173585664844725e-01 3.599321522705140053e-01 3.928958611783185395e-01 3.602561698772680510e-01 3.623718157419282271e-01 3.591263669735423880e-01 3.630647703107147128e-01 3.613899273066276674e-01 3.624142508439237020e-01 3.606093394358110826e-01 3.935076719230383713e-01 3.603152849655915091e-01 3.664955494439088302e-01 3.914929678601380414e-01 3.902816155399730369e-01 3.582636466472506331e-01 3.905777233215795285e-01 3.890845603509462958e-01 3.668338134827545671e-01 3.892968879580634423e-01 3.921833621270717773e-01 3.603203802197737504e-01 3.581961155171933253e-01 3.597944790094999568e-01 3.615510742262126875e-01 3.607779644647680639e-01 3.620637429853266198e-01 3.916352293848684440e-01 3.879895116436577474e-01 3.606100999215099412e-01 3.648684902912324723e-01 3.594893467976005286e-01 3.970295065439073956e-01 3.858645625039483495e-01 3.651570439148971170e-01 3.543781731147178093e-01 3.644186123013197776e-01 3.645783396476002802e-01 3.621751287906839201e-01 3.620297746241115666e-01 3.946018080474882894e-01 3.899010177972249691e-01
3.620413340067339947e-01 4.162834074186652633e-01 4.294846533153717782e-01 4.209219392397165471e-01 3.519825924643131820e-01 3.799975927840313905e-01 3.656947073039796825e-01 4.133621537036964999e-01 5.606963208415545186e-01 4.099249104420622514e-01 4.134195450244359527e-01 4.064873122871018318e-01 4.143097188844558909e-01 4.157043989570888831e-01 3.916784756716093496e-01 4.013362384545531292e-01 3.842468573253677855e-01 3.999799882592350309e-01 3.986728907895855656e-01 3.934168952801197494e-01 3.961657975862071801e-01 3.954319795858695086e-01 3.922312473765756091e-01 3.771272409118385793e-01 3.842797863561277505e-01 3.844646604295166581e-01 3.895465807625171917e-01 3.880715934000862899e-01 3.999998622854981645e-01 3.901631825671397769e-01 3.944721452358354030e-01 3.903278530704627491e-01 3.954460232217748006e-01 3.956432932120548807e-01 3.946676661090081639e-01 4.065074905076444534e-01 3.983139668892545782e-01 3.976752603003189668e-01 3.991581567140178310e-01 4.055473012642842878e-01 4.077003883748508972e-01 4.235625990813352004e-01 4.038213536212349464e-01 3.829525613649822358e-01 3.980478729432291307e-01 3.969367779876950553e-01 3.721437781273150280e-01 3.458559675772876485e-01 3.784761397454011744e-01 4.266093582861364975e-01 4.386332962724628914e-01 4.298641356790948720e-01 4.322030854944589051e-01 4.271460076942872885e-01 4.316049381427949361e-01 4.304394177607469008e-01 4.239727036691984252e-01 4.404124779144313329e-01 4.345637852008099045e-01 4.311707515078017083e-01 4.350382268787952311e-01 4.340264260060068269e-01 3.489010283640281429e-01 4.324894337095969155e-01 4.410342510218060452e-01 4.301193546796268641e-01 4.360973299620517496e-01 4.422113307864765086e-01 4.368373839451199503e-01 4.423543527969057143e-01 4.218103386331059079e-01 4.475197744596392524e-01 4.484281999764315185e-01 3.435713671398676339e-01 3.910484639691638176e-01 3.926059386803960050e-01 3.858943481938197362e-01 4.179634470750277497e-01 4.316196915653525146e-01 4.226251230108471479e-01 4.364701200516249990e-01 4.435583537553152711e-01 4.305719957675787080e-01 4.456273818466363057e-01 4.289611856593342765e-01 4.101937928356501062e-01 4.314726136311961002e-01 4.351072282812036840e-01 4.347515744693777329e-01 4.309414904191236073e-01 4.142839637687883991e-01 4.240036300876180442e-01 3.941317518370329176e-01 3.925650752488447637e-01 3.729164822963869641e-01 3.744055893432930437e-01 3.888939319357694324e-01 3.697702008631303383e-01 4.024068755709087064e-01 3.918473541957992468e-01
3.940206195269085332e-01 3.854585138398123889e-01 4.224265855444023221e-01 5.319523442804479085e-01 4.126459029230021280e-01 3.625800620757949622e-01 4.280249263659643977e-01 3.943239519226540701e-01 3.693977656668832044e-01 3.944851241917623486e-01 3.840819333268118974e-01 4.055203800705451944e-01 3.965039602269597174e-01 3.887716204858720492e-01 3.889414369424238904e-01 3.779507708751165262e-01 3.974487623096800148e-01 3.978271546439013928e-01 3.679129933884605075e-01 3.813869241072491700e-01 3.986613314069631375e-01 4.022907494046952803e-01 3.913171942656119562e-01 3.952319718470735377e-01 3.879052498282258843e-01 3.916977920083599685e-01 3.684606191401979536e-01 3.964657584953544811e-01 3.861885801107024507e-01 3.887826982275518484e-01 3.540692131248008856e-01 3.531050693558066556e-01 3.602638761323496697e-01 4.111312435566149004e-01 4.041429630232760140e-01 4.233116388007167608e-01 4.340143596329185116e-01 3.801766364670625120e-01 3.613645524338096049e-01 3.790516246232395470e-01 3.864632421956015196e-01 3.785065338238315924e-01 3.820859625616264132e-01 3.983602044197442904e-01 3.877040253123117952e-01 4.003068196630748532e-01 3.912651009952411441e-01 3.946313402421267047e-01 3.885186068938666915e-01 3.951749354196602559e-01 3.544554131121970264e-01 3.525925019947859229e-01 3.560901024713851171e-01 3.579416823518834501e-01 3.535769253824159741e-01 3.578472553776103626e-01 3.609599233429781062e-01 3.487829756340443121e-01 3.564421313013799164e-01 3.673693728614036980e-01 4.013486090219209879e-01 3.520544837123772419e-01 3.412443062509288305e-01 3.488452594127796069e-01 3.429833088984750034e-01 3.795405155295029642e-01 3.896295751017843645e-01 3.548729451103855848e-01 3.478371342208689820e-01 3.552363812258630404e-01 3.536187774453756760e-01 3.604170886511434135e-01 3.601796903654876369e-01 3.503226296304002285e-01 3.573712420291807468e-01 4.053066835891701025e-01 3.584800808771416158e-01 3.609714320265539622e-01 3.584377978722858571e-01 3.519892340394164543e-01 3.906935706430367250e-01 3.742685751698846541e-01 3.706456213005927536e-01 4.121773930334677316e-01 4.223121577962496431e-01 4.221880972292448853e-01 3.505697621330011726e-01 4.030669771575051685e-01 3.594960644212736312e-01 3.481410750051735503e-01 4.190282031019789688e-01 4.173771126012191801e-01 3.585646468868530223e-01 3.981940129450236565e-01 4.115602588888560009e-01 4.000206488945998728e-01 3.893152917119754863e-01 3.949846618978095636e-01 3.944303185223990149e-01 3.703987169437014115e-01
4.268722328427035362e-01 3.848181341823392887e-01 3.900343055907090073e-01 4.120057514112386854e-01 3.667542159796088885e-01 3.690885521817333093e-01 3.653893469463705967e-01 3.870885388867141841e-01 3.595996172239328548e-01 3.664171180188347532e-01 4.061904947188430537e-01 6.321869957384856908e-01 4.358618328906431194e-01 4.425367679665350717e-01 4.341089640538546846e-01 4.380779896151671404e-01 4.494913589834151901e-01 4.041867669995293788e-01 4.084123804356317722e-01 4.066263797718970840e-01 4.078405712386711235e-01 4.078614845953892898e-01 6.447506250757581991e-01 5.534993376829295819e-01 4.002643085125094369e-01 4.243281546848379771e-01 4.313675145076159012e-01 4.143127101282046976e-01 3.921255905634829508e-01 4.141365309413058693e-01 4.106336324143380900e-01 3.994502339214204278e-01 4.096279154271404432e-01 4.061605569318319509e-01 4.108470754004802661e-01 4.100461825615045464e-01 4.020046293352669275e-01 4.123472094900195728e-01 4.297277045447222554e-01 4.157351732783687859e-01 3.934039670232393759e-01 3.951939729116546451e-01 3.972997324622298820e-01 3.709319188166841363e-01 3.874081203268916473e-01 3.884366265355313486e-01 3.746817977491130880e-01 4.045706601803057412e-01 3.801297398489671409e-01 3.821363320644131645e-01 4.007080772673081159e-01 3.909469898274147703e-01 3.812027598205124934e-01 3.854101722988891865e-01 3.986249548410351617e-01 4.050093083313988651e-01 3.939429485875333148e-01 3.906438602278556327e-01 4.139955368927402124e-01 4.008317575914634445e-01 3.853760771900576754e-01 3.589358146069354105e-01 3.829139286914809426e-01 3.688601529768472109e-01 3.804305626419064446e-01 4.127965044408964945e-01 3.857031113900838415e-01 4.123686044876803680e-01 3.671775530186319747e-01 3.637872570741396694e-01 3.609006561575148764e-01 3.531393419113012522e-01 3.897190082199683547e-01 3.808707824634438577e-01 3.925217782630572860e-01 4.083141510328644475e-01 3.908093926149706632e-01 3.976218742042601506e-01 3.624450758642501769e-01 3.590193159366684705e-01 3.873071024765619152e-01 3.594104083820605089e-01 3.962388042132961585e-01 3.986391759236035393e-01 3.646401164358696878e-01 3.591548851872490289e-01 3.597515115675152808e-01 3.756332921059831742e-01 3.593262479647217900e-01 3.650807418497797885e-01 3.590323455916419881e-01 3.602778437196850758e-01 3.612432042657974240e-01 3.643486983160727499e-01 3.607713228896648472e-01 3.573650060464502176e-01 3.984870534343114556e-01 3.612045969418194447e-01 3.591591946062090979e-01 3.615576144032227601e-01
3.841012496635625162e-01 3.890506426887778146e-01 4.222239161056604573e-01 3.714892027367968641e-01 3.583790123277652562e-01 3.929484107401086668e-01 3.768976756288809349e-01 3.993419914569516505e-01 3.831553575513405585e-01 4.004642655522587802e-01 3.749682473623442980e-01 3.636432717818252058e-01 3.676751641609087851e-01 3.613973293674297982e-01 4.326451811807200953e-01 3.805247361209466161e-01 3.675568832852152412e-01 3.904502659184532765e-01 3.966119238466722652e-01 3.698249051344004723e-01 3.773056255072640419e-01 3.608004241424072611e-01 3.764682293547438330e-01 3.849469097606768586e-01 3.747528017638618314e-01 3.943025062259466473e-01 3.681030641141249116e-01 3.781077604728811936e-01 3.523714541516553278e-01 3.521696719462287795e-01 3.594581415344246245e-01 5.525607462334165554e-01 3.911507999947049230e-01 3.826542228253257960e-01 3.982551052961640914e-01 3.921867082641466995e-01 3.846942510619976163e-01 6.207159815542653281e-01 4.006204693148013307e-01 3.850698549486565869e-01 3.982407574659792560e-01 3.956875027806809886e-01 3.923370562868080946e-01 3.933734715467157583e-01 3.889967496022531113e-01 3.889251625484685948e-01 3.933689593315692901e-01 3.926514410747101169e-01 4.019353490881022450e-01 3.962470174588437200e-01 3.955356337866218763e-01 3.927605961220175246e-01 3.941671904705990603e-01 3.946483244227342313e-01 3.946312895430801326e-01 3.872489506701236595e-01 3.924466169264881898e-01 3.976563495559410355e-01 4.015548273939241186e-01 3.967895479563988692e-01 3.914514453409811967e-01 3.941473164443359267e-01 3.978877907036225126e-01 3.860382827870875722e-01 3.829128386619792823e-01 3.877574874569404972e-01 3.803409774265826826e-01 3.832073240740949127e-01 3.731185433465697421e-01 3.848816347381927572e-01 3.804137559079620035e-01 3.833814246000835646e-01 3.853749871605560151e-01 3.823372270365243963e-01 3.870156336577183498e-01 3.852924998117547850e-01 3.821218574866118156e-01 3.884347760203308297e-01 3.833958738283615997e-01 3.831574869112973070e-01 3.849427017398098783e-01 3.845493785363678918e-01 3.788538222929702659e-01 3.851503650346408403e-01 3.869520063542484234e-01 3.806726505893717749e-01 3.902413858465041963e-01 3.840296119107314277e-01 3.862107862931086766e-01 3.866770147255464973e-01 3.831920890105947053e-01 3.797927432862861497e-01 3.802437113057005602e-01 3.796048526196251216e-01 3.881672625010008648e-01 3.849034353282262400e-01 3.851964758175140946e-01 3.820056552718285037e-01 3.836796617416468047e-01 3.885122948625662764e-01
4.044074852988571722e-01 3.857908714397303984e-01 3.614528194739220490e-01 3.942790832664222478e-01 3.527079944229170039e-01 4.151039701483283939e-01 3.839943760733516842e-01 3.862998645179665513e-01 4.042548304695758876e-01 3.974060483629282547e-01 3.953040658913239414e-01 3.959283739510281452e-01 3.720353582161832207e-01 3.810574817025100258e-01 3.551847442469115435e-01 3.604560255189241946e-01 3.519166330047001634e-01 4.138426285682260675e-01 4.322291955034525679e-01 3.614641760603581333e-01 3.511766043711552210e-01 3.451028839392459302e-01 4.121425881379839895e-01 3.487568909745739631e-01 3.520560300332982173e-01 3.946116690120499704e-01 3.377900027601171695e-01 3.657828982955222963e-01 3.618889326726857369e-01 3.733723174242739584e-01 3.565091554409713925e-01 3.713101844032890564e-01 3.895616637288775719e-01 3.795385382666859875e-01 3.994664576163290959e-01 4.000474686902457666e-01 3.936517332639227207e-01 3.946601879996362028e-01 3.863993867464219356e-01 4.005820394374863813e-01 3.967532474390407238e-01 3.933300985123583393e-01 3.922229580824582174e-01 4.047662824515717017e-01 3.941248060676501574e-01 3.732287884233788100e-01 3.920729396035996239e-01 3.932816048742954207e-01 3.703680186709914501e-01 3.958224636427025156e-01 3.856567471119776713e-01 3.845153087770596945e-01 3.959543825619286084e-01 3.966622426504124443e-01 3.889957609708445951e-01 3.419118352478506817e-01 3.853520965410208166e-01 3.959688064406833297e-01 3.739569281304984671e-01 3.993753260800843030e-01 3.864567273681147608e-01 3.986289600657156873e-01 3.849224221211740571e-01 3.945860659935221948e-01 3.467861683345900836e-01 3.897699861113141928e-01 4.022210382156345965e-01 3.868162343074815213e-01 3.699476982252404844e-01 3.849095445633403112e-01 3.862764415584422073e-01 3.859447937451763733e-01 3.876154540779198077e-01 3.964428171767727105e-01 4.020684087358766257e-01 3.916884633837874885e-01 3.424627310880931086e-01 3.936890224126893267e-01 4.009285420714029380e-01 3.738882309223695577e-01 3.857376120912880402e-01 4.084643216088628126e-01 3.944227643644571679e-01 3.876471916810848573e-01 3.929964480867522703e-01 3.956679329486974539e-01 4.043715903738717143e-01 3.424875736209220256e-01 3.426487965890769316e-01 3.525469996004718110e-01 3.617576474915419893e-01 3.515281262106841331e-01 3.628144691177019321e-01 3.711914472361762529e-01 3.635505685751361793e-01 3.649646917321362483e-01 3.563374631196957187e-01 3.440789659943225831e-01 3.748255041966712664e-01 3.756068272036634514e-01
4.367605748895367346e-01 3.951552134905369495e-01 4.540525494088940017e-01 4.127191376958007640e-01 3.864301610677018384e-01 3.937612432045561883e-01 6.221903605281371430e-01 3.951466960507099002e-01 3.735338952857549799e-01 3.848172722985472305e-01 3.927838669844021524e-01 4.005947395486570972e-01 3.928793079396070143e-01 4.007537571082853134e-01 3.805089180184106912e-01 3.904513052489083647e-01 3.912889548966615449e-01 3.821912644813929560e-01 3.758674963517038004e-01 3.970390633141895331e-01 3.868185664636246690e-01 4.003143991705399585e-01 4.084693408144751681e-01 3.888050565070979014e-01 3.963797982618618154e-01 3.897992141116731202e-01 3.970241324449689246e-01 3.689805125134508756e-01 4.003675824704124309e-01 3.904239784627965837e-01 3.996998760268275497e-01 3.928418666937006365e-01 3.912554681763891207e-01 3.997029940181928143e-01 4.052261735031858492e-01 3.836264023932044465e-01 3.988613137962357946e-01 3.796640691060417794e-01 3.948015369415279752e-01 3.935990062554695079e-01 3.839945535200147142e-01 3.966346116700211200e-01 4.243112212032770780e-01 3.524694807582363087e-01 3.513097907665460595e-01 3.597398000877530810e-01 3.491042554922825225e-01 3.454076359082959291e-01 3.751528172414536622e-01 3.626545136257117719e-01 3.553782118086974418e-01 3.651167381728583905e-01 3.572495389678423949e-01 3.612371457297299804e-01 3.569364977046750043e-01 3.547977330747699720e-01 3.560758813888167396e-01 3.461539765731412310e-01 3.509402454159545881e-01 3.505569859732605709e-01 3.471789084989963525e-01 3.550112267599587201e-01 3.520282723052904350e-01 3.437632376816859292e-01 3.440455299730967309e-01 3.531105955518849537e-01 3.507182596404620489e-01 3.515756819163851632e-01 3.514553984283513843e-01 3.536121612197957176e-01 3.574105591398109572e-01 3.518972659689029170e-01 3.431362932715590897e-01 3.456568977708536217e-01 3.521687593633901492e-01 3.488596832915343837e-01 3.486296617171574241e-01 3.514424955209943247e-01 3.509398651731051588e-01 3.510469415595023346e-01 3.563294780198578704e-01 3.526074075144832731e-01 3.540760574960904461e-01 3.418959664462681292e-01 3.512222588626091602e-01 3.430880531287290869e-01 3.494784144561137174e-01 3.446171617233943496e-01 3.443797380882153147e-01 3.459986600439140525e-01 3.458719884760099728e-01 3.517913556605772873e-01 3.536337590136429121e-01 3.498055754037562859e-01 3.539717188582091056e-01 3.471851951807734538e-01 3.467440120773508383e-01 3.447569643443651466e-01 3.512238305330534494e-01 3.517317842808345141e-01
3.894185656698784803e-01 4.492816170276740517e-01 4.068690254088748182e-01 3.858029631623420275e-01 3.656146535094147443e-01 3.582874245001011482e-01 3.936567524695350762e-01 4.360913981736007639e-01 3.545011183026975377e-01 4.145792350161261464e-01 4.126168270197829724e-01 4.102051240725628767e-01 4.100405296178097903e-01 3.807951141364088743e-01 3.858372357178365686e-01 3.860277627349202323e-01 3.865080348032634006e-01 4.151493964940726755e-01 3.962604273566666668e-01 6.068337207142441292e-01 4.138743408218678033e-01 4.138862550978164023e-01 4.113373351810015732e-01 4.095175182531916036e-01 4.065463766763787179e-01 4.207832266482474104e-01 4.126328225689819829e-01 4.125233886769184011e-01 4.104214062053140877e-01 4.103433296735661262e-01 4.086293977045584724e-01 4.048595940468198151e-01 4.095587365780689604e-01 6.139084684715415685e-01 4.116558772907239483e-01 4.129895157112630222e-01 4.033390028919816017e-01 4.092879783197572174e-01 4.074237743766581099e-01 4.102886000527726229e-01 4.106005766359616671e-01 4.016752629790976692e-01 4.131146916572927541e-01 4.104293913051519360e-01 4.043809696974908219e-01 4.082206112919066765e-01 4.049031698773635779e-01 4.066845822773819119e-01 4.181396262619265780e-01 4.119769797022990732e-01 4.073653690749868828e-01 4.030705007412431207e-01 4.128463416036940448e-01 4.052454391408898959e-01 4.005113649665404951e-01 6.162547189496145883e-01 4.071961356574708701e-01 4.160690518496845125e-01 4.083788430163127758e-01 4.113176132518782113e-01 4.086117037372987149e-01 4.055883674920218174e-01 4.100305926046782234e-01 4.104695449500508908e-01 4.164342877813158594e-01 4.039308635618684695e-01 4.041778946663762140e-01 4.078258938646834308e-01 4.007180142804396827e-01 4.129251025725709789e-01 4.104675423377106003e-01 3.997178234893202786e-01 4.092910709615992237e-01 4.102543528468013956e-01 4.098908660322773123e-01 4.151830099619615577e-01 6.151876561160434242e-01 4.132425800023149520e-01 4.049396224918614950e-01 4.123196799077213925e-01 4.092317023780427943e-01 4.070467509166946218e-01 4.120185275709792871e-01 4.105661012842807267e-01 4.047666373448978172e-01 4.087208587846061225e-01 4.077769439352011416e-01 4.094801277063317979e-01 4.095065419096049486e-01 4.063584353106711178e-01 4.115154916307173782e-01 4.090931925827600568e-01 4.094148273343243827e-01 4.077272588695433631e-01 4.118744915796182515e-01 4.042853512956228190e-01 4.045041683807035215e-01 6.350766385979058626e-01 4.056262903788708796e-01 4.057161797884741850e-01
3.712554294329722948e-01 4.047055449937573268e-01 4.765616079194596733e-01 3.746400724337698995e-01 3.557266663559076614e-01 3.954742879402484701e-01 3.905639331809071524e-01 3.889995380498155186e-01 3.963496830281876271e-01 3.873006636976450423e-01 4.016848450989031205e-01 3.477882096409100066e-01 4.041903919813605306e-01 3.684853349254104127e-01 3.778947484286350744e-01 3.602928759869988840e-01 3.495002150461472001e-01 3.759971084643100592e-01 3.539696908963455013e-01 3.571359984530050324e-01 5.376697264634023865e-01 4.074912294581455319e-01 4.012760840357745828e-01 3.967087843751816445e-01 4.016639570917082125e-01 4.491002665380230963e-01 5.434952497127323312e-01 5.409211577192858389e-01 4.692885254919037519e-01 4.807942685230380264e-01 4.706365117426277167e-01 4.715133010543480774e-01 4.598570325538893222e-01 5.457844130643454417e-01 4.691932619833619200e-01 5.665135801462903853e-01 5.467822716993216980e-01 4.793549225903596112e-01 5.632358360852269819e-01 5.594317852215170417e-01 5.574937634665834141e-01 5.357228323753155941e-01 5.534621245827328062e-01 5.559898776475964421e-01 5.407506568256049695e-01 5.569499654928634635e-01 5.376870148382894010e-01 5.330510940181374391e-01 5.627460832951715064e-01 5.480888368289819068e-01 5.722623450390837974e-01 5.338653207063662753e-01 4.705446450702073791e-01 3.494609232850403036e-01 3.430602193521514187e-01 3.454782596801951877e-01 4.227104495062574130e-01 3.992172211032947171e-01 3.934591275859288806e-01 4.025216328628642426e-01 3.921065277219652478e-01 3.875981403535094238e-01 3.757037130816961445e-01 3.961416648400305496e-01 3.886174193356697892e-01 3.870333276249781629e-01 3.839435502791456178e-01 3.994221466496097883e-01 4.029730571736979683e-01 4.034654970132225960e-01 4.112494230342151891e-01 4.029608894025164534e-01 3.890614669352246979e-01 4.032909908948612565e-01 3.890816958548139470e-01 3.877603519530728460e-01 4.026059453773427332e-01 3.947716245040401306e-01 3.979588707669411418e-01 3.828694909771451771e-01 3.923570824102110000e-01 3.829951992631640545e-01 3.963140162489118268e-01 3.986947420786656759e-01 3.863201948356490001e-01 4.157223717691048703e-01 3.960380866878480122e-01 3.905810948081777090e-01 3.807227665969255548e-01 3.967466565629840791e-01 4.021118324692806167e-01 4.052833113286922750e-01 4.039833370750886554e-01 3.912500180288807639e-01 4.125537067067789332e-01 3.937067670789957119e-01 4.046992329624569673e-01 3.679309408509532364e-01 4.090537487245133330e-01 4.030205875298756846e-01
4.432464532206961128e-01 3.913606433485392055e-01 3.629661353155747006e-01 4.173588102454003357e-01 3.619456649058194753e-01 4.145956108081745861e-01 4.063949893232621791e-01 3.748115366093358602e-01 3.752888934825001077e-01 3.583734607821636997e-01 4.386355777295594671e-01 3.617596754534055381e-01 3.743341290371249852e-01 3.788298669934567209e-01 3.565084203047958478e-01 3.620178603481630231e-01 3.691924345281953901e-01 3.697216311764974783e-01 3.712363665914545918e-01 3.642042313828157130e-01 3.626302541319186834e-01 3.697515689635086367e-01 3.679286593938567163e-01 3.697913170160349039e-01 3.633190006798381888e-01 3.544161973996600157e-01 3.705952771473292606e-01 3.774401554273895121e-01 3.622373365208493845e-01 3.651354461210499780e-01 3.665905594572177462e-01 3.605271055822427684e-01 3.655498094288266442e-01 3.632613051648192481e-01 3.658739284336738895e-01 3.779625584034486119e-01 3.568249851517011906e-01 3.612358275545186626e-01 3.556346475863475520e-01 3.711976832189067266e-01 3.554425235492963409e-01 3.684234060400012334e-01 3.664277648186185510e-01 3.607457705701836992e-01 3.674615944271501511e-01 3.774944541062869585e-01 3.557977210697029768e-01 3.662721440951118290e-01 3.732136294084485439e-01 3.702019539438872187e-01 3.663139201095016451e-01 3.694873508822070218e-01 3.701404560003740962e-01 3.608092964755604259e-01 3.637108029118825692e-01 3.656327023700006174e-01 3.624548861297652858e-01 3.753757409493080899e-01 3.594700051113265959e-01 3.667581451557195837e-01 3.585493864738295566e-01 3.624428704557235426e-01 3.726816189630606790e-01 3.683269511038645416e-01 3.712723375650099356e-01 3.655232684779370356e-01 3.644668777936730941e-01 3.643637305833865581e-01 3.773595439433120591e-01 3.693992866382808660e-01 3.709770409681488745e-01 3.660061768967028395e-01 3.708910807346562089e-01 3.730127344363373121e-01 3.702135133265096467e-01 4.300492378981934372e-01 4.290370314330323454e-01 4.327826769950710584e-01 4.291295064940117143e-01 3.723877419395041355e-01 4.317534863493024400e-01 3.575900591142613938e-01 3.664148365617382330e-01 3.637329583952422229e-01 3.701505451106453792e-01 3.684323544217242841e-01 3.650053016684545182e-01 3.683354685436915910e-01 3.557741713625621194e-01 3.647204744247141694e-01 3.618351156347308639e-01 3.712206498870118110e-01 3.608684622629305117e-01 3.549758134759158912e-01 4.143746643631371906e-01 3.638013767586148473e-01 3.658270064660552601e-01 3.730458155642369933e-01 3.673886131495844309e-01 3.639892674252758753e-01
4.471697989410313712e-01 3.931231450041796638e-01 4.258743742077272243e-01 4.160998008214411015e-01 4.154853790758218923e-01 4.237664852971952389e-01 3.993425998455107373e-01 3.782066996623008048e-01 3.852189861941998639e-01 3.862941355257019649e-01 3.886952423721848349e-01 3.727453223151004913e-01 4.505652661882758037e-01 4.294216344004609387e-01 3.790347925397717921e-01 3.815111874704402162e-01 3.762586648456657801e-01 3.821617069372312270e-01 3.768194469999932017e-01 3.821737479607962840e-01 3.719987788540688456e-01 3.601193838495693189e-01 4.402763509743382597e-01 3.650474832752170218e-01 3.645630792345768145e-01 3.666715258346213147e-01 3.603820556099499584e-01 3.543324172251707260e-01 3.653845305369445851e-01 3.571869002957809847e-01 3.616117102859338628e-01 3.660908696540307594e-01 3.589255733995243003e-01 3.589872487897005637e-01 3.655885435004211370e-01 3.570731823342805367e-01 3.616604827687530110e-01 3.573229765368274302e-01 3.666367716381841446e-01 3.570983797604355692e-01 3.596786316880427603e-01 3.631226939714433111e-01 3.610740975958978694e-01 3.571220055161463125e-01 3.606684798736578546e-01 3.649172881235749899e-01 3.620877236343634786e-01 3.622288190810222797e-01 3.585139985393100415e-01 3.568323618629800076e-01 3.588149987789124307e-01 3.593194289429555432e-01 3.577378468350700391e-01 4.079292438711563107e-01 3.651011482160321231e-01 3.690257107134854997e-01 3.625561828248513030e-01 3.612094640502920284e-01 3.630193946640170588e-01 3.678366406242966069e-01 3.535343381832807275e-01 3.781480155158733480e-01 3.619409498944866077e-01 3.655995198440077365e-01 3.606730681373742087e-01 3.661451683329282059e-01 4.761154563094713299e-01 3.648345472795407884e-01 3.740187302682911885e-01 3.703524287141651272e-01 3.571247432646621478e-01 3.681425333218948936e-01 3.675659837640781191e-01 3.773208098717176218e-01 3.603371362546716195e-01 3.678653869837129053e-01 3.767314841541602455e-01 3.740026586705222922e-01 3.796000362101991099e-01 3.717782380014041377e-01 3.656837816594396551e-01 3.761067705020833540e-01 3.660557859137907322e-01 3.666929715313286819e-01 3.575447848656568839e-01 3.653552771870623994e-01 3.744678224229817665e-01 3.721470735653433781e-01 3.583560203101368580e-01 3.745041482898631702e-01 3.717878708202561611e-01 3.678844498252306083e-01 3.648900373860330393e-01 3.639527894612546444e-01 3.631400583949002669e-01 3.695385822687857758e-01 3.717256630900906966e-01 3.547730426390808267e-01 3.714032171537809401e-01 3.636317630982494054e-01
4.111999407647437543e-01 4.065682279654588283e-01 3.881805456512073538e-01 3.860408430889403775e-01 3.835388958387908054e-01 3.850170772411568021e-01 3.914321797032771499e-01 4.013522340037521396e-01 3.763208725758311890e-01 3.830234386321144657e-01 3.853682188378362850e-01 4.384712114205159827e-01 4.015343196295786399e-01 3.860932659031139913e-01 3.859684701999337442e-01 3.782212249391487258e-01 3.919008923889978901e-01 3.836214338866386631e-01 3.941261242428614753e-01 4.182255357963726161e-01 3.829983426040526329e-01 3.810531215845033293e-01 3.851022009403807234e-01 3.945659384720261453e-01 3.908306355154916867e-01 3.916876014999954858e-01 3.851820772882826316e-01 3.950840320291251206e-01 3.989140408046889519e-01 3.957895092624192368e-01 3.953619135034826537e-01 3.947636647537255405e-01 3.899774719594820693e-01 3.902299025124516541e-01 3.971197761963601858e-01 3.970149305680129026e-01 3.999030778055586710e-01 4.021704912661847597e-01 3.959265487853509402e-01 3.977484190245477724e-01 3.979422414796597307e-01 4.347296724812509949e-01 4.175118199680076803e-01 4.242891924675338822e-01 4.314640454923224788e-01 4.268548937687698941e-01 4.264029117684237091e-01 4.206715366486105667e-01 3.985900231979349062e-01 4.069662661802336823e-01 3.868430034040808430e-01 3.945815791278990403e-01 3.948982707224208966e-01 3.947059945882298582e-01 3.944298115319331277e-01 4.365697943772200995e-01 3.939482212883785861e-01 3.969674002118351308e-01 4.253026917583830335e-01 3.996645641408779204e-01 4.361764711737780575e-01 4.139969057669981578e-01 3.974712473368424703e-01 3.970721697916125281e-01 3.969567027130047610e-01 4.371918716788743553e-01 4.106649644251304521e-01 3.926711376543101650e-01 4.002941449014274511e-01 3.817172283957803169e-01 3.904946529337424699e-01 3.940261964220334034e-01 3.950004293012989165e-01 3.922444798277355260e-01 3.959673108188089263e-01 3.908315227488070032e-01 4.319047723043257792e-01 4.167475825397162215e-01 3.992292621268597186e-01 3.991996285341281037e-01 3.944369854470255454e-01 3.940998621367280408e-01 3.991116656882952030e-01 3.895137531298504263e-01 3.905519175068654092e-01 3.972584127392593811e-01 3.930608105263977414e-01 3.953567422007305265e-01 3.993951747568241784e-01 3.908229799594566400e-01 4.329315800949046777e-01 3.944303185223990149e-01 4.121272009773440659e-01 3.938344019287849940e-01 4.304712060629585779e-01 3.902280266477278214e-01 4.307344862118983042e-01 3.854144563683259972e-01 6.090847583828218337e-01 3.907280459947176654e-01
3.749550656102310087e-01 4.376133835522201809e-01 4.029111536378120473e-01 3.582612130930143413e-01 3.636554395530067207e-01 4.001381692845945581e-01 3.616355895368775220e-01 3.855802929497205711e-01 3.598725301917246044e-01 4.158722128013004338e-01 3.677200328171405519e-01 3.739436196307687199e-01 3.626926139592238640e-01 4.454071451882511412e-01 4.570743646827732376e-01 4.273119963728215787e-01 3.670197015370753046e-01 5.657982165989112744e-01 4.361724659490974765e-01 6.234695481726389987e-01 3.973972774278682896e-01 4.733495191237297450e-01 3.847170656329629290e-01 3.823521832552683186e-01 3.835112648583994810e-01 3.850341628198575283e-01 3.842860983874281655e-01 3.828849034873084145e-01 3.798675497295290748e-01 3.858034701528079147e-01 3.801665473567911735e-01 3.827068737852090674e-01 4.699650535695952258e-01 4.227855854933031954e-01 4.139834705196518971e-01 4.180260096985192741e-01 4.044867786077232519e-01 4.188412503676798848e-01 4.082087223654813912e-01 4.037483469941459124e-01 4.025607725268314230e-01 4.033912736090154438e-01 4.188101465025971248e-01 4.161113602040635295e-01 4.116969942175081054e-01 4.199232694199948601e-01 4.175287787990918931e-01 4.080658271026686434e-01 4.125835684452202057e-01 6.113347820704677638e-01 4.099030591529821410e-01 4.142909095381711593e-01 4.120057007121921133e-01 4.155312110139388615e-01 4.064922807936676152e-01 4.070936221852666792e-01 4.144824505361866529e-01 4.129388420141967275e-01 4.012964904020268619e-01 4.189362603809887453e-01 4.115473306319756275e-01 4.110474126830789832e-01 4.137155260584259309e-01 4.160096579166047692e-01 6.256893045294709133e-01 4.206542482737234967e-01 4.171670664511984983e-01 4.150499756637104909e-01 4.178553060086521720e-01 4.119045561142458678e-01 4.146621026077768613e-01 4.069861148569735021e-01 4.097725091080139381e-01 4.131482290766117504e-01 4.128829463153317336e-01 4.125444794802996529e-01 4.019932727488308988e-01 4.142910869848342448e-01 4.161764577798845455e-01 6.242091965633345119e-01 4.131911204700265405e-01 4.181673079413644745e-01 4.188859162277253079e-01 4.189998623349354134e-01 4.130765152752107761e-01 4.118246037177740737e-01 4.206079853937105262e-01 4.171881572545797501e-01 4.151908429646596344e-01 4.165160906929881723e-01 4.164665070254235935e-01 3.627900068277224443e-01 6.234628558984891544e-01 4.158081799054577643e-01 4.170999409135138780e-01 4.074840555430531142e-01 4.129162048898945003e-01 4.133325708100115126e-01 4.056972183450496816e-01 4.167959747796859959e-01
4.795075267205942682e-01 3.661077524365450864e-01 5.322618112608308305e-01 3.806237767084593715e-01 3.687038985152580883e-01 4.540773919417229187e-01 3.612501246856569259e-01 3.932249993887781403e-01 3.848667545680187208e-01 3.802630783414977511e-01 3.899466722886789083e-01 3.990290262423541456e-01 3.910030883224661635e-01 3.926408449739728912e-01 4.090699724194220011e-01 4.245866184243517472e-01 3.919184849581644481e-01 3.586266518208320875e-01 3.947327636848291799e-01 3.963974922291215730e-01 3.619544358408794404e-01 6.187984929132005485e-01 3.625498200945042604e-01 3.617633004352366899e-01 3.596672244025601040e-01 3.627621223520982041e-01 3.605429236847787489e-01 3.578952927242540216e-01 4.461493792303227179e-01 3.619428764582570124e-01 3.605979828493750539e-01 3.624701972418353235e-01 4.119112230388723983e-01 6.200735739349286790e-01 3.838514301114923088e-01 3.825460564094269045e-01 3.859695602294354044e-01 3.768708051341884691e-01 3.808980839000323249e-01 3.801438341839190604e-01 3.780746539954581986e-01 3.871663619232292297e-01 3.857736591134132142e-01 3.876634660750401529e-01 3.940109867080565098e-01 3.615396669407300312e-01 3.595558385972027482e-01 3.539982598090987143e-01 4.133375646661005542e-01 4.107524709795440931e-01 4.065697489368564899e-01 3.572812258719609280e-01 4.176572248336266058e-01 4.010382801577461187e-01 4.182969961025406191e-01 4.070030229890110873e-01 4.186136116484925895e-01 4.126950556486707056e-01 4.046383180579795624e-01 4.194971439334093666e-01 4.119071417656219314e-01 4.037360271258246813e-01 4.132338851158248727e-01 4.154295340760034150e-01 4.113582738872430533e-01 4.156605949808354628e-01 4.151374822181241320e-01 4.159455236226689556e-01 4.030978782264015292e-01 4.070919998157758180e-01 4.196164641395579431e-01 4.166640305109365894e-01 3.973733474778780028e-01 4.151379892085900192e-01 4.153122164821951290e-01 3.951651505036684608e-01 4.187434519068085614e-01 4.218970340027740629e-01 4.141713104872663531e-01 4.156621413017564381e-01 4.108957464852062702e-01 4.126854228298186822e-01 4.072797383852970743e-01 4.139531524897913650e-01 4.118324113709488921e-01 4.406586217856237608e-01 4.197563174595753122e-01 4.161578258802628438e-01 4.140621047409123734e-01 4.184069116355468854e-01 4.426063270584559839e-01 4.235379593446926827e-01 4.157610297921294773e-01 4.414755355233218048e-01 4.344536161725707224e-01 4.329617460276254937e-01 4.380034620166804449e-01 4.314000125964798094e-01 4.579145492828558539e-01 4.240753945880655906e-01
4.032610784573734120e-01 3.993041699681958434e-01 3.706231616229535564e-01 3.941543129127652589e-01 3.759400213378502054e-01 3.843127660859342876e-01 3.889526414317201475e-01 3.874014787517884306e-01 3.733141149187890750e-01 3.827789678294594711e-01 3.908956316932195030e-01 3.656438561602503579e-01 3.689979022864311453e-01 3.604016000924102903e-01 3.717131404255830662e-01 3.805048874442067963e-01 3.580663513074472393e-01 3.488753492969305370e-01 4.188324794326198641e-01 3.680954592571364370e-01 3.786381231992548835e-01 3.623744013933042907e-01 3.762402864412770498e-01 3.602102365410578821e-01 3.659743632449678485e-01 3.693888933337300395e-01 3.661905693291491737e-01 3.675369839094288493e-01 3.680953578590432929e-01 3.620086331216837428e-01 3.698667318478369159e-01 3.683878660083418910e-01 3.650763310327265199e-01 3.620921851504633748e-01 3.624761543798096231e-01 3.668773132647284441e-01 3.676096609927150261e-01 3.695150325616449183e-01 3.696256325317801017e-01 3.647436438890056531e-01 3.684846251387581262e-01 3.696206893747376321e-01 3.579628745533579015e-01 3.708796480996502387e-01 3.692255917046649571e-01 3.665230790262070104e-01 3.748028417228457254e-01 3.642483649028719350e-01 3.534147898314224934e-01 3.647751026474144731e-01 3.726918348209484755e-01 3.615845102474385397e-01 4.022774662544887914e-01 3.858601516868950809e-01 3.714358673397846200e-01 3.615842821017288822e-01 3.655151059314361017e-01 3.767161730420902077e-01 3.682748071344471019e-01 3.621083581463254708e-01 3.704465768436819850e-01 3.582688686490493879e-01 3.696119184396776114e-01 3.683164057021738880e-01 3.638537995727884611e-01 3.699137045145021174e-01 3.680722897928450088e-01 4.055296072970245302e-01 3.562454696996589232e-01 4.506094757569019116e-01 4.222511161441557803e-01 3.687311239032767252e-01 4.099509697520092866e-01 4.284106447124179651e-01 4.006055891446272943e-01 4.391995539238220392e-01 4.307786450814778401e-01 4.473634185999569857e-01 4.296618971822490085e-01 4.356036226463623207e-01 4.383945037630259667e-01 4.184835178949437573e-01 4.213900435368782005e-01 4.361447842696595800e-01 4.298591671725290886e-01 4.252151345049228204e-01 4.248017344790313565e-01 4.157494197104604217e-01 4.226161492796007835e-01 4.456781315922724862e-01 4.514753140745589310e-01 4.415967062446709002e-01 4.346649804978027221e-01 4.295547700968052052e-01 4.425959844529516740e-01 4.355148486157839338e-01 4.326016306996996463e-01 4.166311521792232520e-01 4.109492086298349722e-01 3.832883411505450533e-01
4.012220642016333660e-01 3.906917708268827782e-01 4.389551845192601887e-01 3.902023729301535293e-01 3.816038653276059844e-01 3.878288970640619282e-01 6.246702029939735779e-01 3.708614471419245939e-01 5.495873992480769799e-01 4.277838523994308972e-01 3.675100880652130697e-01 3.721464144777377192e-01 4.033442248937803010e-01 3.666070873464059576e-01 3.743989224186665132e-01 3.655245866531483534e-01 3.745354042520856463e-01 3.574802449793483272e-01 3.694397191279361059e-01 3.619101755732067605e-01 3.664499203019782048e-01 3.769125557990549713e-01 3.703590195902217719e-01 3.654897817576646113e-01 3.607793840380725814e-01 3.755359499365311660e-01 3.722797529702683295e-01 3.576661076841457509e-01 3.662365280148826563e-01 3.719682580280219142e-01 3.765301328906296985e-01 3.624422113681178836e-01 3.775395762577516967e-01 3.677006657813433610e-01 3.678946910326417186e-01 3.710138231264495934e-01 3.699434902043735041e-01 3.730112641639861670e-01 3.688133070577984118e-01 3.679348953765872454e-01 3.712298264144445192e-01 3.668571603937090808e-01 3.552296636021899379e-01 3.736764356552415567e-01 3.658793532316589880e-01 3.682867467599189593e-01 3.687050138942830624e-01 3.717221902053993166e-01 3.637842658303908627e-01 3.626218380901847782e-01 3.765877777066020671e-01 3.650960529618498818e-01 3.697185385346555275e-01 3.679564931704343844e-01 3.679728182634362521e-01 3.726608577034822289e-01 3.711002650008848325e-01 3.702665445292424029e-01 3.706344675103430131e-01 3.676190656658573919e-01 3.677751933798300565e-01 3.608499064118786959e-01 3.539143782365162805e-01 3.640248328064584760e-01 3.655130019210026115e-01 3.674313524458594493e-01 3.623283920085242360e-01 3.671656387426834312e-01 3.636312307582602044e-01 3.714352336017022749e-01 3.581218921129861732e-01 3.684255100504346681e-01 3.636502682502545936e-01 3.647176859771517621e-01 3.725037160085778454e-01 3.697229240021855379e-01 3.644953706578564212e-01 3.689753919097453205e-01 3.686461523011925756e-01 3.728249451677694282e-01 3.665112154493050389e-01 3.671293128758019719e-01 3.588483080525217694e-01 3.727471474807777518e-01 3.598202087756441903e-01 3.646246532266598783e-01 3.624311589759613428e-01 3.667391583627718221e-01 3.677768157493209178e-01 3.671526090877099135e-01 3.726987805903312356e-01 4.323298838099794428e-01 5.444402799411622862e-01 5.488671178931786576e-01 4.356011890921260288e-01 3.628044560560004794e-01 3.743517723053381707e-01 3.908726903746377324e-01 3.916636715500051991e-01 3.943856526623535919e-01
3.778511725980913116e-01 3.965395002586190043e-01 4.252323721807633183e-01 4.219407872799809112e-01 3.796944631844722529e-01 4.022252208869782630e-01 3.967127389008156535e-01 4.031272329743769145e-01 3.867030233364469605e-01 5.932711680620169625e-01 4.506337606002183693e-01 4.170320041910838271e-01 5.557490571762959686e-01 4.808286424766257672e-01 3.728351103266106525e-01 5.667696103315678080e-01 4.816857098592227104e-01 5.458249723016170840e-01 4.367060734144528888e-01 4.767612607649294731e-01 4.708956852687937178e-01 4.700633083218858643e-01 4.124534239926247459e-01 4.250605024128246145e-01 4.100561956232059990e-01 4.127537651446214761e-01 4.072349711271584516e-01 4.128817802372601875e-01 4.104000619066998645e-01 4.069284446914778197e-01 4.093608328497064797e-01 4.069208905335359727e-01 4.145948249729524693e-01 4.217615408007633904e-01 4.193204577560446511e-01 4.079963187097943034e-01 4.111688115501377916e-01 4.140636257123100350e-01 4.150390500191704080e-01 4.148967124458701750e-01 4.146596690535405694e-01 4.045806225429606218e-01 4.103281706586358046e-01 4.014991598407687268e-01 4.117292388111390977e-01 6.155149184617793034e-01 4.120824083696821294e-01 4.164491172524433238e-01 4.156509114629368673e-01 4.156835109498939751e-01 4.120807860001912681e-01 4.204522632721106046e-01 4.081552602208526892e-01 4.088286196081322710e-01 4.025667043152824087e-01 4.108622344154105321e-01 6.187242695089933964e-01 4.120612415177309917e-01 4.062106475898624169e-01 4.082797010307068208e-01 4.143214303642180907e-01 4.171389284803412867e-01 4.214960298937737160e-01 4.196981910026603702e-01 4.074041538456279476e-01 4.080803777290398782e-01 4.058093392865825821e-01 4.078865299244045506e-01 6.132958211925529923e-01 4.133479326211281224e-01 4.118584960304192411e-01 4.080717588911196292e-01 4.104396071630397325e-01 4.124361609672609896e-01 4.075896870066225142e-01 4.127399243049025279e-01 4.077096663003768051e-01 4.119293732975514710e-01 4.076540747957912991e-01 4.132606795619474527e-01 6.334915836053289784e-01 4.066161385644859738e-01 4.066435667486909544e-01 4.135133889596732670e-01 4.054874510397852849e-01 4.216693445845402510e-01 4.203629315520197585e-01 4.078976583651309773e-01 4.087173605503914287e-01 4.314707884655188952e-01 4.133103392780819729e-01 4.142361545678543977e-01 4.065676195768997414e-01 4.029430940371634962e-01 4.032996857813513913e-01 4.070070789127382960e-01 6.034433233716586242e-01 4.108889021139166542e-01 4.132171544304503175e-01 4.158207025699653947e-01
3.947543868281996327e-01 3.591286737801621665e-01 4.009079329089642596e-01 4.091141819880481090e-01 3.702700934625036688e-01 3.855676181880731690e-01 3.568263540259591360e-01 3.664739009510150636e-01 5.509012650404461198e-01 4.294405958438854420e-01 4.054190326764126051e-01 4.288581651966642538e-01 4.243384972903422869e-01 3.934594317802083685e-01 3.859665436361633395e-01 3.708026869469272513e-01 3.867733429140667312e-01 4.107421790730864108e-01 6.236962743089876637e-01 6.228475215700313150e-01 4.175087780252123015e-01 4.039199886163749587e-01 4.124903328985419781e-01 4.143295675611957107e-01 6.253521558696502058e-01 4.129541784757900791e-01 4.070521503651564066e-01 4.059505361313345828e-01 4.141187102264296538e-01 6.151673257983610865e-01 4.091828791961770184e-01 4.001096257213646035e-01 4.098834386219519788e-01 4.110793277329071738e-01 4.128552646358938372e-01 4.076854828551535470e-01 4.160205582116215384e-01 4.181355196391527973e-01 6.200324063090979498e-01 4.156054597676693274e-01 4.017718446628508744e-01 4.140700644912269079e-01 4.074974907903993748e-01 6.258852563445397310e-01 4.101375422434589413e-01 3.957009126785039355e-01 4.165979696532303711e-01 4.212459568464705928e-01 4.152756371200807539e-01 4.088424604478512192e-01 6.095993537057061706e-01 4.141617283674609018e-01 4.128424884761532354e-01 4.152385507675004361e-01 4.232533855961853053e-01 6.302467432255021151e-01 4.108479626337955826e-01 4.106853200923361591e-01 4.149779323185066593e-01 4.062816516046111603e-01 6.293375065239644739e-01 4.017402591568255410e-01 4.088632470569529831e-01 4.042258052654033595e-01 4.164453908725190279e-01 4.174374444666607564e-01 4.130271344038325410e-01 4.198793133466016680e-01 4.045918270322568788e-01 4.100510496699771301e-01 4.027281300796236585e-01 4.155718209502571314e-01 4.128457839141815855e-01 4.006313696098180999e-01 4.082996764550630986e-01 4.150731958270484911e-01 4.114866692227311940e-01 4.113286149449881246e-01 4.101455780423434172e-01 4.157076183465473473e-01 3.992897714389643804e-01 4.082972682503501205e-01 4.116663212943214023e-01 4.146414173967682970e-01 6.218042365893108325e-01 4.193908787317575659e-01 4.041863867566799495e-01 4.196883300380986892e-01 4.129021105549425807e-01 4.123742827808983824e-01 4.070615803878220862e-01 4.073558883532746311e-01 6.337757010624169851e-01 4.105240210756113672e-01 4.166733591355090693e-01 4.132275984340477715e-01 4.068317109105848983e-01 4.120073230816829746e-01 4.206904980920350701e-01 4.116851813396527060e-01
4.182871604875022520e-01 3.992751701135465736e-01 3.886249481440883780e-01 3.925124749880080643e-01 3.919741018122732124e-01 3.846313588947032347e-01 3.928107628286179320e-01 3.839089481798482195e-01 3.902919581454772913e-01 3.790303563731952097e-01 3.980817145568277260e-01 3.988132004010222498e-01 3.934057161403467506e-01 3.829139033419576288e-01 3.869518035580620796e-01 4.045722318507500304e-01 3.812110491146298852e-01 3.986336750770485549e-01 4.050963585943931911e-01 3.776445993327620099e-01 4.051562341684155077e-01 3.958633270742537014e-01 3.862034602808764872e-01 3.966996585467955638e-01 3.762632784589053925e-01 3.899598033417456255e-01 3.875844769604535611e-01 3.746091967143967971e-01 3.762111598390113221e-01 4.067397428400713610e-01 3.996368571119167101e-01 3.707771853264927309e-01 3.726646854814997800e-01 3.794115878540256226e-01 3.679117512618190755e-01 3.671304282548269460e-01 3.708325233358452655e-01 3.580961369973186259e-01 3.760985065574892761e-01 3.551061100256511227e-01 3.566482989743364751e-01 3.579027201345793552e-01 3.595555090533999465e-01 3.556035944203114196e-01 3.598473834646161995e-01 3.643994734112321887e-01 3.586758805950706064e-01 3.600484051843438893e-01 3.628183475947660552e-01 3.654742931989314880e-01 3.657230480710232934e-01 3.553389960961603755e-01 3.683409440407232616e-01 3.595669670379291749e-01 3.573436110487894224e-01 3.584413214560238647e-01 3.614691445669239167e-01 3.577236004029783478e-01 3.619898491249222694e-01 3.640814129424524426e-01 3.622702402020859802e-01 3.604934414153073141e-01 3.616245878437676087e-01 3.635848664801540342e-01 3.587841230595393283e-01 3.595167242827588816e-01 3.644163308442232574e-01 3.562163177478699372e-01 3.618911887802589433e-01 3.636158942966668528e-01 3.606613566576120089e-01 3.648778189158049523e-01 3.614799434638474862e-01 3.612247244633154941e-01 3.607613858765332804e-01 3.628317574925890021e-01 3.664633555493244654e-01 3.607331465075828691e-01 3.605402366353094856e-01 3.675852240522588521e-01 3.590074270102431853e-01 3.644555212072370098e-01 3.604107766198429985e-01 3.619218363539223327e-01 3.616641584496307904e-01 3.595425300974730010e-01 3.622035202567741030e-01 3.614924661283551166e-01 3.606672630965396809e-01 3.629443093760178485e-01 3.614265827173119838e-01 3.630323989694672626e-01 3.587388234614115601e-01 3.614344157200100605e-01 3.645131660232093784e-01 3.648443828945791556e-01 3.571752141655420987e-01 3.626650843769256838e-01 3.615624054631254580e-01 3.631357743254634562e-01
3.689906523227687862e-01 4.642433112686341068e-01 4.068932088540980763e-01 4.053718318640376905e-01 3.742551652720617072e-01 6.211447940903200848e-01 3.989875797717671868e-01 3.999898999228433394e-01 4.042334354719150924e-01 3.902635413298638500e-01 3.913762079558422147e-01 3.997409676040884485e-01 3.755919723830126733e-01 3.826714351516429802e-01 4.244216437267491759e-01 3.963145739384243416e-01 3.919290303598551017e-01 3.948203969868592789e-01 4.019403175946680284e-01 4.134709792072010504e-01 3.918255536057657640e-01 4.139088415230720575e-01 4.130374009607669095e-01 4.142484237371291123e-01 4.110002118707041241e-01 4.158340364192184557e-01 4.186905728012156325e-01 4.180223847166881224e-01 4.076994757920122670e-01 4.150834370344596014e-01 4.127774922984254191e-01 3.937846408145573296e-01 3.953658173300700907e-01 3.958482187583700074e-01 3.971702470972400811e-01 3.888803445912834000e-01 3.921242216892250054e-01 3.939558768444136327e-01 3.897609363314979425e-01 3.951204085950531519e-01 3.952997564723638169e-01 4.011720749416960441e-01 3.916545710711423767e-01 3.928371263328445107e-01 3.956192618639714498e-01 3.926439883148614696e-01 4.044579308502138093e-01 3.965788934178191560e-01 3.940842975294250872e-01 4.005312896918502008e-01 4.289568255413275799e-01 4.189109615567405687e-01 3.786009100990581078e-01 3.650543276465066378e-01 4.346883020592339220e-01 4.398830784699428453e-01 4.195700998614517729e-01 4.340226742765592172e-01 3.985797819905237960e-01 4.345171420779474492e-01 4.020925921810998838e-01 4.379782138914788403e-01 4.361793103203870925e-01 3.545993984045114900e-01 3.526328584358712770e-01 4.257633432956960395e-01 3.960477702057466076e-01 3.702185071825987439e-01 3.680391326163754417e-01 3.588783218881028136e-01 3.761193945646841841e-01 3.862579871054835912e-01 3.969042291997845195e-01 3.862037898246792889e-01 3.899157205207359755e-01 3.826111539852479204e-01 3.757955290550698546e-01 4.025218610085739002e-01 3.553052558806550354e-01 3.567128135111217180e-01 3.598687277632304227e-01 3.623255528619152566e-01 3.763981886218802919e-01 3.919847486120570657e-01 3.926838884645274530e-01 3.914982152114600544e-01 4.097767424784041768e-01 3.883682335216819825e-01 3.923185257852795926e-01 3.926424166444171804e-01 3.691877195168625225e-01 3.638593257688667593e-01 5.448259982876157981e-01 3.643595479120428915e-01 3.639576819192505419e-01 3.946350412725277423e-01 3.889305873464536933e-01 4.001625808755274738e-01 3.936986298820180918e-01 3.849618913289440392e-01
3.980315731997505768e-01 3.669797253388393798e-01 4.508432997597731084e-01 3.903829122350589986e-01 3.698655150707187422e-01 4.066735805842719431e-01 3.977937946712454265e-01 3.890749782311408445e-01 3.621644819909001223e-01 4.023572665538208137e-01 3.825253711984183402e-01 3.572145819752188811e-01 4.202930175667727308e-01 4.085948716538309600e-01 6.093921974013410958e-01 4.170868859090170466e-01 4.067217446785320600e-01 4.120243579613370732e-01 4.094325213015841403e-01 4.087437747536645793e-01 4.091393033656332556e-01 6.120988674016194508e-01 4.171029828563092567e-01 4.174294340172995943e-01 4.192124180877622175e-01 4.081356143402992132e-01 4.096026419524155249e-01 4.093023768489886804e-01 3.974865330993892498e-01 4.112696012547578661e-01 4.153265896619032782e-01 4.187083174675219621e-01 4.158951794694055182e-01 6.142844019020033963e-01 4.125424008193894765e-01 4.153347522084042120e-01 4.100303644589685659e-01 4.102705258426634360e-01 4.066050608228061192e-01 3.991210703614375688e-01 4.031272329743769145e-01 4.205319114743028552e-01 4.160178711621523306e-01 4.183527650537892106e-01 6.231663678740332335e-01 4.056916414499248114e-01 4.151219429603443811e-01 4.145418191197430269e-01 4.083362304676542154e-01 4.027478013097003928e-01 4.201113628828422319e-01 4.233527050284543458e-01 4.106308439667756272e-01 4.094542204935244789e-01 4.196227254718117861e-01 6.178299890261995664e-01 4.066301822003912658e-01 4.065793817557085132e-01 4.296444060111755947e-01 4.144852896827956323e-01 4.126189056806931488e-01 4.061337371361860571e-01 4.127502162113602102e-01 4.130959583595779083e-01 4.000117765614467080e-01 6.112348035505931199e-01 4.074245855614035405e-01 4.153072479756293456e-01 4.096661932073155654e-01 4.159571844033845833e-01 4.101055511450609203e-01 4.047935078395902830e-01 4.140278068358945185e-01 4.193603072066640625e-01 4.106917081722064600e-01 4.048323433092779200e-01 4.131668356267101383e-01 4.045717502098074014e-01 5.960805543306857412e-01 4.214205643629251319e-01 4.048677312437974352e-01 4.144014841587830844e-01 4.109801603977779050e-01 4.213349843722818955e-01 4.125753551996726998e-01 4.160431192873539352e-01 4.130328380465738691e-01 6.277831751536209204e-01 4.038826487685617250e-01 4.081747286547430797e-01 4.103901248935682977e-01 4.127087443912499376e-01 4.128857347628941410e-01 4.224881341869620721e-01 4.157314722479677482e-01 4.038410755503583083e-01 4.160395703540926693e-01 4.125970543916130384e-01 4.120942719465841009e-01 6.121785156038116460e-01
3.848032286626419385e-01 3.525373414320964738e-01 4.248248025452295851e-01 4.322999206734450262e-01 3.581373553221959827e-01 3.488410513919126821e-01 4.723225592360110747e-01 3.566326329689403218e-01 3.615263330914769702e-01 4.316299834718101969e-01 5.310012301664273071e-01 3.718584185435855338e-01 4.465264787388560919e-01 4.382534083163671101e-01 4.108367834940225838e-01 4.219711560088880709e-01 5.561880095216685804e-01 4.250215148459972059e-01 4.180108506835890081e-01 4.216772536358082135e-01 5.680135621386899203e-01 3.928579382914695328e-01 3.883072425686346918e-01 4.057410983698729878e-01 3.779389833467844961e-01 4.078646532858011819e-01 3.590272503374597468e-01 3.823737810491154576e-01 3.860179271198818651e-01 4.061747780144003284e-01 4.088186825950007042e-01 4.096916948277501414e-01 4.173257544670239128e-01 4.083805921334200950e-01 4.156747400148339544e-01 4.187193698596785030e-01 3.911684179133947947e-01 4.167497625987195975e-01 3.966832067061772382e-01 3.895904607873404979e-01 3.937092006332320038e-01 3.954829321276920329e-01 3.951860385108633689e-01 4.064242426731443647e-01 3.510429616843450673e-01 3.939289049516279673e-01 3.911720428952259465e-01 3.872391150550852923e-01 3.969514300121594341e-01 4.261675667941548507e-01 4.247668535349777286e-01 4.110064225039113395e-01 4.245554892097457289e-01 4.249200914032947307e-01 4.160846925055574075e-01 3.456246785267459432e-01 4.098866073123638154e-01 4.203317516383671681e-01 4.379666038098098402e-01 4.305389399892022850e-01 4.238644358552063340e-01 4.227739247125876232e-01 4.267941056119089471e-01 4.308635152854687900e-01 3.473427931670972080e-01 4.221904040358647192e-01 4.192392378834081113e-01 4.236624762031167002e-01 3.423280744203511805e-01 4.135318941116784552e-01 4.196496720150741377e-01 4.352791487481889598e-01 4.287607723281656735e-01 4.151056432168658272e-01 4.266142760936557088e-01 4.114444622664453766e-01 3.428899466041802624e-01 4.238684410798869151e-01 3.481203390951184140e-01 4.329125679524336023e-01 4.386084537396340299e-01 4.246199023484377721e-01 4.289196124411308597e-01 4.250244807402226987e-01 3.561688634402620512e-01 4.257273976716640096e-01 4.263943943285966598e-01 4.178833932804627560e-01 4.239260098472893978e-01 4.227905033008224067e-01 4.239856826251253152e-01 4.248141050463992152e-01 3.465098585306768397e-01 4.332186380966949191e-01 4.132146194781208259e-01 4.273038338263207003e-01 3.414185588740572541e-01 4.115310055389737598e-01 4.314090877258193735e-01 4.120849433220116209e-01
4.225202266834532927e-01 4.292505251182210935e-01 3.587017878078778699e-01 4.039142596241103722e-01 3.815571461561736988e-01 3.801047705685217659e-01 3.595324409872016624e-01 4.745053052888326128e-01 4.769442843231178619e-01 4.770914129563208483e-01 4.813683845266185091e-01 4.746903061098379784e-01 4.693377035670956987e-01 4.375778942196074661e-01 4.357263650381557052e-01 4.463655599649807293e-01 3.578037048965899136e-01 4.306775004835315945e-01 4.302030588055462679e-01 4.191516806299478981e-01 4.355554078530556317e-01 3.537991900026647429e-01 4.747451624782479396e-01 4.772543596920598152e-01 4.757263918259427848e-01 4.289273186962124784e-01 4.259184316792136160e-01 4.273904277978957111e-01 4.354581670816968231e-01 3.507186145337881644e-01 4.334739584953201108e-01 4.337605095066444649e-01 4.290843843425469761e-01 4.360238163444968285e-01 4.399096447703557677e-01 4.379279204372619749e-01 4.292799812642896229e-01 4.202899502744540383e-01 3.555677501943725893e-01 3.528579115036824532e-01 3.803297475877630562e-01 3.606295176563537597e-01 3.442598094935076514e-01 3.491999752922436695e-01 6.304593750268988606e-01 3.705618918251500360e-01 4.416843141971777409e-01 6.072494528962787408e-01 6.252708345989205219e-01 3.927644492495583339e-01 3.969055473749958374e-01 4.269993860515501893e-01 5.890353641175500865e-01 6.159262398267606464e-01 6.184375157014826430e-01 4.444048757362216162e-01 4.444353458632219200e-01 4.390748849682582500e-01 5.933327674036232846e-01 4.385668298223839856e-01 4.314375805900027006e-01 6.103240458776577615e-01 4.418485791081279701e-01 4.283684124066088339e-01 4.386255900173812727e-01 6.243425350558651221e-01 4.276709963217224519e-01 4.342920383110897009e-01 4.437228214624518441e-01 6.146471535803519348e-01 4.252407121739272822e-01 4.317927274113627645e-01 6.179969409866191699e-01 4.320964147004344169e-01 4.339847513897102105e-01 4.353225471320696371e-01 4.406756566652778595e-01 4.387986258633915782e-01 4.340551723654231253e-01 6.194468830200346998e-01 4.333931949141028861e-01 4.415493533351562139e-01 4.455850988417806025e-01 4.393569744634827079e-01 6.201635140435786120e-01 6.260393307471254776e-01 4.364611970194252066e-01 4.417567124357076325e-01 4.317767065126404957e-01 4.412903826051766121e-01 6.170463338630644001e-01 4.390564812143462059e-01 4.376256020224482679e-01 4.434680587533391671e-01 6.247543127122657802e-01 4.360279229672706092e-01 4.435097333696358390e-01 4.359909126632601772e-01 4.366359566330195174e-01 6.023027469205326501e-01
