3.882619683200302374e-01 5.244660723619828380e-01 3.655567551982094598e-01 4.159888966570263746e-01 4.239188612817202384e-01 4.000888391122628951e-01 3.772538364311727732e-01 3.917954130225682619e-01 3.787201035575902264e-01 4.644335847904848547e-01 3.822244216578625786e-01 3.752095494745874005e-01 3.717686305320753726e-01 3.820537940165653068e-01 4.020299281595151597e-01 3.759434435234950134e-01 3.797272401180923906e-01 3.755499682229131997e-01 4.014756354831511831e-01 3.594855950681528634e-01 3.720677802564772430e-01 3.695316111498797018e-01 3.617452008756042448e-01 3.806600518762942587e-01 3.618473341049589509e-01 3.717738778833973856e-01 3.626292908500334811e-01 3.897006298155796244e-01 3.675448169121269260e-01 3.872374926855944310e-01 3.929963466886590706e-01 3.624547847316720861e-01 5.022454407274653532e-01 3.712513735092451417e-01 3.720070174491396098e-01 3.668753867009580394e-01 3.738417398966469296e-01 3.843353271616666289e-01 4.084545366928710175e-01 4.054827867274990449e-01 3.486970914491215323e-01 3.440950375920914794e-01 3.497538370267116448e-01 3.551685205520028754e-01 3.538548068567735072e-01 3.829834877834018547e-01 3.999396571676730461e-01 3.528855931831203496e-01 3.546025670949233266e-01 3.815322022252516376e-01 3.827145546907673723e-01 3.517662089334688269e-01 3.618453314926186604e-01 3.608328715322245972e-01 3.708555914020434940e-01 3.551332086660532461e-01 3.703364078154428030e-01 3.691893925854000114e-01 3.913591730761881160e-01 4.023896632445915778e-01 3.676084442155968524e-01 3.543985541314468302e-01 3.493792471209844486e-01 3.568921867379556967e-01 3.497470180049453425e-01 3.507042413540800152e-01 3.828118968602193806e-01 3.524931318634703659e-01 3.534399365585308983e-01 3.514518494950901184e-01 3.579420625947328793e-01 3.535607523865538782e-01 3.550123167894603804e-01 3.593425730577236576e-01 3.660310447790550148e-01 3.497335320585525098e-01 3.833274301154656061e-01 3.678629280799532997e-01 3.491559431702805916e-01 3.567245756899305453e-01 3.701732582835175478e-01 3.656247172701627690e-01 3.491624579977674059e-01 3.575922898723113419e-01 3.546780072762486524e-01 4.022029133064788375e-01 3.799157645228358193e-01 3.413209378598490162e-01 3.458464868555753968e-01 3.499708542956383450e-01 3.582108942892741621e-01 3.603183015588635740e-01 3.562633918126283383e-01 3.634517814828563398e-01 3.751301547676281212e-01 3.495483537908840033e-01 3.455819645799942386e-01 3.485481883492879129e-01 3.465548539345251200e-01 3.650185848186609516e-01
5.799493344829970143e-01 4.187379764097768908e-01 4.759977331232903008e-01 4.044311110545679155e-01 3.582396152991672023e-01 3.947157541546983950e-01 3.709257842320468068e-01 3.540255865952105507e-01 4.054377152750808788e-01 3.970143982280237016e-01 4.263328456860369098e-01 3.884054973209253303e-01 3.662123445696593982e-01 3.731685579560303778e-01 4.104776821470285109e-01 3.701845134718604324e-01 3.578681433848052706e-01 3.608776894894097920e-01 3.799988349106728225e-01 3.807661396312829738e-01 3.629288208172847252e-01 3.526065709802145287e-01 3.430144381130810216e-01 3.617882950652053786e-01 4.201051775991582748e-01 3.843016122956845471e-01 3.802388188477046627e-01 3.549260016626415992e-01 3.614408544989269334e-01 3.739807566823955542e-01 3.955511223453549996e-01 3.486152378384026473e-01 3.557340177176631646e-01 3.633968744153998065e-01 3.797240207286339819e-01 3.673711726775575892e-01 3.994775607075322088e-01 3.480924292699708600e-01 4.944639989597556240e-01 4.004836325880560266e-01 3.799921172869997199e-01 3.423862262267894363e-01 3.648947523973659068e-01 3.504200224988988088e-01 3.560903813161413467e-01 3.974914255573851474e-01 3.863931000646448344e-01 3.478367793275428110e-01 3.779898851895603928e-01 4.982600900731510296e-01 3.639656163200418182e-01 3.695237020986117393e-01 3.506617302035146544e-01 3.858267663647158563e-01 3.608215402953118267e-01 3.843221961085999117e-01 3.531481128463612174e-01 3.631215785924183370e-01 4.333477178693120324e-01 3.507873624409636459e-01 3.660717561134664844e-01 3.516083321023888431e-01 3.697225437593361086e-01 3.449248795866698414e-01 3.498112536969743558e-01 3.630482677710498152e-01 3.649869486135890462e-01 3.856469368464625624e-01 4.077705558553308962e-01 3.573619894531780972e-01 3.710424680877727477e-01 3.564348559881943546e-01 3.531435499321681770e-01 3.939483226864717857e-01 3.510339879530987028e-01 3.507113138710792888e-01 3.627127161311966552e-01 3.776224945484489837e-01 3.990128532464920497e-01 3.619518501895033769e-01 3.703447224590835085e-01 3.905443379994002484e-01 3.617894611432769247e-01 3.526262168607680048e-01 3.658590229139765393e-01 3.505736152605419820e-01 3.609217976599427558e-01 3.569229610592355995e-01 3.681643592614516902e-01 3.854748389328142011e-01 3.628320870363918038e-01 3.613005702370135630e-01 3.548788768988365705e-01 3.662710033665635412e-01 3.657053541037635358e-01 3.435714178389142059e-01 3.537074247283375494e-01 3.675460843882916717e-01 3.490117297322565260e-01 3.487324793836411030e-01
3.508805472885953569e-01 3.804944180910860285e-01 3.910659044411906593e-01 3.868334719833219637e-01 4.822879638336604602e-01 3.749379546820070241e-01 3.608874744054015871e-01 3.841885534217897580e-01 4.115816031874701686e-01 4.025320515169384383e-01 3.869945428543370980e-01 3.930023291761566839e-01 4.339804926697966581e-01 4.191891472253775897e-01 3.769363083023821726e-01 3.741553134998035213e-01 5.990519240532082845e-01 3.716638609522980308e-01 3.748134631731062649e-01 3.974264800787038476e-01 3.633376579289832042e-01 3.560948935312878705e-01 3.516912250435628162e-01 3.438137846311357659e-01 3.498746782042578829e-01 3.513310590165903968e-01 3.611913137916129557e-01 3.655686694741580034e-01 4.036663666358105695e-01 3.972958793346890727e-01 3.657575741217508059e-01 3.537990379055249712e-01 3.564944020184138140e-01 3.646357056188164192e-01 3.649260844081582689e-01 3.843987516689502115e-01 3.911439809729386208e-01 3.741351859783074718e-01 4.455053492414952077e-01 3.625306305053700995e-01 3.981407789461045565e-01 3.469452365932649274e-01 3.496479013688627013e-01 3.570874794654188000e-01 3.806292522054910421e-01 3.620199897081197715e-01 3.561158829365759226e-01 3.827230467810711634e-01 3.842813073275254121e-01 3.640195601056131491e-01 3.873228952295745819e-01 3.463556573804746352e-01 3.516148469298756019e-01 3.621040233778420325e-01 3.892941502095476070e-01 3.487259392066310304e-01 3.594904114775788750e-01 3.721499127119524131e-01 3.524951598253339147e-01 3.910725967153405036e-01 3.478717616696896386e-01 3.487634818506306078e-01 3.495491903251527477e-01 3.516040987319986599e-01 3.507314920916219658e-01 3.727122158376774963e-01 3.595869424622854527e-01 3.655744491654692174e-01 3.545374441695789969e-01 3.714678837877059547e-01 3.872648194717062120e-01 3.545736179393206844e-01 3.619854129583456870e-01 3.559962331866244889e-01 3.543302625156906638e-01 3.462647032908928724e-01 3.484989088760028775e-01 3.561401170808457528e-01 4.004460138954865633e-01 3.967546670123452413e-01 3.679556819856889538e-01 3.470755077934769006e-01 3.490350766432110396e-01 3.448299456219308667e-01 4.029950098608712228e-01 3.567523587674616414e-01 3.548325886693002862e-01 3.647651909838062201e-01 3.559191199367617298e-01 3.488291117664408247e-01 3.512954175868379103e-01 3.423380874820526332e-01 3.345288119377652358e-01 3.556136581810594999e-01 3.534276927387794975e-01 3.534091622372509955e-01 3.907772494194328150e-01 3.863941393950999226e-01 3.676208654820113386e-01 3.539668517497364664e-01
3.882565942210917109e-01 4.025717235208947642e-01 4.738158489542607654e-01 3.926562574841361286e-01 3.962844333552268394e-01 4.078473902604374257e-01 4.963970015090768406e-01 3.842506597538620228e-01 4.562281468961464359e-01 3.585585376517390066e-01 4.183616120374190617e-01 3.727479840150464407e-01 3.709699938006729147e-01 4.185869946490330951e-01 4.269714508768793215e-01 3.832993681931782803e-01 3.893542285797562674e-01 3.859201286590105417e-01 3.830271396625155034e-01 4.088061345809698155e-01 4.297763249304016875e-01 3.768978277260207066e-01 3.679024733362931676e-01 3.797144639583518444e-01 3.729026921557145879e-01 3.744407744816262151e-01 3.841192478251018172e-01 3.639712439142132605e-01 3.801194986415560306e-01 3.796889623379172685e-01 3.773237504164198008e-01 3.792234436921316787e-01 3.637807675961761689e-01 3.704591502072362430e-01 3.911297345408469295e-01 4.070043665137457189e-01 3.909349995028963409e-01 3.536586015464717736e-01 3.840113602539591553e-01 4.307626748818021434e-01 4.048516089469819668e-01 3.674295779792288164e-01 3.727444604313084886e-01 3.753644350619186332e-01 3.971665967658856156e-01 3.868530925143521815e-01 3.861590225665407217e-01 3.716761554710960036e-01 3.847541012864966192e-01 3.858665144172420680e-01 3.827314628228050131e-01 3.688493540799236414e-01 4.048812171901902679e-01 3.755991716476284048e-01 3.691332687408253044e-01 3.511348030072420912e-01 3.516107656566251904e-01 3.888917518767660564e-01 3.419639285182214383e-01 3.411641257087474344e-01 3.549924427631972468e-01 3.437249345519874932e-01 3.472801544950357422e-01 3.458133043295825160e-01 3.475519013847559457e-01 3.635273737613214373e-01 3.626524856638482230e-01 3.504744479254127132e-01 3.598165077452431526e-01 3.657849769564324727e-01 3.632744108683626516e-01 3.457553806688539177e-01 3.441182577554295352e-01 3.457765221712817416e-01 3.480044917736612176e-01 3.847891850267366465e-01 3.650642139605915770e-01 3.508126612652118781e-01 3.650448976238409582e-01 3.760226354342679489e-01 3.754048929010970759e-01 3.473324252120696398e-01 3.709621354484515243e-01 3.462213556060588227e-01 3.515773549849226520e-01 3.972172958124752240e-01 3.448365111484641976e-01 3.460241109653020009e-01 3.590646408843195525e-01 3.554198864249940581e-01 3.953491626932654213e-01 3.608831142873948905e-01 3.499747074231791544e-01 3.459794704547798916e-01 3.502571518117297833e-01 3.521508625999440478e-01 3.558493326991311601e-01 3.582847881496785125e-01 3.510180684524695782e-01 3.448178285497959239e-01
4.319344819456272799e-01 4.119659273101425878e-01 3.864900112922008413e-01 3.967494957095931141e-01 3.870662313062147586e-01 5.215998524620870658e-01 3.769306046596408444e-01 3.731325616329517758e-01 4.104098975217382317e-01 4.174570903472142325e-01 4.346818632803170490e-01 3.632511653555013376e-01 3.733520378056380817e-01 3.701475792164198864e-01 3.679462519630233297e-01 4.035719396615374821e-01 3.963559190109181563e-01 3.788559009538804423e-01 3.926562067850895565e-01 3.574858472239965113e-01 3.542405505527503884e-01 3.489128665914068561e-01 3.552554187178574296e-01 3.599985680215463391e-01 3.558073792380783140e-01 3.681214171689903281e-01 3.817544414959770926e-01 3.441685005105998285e-01 3.664032011305459191e-01 3.448245968725156541e-01 3.652057149996231211e-01 3.525570380116965219e-01 3.473562284144434131e-01 4.030524011816106755e-01 3.585646468868530223e-01 3.648392622908736005e-01 3.663113851571721535e-01 5.374285510987756309e-01 3.490889443802124847e-01 3.716181811113207778e-01 3.741415487086544589e-01 3.530314796896819041e-01 3.463488383587083330e-01 3.482062232800411383e-01 3.421683217245473640e-01 4.044587927340058120e-01 3.731792554548608032e-01 4.179549549847239587e-01 4.273374979932561546e-01 3.733608087406981024e-01 3.592504021910237766e-01 3.494479189795900442e-01 3.721696346410757195e-01 3.456733496114719473e-01 3.494461698624827251e-01 3.507092352101691124e-01 4.035374896593798555e-01 3.560365896277098430e-01 3.765443032741515039e-01 3.502527916937230312e-01 4.088121170684673733e-01 3.494102749374972672e-01 3.645636876231359014e-01 3.550925480306884041e-01 3.892511067189930452e-01 3.615673993192145552e-01 3.588687904673439899e-01 4.073060258409537671e-01 3.515461750712700062e-01 3.507753467669219583e-01 3.760316852140841992e-01 3.515101026996215183e-01 3.665606470197298461e-01 3.611433524935392381e-01 3.519418811299017680e-01 3.524885689492772700e-01 3.745594609496924465e-01 4.107950581786793398e-01 3.605666254890593780e-01 3.460795503727477351e-01 3.617271013159717441e-01 3.467179274178805448e-01 3.464224533743563983e-01 3.411542393946624396e-01 3.468026201752084092e-01 3.539085478461584389e-01 3.575749507983776998e-01 3.641168515760185298e-01 3.893094613216177002e-01 3.443547181087233677e-01 3.557437519346083876e-01 3.833155665385636901e-01 3.507549150511463099e-01 3.499300415631337313e-01 3.555429330110669861e-01 4.063819089692420894e-01 3.724122295790069370e-01 3.731334742157904061e-01 3.568526414816158288e-01 3.554272884857961334e-01
3.556082840821209734e-01 4.454506449702250181e-01 3.535715005844308756e-01 3.700314023511598882e-01 3.828817601464198361e-01 3.859495848050791267e-01 5.231327381357232520e-01 4.082924771904473671e-01 4.242911443808276006e-01 4.822006093763865908e-01 3.594138052181820586e-01 4.434377407234786350e-01 3.724091876362115583e-01 3.802349910696871116e-01 3.880620619793274662e-01 4.054818741446604147e-01 3.630668236221016310e-01 3.533312631521661196e-01 3.814016521802834347e-01 3.818109709329244872e-01 3.981344415652808832e-01 3.818721646821581217e-01 3.574747694823166566e-01 3.899286994766629211e-01 3.753025315260327122e-01 3.453405610696578809e-01 3.686901590736323397e-01 5.076359154580100119e-01 3.572279411739952559e-01 3.738399147309697246e-01 3.772476511474888716e-01 3.513655850673179093e-01 3.512996002581815769e-01 3.528479744905508864e-01 3.588424776621639833e-01 3.888770998523016775e-01 3.681119871463246485e-01 3.794499923818172582e-01 3.519202833360545735e-01 3.845171592922602133e-01 3.633355792680730278e-01 3.481409736070803507e-01 3.519700951493288654e-01 3.656516131143785486e-01 3.469788500611538096e-01 3.580987733477413171e-01 4.214173449734667232e-01 3.532439340444155640e-01 3.930374129163966557e-01 3.998890341696533235e-01 3.768388900843602785e-01 3.454462432322739085e-01 3.791548732316192827e-01 3.620788513012103138e-01 3.821668528904600959e-01 3.760804069978567754e-01 4.543666300025165361e-01 3.493774219553072435e-01 3.509482051662691227e-01 3.812269179162124377e-01 3.496280273425995677e-01 3.544854522973013844e-01 3.473076080287640366e-01 3.477468899179395057e-01 3.749662447500040074e-01 3.935023231736231586e-01 4.321617657714884042e-01 3.471239253829699334e-01 3.389019595994433032e-01 3.423518776227250093e-01 3.515328412220169452e-01 3.508145878289822828e-01 3.773852483599329788e-01 3.572827214938352758e-01 4.017863699396987953e-01 4.436386610451131252e-01 3.917952862749517484e-01 3.572196011808312366e-01 3.495903072519369048e-01 3.537648920976468880e-01 3.587334240129497753e-01 3.492345013429711820e-01 3.471230634991779307e-01 3.583449172189337451e-01 3.439180979194938481e-01 3.604310308889555059e-01 3.873479659081131010e-01 3.605004885827832739e-01 3.554905101968933723e-01 3.443071370534990239e-01 3.925869518874481878e-01 3.543437484620834965e-01 3.581960648181466977e-01 3.860305258329593814e-01 3.507155472414695274e-01 3.537990886045715433e-01 4.188218833318826384e-01 3.537113792539715584e-01 3.709950644792114338e-01 3.967769492433213530e-01
3.694465381497024081e-01 3.840626676891078506e-01 4.328747464636777398e-01 3.529603742768400165e-01 5.377069902626456788e-01 3.862827535897425668e-01 4.039643249326175800e-01 3.972138482773071577e-01 4.093602244611473928e-01 4.287196047023349443e-01 4.012231288816117680e-01 3.646686599990996425e-01 4.084974027367624938e-01 3.795842434571864987e-01 3.568971805940447939e-01 3.570708501781373889e-01 3.820276586580483857e-01 3.723895417556580822e-01 3.848367914314842486e-01 3.911857823368517506e-01 4.050913900878274077e-01 3.561956832359079450e-01 3.592866520093353500e-01 3.715394961910137295e-01 3.708755414768765135e-01 3.882815888510603997e-01 3.516441256292811013e-01 4.306151913552730415e-01 3.552241881051582673e-01 3.663507529668489915e-01 3.570365776226428478e-01 3.583903182151547129e-01 3.539017288243921366e-01 3.676849997759471522e-01 3.530808098620135671e-01 3.682315861972295101e-01 3.662746536979180068e-01 3.895950744005801103e-01 3.823705616596570489e-01 3.673466089894849573e-01 3.590576444158901648e-01 3.596745504147922934e-01 3.517739405380737594e-01 3.732799944604343056e-01 3.695397229973340636e-01 3.745391559815333116e-01 4.723379717461743121e-01 3.827067216880692957e-01 3.930542196503410968e-01 3.603681894207077518e-01 3.565083696057492202e-01 3.635119105521115723e-01 3.584812976542597340e-01 3.522325387639998473e-01 3.533157999429563101e-01 3.651491855626757266e-01 4.037191443433103544e-01 4.262586222818297577e-01 3.691162085116479474e-01 4.064057375211391765e-01 3.807548590934167754e-01 3.661306177065569711e-01 3.608757122265928152e-01 3.672408761278223577e-01 3.829445002165744460e-01 3.882049318926169001e-01 3.858130015735667384e-01 3.573037108991233834e-01 3.685614848933879695e-01 3.659896743570379418e-01 3.630800053742149203e-01 3.686615394618324992e-01 3.573255621882034938e-01 3.566253576557547045e-01 3.562075468128099165e-01 3.911234732085931420e-01 3.918982053395286269e-01 3.879985867729973115e-01 3.639010257346866895e-01 3.527267023711085914e-01 3.737038384899232790e-01 3.761030187726357443e-01 3.407822097907880488e-01 3.541545903192577227e-01 3.768298910035906557e-01 3.564112809315301833e-01 4.085310922532212619e-01 3.655796204682213446e-01 4.334945423082354754e-01 3.718278216689687166e-01 4.978369558303142872e-01 3.519779028025036838e-01 3.411780425970362685e-01 3.507105533853804302e-01 3.499953672846644048e-01 3.467508564486404543e-01 3.435155981886190979e-01 3.621561419977361584e-01 3.785493745181998104e-01 3.650711090309277651e-01
3.977289252411340681e-01 4.050935447973074699e-01 4.121549080063052761e-01 4.586624109190988730e-01 3.895663533906871256e-01 4.087420763356038322e-01 4.576637410993771860e-01 3.853208152292750266e-01 4.167607135927829387e-01 3.834730884763175029e-01 4.125183441217827318e-01 3.840532883654887431e-01 3.867115407762740098e-01 5.767062685698008950e-01 4.005758034547559077e-01 3.853115880027957463e-01 3.983923983143287106e-01 3.860237321607163929e-01 3.708060330840021734e-01 4.024399566988084431e-01 3.839290503518209552e-01 3.800439317126142469e-01 3.705464539654634848e-01 3.844174596171417435e-01 3.655135089114684988e-01 3.579750930235859885e-01 3.620979648417745889e-01 3.517032914166511870e-01 3.442040405422591154e-01 3.498053219085233700e-01 3.477338095639193605e-01 3.569786793114375634e-01 3.631520487194186964e-01 3.543963487229201959e-01 3.520603141027350280e-01 4.333159295671003552e-01 3.667185745498564575e-01 3.486931369234875788e-01 3.488928404680039508e-01 3.468032285637674961e-01 4.347838697620552972e-01 3.576606575366373941e-01 3.587795601453462879e-01 3.757539051378198103e-01 3.520253824596348280e-01 3.506443911295810123e-01 3.670307285797085317e-01 4.155260904102333064e-01 3.654873989024748915e-01 4.121941997674121727e-01 4.129625945175239843e-01 3.499238562794498297e-01 3.900647757177093666e-01 3.433918164663706252e-01 3.526732909255264614e-01 3.747435238383359235e-01 3.625337991957819916e-01 3.618464975706902065e-01 3.571509039727023826e-01 3.678922574784053712e-01 3.551686979986659609e-01 3.475300500956758354e-01 3.476435399114666258e-01 4.241346871230521343e-01 3.474437603183803680e-01 3.482291138995763369e-01 3.444105377590184758e-01 3.790599646164035663e-01 3.539249489877301924e-01 3.534836137871678052e-01 3.937252468814775863e-01 3.565368878194558611e-01 3.541950228089129071e-01 3.896810092845494622e-01 3.531120911737593571e-01 3.537387820886532253e-01 4.195666776758069649e-01 3.455066004472387986e-01 3.757464016789245909e-01 3.493598800851872577e-01 3.660546198357191860e-01 3.490439236268409462e-01 3.517340150388844622e-01 3.395143533831989635e-01 3.691448027739244742e-01 3.525608150906674454e-01 3.581657721378094239e-01 4.167706506059145055e-01 4.073406786392977375e-01 3.631414272691581568e-01 3.682877100418041616e-01 3.535247307139519624e-01 3.565329839928684796e-01 4.001984504509895624e-01 3.489760629529807812e-01 3.550174373931659355e-01 3.419012644966367143e-01 3.551426133391956119e-01 3.634297780966364577e-01 4.051499474866384065e-01
4.937499535875878864e-01 3.900765632460414523e-01 4.077743582838250780e-01 4.015789347905774909e-01 4.067557130397471132e-01 3.765285612201854093e-01 4.354736809899532046e-01 4.317972903255558603e-01 3.856007246654961640e-01 4.254839915489874169e-01 3.919963079946794937e-01 3.794015494428009116e-01 3.969669439204158712e-01 3.785529995000309622e-01 3.924734113726107698e-01 4.033322599187851853e-01 3.628381709219825613e-01 3.861055857714352779e-01 3.781268233143988966e-01 5.866901276204088411e-01 3.786214939119734724e-01 3.738288116397666117e-01 3.998033781304402012e-01 3.704924087817990097e-01 4.056116890534530728e-01 3.641669929330956790e-01 3.953714956232881050e-01 3.728046148500870349e-01 3.687618475255100003e-01 3.628949792036861854e-01 3.686750254082253320e-01 3.634829106974623580e-01 3.773569836414593093e-01 3.956731549504961531e-01 3.757878227999882359e-01 3.530841306495651755e-01 4.097744863708309149e-01 3.869635657368708515e-01 3.544520416255988460e-01 3.614298021067703925e-01 4.146064604041447832e-01 3.636926273036801827e-01 3.756767918879570511e-01 3.528493180152855180e-01 3.907193004091809585e-01 3.507727611155458947e-01 3.577485443339004090e-01 3.934003166918849104e-01 3.784975854421085417e-01 3.590801040935293620e-01 3.908504081436616207e-01 3.596918894887259355e-01 3.665733217813772482e-01 3.642363999278768194e-01 3.651909615770655426e-01 3.468230011919374300e-01 3.532360249931476015e-01 3.634814911241578406e-01 3.635155862329893517e-01 3.447391436294889311e-01 3.509876743740391047e-01 3.602692502312881406e-01 3.625020362430935728e-01 3.695397483468573219e-01 3.413471999659823952e-01 3.461306043126634591e-01 3.537346501163561863e-01 3.571958233279807216e-01 4.100441799491642558e-01 4.166797472153793702e-01 4.036256553013991555e-01 3.516079772090627276e-01 3.505724998815170079e-01 3.526469527708231411e-01 3.707443830433492238e-01 3.806523963202592120e-01 3.817549484864429798e-01 3.467351904432443011e-01 3.461903784885925761e-01 3.553002113255193661e-01 3.660143140936804595e-01 3.636601545643395328e-01 3.514413294429227785e-01 3.629013926330798001e-01 3.503494240765228085e-01 3.512257824463471123e-01 3.556416187052536260e-01 3.441178521630567921e-01 3.487376760359165440e-01 3.416252842365263276e-01 3.539547346776015790e-01 3.428385377709384230e-01 3.589529508846826533e-01 3.705229803068925132e-01 3.813020032042115925e-01 3.417749985211053776e-01 3.452887973430899260e-01 3.453468477514349821e-01 4.367342620843567280e-01 3.958360763367118063e-01
3.863137053576855551e-01 4.059373290296979797e-01 3.640186982218210909e-01 3.952437086763590512e-01 3.812620016564524095e-01 3.840363041848812720e-01 3.704137238614919614e-01 3.788306528286788377e-01 4.081253984824114167e-01 3.945345050631405837e-01 4.151506893197606796e-01 4.058014555848378779e-01 3.687596674665066243e-01 3.692938072718512377e-01 3.753014161470077381e-01 3.797713482886253544e-01 3.909102837176839373e-01 4.194937470972878724e-01 4.368137074903626349e-01 3.745366717282503921e-01 3.592674370706778753e-01 3.615598198117493944e-01 3.536622772273495530e-01 3.606726625450015211e-01 3.787579757453926610e-01 3.701405573984672404e-01 3.701275784425402948e-01 3.463444528911783227e-01 3.684990743670361613e-01 3.616080092555328251e-01 3.596221782996652516e-01 3.525097358012284632e-01 3.540326591122097688e-01 3.643392682934070703e-01 3.437744675205055001e-01 3.356425432437220024e-01 3.663459365574229798e-01 3.454252284774624870e-01 3.571614240248697225e-01 3.836344888911354944e-01 3.774264666848103356e-01 3.485226867288533925e-01 3.704306573430528604e-01 3.439218496489414578e-01 3.558149587455434193e-01 3.733005022247797844e-01 3.752506664013715576e-01 3.572307549710809771e-01 3.597610429882741045e-01 3.605376509839334220e-01 4.381015139727847396e-01 3.396044709385119265e-01 3.795650285185290240e-01 3.673242000108923322e-01 3.786946526362022780e-01 3.865644628421176510e-01 4.553667700945893126e-01 3.457052393117768241e-01 3.906182065102812850e-01 3.507533180311787624e-01 3.604197250015660492e-01 3.418659272611637712e-01 3.916270161393209381e-01 3.490563448932553769e-01 3.522364425905872842e-01 3.926111099831481321e-01 3.822393778766065009e-01 3.499277601060372112e-01 3.584618038708460297e-01 4.006966192827788875e-01 3.736327330770813360e-01 3.565760781824696135e-01 3.558743019795765350e-01 3.482704589720701516e-01 3.671696946664105843e-01 4.022089211434997091e-01 4.076338205266787362e-01 3.648774386729555785e-01 3.536037451780618679e-01 4.397474078212690873e-01 3.627516783485007501e-01 3.493359501351969709e-01 3.490374848479240733e-01 3.483554559236776149e-01 3.643441354018796541e-01 3.492465170170129252e-01 3.535104589323370128e-01 3.444144415856059127e-01 3.648504160811232855e-01 3.502264281894964526e-01 3.595825569947554978e-01 3.517858801635456167e-01 3.416202143318673445e-01 3.458526721392592984e-01 3.429308353852547619e-01 3.544045873179910155e-01 3.660516792910170070e-01 3.560308099363986289e-01 3.595519854696619388e-01 3.512674570626437842e-01
4.887689243573006270e-01 3.830798920204919744e-01 6.024546919631617037e-01 4.052076176521340334e-01 4.226302436145527031e-01 3.675327758885619245e-01 3.833714875869519978e-01 3.701981515153930369e-01 3.967649082197563515e-01 3.895437416159081567e-01 3.624119440373039236e-01 3.637505763139320947e-01 3.609045346345789995e-01 3.730807725568605071e-01 3.666742128840905224e-01 3.717274375567213296e-01 3.738296228245120423e-01 3.965491837765176553e-01 3.750772756620351922e-01 5.116251699389118279e-01 4.370754666679046441e-01 3.674542937644412199e-01 3.665565657464793792e-01 3.720882119722528358e-01 3.767045629604212076e-01 3.838237484320544124e-01 3.814709324274481173e-01 3.916695526394096127e-01 3.735412466475104276e-01 3.767383285254498615e-01 3.940664514650255024e-01 3.673371536172960194e-01 3.666094702015956219e-01 3.704402648123816255e-01 3.923709739489765203e-01 3.558287742357391092e-01 3.493875617646251541e-01 3.560041168883691931e-01 3.570042316309187114e-01 3.969264353821907454e-01 3.542652663379627920e-01 3.612266256775626405e-01 3.693176611732716386e-01 3.631259387104250891e-01 3.575096250768470263e-01 3.840138445072420748e-01 4.298706251570583170e-01 3.725992583618759069e-01 4.248099730741021762e-01 3.530399464304623258e-01 3.589392621421034768e-01 3.585517439794959627e-01 3.866270761646557474e-01 3.711758319298266162e-01 3.503110448982544867e-01 3.516248599915770545e-01 3.631348870921481398e-01 3.676976238385479823e-01 4.063452282090345147e-01 3.434104483659922713e-01 3.718854157858945131e-01 3.518461106308940489e-01 3.549853448966747149e-01 3.645016826891568362e-01 3.457358868854402134e-01 3.521988999465876513e-01 3.725948475448225827e-01 3.515216113831973743e-01 3.571009147127650607e-01 3.689155163357230593e-01 3.608742419542417257e-01 3.497794400452393648e-01 3.677785902159515508e-01 3.520252303624950563e-01 3.550392379831994738e-01 3.580531695553339500e-01 4.076964084996936299e-01 3.749924054580442423e-01 3.482097468637791460e-01 3.611041621305254856e-01 3.755215260577764447e-01 3.505690776958721999e-01 3.556995930650288518e-01 3.507805180696740854e-01 3.390405454432959265e-01 3.627276470004172637e-01 3.527163851151275953e-01 3.665017600771160455e-01 3.458342176863006823e-01 3.468241165709624041e-01 3.529631120253558518e-01 3.634379406431373916e-01 3.581326403108631706e-01 3.518867205672122633e-01 3.588282565795956058e-01 3.786532315151385775e-01 3.505742743481476409e-01 3.567217111937981966e-01 3.686546443914963112e-01 3.608800216455529397e-01
4.034603257104704688e-01 3.516710468230201947e-01 3.928116500619332485e-01 4.142921263152893330e-01 5.268629711875987276e-01 5.870356416229168817e-01 3.934421180557980402e-01 4.064962353193015687e-01 4.023177719965275179e-01 3.700295264864360556e-01 3.901422692104215550e-01 3.739056206953498274e-01 3.940481491092067134e-01 3.777640209370037860e-01 4.335164442963621578e-01 4.010727048103804315e-01 3.521764909679950817e-01 3.839305459736953585e-01 3.616032181956300717e-01 3.583705709365080927e-01 3.839039036247125503e-01 3.812942715996066601e-01 3.603588354466119581e-01 3.601061513984094575e-01 3.532266456695284940e-01 3.755640118588185472e-01 3.707068657488729602e-01 3.656259086977576289e-01 3.663312338339119734e-01 3.698123571203695281e-01 3.734648938833465270e-01 3.587595847209900102e-01 3.765272176954508332e-01 3.627235403776434830e-01 3.448458397730366776e-01 3.431652677766850457e-01 4.265373149409327214e-01 3.627978144808972627e-01 3.377320537498652575e-01 3.440822614323509332e-01 3.666193058166340446e-01 3.440554923357516115e-01 3.534574784286508842e-01 4.147900416518456868e-01 3.645437882473494540e-01 3.819671746954669822e-01 3.897597449039030826e-01 4.128648974547458605e-01 4.270485641267420807e-01 3.693952560640770266e-01 3.830845309832549006e-01 3.870950790637242567e-01 3.514230777861505062e-01 3.495688869047527958e-01 3.508415850712912065e-01 3.616004297480676644e-01 3.489446041945719057e-01 3.616398482567910744e-01 3.584028662291856571e-01 3.632757290435740249e-01 3.407090510665592986e-01 3.511298851997229353e-01 3.453021311923429870e-01 3.970516366777437356e-01 3.566257885976507058e-01 3.726507178941643184e-01 3.754764546053582785e-01 3.598497156207592917e-01 3.733858540697133632e-01 3.636797243963231230e-01 3.499016754465668622e-01 3.460136416121812886e-01 3.559655602634377858e-01 3.547726116971848254e-01 3.585388410721389030e-01 3.417911715169674181e-01 3.565610712646791192e-01 3.735399791713456819e-01 4.266607671193783369e-01 3.564509529354865092e-01 3.459654775179211716e-01 3.460077605227768749e-01 3.443558841867949138e-01 3.418868152683586792e-01 3.425045071024829246e-01 3.633951759973390594e-01 3.484738128479409891e-01 3.714267161618752255e-01 3.511861864909606723e-01 3.694626097474713045e-01 3.763828014612403683e-01 3.477898827094474954e-01 3.451655479608306543e-01 3.573779343033305356e-01 3.441144046278887259e-01 3.977863419113967791e-01 3.621894259218221834e-01 3.837130470638260293e-01 3.868082745571669312e-01 3.632985943135859097e-01
4.257760180573434416e-01 3.992731421516830248e-01 3.821322507911626976e-01 3.743925343387962124e-01 3.722466464928453345e-01 3.607859749141292260e-01 4.340984186521640309e-01 4.321157310371850357e-01 4.048843858806021045e-01 4.398906833269312644e-01 3.614611594670860684e-01 3.559738242080319193e-01 3.811943944778252158e-01 3.872351098304047112e-01 3.949524933527484571e-01 3.756742062365809876e-01 4.062760493599630318e-01 4.364546568424151340e-01 3.487599836164159139e-01 3.731652625180020832e-01 3.504282103949230565e-01 3.556213644361411186e-01 4.218041533494219508e-01 3.601354300978149570e-01 3.750133441642857224e-01 3.619193521006394687e-01 3.411561659584328443e-01 3.739578407133370974e-01 3.696217540547159786e-01 4.027445058716720983e-01 3.670878664052150131e-01 3.551568597712873032e-01 3.661760440523012528e-01 3.744029783423936664e-01 3.515164907794918192e-01 3.576087670624529258e-01 3.510752316274993734e-01 3.737561852555270070e-01 3.586871864824600631e-01 3.985111861804880862e-01 3.743221387126065558e-01 3.517978958375873599e-01 3.473165564104870873e-01 3.632417860318822855e-01 3.510009321747223354e-01 3.493325532990754212e-01 3.700465867156134681e-01 4.118350477213715277e-01 3.801702990862388387e-01 3.967147161636326302e-01 3.776473117317545869e-01 3.560410764933329975e-01 3.512376206737258255e-01 3.495468581690096554e-01 3.859745033864778740e-01 3.541561112906554398e-01 3.420284430550067367e-01 3.641267125405802108e-01 3.874573237516068525e-01 3.668887712492576725e-01 3.736623666698129509e-01 3.446402297895926337e-01 3.471566009184969270e-01 3.776478694212670462e-01 3.701647408436904985e-01 3.821212997970993563e-01 3.628713534479754421e-01 3.765604255709669723e-01 3.518258817113047998e-01 4.479200941315106821e-01 3.708807381291519545e-01 3.497468659078055708e-01 3.758209546269345447e-01 3.593045487727814513e-01 3.707826101244777739e-01 3.588378640489243154e-01 3.595506419449273072e-01 3.595003231411871836e-01 3.820852527749741268e-01 3.564796485958562355e-01 3.582181189034132074e-01 3.502841237045153933e-01 3.936955625896993993e-01 3.493419326226945287e-01 3.523134544423568437e-01 3.566670576215746347e-01 3.438374103868465093e-01 3.510553069021896677e-01 3.554579360594595783e-01 3.648416451460633203e-01 3.609194655037996080e-01 3.482355273289699515e-01 3.645221904535023150e-01 3.463324372171365795e-01 3.551040313647409463e-01 4.620252786793862532e-01 3.560205180299409466e-01 3.622046863348456491e-01 3.434569647412382132e-01 3.587567709239042890e-01
3.940532190138656410e-01 5.845479915039056840e-01 3.617026390259922564e-01 3.961634147310174603e-01 3.882504089374078093e-01 4.690625598412540009e-01 4.093101338031168712e-01 3.880099940584799678e-01 4.473416180099234474e-01 5.892773506669221062e-01 4.044216303328556639e-01 4.135093330359461139e-01 3.685524097640484054e-01 3.812745243209600399e-01 3.683029451053043690e-01 3.801225912833980369e-01 4.128789917896977246e-01 3.748669760167815945e-01 3.770645768902538553e-01 3.917018225825638633e-01 3.842689114106342951e-01 3.637275335972571244e-01 3.672830577345849168e-01 3.677379549301099670e-01 3.853897152335902798e-01 3.725376336707462710e-01 3.729100435174700912e-01 3.593326613941154046e-01 3.747522440743493166e-01 3.648467910992921337e-01 4.497219889463511810e-01 3.640202191932188081e-01 3.387332838714397498e-01 3.534848559138092927e-01 3.461436339676369767e-01 3.481195786094195554e-01 3.527694923664301818e-01 3.513283466175978753e-01 3.576352573142960178e-01 3.662882410424040391e-01 5.751871223377904574e-01 3.715856323234102976e-01 3.482790778099904005e-01 3.895658464002212384e-01 3.643869760962478721e-01 3.702334887508659800e-01 3.877360671097563882e-01 3.515445527017791449e-01 4.037528845588156945e-01 3.699275200046978074e-01 3.695225360205401932e-01 3.519638845161216500e-01 3.981788032310467629e-01 3.636507245416739087e-01 3.606636127651852708e-01 4.298470501003941457e-01 3.683192955478294950e-01 3.545190657651902666e-01 3.535083802714268364e-01 4.287270067631370196e-01 3.658472100361211954e-01 3.499826164744471169e-01 4.028985295752112727e-01 3.833593705148170550e-01 6.000262583305669972e-01 4.297078812175057494e-01 3.556826342339446390e-01 3.931085943778084291e-01 3.549218696903445602e-01 3.624928850651841783e-01 3.586331919978421601e-01 3.523884890313094265e-01 3.583104925662994322e-01 4.015051169787430263e-01 3.652095934766872443e-01 3.726724677851512846e-01 3.666858229657595780e-01 3.869319802308455736e-01 3.635053196760549277e-01 3.443222707189060317e-01 3.609053204698011164e-01 3.705730202658764627e-01 3.655130526200492391e-01 3.573048262781483575e-01 3.554414842188412527e-01 3.592386907112615768e-01 3.658053326236381797e-01 3.824811616297922323e-01 3.665378577982878472e-01 3.894164363099217319e-01 3.674780462677684767e-01 3.507051539369186455e-01 3.508529923567738629e-01 3.403726121933907667e-01 3.433399259921861568e-01 3.489125116980806851e-01 3.586724077103791708e-01 3.526067484268776142e-01 3.488275400959965356e-01 3.426034716414257941e-01
3.775918216252622805e-01 3.942943436794457135e-01 3.920859439090498832e-01 4.211396409457722201e-01 4.144923368502715921e-01 3.764143616177423879e-01 4.899853972811711866e-01 4.386178330632530820e-01 4.703782507993003459e-01 3.965408691328769497e-01 3.833293566792360108e-01 3.656128790427841113e-01 3.575027807055574103e-01 3.690513897805831611e-01 3.678993046458813310e-01 4.052065529721556314e-01 3.606035597444998686e-01 3.525543256127040004e-01 3.533610234925141924e-01 3.508707116735569342e-01 3.764244000289670988e-01 3.587235376988647806e-01 3.539031737472199679e-01 3.818539383749091631e-01 3.682197479698508524e-01 3.749887551266897767e-01 4.093054694908306312e-01 3.784215368722241846e-01 4.417197021316972561e-01 3.870697802394760800e-01 3.881066771403263171e-01 3.517870462416171629e-01 3.533850801901209926e-01 3.591425146198811702e-01 3.772498058569689339e-01 3.683276101914702005e-01 3.647991593450212178e-01 3.677280939655482861e-01 3.938887513067290125e-01 3.857761940657427058e-01 4.560571897110463069e-01 3.558014474496273283e-01 3.518224341761366780e-01 4.238970860412100139e-01 3.525783062617408592e-01 3.558722740177129862e-01 3.809367165735336180e-01 3.747064121362323474e-01 3.617192683132736675e-01 3.888291892532745320e-01 3.596963763543490900e-01 3.500128331062145604e-01 3.545451757741839294e-01 3.552075588178768561e-01 3.669174162105807713e-01 3.835914454005809326e-01 3.653017136443404977e-01 3.519802096091235177e-01 3.949538875765296608e-01 4.678063895639037462e-01 3.882797636853831391e-01 3.610123461571517200e-01 3.549744192521346875e-01 3.568692454193739261e-01 3.458564745677535357e-01 3.471540152671208634e-01 3.530589839224567150e-01 3.521538791932161128e-01 3.794032225113383450e-01 3.651692116860786319e-01 3.803809029257719798e-01 3.415296658346583247e-01 3.821043156164918297e-01 3.612811525021697445e-01 3.587292666911294226e-01 3.488544105906890569e-01 3.470720349087855205e-01 3.605344569439982716e-01 3.810211811851518804e-01 3.476015357513671522e-01 3.886424646646850500e-01 3.778164691007007137e-01 3.747293281052908598e-01 3.706877015092620575e-01 3.674223280155665128e-01 3.847589176959226309e-01 3.544490503818500393e-01 3.531531574014968866e-01 3.564195955751708889e-01 3.781677374449967100e-01 3.630407136131079682e-01 3.488052832145437376e-01 3.476148696006202132e-01 3.593049290156308806e-01 3.648468671478620196e-01 3.813849975434787654e-01 3.491052694732143524e-01 3.508563131443255267e-01 3.524060309014294123e-01 3.812176399906865298e-01
3.952602365655472627e-01 4.015042550949510236e-01 3.893817581620544477e-01 4.106982990482631046e-01 4.157140317759409065e-01 4.188591978301725582e-01 3.968140102463783569e-01 4.221250276152874736e-01 4.169658419352844092e-01 3.696840885324979009e-01 3.987149963477782388e-01 3.712311192401325788e-01 3.891630678245902586e-01 3.991613000549064094e-01 3.631059379365454975e-01 3.758994114015319354e-01 3.826941990235616653e-01 3.746122640067154896e-01 3.781521221386470732e-01 4.207801340064054596e-01 3.930194147548573547e-01 3.770108865999154957e-01 3.698716750048793855e-01 3.846807651156047836e-01 3.974459738621175520e-01 3.548001412794829501e-01 3.633913989183681359e-01 3.592072573023760707e-01 3.648755121091851739e-01 3.797540599137382844e-01 4.267381338644740674e-01 3.512001794278193922e-01 3.621478527036187112e-01 3.622476791263536389e-01 3.752593866373850062e-01 3.712226778488754153e-01 4.020933019677521147e-01 3.934829054387793956e-01 3.756101226416917460e-01 3.867559024420398894e-01 3.798563705897560761e-01 3.524429144578233863e-01 3.502563406269843527e-01 3.570311021256111772e-01 3.568272412592744525e-01 3.559030483389928334e-01 4.232657308140299057e-01 3.600567451775079086e-01 5.743446562806112654e-01 3.692617401248833309e-01 4.045764652211402690e-01 3.569265099924968654e-01 3.592374232350968311e-01 4.036498894456689301e-01 3.470729981906707229e-01 3.845304931415132743e-01 3.561289632905960678e-01 3.821023130041515392e-01 3.661316316874888011e-01 3.445003257705286370e-01 3.839692800452897958e-01 3.634830120955555022e-01 3.609952605784510493e-01 3.582910241324090417e-01 3.467503494581745671e-01 3.684494400004249548e-01 3.843800944198052516e-01 3.650419063800921515e-01 4.040071656269857980e-01 3.679941118630038477e-01 3.996571113810292730e-01 3.526620610867068351e-01 3.548693454780777468e-01 3.800641352826802377e-01 4.082655306471850154e-01 3.603265908529809658e-01 3.515205213536957141e-01 3.580619404903939706e-01 4.529961840741533741e-01 3.619130907683856258e-01 3.940533711110054127e-01 3.475351453498580767e-01 3.574210031434084112e-01 3.706409569883064581e-01 3.669284686027373121e-01 3.950244099503357753e-01 3.960059434923102195e-01 3.562999204756961413e-01 3.609403028119479440e-01 3.723010465698359250e-01 4.264168033071892294e-01 3.530928508855785686e-01 3.535013331039508766e-01 3.503395884614844413e-01 3.566764115956704284e-01 3.573240919158524043e-01 3.747203543740444953e-01 3.512567595638133588e-01 3.985106791900221990e-01 4.124822210510876164e-01
3.679722098748771653e-01 3.863732260383817008e-01 4.391959035924675736e-01 3.923349269268513462e-01 3.741837556649402763e-01 3.753599228467721649e-01 5.616750659359664999e-01 3.996221036893591316e-01 3.851019981441943796e-01 3.767782286751158449e-01 3.743693395249814704e-01 4.878896000932508303e-01 5.544285498088235009e-01 3.997699928082609766e-01 3.694167017607843939e-01 3.698785954247388319e-01 3.558682687930324051e-01 4.282872939320654937e-01 3.562334286760939217e-01 3.834502739053521903e-01 4.498294709251211554e-01 3.577642103392966177e-01 3.642655011806192333e-01 4.341086598595751411e-01 3.657597795302774402e-01 4.142513642818312913e-01 3.922790058784630385e-01 3.712786495963102951e-01 3.781712610287346621e-01 3.559747367908705495e-01 3.584966594653763994e-01 3.549488922821767978e-01 3.528979130514416362e-01 3.693063552858821819e-01 3.420621832705120768e-01 3.517734588971311305e-01 3.500013751216852764e-01 3.652545888805354690e-01 3.650843668316109403e-01 3.745732764398880810e-01 3.851998980031589026e-01 3.575349999496650888e-01 3.577413450692847330e-01 3.590943758751443116e-01 3.557022801144980595e-01 3.950174388314297014e-01 3.870690704528237935e-01 3.693214636017658759e-01 3.761976231935719173e-01 3.786516344951710300e-01 3.745355056501788460e-01 3.566331906584527811e-01 3.601009800956573303e-01 3.571529826336125590e-01 3.641462063239939151e-01 3.514444727838113014e-01 3.526467499746367973e-01 3.553320756763009292e-01 4.171959142087079964e-01 3.558046414895624787e-01 3.644770936515608906e-01 3.479995739661420062e-01 3.557127241180955135e-01 3.484791362478328880e-01 3.814944567850656609e-01 3.649478089496219213e-01 3.701287952196584685e-01 3.570520154823293990e-01 3.569649652193350731e-01 3.900924066981006910e-01 3.561441223055263339e-01 3.660815410294582795e-01 3.556085122278306310e-01 3.900336465031033484e-01 3.635128738339967747e-01 3.609331288968555262e-01 3.637841137332510910e-01 3.907973515914056062e-01 3.709359240413647174e-01 3.588840508803674556e-01 3.573532185181181320e-01 3.531266164506072780e-01 3.547498731747893985e-01 3.538248437202390351e-01 3.556100838982749202e-01 3.599356758542519574e-01 3.559991737313267235e-01 3.724361088299505962e-01 3.820135643230964662e-01 3.600688622496427960e-01 3.798400961958008359e-01 3.547204170287208136e-01 3.624145296886799872e-01 3.592151156545974611e-01 3.687179928502100079e-01 3.456815628570194532e-01 3.531266418001305363e-01 3.625584135829011956e-01 3.564305972682808021e-01 3.532042873899824964e-01
3.825246360622427955e-01 4.064969958050004273e-01 3.844344691472725839e-01 3.949380948235169941e-01 4.126933065315633864e-01 3.775750909398877253e-01 3.887403898731728313e-01 3.981421985194090740e-01 4.181235293146343679e-01 3.988070151173383482e-01 4.564315514710638455e-01 3.717721541158133802e-01 3.742626687309569822e-01 3.820210170829451135e-01 3.597168587691713104e-01 3.791476993165268095e-01 3.889172534972006323e-01 3.766289199829095380e-01 3.595395895527708219e-01 3.921640711398444168e-01 3.476747451746425299e-01 3.530291221840154980e-01 3.581838970469652383e-01 3.971417795825800123e-01 3.598419586666311010e-01 3.546665999907659961e-01 3.540098445412444561e-01 3.774417777968803733e-01 4.044234554985328689e-01 3.689938970617505642e-01 3.902498018882380459e-01 3.481985170249595196e-01 3.530244071726826305e-01 3.559878931934605251e-01 3.599463480035590690e-01 3.670514644897636680e-01 3.676975731395013547e-01 3.869947456505234418e-01 3.679854423260370266e-01 3.622932068701910646e-01 3.918633497449982572e-01 3.642239533119390749e-01 3.481071826925283830e-01 3.902919074464307192e-01 3.528777855299455313e-01 3.587707385112396952e-01 4.124711686589310755e-01 3.669798520864558933e-01 4.373261227542435958e-01 3.825313029868693260e-01 3.640639217713790288e-01 3.525968114137460474e-01 3.447941013959920364e-01 3.483139587540440285e-01 3.442891135424364091e-01 4.154996255079135281e-01 3.575781955373594223e-01 4.267073088441475925e-01 3.610055524849087316e-01 3.484633181452969630e-01 3.511653491828123363e-01 3.531188087974324596e-01 3.570641325544642863e-01 3.699320068703209619e-01 3.541831845815342494e-01 3.374106217944872754e-01 3.868502026686965745e-01 3.382313126111562429e-01 3.405312241606462953e-01 3.685721570426950811e-01 3.860604636199705397e-01 3.828790477474273146e-01 3.722315635264848988e-01 3.537765021793158882e-01 3.556262315446137023e-01 3.585846730102559277e-01 3.801627702778202500e-01 4.091798879524282673e-01 3.875103042552929811e-01 3.654677783714447292e-01 3.649812196213244597e-01 3.425518853615209247e-01 3.445176648444622791e-01 3.595152033113612200e-01 3.927537010516813365e-01 3.503577387201635140e-01 3.548651374572108219e-01 3.786221023005325592e-01 4.055699383885865150e-01 3.667717578497289299e-01 4.160230424649044578e-01 3.481617602161821146e-01 3.586505817708223742e-01 3.383031278106504169e-01 3.797138555697927575e-01 3.427273294122441527e-01 3.492626139643051353e-01 3.660622500422309189e-01 3.622243068658758114e-01 3.543268656795691696e-01
3.776002630165194440e-01 3.829541330354264694e-01 3.878950339703380878e-01 4.011338478605674940e-01 3.997260874339144121e-01 3.828903536348167713e-01 3.903062552766155546e-01 3.856748973706567440e-01 3.611025397610346244e-01 4.014300823897904436e-01 3.790213065933790149e-01 3.816573528217580002e-01 3.976904700142958604e-01 3.951403586698861714e-01 3.665804703469464076e-01 3.801108544541125234e-01 3.750637643661190457e-01 3.869087600675075178e-01 3.562469906710565848e-01 4.087614433714010787e-01 3.984018790360409623e-01 3.651459915227405761e-01 3.740452205201342251e-01 3.581194585587498813e-01 3.806157409095749511e-01 3.668227610905980263e-01 3.888928165567444584e-01 4.405476415726391481e-01 3.954402688799869003e-01 3.864247362697167398e-01 3.719507161579018728e-01 3.721411924759389644e-01 3.479664674887190112e-01 3.998227705157607614e-01 3.729533912023041964e-01 3.469149439129276535e-01 3.602020739945569483e-01 3.918565307232320105e-01 3.656565309218977600e-01 3.913211994902925372e-01 3.815435334621644081e-01 3.632368175253165021e-01 3.597241340823569278e-01 3.646504843908972560e-01 3.547862750902406881e-01 3.516037438386724889e-01 3.561681790031330785e-01 4.230708690284628037e-01 3.664905302382964747e-01 3.554358566246698103e-01 4.202356262460332781e-01 3.677359523177696765e-01 3.724350441499722497e-01 5.310045256044555462e-01 3.612743081308801285e-01 4.217606028684015018e-01 3.466532607839554747e-01 3.724779355433870398e-01 3.640359105481382751e-01 3.745775098102783196e-01 4.207087497488073424e-01 3.546002856378268064e-01 3.636069712644670604e-01 4.135165829996084175e-01 3.740257520862438345e-01 3.851282602503278141e-01 3.664271564300594641e-01 3.961153266853272292e-01 3.778596139893484751e-01 3.812550305375463355e-01 3.571483690203728911e-01 3.525037279642075916e-01 3.550459302573492626e-01 3.743702267582967869e-01 3.832548544302726290e-01 3.493204869259871059e-01 3.993509398386747566e-01 3.717760579424007616e-01 3.881404934044015431e-01 3.597529311408197983e-01 3.868987977048526927e-01 3.476871157420103886e-01 3.582214143414415020e-01 3.543631661969273150e-01 3.943495549411817902e-01 3.572948385659702186e-01 3.503111969953942584e-01 3.491315062298244176e-01 3.777366181023221192e-01 3.487512633804025208e-01 3.760071468755348256e-01 3.485841339733199429e-01 3.868770731633890403e-01 3.493939244949721412e-01 3.502391029511438547e-01 3.527333946452583802e-01 3.742026157102716355e-01 3.812269179162124377e-01 3.672477965476818595e-01 3.759991364261736635e-01
3.768581050230177532e-01 3.764317767402459158e-01 4.378892370647141097e-01 5.094550479486911199e-01 3.880398557969212403e-01 4.089187118139219757e-01 3.782640149344703162e-01 3.796012529873172836e-01 3.834979310091464200e-01 3.701847162680467762e-01 5.052623381938253777e-01 3.685106084001352755e-01 3.813626899629793399e-01 3.921527145534083325e-01 3.646937560271614753e-01 3.528390007593045219e-01 3.530869697961742104e-01 5.696688860098400031e-01 3.673532252150649158e-01 3.864728750144535430e-01 4.076294097096254676e-01 3.646016865585547939e-01 3.531730567772833340e-01 3.528891421163816156e-01 3.515370492428839255e-01 4.406092916132920978e-01 4.091066531796295758e-01 3.933285775409606777e-01 3.829544625792293266e-01 3.796065763872091825e-01 3.686004471106920644e-01 3.473690806227539007e-01 3.767389369140089483e-01 3.805018708509347314e-01 3.558607146350905581e-01 3.979931433224356829e-01 3.551618282778530866e-01 3.870244552918249425e-01 3.834858646360581047e-01 3.922020193762167373e-01 4.472002690680316750e-01 3.473012452984170495e-01 3.432882636637114016e-01 3.541425999947392933e-01 3.487878934415635235e-01 4.192352833577741578e-01 3.507972234055253269e-01 3.516758632324462064e-01 3.779929271323557716e-01 3.683628967278965161e-01 3.743323038714477802e-01 3.492029158369458486e-01 3.493026915606342042e-01 3.653964448128931841e-01 3.689077340320715548e-01 3.597736163518283625e-01 4.447936867245171344e-01 3.589229370491016646e-01 4.849916425901899530e-01 3.926650791182427214e-01 3.878878600552456146e-01 3.441660923058867949e-01 3.544462112352410599e-01 3.433045380576666417e-01 3.676884726606385323e-01 3.820166316154151587e-01 3.558456570182534362e-01 3.572512880849497696e-01 3.884585538731813448e-01 3.791196880932861113e-01 4.206351854322058492e-01 3.601503609670355655e-01 3.651141778710056407e-01 3.610583555419317747e-01 3.698456917435022362e-01 3.574350214297904449e-01 3.524024312691215743e-01 3.760431431986134276e-01 3.900768674403209957e-01 4.048681368361701782e-01 3.481113907133953633e-01 3.521353740412109246e-01 3.545834282048357378e-01 3.405729494759895393e-01 3.573130141741726051e-01 3.734948063208343716e-01 3.549970563764369147e-01 3.738033100193320357e-01 3.563438258500427058e-01 3.595416682136809983e-01 3.817358602954020186e-01 3.519590681066956384e-01 3.555726173028452286e-01 3.490199429778040319e-01 3.568660260299154618e-01 3.523538615824887699e-01 3.450199402990253295e-01 3.578391942292026284e-01 3.625560307277115313e-01 3.719889178895071646e-01
3.774438057587439777e-01 4.087993916077733991e-01 4.090397811371779269e-01 3.881165381048879981e-01 3.592030999805557179e-01 4.889388675614689261e-01 4.458411797261045972e-01 3.672127888560117182e-01 4.213182029878607682e-01 3.854215542348485291e-01 3.843668619686453347e-01 5.589459362580490032e-01 3.600365162579186595e-01 3.960229783719643182e-01 3.585190177449223969e-01 4.079836439481469013e-01 3.910980729862517657e-01 4.164137293179238086e-01 4.892521876693926020e-01 3.743870081427179697e-01 3.636580252043827843e-01 3.418610348031678736e-01 3.535739848377137950e-01 3.517878574263625935e-01 4.139334559101912614e-01 3.568675977003597510e-01 3.726952316570699697e-01 3.913444196536305375e-01 3.975965753800119185e-01 3.641195386254877930e-01 3.631834314292576305e-01 3.607560624766413815e-01 3.814457350012930847e-01 3.519782323463064855e-01 3.533981858936643961e-01 3.492066168673468862e-01 3.483963447047521145e-01 3.560594041986751557e-01 3.840620086015021917e-01 4.289854705026507342e-01 3.657822392079166374e-01 3.460302708994626442e-01 3.553087287653464155e-01 3.482655411645509957e-01 3.460825923155431139e-01 3.470340106238433142e-01 3.476439201543160551e-01 3.696215512585296348e-01 3.687325941756278147e-01 3.581535536675813369e-01 3.588120075351636240e-01 3.485271989439998608e-01 3.497685904492692233e-01 3.774212700325348946e-01 3.756159530320495321e-01 3.673231099813906719e-01 3.892793460879434564e-01 3.961073415854893809e-01 3.476761393984237336e-01 3.754817019566803471e-01 4.212602286280855424e-01 3.569676776183275946e-01 3.791913765451637719e-01 3.582359649678127367e-01 3.470875488170419021e-01 3.575826317039360047e-01 3.531566809852348943e-01 3.582337849088093606e-01 4.301866830134978281e-01 3.515903846398961696e-01 3.638271065247590808e-01 3.419364242854466274e-01 3.566319992308579212e-01 3.429374769603580342e-01 3.514260183308526853e-01 3.561706886059392563e-01 3.666376081724528890e-01 3.534316726139368203e-01 4.069044386929176471e-01 4.057081693391130228e-01 3.746074729468127917e-01 3.431939634370547720e-01 3.497015409601544889e-01 3.678644997503975889e-01 3.952492095229140356e-01 3.537246624041780474e-01 3.649575431665670888e-01 3.802851577762875190e-01 3.726410343762657229e-01 3.496225011465213250e-01 3.447701460964784359e-01 3.484143935653379875e-01 3.590673279337888157e-01 3.459147531218082494e-01 3.810489642626829765e-01 3.497237217930374009e-01 3.447722247573886123e-01 3.565284464281986976e-01 3.508225475792968173e-01 4.244978190442500465e-01
4.245482138965601115e-01 3.892559991769889427e-01 3.589989349199394497e-01 4.209085546914169140e-01 3.824196129872324823e-01 4.014827586991970287e-01 3.817036917503409121e-01 5.107336779036805163e-01 3.873415778282428557e-01 3.928653403522716081e-01 4.277048632848443055e-01 3.561985477320402382e-01 3.776934985631976716e-01 3.503781957854624207e-01 3.526198794799443315e-01 3.698028510491340182e-01 3.856478240797778789e-01 3.678937784498030883e-01 3.533662454943129472e-01 4.053896779284372198e-01 4.020644035111960446e-01 3.474695407835711736e-01 3.492756689688019112e-01 3.603464648792440994e-01 3.639343857073426558e-01 3.636823353972225004e-01 3.874289069359934112e-01 4.281177563202699377e-01 3.568348968153094436e-01 3.777346154899818287e-01 3.900554470931368867e-01 3.531172878260347425e-01 3.644482458940513925e-01 3.583704695384148931e-01 3.602183230389889301e-01 3.808214776406355084e-01 3.756634580387039901e-01 4.002466398947729931e-01 4.090058381254861875e-01 3.942062287364730411e-01 3.689188117737513539e-01 3.502826534321643037e-01 3.465209109228333806e-01 3.585643426925734789e-01 3.605676141204678942e-01 3.850022731195526515e-01 3.631464211252472540e-01 3.801381558907010461e-01 3.647860029424312422e-01 3.505940469763175749e-01 3.772153051557646797e-01 3.644707816202604755e-01 3.724674661902662720e-01 3.640593081581393609e-01 4.210774839146533832e-01 3.810901318885137057e-01 3.525611192849469888e-01 3.566868049002213104e-01 3.779467909999592590e-01 3.448118460622983661e-01 3.768113858515854675e-01 3.581172278006999332e-01 3.450819452330043946e-01 3.586779592559807828e-01 4.375290203386951182e-01 3.479455287824775311e-01 3.529311716260044030e-01 3.415459655781368786e-01 3.427006617137380307e-01 3.563989357136855829e-01 3.396415319415689305e-01 3.471672477182807248e-01 3.486321966694868602e-01 3.658446243847451318e-01 3.798274721332000059e-01 3.537508738112648543e-01 3.596584027684535112e-01 3.692158574877197341e-01 3.812915592006141385e-01 3.485509767968503758e-01 3.625215046769840188e-01 4.311481397330227394e-01 3.808945856658176865e-01 3.459112295380702973e-01 3.418266608495801329e-01 3.501347643132625143e-01 3.398174829827581012e-01 3.451890723184481979e-01 3.471180189440422614e-01 3.441663965001663383e-01 3.463997655510075435e-01 3.517312519408453131e-01 4.105110928187310493e-01 3.443773045339790229e-01 3.482939833296877508e-01 3.450962930631892855e-01 3.455071074377046858e-01 3.727574140377121203e-01 3.821586142953892762e-01 3.548434889643170553e-01
3.844308441654414321e-01 3.845148017865937518e-01 4.757607657795305256e-01 4.660325313218272592e-01 3.686046044325124171e-01 4.115231471867524249e-01 4.111927415001280783e-01 4.049134110847746326e-01 3.587254896121584991e-01 3.723436844680177993e-01 3.886869784275907014e-01 3.657227438767437500e-01 3.549363696176691674e-01 3.663233247826440109e-01 3.966530661229796806e-01 3.706617435974082220e-01 4.153910281501186352e-01 3.954306107116115632e-01 3.520844468489116585e-01 4.261057139573155572e-01 4.118866593507997664e-01 3.694235714815973237e-01 3.452217478539751916e-01 3.680478528523888349e-01 3.598766368144983852e-01 3.535792321890358081e-01 3.719501331188660997e-01 3.858182742744120652e-01 3.423218384376206513e-01 3.762951681592102693e-01 3.724566419438193887e-01 3.678113418000484303e-01 3.686125895323502655e-01 4.940948592015368401e-01 4.075789641582688305e-01 3.602509478754692962e-01 3.613935269389355609e-01 3.912025383717496196e-01 3.908011793694231018e-01 3.808583611970294269e-01 3.962479553912056085e-01 3.798657499133751836e-01 3.564754405749893107e-01 3.832895832771864852e-01 3.703719478471021453e-01 3.980782163226130321e-01 3.654828613378051094e-01 3.943670968113017761e-01 3.586367916301499981e-01 3.490593868360507557e-01 3.496424765708776028e-01 3.567976330160661513e-01 3.598179780175942422e-01 3.579740790426542141e-01 3.729738229180797893e-01 4.077780593142261156e-01 3.505228655149058015e-01 3.934639946944014643e-01 3.826140184813802692e-01 3.504279062006435130e-01 3.964749350227871894e-01 3.472737664151654413e-01 3.432212395241199254e-01 3.424593342519716144e-01 3.529932272590300402e-01 3.548669119238414549e-01 3.525466193576223817e-01 3.780236254050657885e-01 4.174247443554900960e-01 3.583502659683489577e-01 3.697160289318493498e-01 3.598182315128271580e-01 3.443858726728526443e-01 3.418999463214253964e-01 3.448839401065487698e-01 3.543086647218434693e-01 3.599979596329872522e-01 3.434353922969143880e-01 3.535680023502161817e-01 3.523164963851522224e-01 3.658428499181144988e-01 3.451400970394426504e-01 3.560098205311105213e-01 3.698502039586487045e-01 3.498881134516041436e-01 3.460878650163884407e-01 3.563961979651697476e-01 3.562274968876429360e-01 3.903267376914377751e-01 4.245136371467860270e-01 3.807624386008818806e-01 3.489313463938887305e-01 3.443329175186898294e-01 3.461083474312106056e-01 3.489258455473337461e-01 3.898198486236350568e-01 3.461174732595967418e-01 3.522269618688750326e-01 3.450064543526324967e-01 3.915029809218394941e-01
4.043223615996332510e-01 4.254982886801256803e-01 4.192892778423920608e-01 3.925730603486826120e-01 4.158362671772684038e-01 4.566422567086901863e-01 3.921231063102000314e-01 3.943259291854710469e-01 4.071148650857877582e-01 4.151297252639958857e-01 3.910972111024597075e-01 5.467230045138584682e-01 3.872680642106879345e-01 3.857989072386148743e-01 4.029077568016905531e-01 4.034663588970146542e-01 3.638556754375122937e-01 3.766358657522922981e-01 3.829281244245260618e-01 3.801199295834520875e-01 3.769318467862823319e-01 3.788650267822665785e-01 3.718287089022840330e-01 4.203093680092978568e-01 3.730926868328090507e-01 3.702608915855476468e-01 3.531099871633258669e-01 3.828702261133207219e-01 4.332980835027008260e-01 3.734595197844080006e-01 4.136668042746533547e-01 4.173875059057700065e-01 3.556735844541283886e-01 3.484675261661638879e-01 3.482205204111794017e-01 3.492458579294072663e-01 3.722035523032441451e-01 5.540752788521873251e-01 3.890477274935989493e-01 4.068092005338991290e-01 3.619337506298709317e-01 3.509259229352930110e-01 3.561499019968375479e-01 3.887790985952440104e-01 3.815875909336507443e-01 3.887742314867714266e-01 4.050632014179235685e-01 3.647965736936451542e-01 3.889186223714585777e-01 4.043113852560465959e-01 3.798773599950441837e-01 3.548929458842651763e-01 3.709583330199572870e-01 3.793295567966437076e-01 4.374238198170217196e-01 3.647650388866664484e-01 3.959960064791786527e-01 3.659903587941669145e-01 5.170495116325783957e-01 3.867125547572058397e-01 3.799864643433049638e-01 3.522133745243890002e-01 3.646548191593806942e-01 3.592687045468426210e-01 3.494037347604872501e-01 3.825443833408894712e-01 3.716379537394907118e-01 3.568695242641301557e-01 3.642785815346393230e-01 3.909782711391605603e-01 3.918804860227455555e-01 3.504758674987172307e-01 3.477729492278865409e-01 3.535685600397286965e-01 3.495771254998236155e-01 3.548097233992884014e-01 3.474655355588905925e-01 3.709828460089833468e-01 3.656106989837807353e-01 3.631364334130691152e-01 3.542270139073109836e-01 3.541667580904392376e-01 3.536116795788531442e-01 3.948587254660810286e-01 3.610965826230603248e-01 3.512953922373146520e-01 3.520668035806985285e-01 3.741606875987420477e-01 3.872989906291075535e-01 3.558562531189906619e-01 4.072052868353802646e-01 3.529843802754001891e-01 3.571392431919867549e-01 3.652581885128433625e-01 3.636607629528986196e-01 3.657682716205811757e-01 4.103187659854934388e-01 3.504290722787150592e-01 3.921859224289245271e-01 3.616559959031298566e-01
3.977019026493018306e-01 4.001456473939665193e-01 3.862067810684280955e-01 3.396188694677433895e-01 3.739666623474436902e-01 4.165835204249523360e-01 4.018519238069391264e-01 3.812274756057248970e-01 3.983161976473045263e-01 4.441206061819937823e-01 3.682008625749962349e-01 3.821384867738932267e-01 3.926876908930216903e-01 4.488307504063528408e-01 3.843256436437680335e-01 3.738691173818052826e-01 3.944863916679270943e-01 3.611230982244266752e-01 3.816592793855284049e-01 3.657311599184775996e-01 4.026814869567612587e-01 3.654264079494276007e-01 3.564230431103389551e-01 3.645852347179364683e-01 3.946118464587130004e-01 3.737513434965776815e-01 4.193559470886573659e-01 3.831291968433003237e-01 3.561104074395442520e-01 3.991236813623368906e-01 3.747205571702308391e-01 3.488941839927385824e-01 3.592441662082932474e-01 3.575997933312065613e-01 3.808016036143723748e-01 3.974781170576553446e-01 3.682137654823532391e-01 3.649594190312909214e-01 3.831829885317318829e-01 5.425271007190575201e-01 4.205846638322793263e-01 3.665783409869896592e-01 3.580650077827126632e-01 3.662317116054566446e-01 3.660238708639625971e-01 3.899518182419077772e-01 3.726229348166332223e-01 3.932082940529268433e-01 3.598540250397194162e-01 3.873707804790784137e-01 4.176549433765300856e-01 3.594055919726344972e-01 3.646779379246255504e-01 3.963091237909159292e-01 3.899250491453084555e-01 3.610849218423447526e-01 3.644747868449410566e-01 3.559988188380005525e-01 3.639131174572983185e-01 3.532218799591491099e-01 3.662385813262695189e-01 3.546573220652400882e-01 3.652727391392145417e-01 3.673128941235028755e-01 4.031508080310410302e-01 3.597329557164634650e-01 3.634266094062246211e-01 3.831616695826409735e-01 4.450173709180704207e-01 3.925538454100251928e-01 3.570231170257733289e-01 3.645244212115522631e-01 3.664438871154340749e-01 3.901353994896086808e-01 3.575634928138484159e-01 3.702274555643217946e-01 3.595881592394036264e-01 3.496874212756792555e-01 3.549420479108872373e-01 3.846676087130148081e-01 3.565599051866075730e-01 3.504153328370892551e-01 3.525933638785779811e-01 3.675628657727128545e-01 3.752902623567580531e-01 3.501044969824484987e-01 3.540868563930140156e-01 3.579209210923050555e-01 3.581960648181466977e-01 3.869855184240441615e-01 3.781511842062851847e-01 3.626561106456793748e-01 3.559378278849533173e-01 3.560303029459326862e-01 3.593674155905525747e-01 3.546930141940391468e-01 3.553475895845573107e-01 3.770596083836880719e-01 3.655843861786007842e-01 3.727271974059447324e-01
4.104020391695168413e-01 3.825527993826233208e-01 4.054822290379865302e-01 3.708430433880126054e-01 3.640245793112255046e-01 4.215662227237770288e-01 3.958204610303622251e-01 4.276418950689800380e-01 3.815204653959661241e-01 4.295347946724489274e-01 4.501617017774227070e-01 3.710758280604286585e-01 3.648039757544472295e-01 3.526667760980397026e-01 3.797327156151240612e-01 5.419823394634524227e-01 3.741555669950364926e-01 3.701593920942752858e-01 4.313442943442779010e-01 4.139287662483817631e-01 5.541813412576527265e-01 3.477560664453722139e-01 3.430391285487701669e-01 3.593773019046375139e-01 3.453239571318997836e-01 3.699386230959009203e-01 3.533315926959689768e-01 3.755174447845259778e-01 3.852583540038766463e-01 4.008824312885297392e-01 3.499018528932299477e-01 3.559788434136442747e-01 3.467567121885215542e-01 3.565262156701487495e-01 3.496026524697814497e-01 3.777816895547402853e-01 3.571874072862468719e-01 3.574628552063681131e-01 3.863299797516407952e-01 3.751766457933508048e-01 3.805448636424426656e-01 3.510935846823647899e-01 3.626471369144330104e-01 3.531803067409456376e-01 3.803646792308633118e-01 4.038828008657014967e-01 3.619856157545320308e-01 3.622527236814893081e-01 3.535349465718398143e-01 3.631651290734388415e-01 3.551168075244814926e-01 3.532736183361937510e-01 3.799574137896091219e-01 3.410698254820908049e-01 3.410014324682414388e-01 3.475161839064335734e-01 3.582032387332391710e-01 3.483147952883127729e-01 3.813485195794575344e-01 4.411984145346631303e-01 3.859341215958692617e-01 3.483794872717611013e-01 3.516790572723813568e-01 3.564550595582602899e-01 3.430840479040485058e-01 3.446493302684554560e-01 3.494440658520492349e-01 3.723661441456569965e-01 3.480368884644319261e-01 3.483024500704682280e-01 3.585045685166443619e-01 3.456728933200526321e-01 3.486061373595398249e-01 3.473001045698687617e-01 3.509040462966895868e-01 3.673281798860496550e-01 3.568539089577805745e-01 3.588397906126947201e-01 3.535827050737271882e-01 3.774618292698065369e-01 4.083311605629952323e-01 3.455577557852476667e-01 3.475129645169751647e-01 3.615927995415559315e-01 3.492006343798493284e-01 3.596712549767639433e-01 3.504924207374287559e-01 3.689262645336000568e-01 3.627530979218052121e-01 3.509818439836813186e-01 3.495526885593674415e-01 3.483829601564524814e-01 3.518997248726625227e-01 3.586088057564325582e-01 3.852922970155683857e-01 3.476153765910861004e-01 3.902516270539153065e-01 3.571509039727023826e-01 3.526564334925353927e-01 3.437802979108633417e-01
3.920318480263387806e-01 4.154267709779643214e-01 5.269730895167913376e-01 3.869041464542678499e-01 3.906575236209115509e-01 3.525618797706458474e-01 3.991980568636838145e-01 5.568953626196865292e-01 3.863550757797026280e-01 4.159524693920517158e-01 4.123386920501925235e-01 4.126795924394608961e-01 3.650789166841025835e-01 3.525953411413949579e-01 3.742117415386577162e-01 3.660623260908008048e-01 5.457567313849075452e-01 4.321235386903598541e-01 3.817267851660624545e-01 3.875615102923484767e-01 3.725928449324822922e-01 3.603296834948229166e-01 3.583156131700049873e-01 3.622831684589663537e-01 3.549424281537366110e-01 3.668040024433598667e-01 4.253778784444754435e-01 3.603038269810622252e-01 3.479360987598118515e-01 3.837483842992989724e-01 3.805978441461287942e-01 3.586019613851429422e-01 3.652975309729968867e-01 3.756572220559734610e-01 3.882966718174207799e-01 3.669674308200414070e-01 3.539253038810563079e-01 3.547626493345299448e-01 3.420246913255590715e-01 3.934274660313336613e-01 3.845416215822396455e-01 3.454982858035980930e-01 3.660449363178205906e-01 3.461504783389265372e-01 4.037271040936248889e-01 4.191371807026232910e-01 3.582692995909453892e-01 3.660797412133043327e-01 3.564486207793434169e-01 3.579217322770504861e-01 3.917776430067385629e-01 3.522601697443911717e-01 3.559185622472492705e-01 3.580543609829288099e-01 3.540320507236506820e-01 3.953394031267968844e-01 3.705841994056494615e-01 3.489447562917116774e-01 3.510351793806935627e-01 3.982740160405420227e-01 3.516781953885892986e-01 3.583809642410589746e-01 3.551795222451128442e-01 4.083850789990432495e-01 3.535229815968446432e-01 3.856708160974062771e-01 3.578153656773054858e-01 3.605700476747041860e-01 3.704062204025966865e-01 3.520387416584111473e-01 3.786938414514568474e-01 3.480068746288508819e-01 3.656059839724479232e-01 3.480677134847584009e-01 3.792739906415815154e-01 3.539222365887376709e-01 4.051277159547088669e-01 3.495585696487718552e-01 3.397984454907637120e-01 3.981074696724952178e-01 3.556111992772998942e-01 3.477848128047885123e-01 3.599714186820975881e-01 3.448138233251153983e-01 3.530335837001153387e-01 3.575756605850299308e-01 3.768029698098515623e-01 3.616851732044421563e-01 3.396398588730314416e-01 3.511723203017184103e-01 3.570596456888411319e-01 3.485658823165477260e-01 3.555714765742969408e-01 3.689154656366764318e-01 3.498662368130007194e-01 3.524832455493853711e-01 3.662954149574964569e-01 3.562743681562149933e-01 3.688659833672049970e-01 3.869534005780296271e-01
3.902630596889212211e-01 4.112683084290698621e-01 3.935688656722720058e-01 4.047991861328082974e-01 3.957871517567528308e-01 3.739344177538126979e-01 4.108995996127470796e-01 3.846722223262544205e-01 3.713125419089554624e-01 4.694187206435458393e-01 4.217298285471215991e-01 3.547099476756001013e-01 3.981197134922466185e-01 3.677366621044219630e-01 5.236911374348609538e-01 5.253764751415920253e-01 3.855545631835763376e-01 3.930019235837839409e-01 3.811333781752546113e-01 3.627048831284985231e-01 3.695772402918103272e-01 3.480566357430786018e-01 3.586108083687728487e-01 3.686311453834020258e-01 3.620452885323680037e-01 3.394819313429048857e-01 3.819638539079153738e-01 3.473956469231668232e-01 3.476636927824859891e-01 4.966462380221112194e-01 3.804208030754379632e-01 4.009634230154565659e-01 3.513080416494387404e-01 3.598005375455674004e-01 3.656985350819972336e-01 3.439963265483815813e-01 3.481695171703103053e-01 3.974089128590606035e-01 4.022239280612902035e-01 4.550595338722563943e-01 3.593893175786792571e-01 3.421017031773286865e-01 3.510905173900460974e-01 3.718049563989568318e-01 3.457231867742694975e-01 3.578504494175455131e-01 3.842056390004904842e-01 3.568454929160466693e-01 3.608938117862252604e-01 4.035850960641274576e-01 4.086204746723587355e-01 3.519253278911902427e-01 3.531491775263396193e-01 3.530631412442770678e-01 3.835108592660267379e-01 3.984549609378202351e-01 3.660942664901522536e-01 3.650246940537750229e-01 3.676349344674399444e-01 3.751717026363082796e-01 4.049345779367258258e-01 3.518092017249768166e-01 3.782792753474937819e-01 3.482522073152979347e-01 3.833569876596273351e-01 3.593109368526517522e-01 3.506522748313257165e-01 3.899199285416029004e-01 4.456966367442776744e-01 3.570785057341724356e-01 3.902082033205113154e-01 3.458222527113055667e-01 3.697891116075082141e-01 5.561999744966636960e-01 4.305381288044568544e-01 4.079584972210384963e-01 3.526274843369327505e-01 3.490718081024651864e-01 3.501957552663097495e-01 3.965475867565500523e-01 4.103852577850957140e-01 3.465239782151520731e-01 3.623111036336372215e-01 3.511931576098667462e-01 3.754767841491611358e-01 3.448608466908272274e-01 3.422475643343669272e-01 3.515807771705674045e-01 3.693992359392342939e-01 4.408258779403227967e-01 3.519957742164264713e-01 3.412787055540398851e-01 3.505801047385054270e-01 3.406350811575850623e-01 3.582674490757448704e-01 3.509101048327570860e-01 3.848158020261961410e-01 3.627795121250784183e-01 4.249555553863841317e-01 3.427787382454860476e-01
4.322521114725110247e-01 4.237299059350808639e-01 4.116376256339516759e-01 3.905099640458125076e-01 4.353194037911811143e-01 5.086491359041029892e-01 4.067385260629532429e-01 3.948528697261999287e-01 4.579328516386746983e-01 3.739122115714064720e-01 4.186367811127840732e-01 3.696735177812839890e-01 3.728894850540779848e-01 3.907526350323136111e-01 3.912043381879035109e-01 4.546039522396023713e-01 4.031793008952244128e-01 3.839772904946509580e-01 4.043565327570346479e-01 3.768229452342078956e-01 3.861718494253278400e-01 3.773426611607977321e-01 3.869082530770416306e-01 3.926034797766363993e-01 3.844498563079125075e-01 3.745923139318824702e-01 4.086840259272587761e-01 3.912547837392601480e-01 4.112649369424716261e-01 3.841484504759374308e-01 4.139315293464208567e-01 3.596955398200803455e-01 3.596957679657900031e-01 3.530972617026318927e-01 3.576167775118140879e-01 3.757502041074187726e-01 3.896931517062076633e-01 3.774568354137174953e-01 3.878051192112114132e-01 4.381444053661995297e-01 3.627844552821208879e-01 3.618844965061090990e-01 3.534982658116322396e-01 3.510534563869890934e-01 3.561852899313570631e-01 3.548780657140911399e-01 3.605872853505446285e-01 3.535739341386671675e-01 3.584516387120048608e-01 3.895669617792462125e-01 4.085215608324624381e-01 3.497636472922266981e-01 3.567288344098440422e-01 3.804962432567632891e-01 3.763252326938378856e-01 3.587212562417682604e-01 3.621597923290905685e-01 3.878571617825356532e-01 3.895787239580549843e-01 3.708211920989324950e-01 3.583168045975998472e-01 3.603797741528534382e-01 3.619130907683856258e-01 3.643438819066467382e-01 3.926516438708965162e-01 3.554148672193817027e-01 3.960780121870373094e-01 3.479870006025878038e-01 3.679795865861559823e-01 3.896563948974302583e-01 3.503727709874773222e-01 3.479429938301480396e-01 3.561459981702501665e-01 3.510981222470345720e-01 3.648110736209697613e-01 3.606522308292258727e-01 3.611969160362611397e-01 3.680981970056522723e-01 3.482451854973452887e-01 3.461964623741833336e-01 3.524776686542605009e-01 3.577737417600554415e-01 3.825578692872822484e-01 3.628528736454935677e-01 3.532019805833626624e-01 3.756717473328213819e-01 3.569849152941680370e-01 4.039036635233731465e-01 3.734496334703230613e-01 3.731332207205574347e-01 3.762396527031946492e-01 3.543680333053998988e-01 3.535324876680802086e-01 3.553765387401599529e-01 3.707545735517137619e-01 3.670486253431546331e-01 3.505960495886578654e-01 3.600054884414058409e-01 3.442599362411241093e-01 3.676783835503671938e-01
3.892051226837363043e-01 3.735682945888659789e-01 3.944271751815104365e-01 4.241967427560777715e-01 4.319802124856511050e-01 5.633124930436703703e-01 4.142883492363184095e-01 3.784308147977500369e-01 3.695806878269784490e-01 3.988762700149797169e-01 3.772503635464813931e-01 3.978943562301558989e-01 3.719229330803707767e-01 3.738648079628452137e-01 3.960658697653791083e-01 3.486985110224260498e-01 3.446221555794834468e-01 3.740379959059952353e-01 3.874947903470365440e-01 3.890668663836864827e-01 3.985566125262323678e-01 3.636519666683153407e-01 3.996349305481463055e-01 3.520177776026463534e-01 3.678955782659570350e-01 4.368113246351729151e-01 3.696629977291166491e-01 3.803984954949385378e-01 4.740724875280972750e-01 5.614233958686958292e-01 3.546486018292266951e-01 3.580459956402415322e-01 3.634619212921742504e-01 3.496648348504236004e-01 3.505859351288632131e-01 3.579537233754485070e-01 3.874343570835017680e-01 3.652171222851057775e-01 3.509125890860399499e-01 4.065452612973537438e-01 4.236447315368103705e-01 3.502438433119999805e-01 3.534995079382736716e-01 3.682864425656394158e-01 3.813940219737717019e-01 3.492830963791273002e-01 3.474681465597899699e-01 3.548477730337538660e-01 3.717075128314116239e-01 3.505342728003884578e-01 4.065489116287081539e-01 3.541710168103527345e-01 3.483858753516313467e-01 3.654382208272830002e-01 3.610927548450428293e-01 3.854646230749264046e-01 3.506142251968602519e-01 3.626276938300658781e-01 4.160337399637348277e-01 3.589123155988411251e-01 3.490167996369155090e-01 3.612257130947240102e-01 3.467062159381183450e-01 3.515827797829076951e-01 3.497854478822602364e-01 3.606916239884260245e-01 5.720996010995311742e-01 3.426161971021198238e-01 3.479839586597924250e-01 3.659486081293003568e-01 3.815819633394793020e-01 3.585228455229398925e-01 3.455069806900882279e-01 3.490283590195379371e-01 3.634735060243199922e-01 3.633601429561456597e-01 3.759128973479247682e-01 3.433495334615149219e-01 3.573412281935997026e-01 3.715539707688150783e-01 4.167701182659253045e-01 3.496906406651377197e-01 3.499232225413674291e-01 3.522848094810337449e-01 3.524302143466526704e-01 3.654880072910339783e-01 3.502685083981658121e-01 3.633564672752679359e-01 3.477721887421876823e-01 3.487240126428606257e-01 4.697828918951988397e-01 3.514654621890994091e-01 3.566537998208914595e-01 3.438063318712870631e-01 3.494054331785479972e-01 3.594647831095278412e-01 3.480538979945627664e-01 3.761838330528995411e-01 3.608176618182477036e-01 3.557606854161692866e-01
