3.853573438923428296e-01 4.318416012922751679e-01 4.321265299341086052e-01 3.998589696350257072e-01 3.822692396150477734e-01 3.573625978417371840e-01 3.930317346231786413e-01 4.009175403782930247e-01 4.100199965039409977e-01 4.617755351758859317e-01 3.785691978454163165e-01 5.963532138032445751e-01 5.262271037452721512e-01 3.838449913325754359e-01 4.420741898654516611e-01 3.875702305283618698e-01 4.063768897636296784e-01 3.751473417444219915e-01 5.435090905524513349e-01 3.767328023293715633e-01 3.812651956963875599e-01 3.809753999460814833e-01 3.572447479079396970e-01 4.126713791939133902e-01 4.083104246529400960e-01 4.201592734818693775e-01 3.944734380615234626e-01 4.040436689405302872e-01 4.864715477601400662e-01 4.623236932676125788e-01 3.973169701380703800e-01 4.056617797114835389e-01 3.606218114012721410e-01 5.177837859243353824e-01 4.160286700590759001e-01 5.087536773381706734e-01 3.969357133077166533e-01 3.986104042146639270e-01 4.017882204548993141e-01 3.759485894767238268e-01 4.070664981953412975e-01 4.329146466133437787e-01 4.186374908994363042e-01 3.873521232299334538e-01 3.893639120976549184e-01 3.790577592078768765e-01 4.073719599510435274e-01 5.137785105447113532e-01 3.717273108091048717e-01 4.691618792735229859e-01 4.998367290239940086e-01 4.070685261572048463e-01 4.380764686437694788e-01 4.017656593791669173e-01 3.802968185570031467e-01 4.388883124768085398e-01 3.898310024138847973e-01 4.099021972691900828e-01 3.967872664993023490e-01 4.878068592492166289e-01 4.261162593590061554e-01 3.952276624281134687e-01 3.745387503891605685e-01 4.006650844758001262e-01 3.611751661452741735e-01 4.095269229263339694e-01 3.726374854430044570e-01 4.823768392623319912e-01 4.201235813530703189e-01 3.584243626249396519e-01 3.781161258155684712e-01 4.501558206880182933e-01 4.953983316893551536e-01 3.883057722962836023e-01 3.818303633182449919e-01 4.260629239619939113e-01 3.785481830906049505e-01 3.871493523930983893e-01 3.619791516260918995e-01 4.013978884952060788e-01 3.622629902384236766e-01 3.894475655245276946e-01 4.440898825597605071e-01 4.099906164064423542e-01 4.860957664268180101e-01 3.685767960054580072e-01 3.817822752725547608e-01 3.636511554835699100e-01 4.011654587161160856e-01 5.781761353285261862e-01 5.179585455379296377e-01 3.720195401136472402e-01 4.155150380180767655e-01 3.942584994535068832e-01 3.898357174252176094e-01 4.641197576920952916e-01 3.708366553081423045e-01 4.178189801417707128e-01 3.615118331641523630e-01 4.195446996391103966e-01
3.859010911670161525e-01 3.880355463779611158e-01 4.258253482296751047e-01 5.194137095731440334e-01 4.273898194093366243e-01 3.895378098274571710e-01 4.747587498227339164e-01 3.639996353803034435e-01 3.868613818084695732e-01 4.528361778831166418e-01 4.312028947033395010e-01 3.535675967578434942e-01 4.262115735665946148e-01 3.936080813848090720e-01 5.693546026200311250e-01 4.141498647905589303e-01 3.731668595379696307e-01 3.859653015095219075e-01 3.917830424552004032e-01 3.859102423449256025e-01 6.256637015109431932e-01 4.236060228147391915e-01 4.191230356686247993e-01 3.873419834206155432e-01 4.073009305867715257e-01 3.749237589489619049e-01 3.946442177999604506e-01 3.948574072908697108e-01 4.132553815115788676e-01 4.082676346576185056e-01 4.756268188984408840e-01 3.977895866503785016e-01 3.860130600114092814e-01 3.993771765952848773e-01 3.853673062549977102e-01 3.812833459550666326e-01 4.151468615417431840e-01 3.922320585613210397e-01 3.807889542022482865e-01 4.107806342999246185e-01 5.983967909731776613e-01 4.150474407113809994e-01 4.094813191339266578e-01 4.171723138025205113e-01 3.828805180197784042e-01 5.505349644288364264e-01 4.115197757001541889e-01 4.487830933025586111e-01 3.673487636989650196e-01 3.673564699540466383e-01 4.485005982149614656e-01 3.921684059083278551e-01 3.751136775774864818e-01 3.983854271954226367e-01 3.915594089606936890e-01 4.208329370634285027e-01 3.661121379040750967e-01 4.003803079311064606e-01 5.271347180773189312e-01 4.160674548297169095e-01 3.999310890287993692e-01 3.595448622536160932e-01 3.925627684422249297e-01 4.008021746977784017e-01 4.673955244903417183e-01 4.014917831294899653e-01 3.884118347017490591e-01 4.142973990161346598e-01 4.033877753748008055e-01 3.997338443880426029e-01 3.680586010502658323e-01 4.314890401222911676e-01 3.675276806343796832e-01 3.973450067108343919e-01 5.966186233121411053e-01 5.229927073690427974e-01 4.246874081289718217e-01 3.848476917265010178e-01 3.850949763262417336e-01 3.904060310003038547e-01 4.030013472416949516e-01 4.067547497578619109e-01 4.855593705139001903e-01 4.600210439696066356e-01 4.125963953040073795e-01 3.886281168345002146e-01 3.674426076342023340e-01 4.005148125017086169e-01 4.313804427644962747e-01 4.053257210811644917e-01 4.177618676657875452e-01 4.017805141998176954e-01 4.996518803001283593e-01 3.948680540906535086e-01 4.948275111238029655e-01 3.958587388105373472e-01 3.791342133701339767e-01 3.934415350167622671e-01 3.820408150606383613e-01 4.082799038268931646e-01
3.778588028046030445e-01 5.748950451303879161e-01 4.265032958806710961e-01 4.151241990679176430e-01 4.024199052258822795e-01 3.766531287776560544e-01 4.947611460718172038e-01 4.224841289622814910e-01 3.644872841599253732e-01 3.621325922905952455e-01 4.606046913939459975e-01 3.726663838995605271e-01 4.182218601154948923e-01 3.905877363832809812e-01 3.836364408044291574e-01 5.542660086654572771e-01 4.163490119849522220e-01 3.965967901812652574e-01 3.943083366163044334e-01 3.952967652286150657e-01 3.877651683624988577e-01 4.014328708373528509e-01 4.261392767261578673e-01 4.718189149071900790e-01 4.628577570243872508e-01 3.610155908961334981e-01 3.867755736721166793e-01 3.841011989645159441e-01 3.825435214570974130e-01 4.322611866018505888e-01 3.777497998544354085e-01 3.769959303811715734e-01 4.204058736444811206e-01 3.916034410826567669e-01 4.712883493846300453e-01 4.112150997796740759e-01 4.449751893113078616e-01 4.819291159818993586e-01 3.980780895749965742e-01 4.026601173086237218e-01 3.781233250801842027e-01 3.456193044278074722e-01 3.598002333512878570e-01 3.840349353106233266e-01 4.796580521899187488e-01 3.876572047427863099e-01 3.866630217886877774e-01 3.966000602697702937e-01 3.575438976323415674e-01 3.788110069481253617e-01 4.016499134558028650e-01 3.889993099041058611e-01 4.123474122862059166e-01 3.981131986647598597e-01 3.923701881137544034e-01 3.472132317535375212e-01 3.932280413315735190e-01 4.109235042132140525e-01 4.008484375777913722e-01 3.643644403700387890e-01 3.888305581275324219e-01 4.345285493634301055e-01 4.004300943948573832e-01 3.520407442707514378e-01 4.174895123875082548e-01 3.998504014961520858e-01 4.507076291110994060e-01 4.478509406319624575e-01 3.995770829359875931e-01 3.865367811626796990e-01 4.273359263228118654e-01 3.774728816619630778e-01 3.898524734601154784e-01 3.767277577742358941e-01 4.021701870719052163e-01 4.716376151165857511e-01 4.276793616644097296e-01 3.896919602786128034e-01 4.349660314364516833e-01 3.743458912159338126e-01 3.861777051652089399e-01 3.870512750874708363e-01 3.900413781077082809e-01 4.995174264285727750e-01 3.521259186690219867e-01 4.013471134000465845e-01 4.013588248798087843e-01 3.867729119721707298e-01 4.254822677814033560e-01 4.161463171966870433e-01 4.891155030397870696e-01 5.607224815495946979e-01 4.126715312910531619e-01 4.021330753698016403e-01 3.908472394532497840e-01 4.694771259452170109e-01 4.349924963387714616e-01 3.734506981503014633e-01 4.736926502710480658e-01 3.790680511143346143e-01
4.097948673875599357e-01 5.194348510755718573e-01 3.777827288851953735e-01 4.306541282230538226e-01 4.151761148916253696e-01 3.870166983376967518e-01 3.963825867094242783e-01 4.305464434480975600e-01 4.018204143494836789e-01 3.600840466140963758e-01 3.763558295684547028e-01 3.737149415811263919e-01 4.094786320844573946e-01 3.970108239452391219e-01 3.946865515038627814e-01 3.794143256025414579e-01 4.502306524807845323e-01 4.145250377353218996e-01 4.111242724377088265e-01 4.512701857320574605e-01 3.776732696436084225e-01 5.401989498006171120e-01 4.335608566611746650e-01 3.598616552462311491e-01 4.309270411908455722e-01 4.031527852938580625e-01 5.312960958213923668e-01 4.081285164737766813e-01 3.849066547176847042e-01 3.939343804486596379e-01 3.963961487043869969e-01 3.959441413545174981e-01 4.185020230469489455e-01 4.182772234743706852e-01 3.735676355012603200e-01 4.404205390628390671e-01 4.033472161375291076e-01 3.983719412490298040e-01 4.493890990064439706e-01 3.922836194917026509e-01 3.815525578924573447e-01 3.794959510675506853e-01 4.015584016767086983e-01 3.842189475002202315e-01 3.705868611055954109e-01 3.800885722231364117e-01 3.858852477149569138e-01 3.693286628663816074e-01 3.829781136844633838e-01 4.027392585203500852e-01 4.729802272683711895e-01 3.944463140715980254e-01 4.566187323510725871e-01 4.103656119045422379e-01 3.927266784598490990e-01 4.019000372021526157e-01 4.030322736601145706e-01 3.843651889001079014e-01 3.874310109464268459e-01 3.803583925490862105e-01 3.830441238431230300e-01 3.830138565123090144e-01 4.050332382813891519e-01 4.248337255774293775e-01 3.672421436039871034e-01 3.842027491548348772e-01 4.350871514587542066e-01 4.485348707704560067e-01 4.144179106498780962e-01 4.101066918736092082e-01 3.914627005293240813e-01 3.853773953652690487e-01 3.833811204058040212e-01 3.700649144209555708e-01 3.960901039096489384e-01 3.837689174131677650e-01 3.911479608480958881e-01 4.053828589066709731e-01 4.757692832193575749e-01 4.226473798923000014e-01 3.839920439172085365e-01 4.088467445172880854e-01 4.168224143324824604e-01 3.701353353966685411e-01 3.899787394356468151e-01 5.411208612638022108e-01 3.982050653371801974e-01 4.376666175511392254e-01 4.222293155541222420e-01 4.887056519471568161e-01 4.085829066788358443e-01 3.849854410360848966e-01 3.917099597795414834e-01 3.930319881184115571e-01 3.739543424791224036e-01 3.813399260910605992e-01 3.905038548106984919e-01 5.304970281480938521e-01 4.220495874339621478e-01 4.011033270345205626e-01
4.063056069041247609e-01 3.917740433744307249e-01 4.468578477073656408e-01 4.092926933310900850e-01 3.750009482473945499e-01 4.957932265632414293e-01 3.795999855111525378e-01 4.041034431164594043e-01 3.736492863157928612e-01 4.035022031229534845e-01 3.793249938824506118e-01 3.758070123891223968e-01 3.893947117684580794e-01 4.508233243354168307e-01 4.054914309149425522e-01 3.909756854877844967e-01 3.906705279263617547e-01 4.082180256405305574e-01 3.731631078085220210e-01 3.808730639205403778e-01 3.948778897056918757e-01 4.124887865776210027e-01 5.403589559916538443e-01 4.838850851993256597e-01 6.207515215859246149e-01 3.878558943063709075e-01 4.096265212033592396e-01 4.856698944354654879e-01 4.030792716763031414e-01 5.059651283776501751e-01 3.770611547046090473e-01 3.561035630682546915e-01 4.007574581386863510e-01 3.751854674274573420e-01 3.999255121336745544e-01 4.034417191603720809e-01 4.480329502092190719e-01 3.918318149380195514e-01 3.907031274133188625e-01 4.323666406187569033e-01 3.868269825053585187e-01 4.391212745958876784e-01 4.853962716810215072e-01 4.044296914812633981e-01 3.926308572617947523e-01 3.939488803759843005e-01 3.880468015663040005e-01 3.870763204164860971e-01 3.964062124651350216e-01 4.457971729536648331e-01 3.878361216782009735e-01 4.025544351460077497e-01 3.792151543980142869e-01 4.238944243412640644e-01 4.096892612735138495e-01 3.860222872378885617e-01 3.720737120449282287e-01 4.016595209251316301e-01 4.239896371507593242e-01 3.954480004845917773e-01 4.120263605736773638e-01 3.956027339747832383e-01 3.742182310166212167e-01 4.381061275860244075e-01 3.979543078527480460e-01 4.072862278632605748e-01 4.053667873089020213e-01 5.483333076316369015e-01 3.879774959696160597e-01 4.053024248692565501e-01 4.083204377146415487e-01 3.963668700049814975e-01 4.180220805224085789e-01 4.164401435211969593e-01 3.848089069558599529e-01 4.426194074124760736e-01 3.800033724753426045e-01 4.098222448727183442e-01 5.161781978178897612e-01 4.077635086878549364e-01 3.998256096623697409e-01 4.057706812635579752e-01 4.020367978803280340e-01 3.857297030400200777e-01 3.817119049958884180e-01 3.984352390086968732e-01 4.044447237485772062e-01 5.642450006075927504e-01 3.962843826561802119e-01 3.853936697592242888e-01 3.823704349120405910e-01 4.316038734628165896e-01 3.863440740865927148e-01 3.834734433696436184e-01 4.027186493579114068e-01 5.159636394527226111e-01 4.075565551796762054e-01 3.731319785939160028e-01 3.452676051416154746e-01 4.852506640192161824e-01
4.174450493236491755e-01 3.868505575620226900e-01 3.756124547978348938e-01 4.084036095005717515e-01 4.151399664714069959e-01 3.875993317811042838e-01 3.775254058742298913e-01 3.713786281161849945e-01 3.485535370987031256e-01 4.442560740344811410e-01 4.263909974924751656e-01 4.180301163212930549e-01 3.954562644291859108e-01 3.948181662288093308e-01 3.845506206630093238e-01 4.036928315381303478e-01 3.962019967054721259e-01 3.975410599239963538e-01 3.931800293344531738e-01 4.881239817856344865e-01 3.700936354308486109e-01 4.030525532787504472e-01 3.843045274908634679e-01 3.846147803064684512e-01 4.052631331081496535e-01 4.383995229686383222e-01 3.809959330599502758e-01 3.553354725124224234e-01 4.089150868320908239e-01 4.238392130795280432e-01 4.068079330577343833e-01 3.847862444820344119e-01 3.645597584470252062e-01 4.056125255877217617e-01 4.508555182300011954e-01 4.168825941007843205e-01 3.989037995972778416e-01 4.138008018547896238e-01 3.949445082529106088e-01 3.978400322017351387e-01 3.799420519784925121e-01 4.814069665010731747e-01 3.862683043614645317e-01 4.208181582913476659e-01 3.594262011350731756e-01 3.731668595379696307e-01 5.522317601200966708e-01 3.884950318372025202e-01 4.400131215244451610e-01 4.288825007390272837e-01 3.711030787979705536e-01 4.591505413396634316e-01 3.679079234838015799e-01 4.008351797771081970e-01 4.753962903335979817e-01 3.712298771134911468e-01 3.650467734885647908e-01 3.900301989679352821e-01 3.874068275012036433e-01 4.155157985037756241e-01 3.632378568557715903e-01 3.789564625127909148e-01 3.717296176157247056e-01 5.832260645631287543e-01 4.051839918964232901e-01 3.825011877531951376e-01 4.427588804896440133e-01 4.144475695921330249e-01 4.058834359431732208e-01 3.882825014338989744e-01 4.063093332840490568e-01 5.414179576768171076e-01 3.899368113241172273e-01 5.307953920372735501e-01 4.173266670498625430e-01 3.809620153977817947e-01 4.427785010206742311e-01 3.481367148871668538e-01 3.770414581250089991e-01 3.753630661876606878e-01 3.870930257523373941e-01 4.074805319593151620e-01 4.407485618942736938e-01 4.751981077604793269e-01 4.016014705167865184e-01 4.061643593603261326e-01 3.640653920437301183e-01 3.771618176616126639e-01 4.206220290296158182e-01 3.878016209769967748e-01 4.023765068420015467e-01 4.275430319281303682e-01 4.099359121351721646e-01 3.957801806378467568e-01 3.734994706331206116e-01 4.529773240288220704e-01 4.378561812863377423e-01 3.974156811817802781e-01 3.932283455258530624e-01 3.800872033488784663e-01
3.706620477916877654e-01 4.050120207303913866e-01 5.270177046777901886e-01 4.018598582077304027e-01 4.215447263280230339e-01 4.415632448739217897e-01 3.980539314792966299e-01 3.902575841918895505e-01 3.864459791702377633e-01 4.004028943563621157e-01 4.121097351557939104e-01 3.910682365973337515e-01 4.044626205120233631e-01 4.153854512549937650e-01 4.179657538816475837e-01 4.310411647447187078e-01 3.964135638268904693e-01 3.844520870659624556e-01 3.664589700817944551e-01 3.596514063000241235e-01 4.921783338423572074e-01 4.111326377803961041e-01 3.526549378706610449e-01 3.644674608327088672e-01 3.851528746374470180e-01 3.848220887079732422e-01 3.441698693848577184e-01 4.529092859082988198e-01 3.829660980104216406e-01 3.983997496760842139e-01 4.533913831423191931e-01 3.823185951369026947e-01 3.819058795481402035e-01 5.227252191992360908e-01 3.809906096600583214e-01 5.467073892075088315e-01 4.215632061305049638e-01 4.818624974346806256e-01 3.976147256386909912e-01 4.204671434422846410e-01 3.786953370733312507e-01 3.627212082215003908e-01 3.568449352265342100e-01 3.579046466983497599e-01 4.421803536690102621e-01 3.906660664102618585e-01 4.058057650037980024e-01 3.928559103296059285e-01 3.860332889309985305e-01 3.534288334673277854e-01 3.809617872520721926e-01 3.943493014459488188e-01 3.718417385572575506e-01 4.610259497720588517e-01 4.096994517818783321e-01 3.948197125497303062e-01 4.205414935941082510e-01 3.901441197256220739e-01 3.934710418618774241e-01 4.380534512766178223e-01 3.701965291459021756e-01 3.721224845277474325e-01 3.988605786600602499e-01 4.050514138895915384e-01 3.833264921831037175e-01 4.208023908878583130e-01 4.197877508684608738e-01 4.110898984841210857e-01 4.157531207408614593e-01 3.964613223287778987e-01 4.255240944948397996e-01 3.970954660035204697e-01 4.109676123837470163e-01 3.835325584579670766e-01 3.810640725785666705e-01 4.082924264914007950e-01 4.023133865289975075e-01 4.054021498938982782e-01 3.861610251788810122e-01 4.222663512076559322e-01 4.648378589879902378e-01 3.938188373214819848e-01 4.061988347120070730e-01 3.703206911110000776e-01 3.890384242185497277e-01 3.855223439394686591e-01 3.935546699392269421e-01 3.985753458239472136e-01 4.043895378363644433e-01 4.729642063696488652e-01 4.430515660856057525e-01 3.673759130384137150e-01 3.732151250303229473e-01 4.299967643849732513e-01 3.694196676550098868e-01 3.669448443947857519e-01 3.944132836427449162e-01 3.951493831001791079e-01 5.228415735111592300e-01 4.082518419046058389e-01
3.894977068816048438e-01 3.800415742069478409e-01 3.715139945705792091e-01 4.010175949467375545e-01 3.994476989690909918e-01 4.425273379438693921e-01 3.840881946590656848e-01 4.005572476037040919e-01 3.804796393190051917e-01 3.862903584467310414e-01 4.118452889287826379e-01 3.477110710415239336e-01 3.833161242280761494e-01 4.288082773348201315e-01 6.035481183009593353e-01 4.081419263715996282e-01 3.906039600781896493e-01 3.897676286056477868e-01 4.355956628960477861e-01 3.984051998235925707e-01 4.320436369929346321e-01 5.253708475474205830e-01 3.759810368665411628e-01 4.028747517223607577e-01 3.863929986665516347e-01 4.429664423863818312e-01 3.925041603443673588e-01 3.955113235937822158e-01 5.092143795745303070e-01 4.230122609306052328e-01 5.551045708960491432e-01 3.961020688846440541e-01 3.487370929968807154e-01 5.219665586660695578e-01 3.796365902227902267e-01 5.209871544840518620e-01 4.012779852500216737e-01 3.922155306721328838e-01 3.867734189626366170e-01 3.844732032188670212e-01 4.089241619614303880e-01 3.826108497909683770e-01 4.461557166111463912e-01 3.536129724045411482e-01 3.778706663815050160e-01 5.088796137698992084e-01 3.621377635933474282e-01 3.806875307595458113e-01 3.862472896066531658e-01 4.417531635024463665e-01 3.531497859148987062e-01 3.866797524740623326e-01 3.962407054275433049e-01 5.477176691088995186e-01 4.047778418341940743e-01 3.814249483921913209e-01 4.568199061679401041e-01 3.941880784777939684e-01 3.844259263579222208e-01 3.848945883445963889e-01 3.531219267887977242e-01 4.244892255558531113e-01 3.781475592244540329e-01 3.748764820880171045e-01 4.737798019321355913e-01 3.819339668199507876e-01 4.114645897879414260e-01 3.904541190459940858e-01 3.848770464744764030e-01 5.609153407228215649e-01 4.272511068178674876e-01 3.738219926180003094e-01 3.920755506044990013e-01 4.443758251825257743e-01 5.596593732416577094e-01 3.553747642735293200e-01 4.994046210499109573e-01 3.742175465794922440e-01 4.190627038031831675e-01 3.911994203803843551e-01 4.451507601096476030e-01 4.565617973217525050e-01 3.891684672730520433e-01 4.232092774256523970e-01 4.871148172632687179e-01 5.024779465551251212e-01 4.023145779565923674e-01 3.827002829091524228e-01 3.934721065418557706e-01 3.934567700802624191e-01 4.090402881276438141e-01 5.267670485914512923e-01 3.463049076348384547e-01 4.303356368123780196e-01 3.956465379510366032e-01 4.807247094311171143e-01 3.885871773543791430e-01 3.977905245827403902e-01 3.839484427371415154e-01 4.131040195079856425e-01
3.918016236557754772e-01 4.820486643337575927e-01 4.002045850356269474e-01 3.814434788937198229e-01 3.707576408440323990e-01 4.201964105334962674e-01 4.403577229441145713e-01 3.977138422747736324e-01 3.957419028576716347e-01 3.855136490529785243e-01 4.055259569656700647e-01 4.059777361698298503e-01 4.815345760013391430e-01 3.459067680219704011e-01 3.636287972040239125e-01 4.087281087482684261e-01 4.233198013472176946e-01 3.835178557344561256e-01 3.762851804470321304e-01 5.146531197974283378e-01 4.145775112485421410e-01 3.980815624596879543e-01 3.492516376207184803e-01 3.746359911605194326e-01 4.521536673179276100e-01 3.960131427569259510e-01 4.052899529037955473e-01 4.071954512203418974e-01 3.544766813622413637e-01 3.562470920691497844e-01 3.974252126025391574e-01 4.079950512336295576e-01 3.737262728180391624e-01 3.836623480172364209e-01 4.384539230456289682e-01 3.819795959618814130e-01 3.891396702145891728e-01 4.181148597776675468e-01 3.726150257653652598e-01 4.041935860212956810e-01 3.621670169432296138e-01 3.873780304427407728e-01 5.176931360290332185e-01 3.940995579424485529e-01 4.358570671802636798e-01 3.537352078058686455e-01 4.460309462574894579e-01 3.861270821671892728e-01 3.973440434289491896e-01 3.859331076149374873e-01 3.897376654691133147e-01 4.606046913939459975e-01 3.880362054655667747e-01 3.786587577112168201e-01 3.924737916154601991e-01 3.394046152968557828e-01 4.051439143000942211e-01 3.990463653162877877e-01 3.630249462096186153e-01 3.933177786440371082e-01 3.580437902317148979e-01 4.206646415782743786e-01 4.103639641855280629e-01 4.013841490535802747e-01 4.116110339840154397e-01 4.382059540087592797e-01 3.872662643945339878e-01 4.038159795222964199e-01 4.076548606310134160e-01 3.942090678830820205e-01 5.333075297957876604e-01 4.023069730996039484e-01 4.817349386334612293e-01 3.972417834519780255e-01 3.891482637029861080e-01 3.773801024067041654e-01 4.502956993575589761e-01 3.936378417251571449e-01 4.089534406608358319e-01 4.028228358986530311e-01 4.091915487331438395e-01 3.956217714667776275e-01 4.051414553963346155e-01 3.846786611051713489e-01 3.866722997142136853e-01 3.495829812397047154e-01 3.756346102811945475e-01 4.573045383542899689e-01 4.049908792279635628e-01 3.730532176250390686e-01 3.704425716190014040e-01 4.029363003649205077e-01 3.582605286558853686e-01 3.681064862997697196e-01 4.057285503558420436e-01 4.106173073213362223e-01 3.886817564257920021e-01 4.166462604951069459e-01 3.991008160923250059e-01 4.445081496941246102e-01
3.662937672384822818e-01 4.641761350319029145e-01 3.729247715905043559e-01 3.881555510212386650e-01 3.950108733048963705e-01 4.073072172685486270e-01 3.704510383597818812e-01 3.964327534160246302e-01 4.453834180344472538e-01 3.790476447480822797e-01 3.940219377021198510e-01 3.737577569259712962e-01 4.025445741814460687e-01 3.855231551242140897e-01 3.880112615346447136e-01 3.970651986727064542e-01 3.565417802774517586e-01 3.770841974212840175e-01 3.839189865910729305e-01 3.804619200022221204e-01 3.594831361643933132e-01 3.856653152508512927e-01 4.243992854472031784e-01 5.506597854815399318e-01 4.138644545077828640e-01 3.931402305828803345e-01 4.136827998238523652e-01 4.018520505545555843e-01 3.923745735812844138e-01 3.975527714037585536e-01 3.783623710848540989e-01 4.049733120083202631e-01 3.949588560830954442e-01 4.043722494614773733e-01 3.566922043486830951e-01 4.218735856937264050e-01 3.789059662623876501e-01 3.824323384479264565e-01 3.864144950623056296e-01 4.232274783833780418e-01 3.809352463011825285e-01 3.856492183035590826e-01 4.178414651689331683e-01 4.171722377539506255e-01 4.216516759668037517e-01 3.804064552452531278e-01 5.931076636367654809e-01 3.950852488062432943e-01 5.003483838021761665e-01 3.964469237995464357e-01 3.785020723077317517e-01 3.847182824100811027e-01 4.280804925210265899e-01 3.857707185687110352e-01 3.989127479790009478e-01 4.541890312423131904e-01 3.992654105470780923e-01 4.977255700249569870e-01 3.853690300225817156e-01 4.245930572032686201e-01 3.884053452237855586e-01 3.964722226237946678e-01 3.956727493581234656e-01 3.896417175234425656e-01 4.070837358711817400e-01 4.027084588495468687e-01 3.863240226136664957e-01 4.584249365848732660e-01 3.904757928884111662e-01 3.928280512035049465e-01 3.681145220986541400e-01 3.675988113967448845e-01 4.026072128535074790e-01 3.986520281319139714e-01 3.680786018241454238e-01 3.886076851187246217e-01 4.303163204756274007e-01 4.078138021420718018e-01 3.882916779613316827e-01 3.499955193818041765e-01 5.276641175218074187e-01 3.962612131918887837e-01 3.858915343967340150e-01 4.762186288692811242e-01 3.941418916463508282e-01 4.152444825559514219e-01 3.650176722358223769e-01 4.384799316565294314e-01 3.626871638117154517e-01 4.047553568070316188e-01 3.875653634198892861e-01 3.658232293870843366e-01 3.907003136162331414e-01 4.019765674129796018e-01 3.978096634728279790e-01 3.770150439217357929e-01 3.982211876339956658e-01 3.920465000508031594e-01 4.163082499514941803e-01 4.205246108115939241e-01
3.818080810872688802e-01 4.801379186658892295e-01 4.165384489725341699e-01 3.878589615986896000e-01 4.000998408053728084e-01 3.669368846444712173e-01 4.015762984401547997e-01 5.082884628866646270e-01 3.921503823972652403e-01 4.008553072986043020e-01 4.067227586594638900e-01 3.791921623803858887e-01 5.305554841488115958e-01 3.936190830779189853e-01 3.834478910501624704e-01 3.925315378295257673e-01 4.004856605499195754e-01 5.989718702586434018e-01 3.713735582115260114e-01 5.339632712643773704e-01 4.066793095765365851e-01 4.078589242935365400e-01 4.053720853592706619e-01 4.347298752774373942e-01 5.106844491294419974e-01 4.416756953592574919e-01 5.396884104014599837e-01 4.437070540589624912e-01 4.039181381011744398e-01 5.065832511536704219e-01 3.660518567376800370e-01 4.404651542238379180e-01 3.959101729933025005e-01 4.849235030715735584e-01 3.787543507635615092e-01 4.262387989546131961e-01 3.984157452252832243e-01 5.875644326788462823e-01 3.661165487211283653e-01 5.472032258831550644e-01 3.764967729179737321e-01 3.929545706742692546e-01 3.958372170652600386e-01 4.111381386269510885e-01 4.092186727230692767e-01 3.933097681946759461e-01 3.914118747351180150e-01 3.924256275212000822e-01 4.138222729010203049e-01 3.990641099825941729e-01 3.670079140087432190e-01 5.172298481412975768e-01 3.925547326433405093e-01 3.865155889612052476e-01 5.350184198219998244e-01 4.052988759359952842e-01 3.741181510986533731e-01 4.282693464695727648e-01 3.900457635752382912e-01 3.591537698082240548e-01 3.841965385216276618e-01 4.033442755928269285e-01 4.243048584729300909e-01 4.250066346758231695e-01 4.010117645563797684e-01 4.098491153674108101e-01 3.711167928900730439e-01 4.057828997337860621e-01 3.828396038891805908e-01 4.096672325377706536e-01 3.875361100700071004e-01 3.836099252030628071e-01 3.803308376172647720e-01 3.996545510791764677e-01 4.291898383594533462e-01 4.238123425848355219e-01 4.044298435784031698e-01 5.192561369363435375e-01 3.753633196828936591e-01 4.465129927924632591e-01 3.715864435081557282e-01 3.872504209424747490e-01 3.860559514048240715e-01 4.079252386464757296e-01 4.007628322376248775e-01 3.983986342970592398e-01 4.209538796390679960e-01 3.864210859383622743e-01 3.919779549398140217e-01 3.922763188289937752e-01 3.809469070818981007e-01 3.866391171882208044e-01 3.983404064420510982e-01 3.948439720435234501e-01 3.789532684728557643e-01 4.083186632480109157e-01 5.468974092341266635e-01 4.510069562821643063e-01 3.849146651670458663e-01 3.562187513021062291e-01
3.740175134911730148e-01 3.737468566309545270e-01 5.016207777744350338e-01 4.164622990045566131e-01 3.918455797291686138e-01 4.379728904915869414e-01 4.120608612748815625e-01 3.967637421416848054e-01 4.026313202501608512e-01 3.730025185784494601e-01 4.231334063024310699e-01 4.712242150906942317e-01 4.071653106371443953e-01 4.158323633506810224e-01 3.608380428349767244e-01 4.080850420413261181e-01 5.292802003308971770e-01 4.009526494680563102e-01 4.001315784085379135e-01 5.921971087600165218e-01 4.732052296371357936e-01 3.721729300791040695e-01 4.284858313985103195e-01 3.842322559999499787e-01 4.172715064871730384e-01 4.004467236821387943e-01 4.166269695078796409e-01 3.801157722616317347e-01 4.837944353040234402e-01 3.819539168947838070e-01 3.751529946881167477e-01 4.461935887989488259e-01 3.677616060353440242e-01 4.312451777081952597e-01 4.944187247111511141e-01 3.612730406547153827e-01 3.601429082071869181e-01 5.081840228506900869e-01 4.102539472544286525e-01 3.786423819191684359e-01 4.748190816881755483e-01 4.056054023716759160e-01 4.180898397981755998e-01 4.039654403116425541e-01 4.250973099206486472e-01 3.935223239475027501e-01 4.492501329197419180e-01 4.182201870469574034e-01 3.816534489951706188e-01 3.575302849383322767e-01 3.849350461837748871e-01 4.185301863673294709e-01 4.134383543707206843e-01 3.887482735749175355e-01 3.924064632815892351e-01 4.708416400851291872e-01 4.084875924712474404e-01 4.100635216354381885e-01 3.854348373850550180e-01 4.432728167249226914e-01 3.742024636131318638e-01 4.106884380837014237e-01 3.804179639288289283e-01 3.450468614927644229e-01 4.259550870898978769e-01 3.960384922802206997e-01 4.117274389949851510e-01 3.982007305686967591e-01 3.869427537782458293e-01 3.941515498147261654e-01 3.746888702661123616e-01 4.307860978413265429e-01 3.942137321953682605e-01 4.074856272134974033e-01 3.728659353469371274e-01 3.752191062448695380e-01 4.032780119389343110e-01 4.751447723634670828e-01 4.139188799342967684e-01 4.060007028379349348e-01 4.129106279947696301e-01 3.878654003776064729e-01 3.772027824912570493e-01 4.362463344599785131e-01 3.663411201479969681e-01 4.118184184340901721e-01 3.913558776381598214e-01 3.771962676637702905e-01 4.137715992039540103e-01 4.370922480523258269e-01 4.129824178447404903e-01 3.932660656165157254e-01 3.955248095401750486e-01 3.960171479816065321e-01 3.896313495684149975e-01 4.171561661561817291e-01 3.967739579995726018e-01 3.810466321065398287e-01 3.993143097775137540e-01 5.097711058051305200e-01
3.932073054215183827e-01 4.326798593285873795e-01 3.518234988561150800e-01 3.616356909349707216e-01 3.955536572976844911e-01 4.264714568794128469e-01 4.460802257307745489e-01 4.268694443951410733e-01 3.682227899126462312e-01 3.881867055853679416e-01 4.708804755548168242e-01 4.187763809375684709e-01 3.615083349299376692e-01 4.411472084976076347e-01 5.056653956142125317e-01 3.872824120408727699e-01 3.797179114935199107e-01 3.680633667606452719e-01 3.846380004698064514e-01 3.946814309001572263e-01 3.994243774076597364e-01 4.010511830651031784e-01 3.710419357477835467e-01 3.989254480901716082e-01 4.277803541652162034e-01 4.071451831156482903e-01 4.269856466099244408e-01 4.448140677412461552e-01 4.221967414166884480e-01 3.621727712850175140e-01 3.886648736432776752e-01 4.060048601597552875e-01 4.009145237850209043e-01 4.038581104300124069e-01 3.929113243875283490e-01 4.021967026732716222e-01 5.336222694770157426e-01 4.036076064408132269e-01 4.108598262106975540e-01 3.902655946412507126e-01 4.028917866020148564e-01 3.957454771404562144e-01 3.585771188523140807e-01 3.964553905403269130e-01 3.830391553365572466e-01 3.800429430812057863e-01 3.902909441645455169e-01 4.262345402346996992e-01 4.258820297637622709e-01 3.818969058168938391e-01 4.965681614903632579e-01 4.429517396628708248e-01 4.205562977157124571e-01 3.682185311927326787e-01 3.718462000733574468e-01 4.243571038404406748e-01 4.542874887907901726e-01 3.854366879002555368e-01 3.862293928432070644e-01 4.130346885617743879e-01 4.728541894385494548e-01 3.863082045111305707e-01 3.821942810746650210e-01 3.711741588612891829e-01 3.857773601438143074e-01 4.007688400746457491e-01 3.989042051896505847e-01 4.023824132809292742e-01 3.879911847121952362e-01 3.802017831941709725e-01 3.667324153895754058e-01 4.094276288435882427e-01 4.079357333491197557e-01 3.811693491488099550e-01 3.751242736782237075e-01 4.349001733749318088e-01 4.288409275208238114e-01 5.788438924711576394e-01 3.739028322477873645e-01 4.996042231963341296e-01 4.569132431127115312e-01 3.919613256525326661e-01 4.002577429859761060e-01 4.668743382914007922e-01 6.250671258297234578e-01 4.182320759733826887e-01 4.419036382727242751e-01 3.907548911398868174e-01 4.091613321013764515e-01 3.929965748343687282e-01 3.748010419066918342e-01 3.755306772356858946e-01 4.090467522560840008e-01 3.562368001626921021e-01 4.047026297985784615e-01 3.770750208938513093e-01 3.812295035675885013e-01 3.973495189259808602e-01 4.922963105237712078e-01 4.454648407032700819e-01
3.843432108634113331e-01 4.428058278067860121e-01 3.626885580354967109e-01 3.972280947093987935e-01 4.093422262996080918e-01 3.850935314034139023e-01 4.065310148652620525e-01 3.670203099256343915e-01 4.058465016877327303e-01 3.993020913072856670e-01 4.283160909905283642e-01 3.849573791137975709e-01 4.042801799928706918e-01 4.213339196923035490e-01 4.200483946669779645e-01 3.859702953656109492e-01 3.948733774905454075e-01 3.906183079083744847e-01 3.902996897500822238e-01 3.871472483826649547e-01 3.796530420634085523e-01 4.010538194155258140e-01 4.310038502464287880e-01 3.913536975791564454e-01 3.677276883731755985e-01 3.884454988686845134e-01 4.107993675976394643e-01 4.123887320091764175e-01 3.674154329452303247e-01 3.975499322571495187e-01 4.543930442057896868e-01 4.009748049514159640e-01 3.821568905278052153e-01 5.244845775139880262e-01 3.937921442734525490e-01 4.417869797665216480e-01 4.153694303562714962e-01 5.966302333938100499e-01 3.957769865979116064e-01 3.979967936537901485e-01 3.641382972727259526e-01 5.178512156562995461e-01 3.787969126131734976e-01 3.687481080838841963e-01 3.993213062459431417e-01 3.905907529765530461e-01 5.247470971772288939e-01 4.165501097532497976e-01 3.910410365588384840e-01 4.187305996984980738e-01 3.718516502208658592e-01 4.059433622162421096e-01 4.165376377877887393e-01 4.202596575941167645e-01 3.737412036872597709e-01 5.263185141262731737e-01 4.473546983639435926e-01 4.009965041433563027e-01 3.961378624115363123e-01 5.738857285108823758e-01 3.666702583584565689e-01 3.825005286655894787e-01 4.222779866388482461e-01 3.887516197119924577e-01 4.079196617513508594e-01 4.159578434909902422e-01 4.589848061563620574e-01 4.129385124703939258e-01 4.278443363620123008e-01 4.056477614251015607e-01 3.789043438928967888e-01 3.830725153092131574e-01 3.849488109749239495e-01 3.977731855088067481e-01 3.780887483304101182e-01 4.135016267808644952e-01 4.800021466191222719e-01 4.407781701374819949e-01 4.056135649181768499e-01 4.083154692080757653e-01 5.495602245591049151e-01 4.912079540906325037e-01 3.789376785160294414e-01 3.826754150268002475e-01 3.941970775585635911e-01 3.899133123160229419e-01 3.483472426781301090e-01 4.074617479625536887e-01 3.771048826322925818e-01 3.892949106952464655e-01 5.020422389487342318e-01 3.829946415736515952e-01 3.859095325582733160e-01 4.008619488737075187e-01 3.911569345793422525e-01 3.949593123745147594e-01 4.059047802417874440e-01 4.039172762173824371e-01 3.714779221989307212e-01 3.983722454433093474e-01
4.003858087776613894e-01 4.366836644358603192e-01 4.036922231495712610e-01 5.240198700529478115e-01 3.693742920083122327e-01 4.035935121058613073e-01 3.808351917327379432e-01 3.801103221141233224e-01 3.872846934979692901e-01 3.882256678026720920e-01 3.942415913214692424e-01 4.124920566661260390e-01 3.906387396241500776e-01 4.100595924593274932e-01 3.970253745716103566e-01 4.201291075491485616e-01 3.883804012928634974e-01 4.058994568418955451e-01 3.904083631564470025e-01 3.819738162705701989e-01 3.998460413781453338e-01 3.686558865181377431e-01 3.821315410045104111e-01 5.850166027915332245e-01 4.866085872830717141e-01 3.940102008728343930e-01 3.530961970226534907e-01 4.182001355740312398e-01 4.107093260908963317e-01 3.789250798029519252e-01 3.682597495176100355e-01 3.743440913997798658e-01 4.151935300141288976e-01 4.121308259591752177e-01 4.525137319468068298e-01 3.700160912390897949e-01 4.290391607929890938e-01 3.729186116563437126e-01 4.182678948497982052e-01 3.846442364525369806e-01 5.500246278258655863e-01 3.733203255519962904e-01 5.245928706775033756e-01 3.499939223618366291e-01 3.955012091339875635e-01 3.921673665778727669e-01 3.920008709088725340e-01 3.770226234292009537e-01 3.813931600899796992e-01 4.054436724130551783e-01 4.555419353005563665e-01 4.308629068969097586e-01 3.948066828947567886e-01 3.961070373912098375e-01 4.901285713887402196e-01 3.915751510146597836e-01 3.867836094710010997e-01 4.097194779052812375e-01 4.103906572335574987e-01 4.161455060119416127e-01 4.030995512949389625e-01 3.937505457057258185e-01 3.731371245471448161e-01 3.965779554854572120e-01 3.782780839198989220e-01 3.917117595956954301e-01 3.893276622793433450e-01 3.942388282234301489e-01 5.277070089152222643e-01 4.050515659867313101e-01 3.961249848537025664e-01 4.214515414803913784e-01 4.131872419929624174e-01 3.519216522103125189e-01 3.921549960105049082e-01 3.935958122155343575e-01 4.017207907229351505e-01 3.888674163344030821e-01 3.897807596587145040e-01 3.909493726826044901e-01 4.358773974979461285e-01 3.967112179294179919e-01 4.670698338150502393e-01 4.313779078121667832e-01 3.832160189605849920e-01 3.791712236741444086e-01 3.983545261265262760e-01 3.877544962131917461e-01 3.985288040991779579e-01 3.975846104050168028e-01 4.269659753798476509e-01 3.759542170708952691e-01 3.965716941532034245e-01 4.944190289054306575e-01 3.948541118528413607e-01 4.117340045215184818e-01 3.933480459748510683e-01 4.420363683766957985e-01 3.973135733019488303e-01 3.895110914299044769e-01
3.802932949732651391e-01 4.719075368406286941e-01 3.662461608337346797e-01 4.377062642055722930e-01 3.925718182220411800e-01 4.006550967636219873e-01 5.037544978492044523e-01 3.795611500414649009e-01 4.204735822212015139e-01 4.701854423251201620e-01 3.918621583174034528e-01 3.767037517756757770e-01 3.947095435214911796e-01 4.312915673358246882e-01 4.864620163393811869e-01 3.768320710625939762e-01 4.312868523244918761e-01 3.659684568060401766e-01 3.969931806770259364e-01 4.327669602906282775e-01 3.537354613011016169e-01 4.024686523591781695e-01 4.189177552289835571e-01 3.582223015747568184e-01 3.852643871904208317e-01 4.334664043373782638e-01 3.666172271557238682e-01 4.263936845419443733e-01 4.022297584516479896e-01 5.811691028448959795e-01 4.856229471183235447e-01 4.845255155558453319e-01 3.787667973794992538e-01 3.750893927341700795e-01 4.823205126215709404e-01 3.728923495502103336e-01 4.032291634075452769e-01 3.973389228252436345e-01 4.188454583885468097e-01 5.387835338179289835e-01 5.179891170630231967e-01 3.971368364255375427e-01 5.195820811068680989e-01 4.236471397415233486e-01 3.737967191432753911e-01 3.848418613361432317e-01 4.943738560549193473e-01 3.812759185447412436e-01 3.980919557642387807e-01 4.766559081461163028e-01 3.581411577506902200e-01 3.853961033134605807e-01 4.625923982145373481e-01 3.764848332925019303e-01 3.833102684881950495e-01 3.989865911403586707e-01 3.979676924010477346e-01 4.171621232941560287e-01 4.356602027823562873e-01 3.811912511369366374e-01 3.975105137484261086e-01 4.365179799516055725e-01 3.826865941665732462e-01 4.176097705260187753e-01 4.288753521734581242e-01 4.504799903919121107e-01 3.944625631160299517e-01 3.985251284183002340e-01 3.935854189109835310e-01 3.814772191092252185e-01 5.033981342507262147e-01 3.903682095115480477e-01 4.478930208406318170e-01 4.144578614985907072e-01 3.789870593874077320e-01 4.676937869814282722e-01 4.911904122205125178e-01 3.785902126002277379e-01 3.983145245787670929e-01 4.283138602324784716e-01 4.005903794306504007e-01 4.216149952065962325e-01 3.946327091163846501e-01 3.910132027822607603e-01 3.955251897830244223e-01 4.156271843091329243e-01 4.318719700211823276e-01 3.721022556081581834e-01 3.739118566780803565e-01 4.171446574726058731e-01 3.851652198552916184e-01 3.863760144859441081e-01 4.101002784442155935e-01 3.846679129072943515e-01 3.761802080710683893e-01 4.211184994433443962e-01 4.037148349243502299e-01 5.052206128784820782e-01 4.170195829246693964e-01 3.729069508756280849e-01
3.842927146130080684e-01 4.028696818177017747e-01 4.273725817334961818e-01 4.036173913568050220e-01 4.168638101040228472e-01 3.890820760976633763e-01 3.934319528969568158e-01 4.257725705221753754e-01 4.332603634120381630e-01 4.148439854374170177e-01 3.854159773397237143e-01 4.273483982882729237e-01 4.302687140708797986e-01 4.011503250507090779e-01 4.107891263902283541e-01 3.698704835772845256e-01 4.543723589947811226e-01 4.106044804625490485e-01 3.792435458641044699e-01 3.972815822035508093e-01 3.728647692688655813e-01 4.740842497069060468e-01 4.029691026480639593e-01 3.906487019868049582e-01 5.060080704701115373e-01 5.398986086486203817e-01 5.466131903789454016e-01 3.598483467465014018e-01 4.358081932993513319e-01 4.962739549230039127e-01 4.697776698934001405e-01 3.776031021631284235e-01 3.961092681492597856e-01 3.625969955573559167e-01 3.967755043204935772e-01 3.643628433500712416e-01 5.189269480268373647e-01 4.076203852793325311e-01 3.867043161621350200e-01 4.103165352274434907e-01 3.792237478864112221e-01 3.603860608346305394e-01 3.686700315521362348e-01 4.439838708533416778e-01 3.743281465496274274e-01 4.050149359255703074e-01 3.614368492742463523e-01 3.641873232507780722e-01 3.838757149548087111e-01 4.414062806256804361e-01 3.887181329917200334e-01 3.913981859925388385e-01 3.986849571626739364e-01 3.898315347538739428e-01 3.890811128157781740e-01 3.884018469895708647e-01 3.864502378901513158e-01 4.007289652745030240e-01 4.219873797037967389e-01 3.495347410968747126e-01 3.969030377721896596e-01 3.451616948332898449e-01 3.765997933806438103e-01 3.843819195854824566e-01 4.480155097371922857e-01 3.606561853548598817e-01 3.819923214225754426e-01 4.180978755970600202e-01 4.485480525225692960e-01 5.239727199396195800e-01 4.938352800829981515e-01 3.863915790932471173e-01 3.631708073666568559e-01 4.057332146681282836e-01 4.175510103310214327e-01 4.103527089971851782e-01 4.639264422274492206e-01 4.071966426479367573e-01 3.787694337299218894e-01 3.879002559721367871e-01 3.992858422628536852e-01 3.815086271685874664e-01 3.712941128055201601e-01 4.597053917055398675e-01 3.876564696066107651e-01 4.041416955471112682e-01 3.718431074315154961e-01 4.030726808002464967e-01 3.569151787555840949e-01 3.871247126564558716e-01 4.104041431799503314e-01 3.978237831573031569e-01 3.780912072341697239e-01 4.057055836877369592e-01 4.010986627222343226e-01 3.918500412452685100e-01 4.028765768880379627e-01 3.913994281191802704e-01 5.309197060995112238e-01 4.614289564933994892e-01
3.705584949890285418e-01 3.603693554987792980e-01 3.610399771375430444e-01 3.933309603961503975e-01 3.991764083707901034e-01 3.818035688721224119e-01 5.148154581446081623e-01 4.248095674817294332e-01 3.722240600675896793e-01 4.157510420799512829e-01 4.114848187075306751e-01 3.982662590864137764e-01 4.225617238530868791e-01 3.977158195375906646e-01 3.949758909627495429e-01 5.306772125596732614e-01 4.104018363733304975e-01 4.248919787819608329e-01 4.024424409520913071e-01 4.350799014950919030e-01 4.125945701383301745e-01 3.453814245012091222e-01 3.962577403071974036e-01 5.944284751985174919e-01 4.282976365375698036e-01 4.310456262608186040e-01 3.948219179582569960e-01 3.705637169908272410e-01 3.867276377235662199e-01 3.865857564416852465e-01 4.010953419346826587e-01 3.878310010744954184e-01 5.160879028159136572e-01 4.185984779830856373e-01 3.565580293218837404e-01 3.753643336638254335e-01 3.991304750345799346e-01 3.990548067075449512e-01 4.328936065090090990e-01 3.977457826741250813e-01 3.707187293257749316e-01 3.766297818667015407e-01 4.095222586140477294e-01 5.054085542441897339e-01 3.864770830353204678e-01 3.954419165990010199e-01 4.041556124354001023e-01 3.984212460718381532e-01 3.948199406954399637e-01 5.973971071725241444e-01 4.078330424302525348e-01 3.825199970994798693e-01 3.906379791384512190e-01 4.287107830682283516e-01 3.932138962975750274e-01 3.607094193537789262e-01 3.733399714325497665e-01 3.825006554132059367e-01 4.394040738777644228e-01 4.668208507972487764e-01 4.206972410652314864e-01 4.853602753579428497e-01 3.980593816268049867e-01 4.520049163152337623e-01 4.620082437997321545e-01 5.098398537123060015e-01 4.427254698179414749e-01 4.425522311757448812e-01 3.904302397950504266e-01 6.033679338893799260e-01 4.639077342792576331e-01 3.886754190449682733e-01 4.558654459168445250e-01 4.045662747127757308e-01 3.857625053231635293e-01 3.967208760977932736e-01 5.991065776254318465e-01 3.957551353088314960e-01 5.679388317440169365e-01 4.407660530653471076e-01 3.785465860706374031e-01 4.457838898034583996e-01 3.986576557260854137e-01 4.073590823932097815e-01 3.813857580291775684e-01 3.694497828886841306e-01 4.209064253314601101e-01 3.958218299046201150e-01 3.827404619035746913e-01 4.058689360158486137e-01 4.041084623220717598e-01 3.642462862419617586e-01 4.234984140883528148e-01 3.979624197002024077e-01 4.028115300112635189e-01 4.326029488749109642e-01 4.204956363064680236e-01 3.854169406216089167e-01 3.857411103255027340e-01 4.106269401401882457e-01
4.060655976175696069e-01 3.726824301478061097e-01 3.928379375175899413e-01 3.905813990024572524e-01 4.681884575790029035e-01 3.962307430648884243e-01 3.937994956352080522e-01 3.811689689059605257e-01 3.699007002090519136e-01 4.180009136704574413e-01 4.810136939966777603e-01 4.680206437347913528e-01 3.611860917898142564e-01 4.054764239971520579e-01 3.849701299240148589e-01 3.880254065686432052e-01 4.131206994943136257e-01 4.177715511836861406e-01 4.463175986669069562e-01 3.805741423418481650e-01 4.328069111393408885e-01 5.184691863351800212e-01 3.716987925953982308e-01 3.878307729287857608e-01 3.789295413190518214e-01 3.994416657825468064e-01 4.033942648527642505e-01 4.030241364631369505e-01 3.497676525169072792e-01 4.243560391604622728e-01 3.890968802192675269e-01 3.814254300331339498e-01 4.036143747635329571e-01 4.075326759287325462e-01 4.282432364605791575e-01 4.141071508438072257e-01 3.860962571468627980e-01 4.132497539174074253e-01 3.957288478531748033e-01 3.711335489249709130e-01 4.239194189712327532e-01 4.037013489779573971e-01 3.799367539281238715e-01 3.887765129438679468e-01 3.791476486174802374e-01 5.362845778115281625e-01 4.550452367411181309e-01 3.859973940060130726e-01 6.062179807934136022e-01 4.782970362842212664e-01 3.748949618904990344e-01 3.970350834390322659e-01 4.292996524943664127e-01 4.184204482809862902e-01 4.202018606810046242e-01 3.914527128171459425e-01 3.481513415621079188e-01 3.666012062570015440e-01 3.941576083507936090e-01 5.035876472868781040e-01 4.900520158283899197e-01 4.181970175826659752e-01 3.779169292615179865e-01 4.157729947671245929e-01 4.214361289702281410e-01 3.862533227931973512e-01 4.082163272224698103e-01 3.903068890146979553e-01 3.746380191223829814e-01 4.111036632752701481e-01 4.131712717932867207e-01 4.020591561598740316e-01 3.833311311458666437e-01 3.790480249909317090e-01 3.703394244087149234e-01 4.613757731935270168e-01 4.163442716240960961e-01 4.314672395322576293e-01 3.606613566576120089e-01 4.027842032251517379e-01 3.972637361391512800e-01 3.881836382930493046e-01 4.246308786920244271e-01 3.866586616706810808e-01 3.569282844591274984e-01 3.947533728472678582e-01 4.773495725015550750e-01 3.757010006827035675e-01 4.046652392517186003e-01 4.632931604364986522e-01 4.176464005871797780e-01 4.034436964231891132e-01 4.045582896129378825e-01 5.477245134801891346e-01 3.734012665798766006e-01 4.256831881030379017e-01 4.672519447904000534e-01 3.911944518738185717e-01 4.005416322973545107e-01 3.979759056465952405e-01
3.969953607360293124e-01 3.662164511924331789e-01 4.176169190915878793e-01 4.098260473012125260e-01 4.155905288984486634e-01 3.887548137519276081e-01 4.020548467409139071e-01 3.662940967822850835e-01 4.262111172751752997e-01 3.861691623758586323e-01 3.931067185130846520e-01 4.372963117148488954e-01 3.807684971369493798e-01 4.944543154418570285e-01 4.348163678509192054e-01 3.827165573031076629e-01 4.348714777145620825e-01 4.260307807664561186e-01 3.968787529288732574e-01 4.038050538777563925e-01 3.807212456255278932e-01 3.871006052598024993e-01 3.650987907103657171e-01 3.851902905338301375e-01 4.100143942592928692e-01 4.514717144422510375e-01 3.945173180863467133e-01 4.086270655484153802e-01 4.162439635604185950e-01 4.039951246034207410e-01 4.027445058716720983e-01 3.855742597631763857e-01 3.936115289199771383e-01 3.602998978049515300e-01 3.714620280478248548e-01 5.433979582423269505e-01 3.883330483833488112e-01 4.200920465460915576e-01 4.126916588125492114e-01 3.928890168070289235e-01 4.122903758587926348e-01 4.802135109443542715e-01 3.851589585230377755e-01 3.589893528001339984e-01 3.744857952349977537e-01 4.025594036525735331e-01 3.675573902756811839e-01 4.306276633207340443e-01 4.577949502319510477e-01 4.113049638397541230e-01 3.853299410576611628e-01 4.183976844090675495e-01 3.707085134678871352e-01 4.671923227116106525e-01 4.234988957292953882e-01 3.995437483128549405e-01 4.553028892958864149e-01 4.215934481117956101e-01 3.964530076851371931e-01 3.766682624430630622e-01 4.270351288793958755e-01 3.697593005681135692e-01 3.824270657470811297e-01 3.823559349847159283e-01 3.645878457188358457e-01 3.908672402271293755e-01 4.703450429237842068e-01 3.739189545446028884e-01 4.311858598236854023e-01 3.947216352441027531e-01 3.820403587692190461e-01 3.999476422675108944e-01 3.923186525328960506e-01 3.866871291853411496e-01 4.024481699443559490e-01 4.081286178718698254e-01 3.634202466758776340e-01 4.716176396922294178e-01 3.595492223716228453e-01 4.206539440794440088e-01 4.389174644285975813e-01 4.363445892122691516e-01 4.091515725349079702e-01 3.576951835873649066e-01 3.909181927689518998e-01 3.694291483767221385e-01 3.984958243693714763e-01 3.855742851126996995e-01 3.611732395815037688e-01 4.717860619250000553e-01 3.958857867518928986e-01 3.950411406357103306e-01 4.169648533038759486e-01 4.857526352794996893e-01 3.499666462747714202e-01 3.864372335847010564e-01 3.974741371824980773e-01 4.036413973553651946e-01 4.350310783132261272e-01 3.497284114548469547e-01
3.867250267226668425e-01 4.252022569470890745e-01 3.895470370539365068e-01 4.757001297198094059e-01 3.898679366693252879e-01 4.188536969836176294e-01 3.723412509137815074e-01 3.909789809258127913e-01 4.268358309272521911e-01 3.756407448658318771e-01 4.196060961845303749e-01 4.039218898306221051e-01 3.923407573172091323e-01 3.710764110994644316e-01 3.756816589964296349e-01 3.998801618365001587e-01 4.046127150394517868e-01 3.607803219704344699e-01 4.036334122555273463e-01 4.017103974183842685e-01 3.797486351157532414e-01 4.140800522034051023e-01 4.844863758918781516e-01 3.834846732084632448e-01 3.686707666883117795e-01 3.916341393553667838e-01 4.321376837243583457e-01 3.709623382446378681e-01 3.853779023557349359e-01 4.545843317085722091e-01 3.616862632339438166e-01 3.912388388891077651e-01 3.665098465750470935e-01 4.099787528295403827e-01 4.019752492377682840e-01 4.140962251992671428e-01 3.714121401859806770e-01 3.546964870787305268e-01 4.076806157466809633e-01 4.890886325450945482e-01 4.545516308235219016e-01 4.104801157012648027e-01 5.880368970940147433e-01 3.926234552009926770e-01 4.098942121693522345e-01 4.096997559761578755e-01 3.908333732640075220e-01 3.868397586650991204e-01 4.225318367651222928e-01 4.012413805383839849e-01 4.035258795777107999e-01 3.859719937836716963e-01 3.951637816294105710e-01 3.943995949001656842e-01 4.325626938319188652e-01 3.901609518090898288e-01 5.425676092572826459e-01 4.158799697554286245e-01 4.713612039145793076e-01 4.073008291886783261e-01 4.929829784107805923e-01 3.742033001474005527e-01 3.981769020167996720e-01 3.592117695175225389e-01 4.212980501168414049e-01 3.851841812987161218e-01 3.932888294884344105e-01 4.019849834547134515e-01 4.056405368109625154e-01 3.996503937573561149e-01 3.897078290801953560e-01 3.939832796790952996e-01 4.064786427501350108e-01 3.713754340762498440e-01 4.256009542494695874e-01 3.808498437572023776e-01 4.890268811063484544e-01 4.979583293478497819e-01 3.777364406556590892e-01 3.836208254980795762e-01 3.595998707191658261e-01 3.843137800668660620e-01 3.759691225905926193e-01 3.947118249785876998e-01 3.780002784941112748e-01 3.679949737467959059e-01 4.298321445806968510e-01 3.930527747275133210e-01 3.981524397268201843e-01 4.000419931932140960e-01 4.100869445949625325e-01 3.973775047996983556e-01 5.142742965213109585e-01 4.015096545434128084e-01 3.803102031053027798e-01 3.995860566672339576e-01 3.892577736436195757e-01 3.672561872398923954e-01 4.025350681102105033e-01 3.735881939646524263e-01
4.178952061583181554e-01 4.821152828809763258e-01 3.445910770639240006e-01 4.091097965205181541e-01 4.146300354608089545e-01 4.753203938608533963e-01 4.232337397156318848e-01 3.747194417912058650e-01 3.778444296248948953e-01 3.792801759252654170e-01 3.913204390045936787e-01 3.583229898812837488e-01 3.735602587899815585e-01 3.960133455531122948e-01 4.373594320278529346e-01 3.819179712707517771e-01 3.842802679970703239e-01 3.620790033983500855e-01 4.212749820506431209e-01 3.982864880060030255e-01 3.522766976335793832e-01 4.280278162116200047e-01 3.859006602251201512e-01 4.047555849527412763e-01 3.922667620587116377e-01 3.891917381354366712e-01 4.472223738523447567e-01 4.215073104316399144e-01 4.747337044937186556e-01 3.904149033334570751e-01 3.687759925595084920e-01 4.369364498821560194e-01 3.511133319610114101e-01 4.953877862876645000e-01 4.059909432714664534e-01 3.804223240468356804e-01 4.028568549589146008e-01 4.242625501185510739e-01 3.931839331610405552e-01 3.535759621005307718e-01 3.961638456729134616e-01 4.102437820955874281e-01 3.750807231972032585e-01 4.657954625799743398e-01 3.973193022942134722e-01 3.892777237184525951e-01 4.237472450090145060e-01 4.005362328488927259e-01 3.884836752507664914e-01 4.054244828239210174e-01 3.817210815233211263e-01 3.931256799565091553e-01 4.021375368859015365e-01 3.797330198094036047e-01 3.891725738958258241e-01 5.487193301723700678e-01 3.930033938561350304e-01 4.723757425358835471e-01 4.226089500149850520e-01 3.884801263175052255e-01 4.001047079138454476e-01 3.722415258891397793e-01 3.866316390788488433e-01 3.787423857885663936e-01 4.010002558728039124e-01 3.841467267083533699e-01 4.584951040653532650e-01 3.903794646998909323e-01 3.831811633660546779e-01 3.818204009555901113e-01 3.586353720568454806e-01 4.062358957150640770e-01 3.843756329037053554e-01 4.197410823960751602e-01 3.764242986308739547e-01 3.721738680114659581e-01 4.084597333451464585e-01 3.710313903460928930e-01 3.973306588806495565e-01 4.121658590003686173e-01 4.355591595825032414e-01 3.762088276828681743e-01 4.111251089719775709e-01 3.574162120835056577e-01 4.118933262754262969e-01 4.202754756966526895e-01 3.921562127876230264e-01 3.791284843778693903e-01 3.547273881476268875e-01 3.863262787212397575e-01 4.255515226790447803e-01 3.705454399845317104e-01 3.820673560115280254e-01 3.675681638230814396e-01 3.583572877863016037e-01 4.253390429747878065e-01 3.981736826273412078e-01 3.930611400702005986e-01 4.068513821406616326e-01 3.853752660053122447e-01
4.065757314243540477e-01 3.960146383788002988e-01 3.802502007836640052e-01 3.851764243445878755e-01 3.882155279933541259e-01 3.489478742830769420e-01 3.643117640606322039e-01 3.891945519325223923e-01 4.293206418996544649e-01 4.225119120398125871e-01 4.042000754992591816e-01 4.025708362875794477e-01 4.382795183253607729e-01 3.876875481221701558e-01 3.784141094618987955e-01 4.100908484215499694e-01 5.312192360667624680e-01 4.208715443874064821e-01 4.842978768366580367e-01 3.747219006949654707e-01 4.084279196934114675e-01 3.649264139519610706e-01 4.704477084931281139e-01 3.671646501112749150e-01 3.933165618669189345e-01 4.416245907202951959e-01 4.333810271429213712e-01 4.107874279721676070e-01 3.773564259519467945e-01 4.750528042929535455e-01 3.924699891869660173e-01 4.876336713060666073e-01 4.029429419400237244e-01 4.047826075445735139e-01 3.889510190622292862e-01 3.824974867227941000e-01 3.900306552593545972e-01 3.754744519930180435e-01 4.258651469812479440e-01 4.340095432234924999e-01 3.838186024788255435e-01 3.795168897737922209e-01 3.929747235452886178e-01 3.824355831869081790e-01 4.112730487899259879e-01 3.941218655229479229e-01 4.170481011383760372e-01 3.977003563283807996e-01 4.729529004822594085e-01 5.670099238124024499e-01 4.739267784681988060e-01 3.702734902986251631e-01 4.093252421190005652e-01 4.341110934138114330e-01 4.259365819378926887e-01 3.872953909967997155e-01 3.855703052375423767e-01 3.962291967439674489e-01 4.492624020890165770e-01 4.096909596915745966e-01 3.874194515638044178e-01 4.008725956734913165e-01 4.331782816556096205e-01 4.063603618744415225e-01 4.251625088945628628e-01 3.850424774634981784e-01 4.069974967929328447e-01 4.077941562615183257e-01 3.866532368726959823e-01 4.002917113471911037e-01 4.071535484583356235e-01 3.979037355537749510e-01 4.064108581248447316e-01 3.983497857656701502e-01 4.082726285137075473e-01 3.833908546227491887e-01 3.751004197768033066e-01 4.068251707335748257e-01 3.970465414235614943e-01 4.168071032204124227e-01 3.830644288112821649e-01 4.209487083363158688e-01 3.835251056981184292e-01 3.910361441008425865e-01 3.770058927438263985e-01 4.943252356692399152e-01 3.782046463509138867e-01 3.852799264482005270e-01 3.797829076712477825e-01 4.065578853599545184e-01 3.897664878770994989e-01 4.180712078985538982e-01 4.064512906144999160e-01 3.970707755678313244e-01 5.575399502980264987e-01 4.047172564735195266e-01 4.756026861522641980e-01 3.803476443512092131e-01 4.337038786716038707e-01 4.102836822452534671e-01
4.176604695726083838e-01 4.192976431850793384e-01 4.033162390200628611e-01 3.909727195935590038e-01 5.387592996736592088e-01 3.867205652065669463e-01 3.612870335915741027e-01 3.892352379174105481e-01 4.507968594330970524e-01 3.855385676343773271e-01 4.520588601008050933e-01 3.780122941681530180e-01 4.531153268336389206e-01 4.179432181554385006e-01 3.928573806019570180e-01 5.425941248586489962e-01 4.847118852511086429e-01 5.071657831989848653e-01 3.854164336311430294e-01 3.999492646370017557e-01 4.249332224563614480e-01 3.993506356443952132e-01 3.970436515779058873e-01 3.956890744511252778e-01 4.626271777604978319e-01 3.650220830528756455e-01 3.765141880404772601e-01 4.717162493378461718e-01 4.376543990809111384e-01 4.667359298942111989e-01 4.019556540562613800e-01 5.446157493414087725e-01 3.548486095680226104e-01 4.964484103423186800e-01 3.790870632568056897e-01 3.764422207438433698e-01 4.017567870460137525e-01 3.718864804658729151e-01 4.460470685543049263e-01 4.113992894159340108e-01 3.915931491761990846e-01 4.158242768527499744e-01 4.451893927831488962e-01 3.597134365835265024e-01 4.119988563409024973e-01 3.799272478568883060e-01 3.502470627014584448e-01 3.927895959766667389e-01 3.761194452637307561e-01 4.791997835077954626e-01 3.977359470590867141e-01 4.193535135344210740e-01 4.016067178681085870e-01 3.636448434522694950e-01 4.421092229066450607e-01 4.022548544797098780e-01 4.919718873246444191e-01 4.185704667598448836e-01 4.162025170898315807e-01 4.068435744874868698e-01 3.785626830179295577e-01 4.402256519277487068e-01 3.541489373755629666e-01 5.471018277899758475e-01 3.665115703426311544e-01 3.919842416215911785e-01 4.120336865859095532e-01 3.563213154733569366e-01 4.160944774215491471e-01 4.081799506565417790e-01 3.842008732901110446e-01 3.868996849381680092e-01 4.238551832792037399e-01 3.964246669180936378e-01 5.044591638977531378e-01 3.815778567167055213e-01 3.970688490040609198e-01 3.971640111145095520e-01 3.788378013942479972e-01 4.043737704328750904e-01 4.040703366390364093e-01 3.676842139407250354e-01 4.316102615426868350e-01 5.519100239704392008e-01 4.090137471767541499e-01 4.516547886994860539e-01 3.817476478237340487e-01 3.756680716519436580e-01 4.365790216036994353e-01 3.780782789772893504e-01 4.191452418510310252e-01 3.971831246550738270e-01 3.479083156822807554e-01 4.106513770806444197e-01 3.955669911469375521e-01 4.103226951616041340e-01 3.979817867359995986e-01 4.091091627824357535e-01 4.259421081339709314e-01 3.895047540490807481e-01
3.758528189777161077e-01 3.741011162189992745e-01 3.899445682782454736e-01 3.939566373301124913e-01 4.373364653597478502e-01 3.695423593477566993e-01 4.073252154300879280e-01 4.116653580124362000e-01 3.792282854510810042e-01 3.734876577552652677e-01 5.151802884838668772e-01 4.691868739034916747e-01 4.016292282447943562e-01 3.536459774838709991e-01 4.123991506632506132e-01 4.135789681764369119e-01 4.163170208865541455e-01 4.117652351342176997e-01 4.170175549628057921e-01 4.376219516910938023e-01 3.772367001534254749e-01 4.027225531844987882e-01 3.689354917600793371e-01 3.953652849900808897e-01 5.203119952806183335e-01 3.871165247604316795e-01 3.921352740813815463e-01 5.378830173524047353e-01 3.920644475132958884e-01 3.849405470303298160e-01 3.852894832184826646e-01 5.870229668612695351e-01 4.213892323521327699e-01 4.176463752376564642e-01 3.891417488754993492e-01 4.440755854286222437e-01 3.995711257980132936e-01 3.654888691748259810e-01 4.201416809127027641e-01 3.731177575113476252e-01 3.752365467168963797e-01 4.277362966937298672e-01 4.047997945213673843e-01 4.096535437951914771e-01 4.206943005205293074e-01 3.842018365719962469e-01 4.162086263249456519e-01 3.757840710705406262e-01 4.026855428804884118e-01 3.940764645267269550e-01 3.795527086502077374e-01 3.837539104953772151e-01 4.233712101804595340e-01 3.860693106036004463e-01 4.073200187778124870e-01 4.105003446208540518e-01 4.555005141794926660e-01 3.880930137472703989e-01 4.554214236668128746e-01 3.941984464328215365e-01 4.061501129282344968e-01 4.138281286409014048e-01 3.820062636603875350e-01 3.879475328330815875e-01 3.982520126543221406e-01 3.798102851564061355e-01 3.947158302032682808e-01 3.953077162226784069e-01 6.102685811206887134e-01 4.171652412855212932e-01 4.705852043074790769e-01 4.138083053136848988e-01 3.849609280470588368e-01 3.994769523189731775e-01 3.763207204786914173e-01 3.773909773521976208e-01 3.989596699466195773e-01 4.191743938028200667e-01 3.800046653010306086e-01 3.737007711976045865e-01 4.070723285856990836e-01 3.820743778294806714e-01 4.160464147253822298e-01 3.689583570300912219e-01 4.279968390941537582e-01 4.063174197819801048e-01 4.592350059512816940e-01 3.796333201342851904e-01 3.934021925566087430e-01 4.156029501648630942e-01 4.849438840883025792e-01 4.275872414967564761e-01 3.646906633853195245e-01 5.337336552823731539e-01 4.265507501882789265e-01 4.231014405535563627e-01 4.060203740680117246e-01 4.083135933433519327e-01 3.896626815792073595e-01 3.904291497655487109e-01
4.465045767507293539e-01 4.146098825897895912e-01 3.570915860881925807e-01 3.964504727328077016e-01 5.949044378479004802e-01 3.982290966852636283e-01 3.936884900727001257e-01 3.878537902959374173e-01 3.882537043754361039e-01 4.222453618023678246e-01 4.095260356930186529e-01 4.056924272851469837e-01 4.293545088627763184e-01 4.435720424978944476e-01 4.035688216701722175e-01 4.077630523964356213e-01 4.554365826817431961e-01 4.238949566812532654e-01 3.848985682197536562e-01 3.787759992564552758e-01 4.008139875756337456e-01 4.014750270945920962e-01 3.789361575446317798e-01 4.159991125149141711e-01 4.825314206553836249e-01 4.066752536528094319e-01 4.186568579352335506e-01 4.346129632760017958e-01 4.223743908759383658e-01 4.272178989423513484e-01 3.980291903445609125e-01 4.685109542143592876e-01 4.154423862843139026e-01 4.140100368200648751e-01 4.081141686435917904e-01 4.115696128629517392e-01 3.907024176266666315e-01 3.960786459251196545e-01 3.670186115075735889e-01 4.061173106450909898e-01 4.106887929770275392e-01 4.175010717701306828e-01 4.174560003177125722e-01 4.022271221012253539e-01 4.377191924624526664e-01 4.015806585581614963e-01 4.578987311803199289e-01 5.269772468386116904e-01 4.032285296694628762e-01 3.705502056949110945e-01 3.753707724427423065e-01 3.910704927049070134e-01 3.948108909156237134e-01 4.368663837997691646e-01 3.803183403022803999e-01 3.918010406167397042e-01 3.597278097632346516e-01 3.714195422467828078e-01 4.954199294832022926e-01 3.936494771563494588e-01 3.914015574791370189e-01 3.956294777218592462e-01 4.242978873540240170e-01 4.014820996115913698e-01 3.755921751791990171e-01 4.145947996234291555e-01 3.967476198448692815e-01 3.930333062936229305e-01 3.725960643219407564e-01 3.960037127342602714e-01 4.503886307099577158e-01 3.645117971489514330e-01 4.152216679849861092e-01 3.764657451014609135e-01 4.090670318747198220e-01 3.568248330545614189e-01 4.052749713355283112e-01 3.873785374332066600e-01 4.389994954859794962e-01 3.842099484194506087e-01 4.756647417852898907e-01 4.304841343198389514e-01 3.831192091311221848e-01 3.850996659880512873e-01 4.930373277887246108e-01 4.242700535774463488e-01 4.391439370697132194e-01 3.940465774387624243e-01 3.951468734973729302e-01 4.061691250707055723e-01 3.850680297829793819e-01 4.210519315951722352e-01 5.177716181531538675e-01 4.045787720277601029e-01 3.953084260093306379e-01 3.864344958361852211e-01 4.077333934541806926e-01 3.955011837844642497e-01 4.091887349360581183e-01 5.492014781054370687e-01
3.613747936412207151e-01 4.099609067651408534e-01 3.946500481903182922e-01 3.975638237959150389e-01 5.266028850785942073e-01 4.077427220787531725e-01 3.983652236253567014e-01 3.757815107686878764e-01 3.758649613993743088e-01 3.515208255479752575e-01 3.814677383875129668e-01 4.171426295107423243e-01 4.077274363162064486e-01 3.863434149989870559e-01 3.937365020698204710e-01 3.971027413167060316e-01 4.114042579224997942e-01 3.862285563089383200e-01 3.845052703658349280e-01 3.914373763555525909e-01 4.454681868403450040e-01 4.093062299765294898e-01 3.862515483265667182e-01 3.966187175189152536e-01 5.109385020519023879e-01 4.655633623446872038e-01 4.155911879860543223e-01 3.948630348850411531e-01 3.962102859995895177e-01 3.813059577298456015e-01 3.773459565988260822e-01 4.123435845081884210e-01 3.974483820668305856e-01 4.008271439782237766e-01 3.939585638938828960e-01 4.007748479116666207e-01 3.896926447157417761e-01 4.295497001921462221e-01 3.907852598687939771e-01 3.972540779707759984e-01 3.983558950007841659e-01 3.580581127123764751e-01 5.223900985012789322e-01 3.613731205726832263e-01 4.285643135226310241e-01 5.588954907066923106e-01 4.713408735968968588e-01 4.109248477379486841e-01 3.937322940489535461e-01 3.691176027354291511e-01 4.110607718818553580e-01 3.890874501966019028e-01 4.149614551283650754e-01 3.971023610738566578e-01 5.368234072786823852e-01 4.728067858299881965e-01 3.785453185944726573e-01 3.825451438265882742e-01 3.948135526155697184e-01 3.885895855590921211e-01 4.679658887644745913e-01 3.551480888362272825e-01 4.229928178462381561e-01 3.976095036368922919e-01 4.163848815604143105e-01 5.470952369139191473e-01 3.940261964220334034e-01 4.103555988428407852e-01 4.344544273573161530e-01 4.260943066718329009e-01 5.450716351683423389e-01 4.058816107774960158e-01 4.042221549340489495e-01 4.028182729844599352e-01 4.140655522760804397e-01 3.543593891179563915e-01 3.863834672457928110e-01 3.920360053481591334e-01 3.875246267359545582e-01 5.035338048993999172e-01 3.717111124637195174e-01 3.870408564333966961e-01 6.118390347878478464e-01 3.887986177281809730e-01 4.049676590646255070e-01 3.958005616545757777e-01 3.896960669013865841e-01 4.565449652382847501e-01 4.063910347976281701e-01 4.361366724222052738e-01 3.994217410572371008e-01 3.926225172686307885e-01 3.784881300699196038e-01 3.875067553220317151e-01 3.968738604708773599e-01 4.041161685771533785e-01 4.744815274359820978e-01 3.989561970619281972e-01 4.065985206457961021e-01 3.904335098835554074e-01
4.736182240706545699e-01 3.754507755382606726e-01 3.857473463082332632e-01 3.937844887174175579e-01 4.317071474207195836e-01 3.847544561798227347e-01 3.998423910467909237e-01 4.643992108368971139e-01 4.196301275326138613e-01 3.726730001251404301e-01 4.122652037821609161e-01 4.411439637586259122e-01 4.123130636821414896e-01 3.774484700710302176e-01 3.941820706407730968e-01 3.912760266397812270e-01 3.790487094280606817e-01 4.350713333562182261e-01 3.933902275816136274e-01 4.686208190483189262e-01 5.308480683466800798e-01 3.875827785423928140e-01 3.892050719846897322e-01 3.825393894848003740e-01 3.884887705049487328e-01 4.004982085639505196e-01 4.482427935630534099e-01 4.094151822276504982e-01 4.138632630801880041e-01 3.952033015362271251e-01 3.869019156962179018e-01 4.062561753336998982e-01 4.829815267910059773e-01 4.369067909399010907e-01 4.250140113871019309e-01 4.243732514867794570e-01 3.758380655551585292e-01 4.038731933963727871e-01 4.158845326696216649e-01 3.557750332463541221e-01 3.941667341791797452e-01 4.752643714143718889e-01 4.067367769458458682e-01 4.006470356152142531e-01 4.003248178246141542e-01 4.226678116080755943e-01 3.865491517300475577e-01 4.542187408836146911e-01 3.759778681761293262e-01 4.244929265862541490e-01 3.753205296875720132e-01 4.068521426263604912e-01 4.073741400100469034e-01 4.325788668277809057e-01 4.354334766460076778e-01 4.240564838436877149e-01 3.789796319770823430e-01 4.436590420618421460e-01 4.067682864033013157e-01 3.903068129661280694e-01 3.900905561829001722e-01 4.297408355977889727e-01 3.743174997498436296e-01 3.845689483683514820e-01 3.830834409537532403e-01 3.728839842075230004e-01 3.651547117587540248e-01 3.953701267490302151e-01 4.081543476380140589e-01 4.607172939764214714e-01 3.673473948247070742e-01 4.945587047787849411e-01 3.841458141255147396e-01 3.804197890945061888e-01 4.178422763536785989e-01 4.116077638955104034e-01 3.777156540465573253e-01 4.001623273802945024e-01 4.196200384223425228e-01 4.044255848584896729e-01 3.822919527879198864e-01 4.137985457472164175e-01 3.564019776564809616e-01 4.049114845210042279e-01 4.147717646455501006e-01 4.024888812787674186e-01 4.057670816312501372e-01 4.574643924481869295e-01 3.967601425093769119e-01 5.290521560193371942e-01 3.754603576580661239e-01 4.121689009431639961e-01 4.525400954510334639e-01 3.976211137185612920e-01 4.000332729572007029e-01 4.049335132567474238e-01 3.615653206583043788e-01 3.791871431747735333e-01 3.796914465912001879e-01 3.890804030291259430e-01
3.964704988562106069e-01 4.534468478992882412e-01 3.960712692138408930e-01 4.044915950171492636e-01 3.719997421359540479e-01 3.890808086214986306e-01 4.142650023253638958e-01 5.421224209291795049e-01 4.589353745859372502e-01 4.365109834831761848e-01 3.899882708564056943e-01 4.375521391039399743e-01 3.969572097034706482e-01 5.372173388706834585e-01 3.875642480408643120e-01 3.888519024261466450e-01 3.980613335400987052e-01 4.088272760833976394e-01 4.708594861495287165e-01 4.048378188063095906e-01 3.848764634354405745e-01 4.534168340637071970e-01 4.040263298665966452e-01 3.633671140750517337e-01 4.555587166849774938e-01 3.916682851632448670e-01 3.892439581534239412e-01 3.946756005097994402e-01 3.960855916945024702e-01 3.894917243941072305e-01 3.871207327812986043e-01 3.900138231758868423e-01 4.925021993519715369e-01 3.859219538246878023e-01 4.234377273295850674e-01 4.089282178851575411e-01 4.222824481549481423e-01 3.921639697417512727e-01 5.258983711271852934e-01 3.712891442989543767e-01 3.851008320661228335e-01 3.989715081739982905e-01 4.748019454104282500e-01 3.932672316945872715e-01 3.816269333938042685e-01 3.826077571491264262e-01 3.807658100874801166e-01 3.497163450817586394e-01 3.593401395034873658e-01 3.905211178360622482e-01 3.608516048299394430e-01 4.012734223358286334e-01 3.561336276028823078e-01 4.088429167392705343e-01 3.958796014682089415e-01 3.878718898555699179e-01 3.906285491157855949e-01 4.038571217986038908e-01 4.094264374159933828e-01 3.878273000440943807e-01 4.019643489427515148e-01 3.973125086219704838e-01 4.324136893339920462e-01 3.839471752609767696e-01 4.078371744025495738e-01 4.795427625579740116e-01 4.867789867786593283e-01 4.014931773532711690e-01 3.961200416966600968e-01 4.098780645230134523e-01 3.875746413454151940e-01 4.158104360130310262e-01 4.943497740077892888e-01 3.738904616804195058e-01 4.106655728136895389e-01 4.318340471343333209e-01 3.876784729928306472e-01 4.436635035779420422e-01 3.804106125670734806e-01 3.708125225619656740e-01 4.112930242142822657e-01 3.504928516793247573e-01 3.755952171219943958e-01 4.242358824200449519e-01 4.256735552841858783e-01 4.149430006754064593e-01 4.130478703138876773e-01 6.074931125141883603e-01 4.017034769985247666e-01 3.946376269239038059e-01 4.151597390995769299e-01 5.260351571548839145e-01 3.951066438039040896e-01 3.720741176373009718e-01 3.970516113282204773e-01 3.839749836880311240e-01 3.946823434829958566e-01 4.123792005884175937e-01 3.746025804888168942e-01 4.094529023183131611e-01
3.868267797091721749e-01 3.926008434262137081e-01 4.829996770496850500e-01 3.725153260902468455e-01 5.349538292366446957e-01 3.868327114976231607e-01 3.959709611501633919e-01 3.874332924035234216e-01 3.903056468880564678e-01 3.915965713618438926e-01 3.945222865929124967e-01 3.625716206845377987e-01 4.032922583710260023e-01 3.786339658774345307e-01 4.206360473159978519e-01 4.237216419904867859e-01 4.589514968827527186e-01 3.761943531050668810e-01 3.785139105351104094e-01 4.056226653970396723e-01 3.819812690304189018e-01 4.043352898565135689e-01 3.796267546077518595e-01 4.121965319235553205e-01 3.549032884897694862e-01 4.159337614438601838e-01 3.771586489712008272e-01 4.269405751575062746e-01 5.235741747343788388e-01 6.117361157232709123e-01 3.881173999886800008e-01 3.986946660300958456e-01 3.986892412321107471e-01 3.756337483974024893e-01 4.708914265488801654e-01 4.001218948906393180e-01 3.616927273623840033e-01 4.118546175533551179e-01 4.111323842851631327e-01 4.034659533046419111e-01 4.089532378646494881e-01 3.927277938388740730e-01 4.089574965845630405e-01 4.708909195584142782e-01 4.161041102404011705e-01 4.459613871655685458e-01 3.961462784532701620e-01 4.013228032072068685e-01 4.280929137874410206e-01 4.119461546819725983e-01 4.012408735479180977e-01 4.046651378536254562e-01 3.750699243002796890e-01 5.682140261689051508e-01 3.949883882777338595e-01 3.801152906206891058e-01 4.064536481201663221e-01 3.834949651149209271e-01 3.867646733770999101e-01 3.872610677422585468e-01 4.238354613500803780e-01 3.909160634089951514e-01 5.285966250857296878e-01 3.764788508050043170e-01 4.056002564184471026e-01 3.593130662126085006e-01 3.913470560040532287e-01 3.904135851582457017e-01 4.040077993650681432e-01 3.758015115425674679e-01 3.912417540842866304e-01 3.692912216204751741e-01 3.768798802635279777e-01 3.902137802156361857e-01 3.803178333118145127e-01 3.783207725171273683e-01 3.921582660990099445e-01 3.942867895215038665e-01 4.221528106928185697e-01 4.109720992493701708e-01 3.641004250849235180e-01 3.742812499315320562e-01 4.089627946349316256e-01 4.051065998018043013e-01 3.893326814849557005e-01 4.091607744118639922e-01 4.253716424617449143e-01 4.113283614497552088e-01 4.890287569710722870e-01 3.991054804046112459e-01 3.834875123550722797e-01 4.178952568573647275e-01 3.817736817841578256e-01 3.629477569111859703e-01 4.131686607923873433e-01 3.544259316166051832e-01 4.035284652290868634e-01 5.559496226046043432e-01 4.141199016540245137e-01 3.880592481822417450e-01
