8.444383524464689206e-01 4.765762949333340881e-01 5.636015208653163411e-01 7.496380134507867332e-01 7.256670954335261436e-01 4.856548122362124298e-01 8.207477588023625037e-01 8.157412316293988219e-01 8.667894756531034917e-01 8.816579955231147459e-01 7.134829049366757658e-01 9.665040637897827080e-01 9.151694945653640056e-01 9.577046462013727446e-01 9.370883132559504336e-01 1.002530276977224855e+00 9.689950195564733804e-01 8.345635620661558951e-01 9.584408497702744389e-01 9.706382053479960526e-01 9.331754675222410089e-01 9.685075441666349816e-01 9.804351074358993445e-01 9.604254704033672319e-01 9.823839068024357024e-01 9.558077723631096534e-01 9.475365500658372575e-01 9.815779589213839973e-01 9.801584570388023332e-01 9.637896078129538635e-01 9.661955722668577051e-01 9.643732801425530798e-01 9.628173512823856584e-01 9.628253115638426562e-01 9.447101602851364355e-01 9.303546499385600965e-01 9.403399045323223016e-01 9.723451958570431541e-01 9.628370070542909831e-01 9.003822920320824208e-01 9.696413331778455102e-01 9.477667246658124656e-01 9.139169748945760174e-01 9.941111159107213213e-01 9.626514100304748300e-01 9.513718136718083418e-01 9.717302947309588435e-01 4.223811679508839290e-01 9.481346733679275607e-01 9.583977417845382929e-01 7.666934675687665512e-01 9.719499984991714081e-01 9.729747316544213875e-01 9.035713032496156538e-01 9.102828614777292993e-01 9.245992439792978246e-01 9.540005435406389012e-01 9.530994396797092261e-01 9.194588003790541419e-01 9.891401038396426815e-01 9.641686396761744993e-01 9.858467517020887971e-01 9.575032510805112640e-01 9.704081532138894017e-01 9.955775834538992397e-01 9.806929593221710428e-01 9.345222246788927878e-01 9.861431803369596905e-01 9.262682700690886284e-01 9.667597112904201540e-01 9.986081850704385809e-01 9.414915735603439639e-01 9.768986605492363529e-01 8.737704587920686050e-01 9.882044033708422548e-01 9.139084022837761223e-01 1.003752180180870868e+00 9.423881461841365770e-01 8.534768846432595479e-01 9.246689882914478353e-01 9.516092749909633719e-01 9.159227208899968220e-01 9.910263231473402934e-01 9.763808136239928714e-01 9.796912497502120454e-01 1.001708224834456429e+00 9.629813943133336274e-01 1.000180279425257002e+00 9.784663461327862688e-01 9.531829614020732588e-01 9.970581958048967408e-01 9.978209744672779102e-01 1.003499533094013296e+00 9.982598309072944209e-01 9.978808602770080638e-01 9.563600934303552181e-01 9.758988491982401037e-01 9.986587022412232173e-01 1.010988749587539148e+00 9.843080292964553335e-01
3.417547224186904820e-01 6.568943662518500481e-01 8.035207912354520587e-01 4.606761225864986486e-01 3.999391750697713355e-01 8.856442595450312316e-01 8.643757346165454880e-01 9.420916563163312940e-01 9.126688639950564230e-01 1.039063008997068049e+00 7.904133917883952032e-01 1.031365049430566394e+00 9.331586896982471124e-01 1.070887357000978257e+00 1.066258881964286864e+00 9.645807373239086990e-01 1.063776743740133091e+00 1.110320876816677682e+00 1.041543677630798914e+00 1.071781112909793832e+00 1.078508530467887194e+00 1.062389082983379307e+00 1.040454588661616109e+00 1.070880988775812837e+00 1.047784660758936726e+00 9.898742867217129593e-01 1.086766893848959858e+00 1.072696912674951930e+00 1.038844040024066828e+00 9.839729626800509665e-01 1.059207174786223060e+00 1.062057935274768994e+00 9.985385019912228488e-01 1.012906626322261916e+00 1.027947027038809580e+00 1.024486202825987791e+00 1.073244824970928990e+00 8.491194878066451457e-01 1.093366701972004362e+00 1.081702562786031718e+00 1.104398060015081784e+00 1.085123034495160121e+00 1.068423711122978625e+00 1.064831664731985317e+00 1.096189907640122474e+00 1.084328231008148125e+00 1.063038274552662754e+00 8.162691207558648854e-01 1.076257485337722919e+00 1.107010869320998570e+00 1.086807552517324860e+00 1.081502698488527425e+00 1.124166133121861977e+00 1.063851570385828671e+00 1.079500871400900675e+00 9.884790330811079606e-01 1.091874455363492924e+00 9.969424655590991557e-01 1.036691824849837795e+00 1.080644335215728224e+00 9.752387581666539518e-01 1.109090339769297939e+00 1.072744919295430810e+00 1.029396165661584872e+00 1.011247826132496641e+00 1.116166172723469519e+00 1.103423354167142323e+00 1.115216449912717955e+00 1.019787126216066264e+00 1.117816400302435120e+00 1.118556094148591029e+00 1.074245371117136472e+00 1.022742839953975746e+00 1.091019521135013548e+00 1.064449571222050306e+00 1.053016280198330046e+00 1.082851660030813346e+00 1.079061463864475545e+00 1.116800300990919093e+00 1.087087999356347368e+00 1.083291434964844147e+00 1.087445844624305602e+00 5.270232315423656333e-01 1.098485897744051476e+00 1.071655462928642333e+00 1.113144449882401466e+00 1.079076404700441083e+00 1.120670467369432322e+00 1.069540109980852360e+00 1.091475461563695459e+00 1.061457117723570320e+00 1.082564355103150744e+00 1.102841028962097347e+00 1.104399039742030464e+00 1.072530359093698094e+00 1.086055857016049009e+00 1.066078244808147613e+00 1.076193068290855814e+00 1.078437500264117332e+00 1.089468368443720525e+00
6.237541837231016517e-01 4.547199950686520165e-01 8.476045237795140075e-01 5.986077158334485171e-01 2.668106013386908337e-01 9.804689692485586416e-01 8.663249013806875176e-01 9.933103728290838541e-01 1.010388605598617540e+00 9.948848552683394741e-01 8.843572657322410491e-01 1.059457005158103593e+00 1.065455383400606415e+00 9.262209982438209810e-01 1.108383589241787037e+00 1.055428612877399308e+00 1.026178558663740858e+00 1.087601376277388177e+00 1.034919866197514748e+00 1.034998121887530376e+00 9.002326999736255386e-01 1.026913598806891148e+00 9.846610983955393914e-01 1.042036847683525780e+00 1.048776144430870305e+00 1.058756990253364005e+00 1.065610547656083096e+00 9.615045784042617338e-01 1.064814152112779855e+00 9.283519655898535561e-01 1.065256866227656252e+00 9.604621489310035676e-01 1.064130057770954263e+00 1.032490878160319925e+00 1.053339835023088922e+00 1.050579821743152342e+00 1.024928549543258516e+00 1.105773351719110176e+00 1.082190466806410178e+00 1.047297981397244060e+00 1.082186792830353017e+00 9.829001616713877176e-01 1.004279212046256919e+00 1.031561729615487977e+00 1.074459931318869188e+00 1.048020407555931843e+00 1.067033845980590590e+00 1.064587222858321747e+00 1.037983472365633597e+00 1.079132249136508515e+00 1.020799000455116401e+00 1.079720452703244682e+00 1.017574412902763958e+00 1.054183257459922585e+00 1.074168707483412533e+00 1.038348543119837375e+00 8.428137202340344469e-01 1.047265038078599053e+00 1.059608005574048883e+00 1.096876696231056547e+00 1.044684682227853045e+00 1.075992101800534284e+00 1.091241551754728922e+00 1.065626590684865649e+00 1.090419683310763332e+00 6.383925902260720875e-01 6.018713699978743836e-01 1.073147464605416657e+00 1.046794401745688941e+00 1.034383098295577508e+00 1.070675735980091359e+00 1.110709093620040999e+00 1.107994025313869368e+00 1.119835005214055546e+00 1.096154515004106100e+00 1.042202911401305165e+00 1.102359615632753087e+00 1.054639565286210168e+00 9.787226059627666119e-01 1.101621513842888644e+00 1.090834842605211907e+00 9.632645354014648387e-01 1.109174963684478987e+00 1.093770471940676003e+00 7.391491792054694088e-01 8.463930914076308598e-01 1.073496982194312332e+00 9.398745342317607054e-01 1.085988378322467529e+00 9.437454966384195565e-01 1.075716920993859960e+00 1.086515471420788082e+00 1.101461573418537787e+00 1.052250990985643231e+00 1.086695863645189997e+00 1.105417098507443407e+00 1.106083925161800874e+00 1.112778889264723459e+00 2.234710479532210914e-01 6.564882081987414297e-01
7.204727668511121674e-01 3.181691126404146974e-01 5.120842325649929139e-01 8.752212507040696421e-01 8.317118218506612815e-01 6.133892849367759137e-01 7.537651132215574812e-01 8.621288533259126030e-01 8.594140299514779757e-01 9.516797540983247261e-01 9.287160566171087650e-01 9.695938164208407484e-01 9.383576107507324293e-01 9.653689888869522173e-01 9.520562754112397164e-01 9.243710900661540331e-01 9.632687604739305076e-01 9.944516322582770407e-01 9.453494321190659688e-01 9.112924700982110160e-01 9.535551964095883015e-01 8.285214635085739188e-01 9.846018861480863027e-01 9.681677013813564381e-01 1.011097131881222522e+00 1.007726258848864687e+00 1.029001948030661806e+00 1.041129498063299019e+00 1.006076582366307814e+00 9.820169378272690652e-01 1.025759786626169623e+00 1.027364334436158932e+00 1.048031184552365769e+00 1.074654162186419404e+00 1.084446655503054302e+00 1.069196470753648098e+00 1.080579305839518112e+00 1.042250428158309816e+00 1.067504604779369259e+00 1.064279098733002415e+00 1.071908599878974133e+00 9.695819372315895857e-01 1.059050296008586356e+00 1.094938918792691451e+00 1.115687821040839633e+00 1.096593065279451107e+00 1.011602977151346172e+00 1.118702195929793586e+00 1.040175121549541837e+00 1.115688310904313862e+00 1.099809508851543827e+00 1.106198308283044218e+00 1.058930769320863163e+00 1.008801264243162077e+00 9.845142005861909906e-01 1.085170428786296215e+00 1.114129932726775074e+00 1.073279237879996906e+00 8.674914500117402172e-01 1.071016191094712688e+00 9.829054889366704018e-01 1.067378709866480424e+00 1.088342907111572666e+00 1.088524034131185925e+00 6.634222256771103998e-01 1.095993349921069449e+00 1.075615764186422130e+00 1.070436437672907859e+00 1.065318711491283654e+00 9.248895493207404117e-01 1.109732918181678629e+00 7.335066255440934047e-01 5.852024793940322489e-01 1.121314637838104478e+00 1.042621622205942122e+00 6.584354155089863214e-01 1.096192601889230955e+00 1.107990718735418101e+00 1.104401856457007502e+00 9.502832145660996543e-01 1.084550996423074842e+00 1.098117520411396431e+00 1.094933040431000260e+00 1.057612914109193669e+00 1.105731958255533831e+00 1.104394263573156287e+00 1.103849290458024823e+00 1.079028887943436210e+00 9.356398481954522062e-01 8.259834808483528246e-01 1.098626121163562841e+00 1.070840085175710721e+00 8.677033159643643412e-01 1.071344767020083077e+00 1.093040085500531333e+00 1.122633350310854095e+00 1.093815906777914959e+00 1.072167615190997125e+00 1.080705935547618290e+00 1.069321141007851139e+00
7.581332870546059199e-01 6.790831609496965626e-01 3.797549017086599421e-01 6.295072015979268354e-01 8.263909247930814050e-01 3.932720719519481323e-01 7.882496035895862896e-01 8.506203070259565902e-01 8.922565591866697954e-01 9.608111154234905138e-01 9.852175833023162355e-01 1.051215174669287711e+00 1.042467805075019571e+00 1.059244159478530900e+00 1.113547240124124427e+00 1.111321055565279714e+00 9.926393823351949974e-01 1.100206788129181046e+00 1.064424098321387957e+00 1.076524093533597348e+00 1.075731371966351047e+00 1.078205549909047933e+00 1.093844808722897355e+00 1.024826413008872006e+00 1.061127194673645802e+00 1.101655191956744995e+00 1.085395031189251513e+00 1.087910969993130195e+00 9.466162190635422080e-01 1.073948881249331411e+00 8.815888023073733537e-01 1.081980192910077410e+00 8.851221875473221923e-01 1.108458538353351175e+00 1.093330329609039531e+00 1.055685423803788270e+00 1.092412937787590188e+00 1.106589831664858803e+00 1.061302075933961975e+00 9.661293182319619088e-01 1.095694778133498470e+00 1.134772901998611250e+00 1.058210302616072518e+00 1.073962352494873818e+00 1.091477788415198269e+00 1.045378083975690098e+00 1.092721674242252305e+00 1.084410283140089248e+00 1.108903211922124710e+00 1.072471942874390960e+00 1.041686595299418761e+00 1.109290204066802232e+00 1.137013537529947049e+00 1.079327459731007188e+00 1.076080522157641051e+00 1.024232514779247261e+00 1.014666093455990570e+00 1.034141718068628313e+00 9.916832300663436239e-01 1.032290646465209960e+00 1.001616008035424166e+00 7.303767041081447031e-01 1.088956461113102625e+00 1.106286606174282428e+00 1.087524345246058344e+00 1.075445046765637125e+00 1.034793726352889021e+00 2.771439957803271681e-01 9.406651126463069224e-01 1.076269119595236967e+00 1.080086625650265697e+00 1.035148265042395765e+00 1.118110073455263143e+00 1.056535091999919018e+00 1.090254599319932627e+00 6.662020784277550289e-01 1.055474537578112715e+00 1.082991516052719039e+00 1.056461857410514904e+00 1.094450524908838984e+00 1.080076705914911450e+00 1.046141536200348332e+00 1.094289482291670890e+00 1.082945223954399960e+00 1.077802882133193529e+00 1.066591989126794093e+00 1.083743211553994668e+00 1.123285113663377466e+00 1.069799982553955475e+00 1.083162723336978273e+00 1.078686595840786300e+00 1.096967320973797566e+00 1.117918046973347179e+00 1.067130226619154243e+00 1.078940345120461108e+00 1.069126542742695252e+00 1.103548391818951036e+00 1.026028293043006911e+00 1.085833948862202414e+00 1.076596838259527233e+00
2.309099003582980592e-01 7.572494508811444813e-01 7.304724111844311807e-01 7.108737083738818630e-01 7.310540628271989805e-01 5.651267720254071758e-01 6.703357913554284231e-01 7.768561752060850756e-01 8.018559902181269239e-01 7.751531648377664174e-01 7.936350401599020499e-01 7.625991274178380852e-01 7.636770107600469037e-01 8.856419326935284220e-01 8.869785864160233402e-01 9.367833732432140348e-01 1.033684920378866501e+00 1.041355080193202776e+00 1.065251477729439289e+00 1.089696522356864206e+00 9.881510082521461902e-01 1.061373596001206288e+00 9.429799012610613484e-01 1.008726376364532218e+00 1.016624996256683788e+00 8.568649641301514519e-01 1.072214764550396326e+00 9.553839792249271268e-01 1.085166632344370496e+00 1.089111013039236520e+00 1.067751863368009646e+00 1.086480078784771708e+00 9.339254485013567253e-01 1.074230185349434041e+00 1.059298656790043980e+00 9.674373761741459354e-01 1.089233846305410980e+00 1.109920780824063424e+00 9.708901176396421695e-01 9.292345158716950326e-01 1.106049144855127286e+00 1.084461473873151061e+00 9.588001033957211927e-01 7.507830080889713598e-01 1.152888175743185917e+00 1.283748589738969548e+00 1.072110423630375564e+00 1.277231691008946068e+00 1.187972565168399219e+00 1.351236590726424103e+00 1.345303486791868286e+00 1.174652809905244011e+00 1.119156544302184031e+00 1.328202230439043952e+00 1.350276580782712843e+00 1.360024618989057021e+00 1.344816929896044178e+00 1.328333636316018307e+00 1.253963175980862266e+00 1.328217661138483496e+00 1.168530373737880934e+00 1.298089220482514738e+00 1.345081701103890248e+00 6.013853029655246152e-01 1.025912072933734986e+00 1.127574235778264766e+00 1.314824058956581387e+00 1.314631052747716744e+00 1.179503560493388115e+00 1.309399923171797875e+00 1.316462162414558490e+00 1.254915593040722310e+00 1.062246900109970804e+00 1.297902460032947403e+00 9.292386184782921443e-01 1.279880872677827686e+00 1.216909657854930105e+00 1.330759685172367313e+00 9.971654759057630990e-01 1.019439629314002005e+00 8.359118500461647505e-01 1.314682855810121342e+00 6.883911792902729365e-01 1.275753405509451488e+00 1.331308087331818824e+00 1.285510506190069790e+00 1.099462930443493969e+00 1.375359917517118502e+00 9.581142332988012988e-01 1.371501385396119543e+00 3.726107940327610946e-01 1.323278490193232626e+00 1.312916040724278366e+00 1.354628650354044339e+00 1.326442028510103510e+00 9.039385171565194055e-01 1.333576890012925453e+00 1.374380802897910536e+00 1.322591824068167110e+00 8.813936529458088476e-01
5.993818225886723416e-01 7.566191190556205148e-01 6.543818564922913028e-01 6.267890716450408295e-01 5.743703120861820555e-01 6.916340142570421845e-01 7.928663831358295777e-01 8.040169617019587989e-01 8.047636973355574153e-01 7.759290473480844330e-01 9.297090711123994211e-01 9.283154095280856666e-01 9.547571989095916534e-01 9.373894568267613359e-01 9.360027145640217316e-01 9.324395701180107077e-01 9.618411758440232884e-01 9.367246508592352860e-01 9.339989892554323436e-01 9.056289747733096140e-01 9.193880151070213946e-01 9.692624237804934317e-01 9.677421324880796094e-01 9.824308724630318457e-01 7.336183144162281566e-01 1.026049112240663641e+00 1.001890147882215532e+00 9.953121999167104939e-01 9.961825648446294146e-01 9.318067889751153743e-01 9.380158085115567479e-01 1.000667326184555339e+00 9.611801050854885675e-01 9.882190380421362885e-01 9.385604754620168189e-01 9.998085955141505776e-01 9.067172677143467974e-01 1.002457532251294969e+00 1.017136964820235967e+00 9.294158878230455167e-01 1.031592835946104625e+00 1.030983568249974391e+00 9.838971563074068172e-01 9.635943359855208001e-01 9.823105497471629199e-01 1.044425789381698610e+00 9.849537305884846772e-01 1.007645370142674857e+00 9.989077365849580170e-01 9.987034635161851082e-01 9.597746867777922075e-01 9.936601965826508120e-01 1.017666384770059329e+00 6.747770160790782512e-01 9.911385018829493854e-01 9.972815735491663558e-01 1.018300574270443182e+00 9.371794890950999601e-01 9.664679363585548799e-01 9.570533727123236023e-01 9.791405207392579468e-01 1.007761773950749618e+00 1.001364830538989281e+00 9.800754251799126404e-01 9.938724299328806078e-01 9.756345678538684840e-01 9.743199579877160899e-01 1.014243831141165231e+00 7.224765533926359451e-01 1.015669578783043869e+00 4.028566794566873499e-01 1.008902053652994235e+00 1.040419440957336850e+00 4.522414695876211255e-01 1.040192021839404291e+00 1.060500169426573214e+00 1.056829132550352934e+00 1.054340993498639412e+00 9.836696147236058119e-01 1.041212284990451487e+00 1.040257908476694526e+00 9.828715658910768260e-01 1.014345171647405897e+00 1.021879333114696697e+00 1.061199204604364121e+00 1.022357623564392304e+00 9.658096823149971977e-01 9.971207146308010971e-01 9.846113772529003771e-01 1.053766383643314208e+00 9.673145429079713642e-01 1.013292148876516530e+00 9.237803759491122202e-01 9.685706140889479565e-01 9.722224238238028615e-01 1.004237206253337789e+00 1.040728789741341753e+00 9.417080319830394286e-01 9.891745167487104862e-01 1.004099677082934905e+00
9.358964754230383321e-01 6.363510229640948479e-01 4.658720432252040911e-01 7.108149859899031142e-01 6.437922328371417091e-01 2.808374132940283374e-01 9.162331718668188518e-01 8.977852195902769061e-01 9.698697320227264163e-01 9.152267473589199565e-01 9.105816781970372809e-01 9.090471808638694862e-01 9.204289137569223733e-01 9.753909832412850367e-01 9.469735132350919349e-01 9.788272530474587674e-01 8.960989870459521445e-01 9.439702827401776908e-01 9.933757083699653601e-01 9.476555256571519426e-01 9.914045589824151961e-01 1.010585530715276237e+00 1.032306199630518284e+00 9.880545663806482581e-01 9.462325334973159530e-01 1.009229833550218780e+00 8.487133297535365273e-01 1.051278856920943472e+00 9.107657443974963574e-01 1.044013691733964189e+00 1.025168337713916245e+00 1.029017746127707023e+00 8.999941364616533823e-01 1.039960071484334891e+00 1.033224081315441856e+00 9.586191600749107700e-01 1.057158933134408896e+00 1.085822314604688366e+00 1.042900721920410501e+00 1.062799955972427712e+00 1.014176352447583751e+00 1.064939557162194461e+00 9.022878609470139644e-01 1.062068589805334584e+00 1.091346872401698143e+00 1.086216164838005760e+00 1.073813189066957108e+00 1.093120545576180991e+00 1.017342768712365952e+00 1.056339391541946116e+00 1.046010742652716763e+00 1.122175572894143603e+00 1.152743543552406047e+00 8.672884628345872704e-01 1.082234432053226225e+00 1.164155158117389677e+00 1.275654453087647688e+00 1.274218050915203682e+00 1.192700849887974535e+00 1.183391361956975363e+00 1.199835343993190806e+00 1.265696753314313527e+00 1.227632401909213966e+00 1.300922835749461104e+00 1.126841522486617286e+00 1.223146844541142197e+00 1.302355319014111057e+00 1.309242921928292613e+00 1.335734983548845900e+00 1.357462510552727819e+00 1.079281290098556667e+00 1.322068527411772276e+00 1.339350053523130191e+00 1.295263565497025482e+00 1.131660554414802178e+00 1.329458975182297609e+00 1.338244676593427718e+00 1.309414006746683290e+00 1.339197093653287762e+00 1.286103240993943020e+00 1.081539070851492257e+00 1.317789814895713452e+00 1.315753942296624679e+00 1.392118759301424591e+00 1.301263535795819770e+00 1.271799717408574226e+00 1.293995921291469120e+00 1.228269469357509136e+00 1.335059094420214532e+00 1.323013474053649663e+00 1.328031268086521610e+00 1.358911894107240448e+00 7.329486098139593730e-01 1.371936384161275946e+00 1.256527733734562835e+00 1.290412692443012821e+00 1.317765321721999783e+00 1.329054837816020296e+00 1.335065340179511395e+00 1.283975763925164770e+00
9.194464925592630289e-01 1.587228993020899093e-01 6.860185867855540520e-01 3.574315170212563064e-01 5.479822852209779160e-01 7.324584401750124929e-01 9.096846769427047175e-01 8.431590127504643428e-01 6.501578249865483938e-01 9.037749639890456654e-01 1.064325268365452937e+00 9.922264886593151756e-01 1.116930727140944990e+00 1.085756060569792458e+00 8.868256265461808008e-01 1.010966399566525231e+00 1.027724139158014083e+00 9.857347566652825410e-01 1.069666494757215425e+00 8.757908394587834433e-01 1.083501586395308358e+00 1.126214374773676141e+00 1.109171534640158940e+00 1.093779656880818685e+00 1.088141328291908350e+00 1.002722180993272261e+00 9.398854336940632992e-01 9.350475420221189271e-01 1.087761561633476148e+00 1.050899090262511493e+00 8.852041172133947589e-01 1.008120354013919195e+00 1.103511284660774860e+00 9.385390439350171921e-01 1.075086834100073219e+00 1.083647688176510915e+00 1.070003030964042479e+00 1.048572483691440294e+00 1.074588030617392276e+00 1.007589097076067475e+00 1.033672061462666658e+00 1.095000764056318854e+00 1.079400939252148417e+00 1.066213079729442015e+00 9.993007295571955106e-01 1.048676947077329391e+00 1.009254204258064114e+00 1.064304694099533322e+00 1.022245077431177540e+00 1.050082732782631423e+00 4.504475895448244449e-01 1.094121214188257252e+00 1.122860402031180760e+00 1.101758185752211405e+00 1.067374301095211919e+00 1.125374258915293746e+00 1.034675546789719958e+00 9.963620998079513180e-01 1.059748351459428806e+00 1.085013427542790954e+00 1.086392760620481956e+00 1.101173778627400957e+00 1.090650776404752831e+00 1.094812289084591272e+00 7.701272268246346364e-01 1.090331140487788009e+00 8.763141973481124447e-01 1.056930901687133550e+00 1.086544495831638812e+00 1.093957477321980676e+00 1.102616549025010606e+00 9.692709351583589372e-01 1.066635097112530239e+00 9.179061780973380991e-01 9.672863145252662553e-01 9.573042440440868717e-01 8.556554299792310525e-01 1.115500448261929289e+00 1.088143042814068151e+00 8.456849325226314384e-01 1.010488966377909525e+00 1.081970885504066171e+00 1.073041164231498978e+00 1.024080902033959184e+00 1.104233710819462422e+00 1.103109964009474586e+00 1.098278563028564303e+00 1.095650078091470858e+00 1.048056167589553889e+00 1.043574651595144953e+00 9.672718023198408899e-01 1.013725371886578852e+00 1.127933673102514467e+00 1.073588709129870367e+00 1.111214265327887585e+00 1.112343890499566834e+00 1.098635918433048309e+00 1.079556593371099549e+00 1.085824274058585281e+00 1.006762329997359151e+00
7.365353901726041652e-01 6.510562345983695876e-01 6.877335375760581515e-01 3.956035771577621762e-01 3.972617650181845539e-01 7.499497503192288361e-01 8.418310541046378770e-01 8.243168428429991090e-01 8.633770254583663650e-01 8.399454471262830513e-01 1.022386219344703084e+00 1.013233855123077731e+00 9.907553061801973593e-01 1.037579090067619170e+00 1.027349271134324837e+00 1.006859445431134148e+00 1.055482987723044053e+00 1.043134264331771366e+00 1.044628347928311385e+00 1.015040532849139865e+00 1.037329014764001522e+00 1.025840491633556617e+00 1.054774645139241684e+00 1.069392906006832566e+00 1.077777899096005410e+00 1.039257974659829609e+00 1.067185336260010109e+00 1.014635415755914094e+00 1.064516437586288999e+00 9.913363454936223729e-01 1.064518152108449023e+00 1.068982767812995283e+00 1.101477126583845889e+00 1.044984723605846710e+00 1.070327565515750035e+00 1.136753787422712492e+00 1.116993552131520850e+00 1.105855648782788414e+00 9.414316877506136994e-01 8.112848823709807311e-01 1.098548600268758779e+00 7.508605902167097002e-01 1.058460377919690165e+00 1.085542480095008422e+00 1.093951843892026599e+00 1.084103751071061383e+00 1.106039225119773262e+00 1.081271850326275041e+00 1.096822811248886254e+00 1.065076351537385779e+00 9.525925534497027281e-01 1.117193783826630815e+00 1.106252805594557298e+00 1.099614298257044931e+00 1.070715659853244794e+00 1.109538074984785627e+00 1.087083835516816199e+00 1.102456363668922634e+00 1.102273154729543458e+00 1.098493735559639806e+00 1.041926873333550940e+00 1.050049666998117859e+00 1.073698316082239534e+00 1.060172205830545611e+00 1.114293302195445978e+00 9.692429517073910539e-01 1.069758834022116245e+00 5.606153131261332190e-01 1.071612110011168850e+00 1.032892566209225871e+00 1.032524801205913612e+00 9.453286129214092393e-01 9.491392608877979864e-01 8.160448245175809801e-01 1.098205205973291632e+00 9.723505843552602279e-01 1.114364209933347283e+00 1.101502599484508238e+00 1.092474415653611697e+00 1.096562938675783139e+00 4.510455903810461908e-01 8.673497570018060543e-01 1.087856595147485672e+00 1.121761025929038036e+00 1.106619468405052542e+00 8.172844852721693476e-01 1.117200152051796458e+00 1.094807267983979981e+00 1.105160899910397232e+00 1.071983548990538271e+00 1.000521714266827011e+00 1.098940491048179036e+00 1.094534291562939909e+00 1.101227051280228242e+00 1.086203550853543032e+00 9.904051150290247296e-01 1.141195991873310778e+00 9.489239046579196479e-01 1.091895029629412539e+00 1.094292666404253600e+00
8.135647682131930125e-01 2.356430377879153160e-01 6.352444213757065805e-01 4.149534293233795856e-01 5.978195867362735560e-01 6.752316093832058108e-01 8.395571078570511769e-01 8.411297533082783273e-01 8.546223691449184034e-01 8.304206029654055410e-01 8.676933349960759267e-01 8.819091117866152407e-01 9.045241489400156487e-01 7.999874059955032202e-01 9.318284042009178370e-01 9.048404782785289813e-01 8.882863381935358627e-01 9.992108396096659462e-01 9.684140414759826454e-01 9.678876219399393799e-01 9.204714706462501228e-01 9.497619385965363481e-01 8.843477746274269746e-01 9.775223792178575621e-01 7.919505221377373116e-01 1.090565050296754546e+00 1.207052380093822430e+00 1.304011302488899293e+00 1.275196185807463189e+00 1.292803103731608338e+00 1.341749527286000054e+00 1.290996242306743369e+00 1.343218382913614839e+00 1.281122064255773241e+00 1.327726817937259440e+00 1.348822665991063152e+00 1.229160531017216229e+00 1.335570022023883752e+00 1.248385467996893539e+00 1.292072594825595111e+00 1.238836681758710645e+00 1.262865464898869972e+00 1.213606630913759199e+00 1.058534592236042959e+00 1.306139024489414657e+00 1.112780726252752039e+00 1.124785198087477678e+00 1.303609736905861904e+00 1.291638330855650052e+00 1.320338207154762911e+00 1.113357050630237044e+00 1.321215797568927375e+00 1.262797496341814263e+00 8.523755490872197971e-01 3.777962438397038381e-01 1.253480293061095319e+00 1.320585465743403519e+00 1.239992637092132144e+00 1.035115566655487873e+00 8.990102456735712400e-01 1.332597530461980373e+00 7.946814497738886596e-01 1.309906564470067147e+00 1.335754210690211385e+00 1.067418388807896745e+00 8.060569981405788509e-01 1.349004160408282305e+00 1.287584343208414861e+00 1.325603259776275467e+00 1.323913843119367995e+00 1.334658141166519929e+00 1.351840347458468594e+00 1.347676018063652892e+00 1.326325685934963250e+00 8.917352219841722105e-01 1.287094969597613714e+00 1.167206150301045797e+00 1.352169780644918884e+00 1.327814870896760535e+00 7.124600700023886457e-01 1.202141621230079505e+00 1.341267256695575893e+00 1.305706719973366736e+00 1.333787653772732451e+00 1.330174543252345298e+00 1.148916117762023292e+00 1.313928098662131561e+00 9.452382943433397244e-01 1.334958672407988045e+00 1.326547839020547181e+00 1.356081952816351022e+00 1.219850063359268377e+00 1.348810664335943432e+00 1.193745238815129728e+00 1.313383860342211440e+00 2.727906097009084041e-01 4.681341715164738515e-01 1.359712943353549308e+00 4.868885333961751605e-01 8.955605658547891590e-01
6.946244470686909755e-01 4.579918544462720509e-01 6.245360670609795273e-01 7.394146852085267119e-01 7.578393077371063935e-01 6.162074082713483447e-01 9.080266115481507860e-01 9.223543221425620775e-01 9.156930361534959539e-01 8.960348149308221544e-01 9.625886462728332482e-01 9.614821059173793705e-01 9.619112263208445812e-01 9.402469529380785840e-01 9.613849292506699840e-01 8.939092973159409317e-01 8.966429804341350396e-01 9.450552691027634955e-01 8.525016889318457469e-01 1.017095816288396959e+00 9.928972342214668068e-01 9.997171135103296580e-01 9.620643086565556779e-01 9.755119182864967486e-01 1.012206978815128000e+00 9.837857735999434583e-01 9.998230464866416645e-01 1.027819907467234950e+00 1.017237631764199568e+00 1.041038873320558000e+00 9.891303065701571029e-01 9.952799301603425519e-01 1.041331934144043236e+00 1.016707721950902199e+00 1.044821109205438914e+00 1.036074964269856347e+00 9.855558340313034238e-01 1.016521390131874591e+00 1.016082839856529585e+00 1.016224716565266473e+00 1.026678770503910432e+00 1.019056372378315700e+00 9.267539084708984465e-01 1.030471415987619377e+00 9.851054657996415331e-01 1.030435166090523103e+00 9.994584043629778369e-01 9.819442543342734586e-01 1.014559425684467220e+00 1.057441951756671550e+00 9.518170383369903842e-01 1.027640617435650272e+00 1.009469805419679567e+00 9.974006103734153195e-01 1.014182353275143722e+00 9.782140664435344801e-01 1.033154643167963238e+00 1.033568700269594576e+00 1.006778556724944540e+00 1.047842342183032738e+00 7.612504720402234470e-01 1.065906915058019822e+00 1.040626285809349572e+00 1.055914190046274959e+00 1.029626156562757133e+00 1.036798615087229702e+00 5.719866976532920200e-01 1.056085152398797078e+00 1.054441293044997341e+00 4.793610463187214510e-01 1.050976366225578440e+00 9.808408368584680126e-01 1.077526109270227739e+00 9.351214501738002172e-01 1.020706232559675630e+00 9.476441363313750088e-01 1.014365194816917004e+00 1.032589218252780716e+00 1.044386110440282289e+00 8.914111160630047159e-01 9.947652673476818919e-01 9.543435704385003771e-01 9.820060995979007501e-01 1.030509013009270225e+00 1.045855333465502746e+00 6.912676576112184446e-01 9.685901473949847240e-01 1.009425044144717676e+00 1.028469711365861405e+00 1.008275518269396098e+00 1.061489203781135204e+00 1.052054188334852869e+00 1.051718631854974273e+00 1.022711856089227878e+00 1.036327366424976804e+00 1.041629771136402871e+00 1.041452440558715109e+00 9.933368254566947719e-01 1.041944385952756180e+00 1.022952440288031228e+00
4.631962252299087202e-01 8.137709395029286696e-01 4.596745967133424871e-01 5.025819833568663242e-01 6.493148924131888489e-01 3.746083348149877867e-01 8.277810961001408341e-01 8.251610000750443374e-01 7.442609045595337536e-01 8.415890003154115062e-01 8.791120525814366538e-01 8.986667289122355351e-01 9.323828684208633755e-01 9.333204671106265504e-01 9.637408663972634182e-01 1.007799003574794572e+00 1.009412246461452112e+00 1.035349598930322967e+00 1.035993402001389452e+00 1.118136403617005392e+00 1.089798046561907707e+00 9.171729749422162792e-01 1.082866111003304432e+00 9.539891542148620784e-01 9.786029568091748621e-01 9.152021317193376193e-01 9.540164641035528970e-01 1.114007466858206286e+00 1.114152711378328942e+00 9.848367144510671300e-01 1.106367433647537757e+00 9.681169392788345762e-01 1.123066757019719253e+00 9.776005124420044101e-01 9.294927963885067923e-01 7.994644767367141691e-01 1.112744353889786986e+00 8.308066153831346057e-01 1.195320149884925298e+00 1.151829335843539415e+00 1.111692861942254806e+00 1.122423811209732669e+00 1.161194300813000346e+00 1.120001926192914832e+00 7.338220976215267255e-01 9.025302209009117282e-01 1.177417476888186210e+00 1.194885273585637231e+00 1.157131373157359810e+00 1.136864129170293003e+00 1.129915538253564389e+00 1.297529428997286516e+00 1.306964689375305966e+00 1.306878228472096337e+00 1.301902685163880635e+00 1.287242418503370622e+00 1.284028914112123720e+00 1.298673505141456852e+00 1.201011996058400255e+00 1.302530322740296009e+00 1.354481078982418873e+00 1.224803807742878892e+00 1.168644022063912935e+00 1.250538907829808366e+00 1.101972011158732778e+00 1.140102861530465139e+00 1.322074773171069362e+00 1.153184665610990978e+00 1.374587402818186144e+00 1.355719576311255725e+00 9.257269096970799360e-01 1.317485119814714167e+00 1.304493450613454897e+00 1.271780857664814635e+00 1.043619474103041123e+00 1.271703214304142016e+00 1.389883022404831525e+00 1.316446609249250166e+00 1.358666962370102649e+00 8.021394987038638069e-01 1.356480579218542815e+00 1.306886801082896232e+00 4.444424756795502529e-01 7.796164946506929372e-01 1.336883345998416184e+00 8.415139899709130900e-01 1.309433233888048553e+00 1.328562647490242110e+00 3.449558577572119922e-01 5.056171774434770061e-01 1.232379423906680316e+00 1.044100030171305260e+00 9.897061410841679896e-01 9.633783061933652858e-01 1.264644159173964111e+00 1.272786179979896515e+00 9.249804802281527127e-01 7.398519495922518674e-01 9.587372784051454433e-01 1.314924358502939317e+00
6.720283308919844378e-01 6.246759230828851095e-01 7.958977807805146520e-01 2.686687453460190333e-01 3.634906383345693492e-01 9.224670519745796771e-01 9.418073518024486779e-01 1.046298537443853593e+00 9.283012647202659728e-01 1.016719907304824755e+00 1.091416433015045317e+00 8.118732084035855667e-01 1.047316718675135094e+00 9.746402674669578658e-01 1.099578415757554328e+00 1.087748457785539413e+00 1.089471552556303235e+00 1.101740673133006165e+00 1.089098154123036677e+00 1.026278613278361673e+00 8.784053632868600303e-01 1.101837911032649719e+00 1.067228811643352149e+00 1.085139199989811232e+00 1.073169263530022066e+00 1.003500206656290361e+00 1.091355567478366595e+00 1.060577077992034489e+00 1.094986680481433439e+00 1.105923862271581459e+00 1.083088753952362593e+00 1.095072651521168616e+00 1.011407705323913220e+00 1.062907236073294071e+00 1.104064952852574555e+00 9.278730015778806628e-01 1.059522769329525049e+00 1.016822043839211265e+00 1.006160655185080355e+00 1.067846529484413498e+00 1.071839406663232630e+00 1.005497196342108435e+00 1.110475183811074462e+00 1.052331206129555774e+00 1.053107149872807957e+00 1.099698554774620307e+00 1.114910775104770213e+00 1.082186547898615903e+00 1.081075537538959130e+00 1.085170918649770444e+00 1.097856545645476078e+00 1.097653374769520296e+00 1.102857071990879900e+00 1.073901854355800989e+00 1.076114445203234515e+00 1.090330283226708108e+00 1.084784416368567150e+00 1.088401813194354251e+00 1.089919287771790923e+00 1.074000316914130337e+00 1.079409021999474083e+00 1.059356583145877106e+00 4.198093234780035377e-01 1.059202276151480326e+00 1.101279344206107291e+00 1.077775694710371157e+00 6.542674733710479584e-01 5.633515067946329724e-01 1.102790083160772650e+00 2.569144712807795994e-01 1.020032547816678292e+00 1.086585521897609485e+00 1.112940054347760110e+00 1.069712419457928609e+00 1.105243074508207135e+00 1.055605943455087070e+00 8.361557408234195909e-01 9.642963715770918043e-01 1.119677514107076055e+00 1.051729653783145535e+00 1.088637315059612032e+00 1.084539117233823680e+00 1.107763422083354321e+00 1.069951962696849446e+00 1.101459736430509206e+00 1.095422169110064292e+00 6.206172817326445212e-01 8.896161338273909092e-01 1.091288578648259344e+00 9.632190393312914933e-01 9.391629463024412372e-01 1.085528763917728678e+00 6.823276492056914444e-01 1.098363554341351245e+00 1.092598718510209066e+00 9.848053019557791998e-01 1.098154750035441385e+00 1.095084898108025673e+00 1.038536038364616276e+00 9.385078151385320977e-01
3.052722320214277807e-01 7.918251170883228163e-01 7.219476233062870341e-01 7.094994576297364297e-01 6.878169980654879057e-01 4.945413030571748081e-01 8.345187395582596146e-01 8.203567865169564266e-01 7.977396062108560448e-01 8.839135718904160832e-01 8.952986725948546276e-01 8.886395909914227564e-01 9.051625635128651703e-01 8.622446448046444667e-01 9.192815922672350482e-01 9.297113367309679521e-01 9.247312009526807985e-01 9.378089636595439149e-01 9.534736341411214067e-01 9.192172976862363898e-01 9.354059383864856692e-01 9.454129306719188941e-01 9.529297632188070688e-01 9.587123566008916020e-01 9.672465743509156555e-01 9.280811323215134578e-01 9.263148683320790999e-01 9.474097366589342428e-01 1.019759020299229713e+00 1.067717083061336281e+00 9.977836223773643987e-01 1.009998613040159920e+00 1.035228602652176866e+00 1.026961176796830078e+00 9.875914004657208034e-01 1.062705412321892640e+00 1.015342227516359275e+00 1.042275533661366493e+00 1.007741934480041568e+00 1.037693840586468186e+00 1.028711703922153387e+00 1.038278492643015971e+00 1.083186481715480598e+00 1.069385068191244015e+00 1.111935344362021016e+00 1.073987825395536166e+00 1.105559036449114796e+00 1.073551357039956855e+00 1.053173893771178093e+00 1.076785803094729044e+00 1.081463019547111104e+00 1.057880502032016556e+00 1.112176724588970433e+00 1.079269165977568390e+00 1.110758937228548682e+00 1.057057653861102509e+00 1.071642971410048162e+00 1.065150565853738573e+00 1.092069421026254483e+00 1.052074640134903927e+00 1.125267958541376068e+00 1.095698941973029861e+00 1.097154571286839353e+00 1.075156027315814722e+00 9.041789176565200314e-01 1.003568726309754577e+00 9.281947194146110691e-01 1.101755369037234367e+00 1.068997096319618034e+00 1.085194064698929983e+00 1.069340613080953517e+00 1.100721389708907427e+00 9.991299509034762272e-01 8.984916027201820254e-01 9.210640217513205164e-01 1.095753316818674383e+00 1.088435858705816273e+00 7.207750738476743635e-01 7.565213300595682311e-01 1.075493420783721898e+00 1.083926910356848072e+00 1.101157490666881289e+00 1.090717520303122745e+00 1.098897995391785676e+00 1.089305243906786735e+00 1.121310106600967416e+00 1.099551350800600513e+00 1.084774986496687355e+00 1.093403564198443645e+00 1.120245510805498501e+00 7.594001964649508274e-01 1.105480290895624940e+00 8.175153334344216205e-01 1.096548732635029166e+00 7.334257368379035746e-01 1.137116898723019132e+00 1.077095396810471062e+00 1.102105621421341386e+00 1.105861282212742713e+00 1.109989851573936148e+00
6.559569512608897091e-01 5.856587259873855533e-01 3.422817542840765892e-01 7.899182622817713106e-01 8.726179325029670419e-01 8.580125917845102812e-01 7.471484048086504126e-01 8.712687260289438962e-01 8.611146522353595456e-01 8.862347287303360410e-01 8.883600014134800382e-01 8.450271071096137065e-01 9.053577128744295655e-01 9.387040666929137300e-01 9.568802672071015092e-01 9.827161567038630308e-01 9.950943331365265099e-01 9.694207109156186553e-01 1.011397479423887802e+00 9.767567838404992431e-01 9.776962195182909987e-01 9.363800319050824550e-01 9.463543258036077876e-01 9.633081944836096033e-01 9.413337762886929694e-01 1.002802273671316469e+00 9.963943083313849813e-01 1.008849270863641179e+00 1.030957115622363585e+00 1.002059946808986135e+00 1.018672441880352331e+00 1.013475480281764263e+00 1.032768875681971288e+00 1.003799941869612633e+00 1.005256612143304862e+00 1.020619955355268837e+00 9.285063950501188934e-01 9.038556077634982699e-01 1.001238384529691938e+00 1.022888635570506910e+00 9.833350379706756739e-01 9.731758206106114750e-01 9.953760658671690909e-01 9.995151060601252802e-01 1.034684119400519853e+00 1.038751823225034565e+00 1.029774830127199836e+00 9.842319167591397910e-01 9.864492225425133265e-01 9.892665498489400244e-01 1.007991458687250486e+00 1.012170790150965782e+00 9.941200559191268882e-01 1.004132130538105683e+00 9.924081667753370528e-01 9.952250654512236894e-01 1.003322876078602599e+00 9.783329808019147755e-01 9.896791985930828428e-01 1.006581815307088679e+00 1.029262310467239150e+00 9.938735321256977340e-01 1.035435080106584138e+00 1.001075933555035435e+00 9.969770009340356287e-01 9.943627220376960452e-01 1.019980193657864964e+00 1.022583818023639068e+00 1.008049017645477941e+00 1.016676309455614158e+00 1.029021665035501298e+00 1.007993173209410509e+00 1.034875778484830144e+00 1.007960474822502617e+00 4.872983041924065506e-01 9.868749751345929910e-01 1.011755140993042978e+00 1.017841939592652789e+00 9.990230382002155407e-01 1.031513600529140540e+00 1.023142262384313161e+00 1.019544705029234111e+00 9.974384523268030600e-01 1.018767536627296133e+00 1.032696253421909960e+00 9.981648586262192868e-01 1.038190929546989105e+00 6.597151838355309605e-01 6.178548803682709645e-01 6.285692967434921563e-01 1.009382609721258595e+00 1.014409527461338945e+00 9.652479926088061157e-01 9.872619060463363461e-01 3.947081067267866339e-01 1.032575869473106867e+00 1.008654427666747955e+00 9.936763008443676437e-01 9.877277049774380036e-01 1.040691560117296799e+00
9.345541882705892256e-01 6.100606013961399343e-01 5.690609880531819487e-01 6.679233974434246601e-01 5.767386182855009924e-01 5.726889781766001386e-01 9.351013045384206634e-01 9.034394687421012371e-01 9.384029231221029388e-01 9.366362917350627981e-01 9.163741300815416713e-01 9.087705916997066424e-01 9.376305308890391377e-01 9.462840916279835479e-01 9.347227013057400891e-01 9.495972832362454819e-01 9.677600125048906321e-01 9.498576456728229367e-01 9.859656048275349249e-01 9.605734091725983692e-01 9.460568562088539357e-01 9.591153917743517887e-01 9.687944816966918005e-01 1.000924443275615694e+00 9.358386103001394840e-01 9.969617539333988088e-01 9.703805371605271901e-01 8.810775685390326295e-01 9.674041266908295356e-01 9.452444176367681417e-01 9.727612736455057973e-01 9.581036400011700982e-01 1.020299033546684164e+00 9.786171016169945558e-01 9.859088418974532031e-01 9.854872531449049289e-01 9.665359049156105886e-01 8.810367261718649035e-01 1.004956938162916869e+00 9.805559200152424992e-01 9.972121966346221278e-01 9.515185277823537957e-01 9.200684967057242147e-01 3.571101665821315718e-01 9.829577206296150615e-01 9.817759862308598207e-01 9.523252716915512339e-01 9.854959482215732702e-01 9.820439415512884906e-01 9.870283636349754808e-01 9.839251397583748115e-01 9.933108014596238045e-01 9.703153240855142414e-01 9.772754267938884576e-01 1.008368898494179655e+00 4.120310875346551160e-01 9.719588160417084177e-01 1.004126497108151606e+00 1.012598685895745421e+00 1.005865328743026588e+00 1.003998642741365632e+00 9.760008632667579453e-01 9.979919368198000296e-01 9.696535185317680661e-01 1.022981158534210788e+00 1.008035730098738147e+00 1.011946800077353270e+00 9.890133516656738344e-01 9.978264241984292626e-01 9.362562801448935934e-01 1.014131713638490417e+00 9.775501177370883310e-01 9.572745460709589649e-01 9.966786128452675975e-01 1.022273795677356878e+00 1.000837431275997558e+00 8.202274625597476554e-01 1.013610192737189886e+00 9.966946558740500395e-01 9.886350545976646531e-01 1.036161670104803090e+00 9.993608602986627787e-01 1.023701686471935712e+00 9.927100451413592985e-01 1.033842044088240320e+00 1.016787385998406235e+00 9.916765556765066991e-01 9.916217522003221152e-01 1.019729995888378760e+00 1.019363026913212344e+00 5.916190173447635203e-01 8.700665398301377085e-01 1.022778110124123563e+00 1.003352451585862060e+00 1.005590637799826492e+00 1.013257001172237270e+00 5.674356822784702992e-01 1.009238161229281561e+00 9.991668743628496774e-01 9.539538840447142620e-01
2.311673083057962375e-01 7.521794251553277633e-01 6.107862116674105391e-01 6.233578841724127795e-01 7.275018178434905503e-01 7.079865142894367080e-01 8.007281408015419766e-01 7.332631021644441249e-01 9.093114009753068272e-01 9.387468685139785940e-01 9.781249725241506487e-01 9.512378360115939513e-01 9.826891529798434943e-01 9.831874665990502082e-01 9.724601300746950061e-01 9.798900118548993232e-01 8.668181326663485509e-01 9.430887121852847832e-01 8.896119699878595188e-01 9.876310181742028460e-01 1.000204466434299500e+00 9.588596830407799532e-01 9.697669831589971201e-01 9.741745297687904870e-01 1.053908933914328383e+00 1.086451421771526427e+00 1.070362590754160736e+00 1.023599305005812088e+00 1.094728644896358682e+00 9.932132573953087462e-01 1.057688230618363479e+00 1.063593289869016800e+00 1.080024412989032623e+00 1.108880678202307957e+00 1.032778672951456755e+00 1.048833458457360424e+00 1.076604921006852900e+00 1.047822135314718794e+00 1.022177108874121831e+00 1.068285447157364398e+00 1.081152201172683291e+00 1.091837348205316527e+00 1.033064263356959334e+00 1.026511420894510973e+00 1.062108636144356577e+00 1.098216595299068565e+00 1.066190056146151033e+00 1.110141341853355890e+00 1.032125684940247590e+00 1.090356368456713243e+00 1.076682074504051290e+00 1.050348483717425951e+00 9.699390477043363656e-01 1.036541314297366512e+00 1.093646169084078634e+00 1.059535628245724670e+00 1.080686218542778798e+00 1.097744734307472658e+00 1.040229006531712130e+00 1.029849901704632531e+00 1.075730882102876818e+00 1.052980397698839221e+00 9.958588875540018703e-01 9.786995823794757410e-01 1.063530464878441162e+00 1.075446026492585583e+00 1.065385700321390683e+00 1.043191578358261484e+00 1.046869473323121635e+00 1.087776012605967235e+00 1.101480188230560264e+00 1.061307097034573266e+00 1.081070393972479282e+00 1.084972768874425952e+00 1.053609259933940390e+00 1.019937391836800211e+00 1.065973658956389958e+00 1.017419677277827228e+00 1.076058233369561412e+00 1.089896876517842950e+00 1.082221573137026605e+00 1.038424104560744299e+00 1.059302453231969698e+00 1.073567889932213637e+00 9.918993823243676955e-01 1.067489174079929493e+00 1.095197566707108994e+00 1.062224243924285494e+00 1.045260516741863821e+00 1.078830860633960498e+00 1.068180371442132293e+00 1.048015141523583216e+00 1.054612377863388017e+00 1.048777981418898664e+00 1.079347666599321132e+00 1.049074348820835390e+00 1.067726390467347519e+00 1.063655257598512760e+00 1.053399965764556301e+00 1.040045062797121833e+00
2.753446660063791351e-01 7.931405842155552222e-01 8.336292699548439877e-01 5.973189462655641435e-01 6.447557330581072943e-01 6.317629616640308976e-01 8.369465029367687547e-01 8.131072357282197460e-01 9.054183334793711735e-01 8.832228031587534556e-01 1.026305372070643873e+00 1.048098295848341577e+00 1.002415648924244396e+00 1.025127434113814351e+00 9.579094091336198824e-01 1.020976086101067049e+00 9.458884044066374619e-01 1.034587738761956199e+00 1.065491143434228460e+00 1.040601057840424337e+00 1.084102403946507254e+00 1.130310490679699020e+00 1.029157357217875601e+00 9.788987731147029692e-01 1.068322554315540573e+00 1.102593647907588181e+00 9.462516994057470487e-01 8.895301015547212309e-01 1.084529564896075327e+00 9.017746064918418236e-01 1.124627339582892294e+00 1.084535688189503855e+00 1.000623973267082079e+00 1.104520893281256466e+00 8.240117191314597633e-01 1.093921472356621516e+00 1.117585184742577065e+00 9.193264760080654963e-01 1.107359774580551237e+00 1.082626935161989490e+00 8.918105384933420199e-01 1.087912317117684546e+00 1.083979693146201129e+00 1.122073191428020200e+00 1.099194852657196630e+00 1.112993571932324732e+00 9.565257285175946533e-01 9.390495429081464618e-01 1.057213185514184861e+00 1.070661285007600272e+00 8.447511915077281497e-01 1.095240184829370911e+00 1.133289228000899485e+00 1.039562179877354664e+00 1.075104836582752910e+00 1.041893195219694368e+00 1.065350430151242866e+00 1.076091666551680648e+00 8.206001874307370381e-01 1.086224002653594090e+00 1.091909970465377855e+00 1.110246907432062224e+00 8.179400450666184375e-01 1.121880430150892671e+00 1.064834848844568027e+00 1.104743658696183184e+00 1.090579501269245632e+00 1.114565666287143042e+00 1.064479452893981160e+00 1.014963807982481647e+00 1.082385922332645967e+00 1.077501983494119742e+00 1.075830079456417732e+00 1.085318367555527352e+00 1.105458491971019752e+00 1.039385829026615582e+00 1.111826717136600529e+00 9.846146838313517557e-01 1.111425029087694583e+00 1.105684563964397737e+00 1.105905124993690203e+00 1.087397103208615157e+00 1.045951101774723613e+00 1.083125983576407547e+00 1.095681919217298850e+00 1.056294201636444052e+00 1.021535877586295271e+00 1.106668699684217216e+00 4.219940533403377381e-01 8.156022328685731404e-01 1.048061678553639409e+00 1.079551817202225372e+00 1.031723507027867637e+00 1.046596496902081563e+00 1.090078738332667552e+00 1.113080277767271475e+00 1.034660850885491756e+00 1.102081373179364610e+00 1.094738442165844372e+00 1.080423896652304316e+00
9.059241175165606563e-01 6.902798479153419153e-01 5.716216881320225207e-01 3.533906332219580726e-01 5.776965463094466680e-01 6.238671584868563658e-01 9.180655674252804488e-01 9.252011024903795677e-01 9.071901696658255521e-01 8.563034581227632058e-01 9.030361274039696573e-01 1.034843692427265038e+00 8.610769939807746409e-01 1.056356291831808569e+00 1.076799274340271673e+00 1.085949311710394216e+00 1.090307871972759912e+00 1.061568194266362175e+00 1.103014808029596505e+00 1.066067835209319359e+00 1.039876304830233744e+00 1.098518596130959368e+00 1.117325189703605393e+00 1.063898719745227650e+00 1.065821801279364545e+00 1.097157143070079277e+00 1.023400420435256253e+00 9.940768867004563525e-01 1.078851679831617227e+00 1.085173490433010368e+00 1.017702267269549932e+00 1.111660530952952586e+00 1.095199893558611803e+00 1.053743237594154669e+00 1.082129968667337128e+00 1.071404897761550457e+00 1.113839443686529762e+00 1.077511903229473766e+00 1.104197215990629033e+00 1.009439740048945877e+00 1.086878582721094721e+00 8.762192250670373106e-01 1.098768793900445573e+00 9.989839715881421167e-01 1.078234451854030107e+00 1.094588666408584654e+00 1.115368919919086377e+00 1.110019610779998445e+00 1.067132675936525610e+00 1.006592653536456883e+00 1.004685737496971321e+00 1.092704529020652515e+00 1.065587769004529450e+00 1.072879999148462327e+00 1.084487314171419081e+00 1.066751562153539279e+00 1.083675242996938959e+00 1.093365232381581675e+00 7.682740733014505885e-01 1.093048290713725335e+00 1.111912688176335928e+00 9.931620666622469340e-01 2.990264421079486534e-01 1.091049402806944402e+00 1.068971623418955685e+00 1.102243395523481384e+00 1.070119496005051518e+00 1.098018445523724074e+00 1.067940093408000113e+00 1.035312614238015128e+00 1.051623720806833306e+00 1.099150397546906133e+00 1.054540857796143705e+00 6.026763993849117984e-01 1.067013639112276646e+00 1.088214195483706792e+00 1.093904816998495955e+00 1.101054129473809207e+00 9.566626453586546397e-01 1.094966351147250938e+00 1.079548388157905325e+00 1.098882197294740237e+00 1.095654486862739363e+00 1.034190826881924430e+00 1.105648069135564349e+00 1.083178276502286597e+00 1.104407857284567473e+00 1.069818597365977952e+00 1.097130323044862799e+00 1.104763498166891456e+00 1.050621092740860130e+00 1.067540732210596977e+00 1.049827024049059698e+00 1.102570134460822970e+00 1.092914435519379612e+00 1.083649525164539495e+00 1.106139769597868305e+00 1.105785720771835567e+00 1.077673435710116090e+00 1.072616207667564936e+00
4.885997489776878755e-01 3.997123682811817846e-01 9.032381960871083137e-01 6.755563276337162026e-01 5.171535234955981775e-01 8.058059431100127457e-01 7.819680230260178666e-01 6.388886994596445490e-01 9.354432292434649021e-01 9.285273367136441802e-01 9.208709543095217054e-01 9.205091289008350275e-01 9.051716872200734620e-01 9.131402963561122688e-01 8.737064703757413398e-01 9.182830055749244824e-01 9.042408853860158802e-01 9.147028996061166151e-01 8.985385683807781687e-01 9.189302376903109026e-01 9.375840550919172234e-01 9.333966408808763715e-01 8.861158143719556346e-01 9.336895180055587717e-01 9.147466811541300480e-01 9.687666207115923633e-01 9.589462051769238604e-01 9.774331628326050625e-01 9.179783104939251981e-01 9.895821443922420135e-01 8.414163234407293634e-01 9.081828779964447040e-01 9.668394365708584681e-01 9.533207355042131459e-01 9.923209710769159697e-01 9.607062234070613549e-01 9.830142998608938365e-01 9.253208128769055962e-01 9.396638317048878752e-01 1.004805080485891677e+00 9.499868471641630396e-01 9.689051296089438159e-01 9.858477314290373661e-01 9.835704786029993985e-01 9.719188309356205924e-01 9.409772781452889756e-01 9.554261074837148149e-01 9.734421838747486788e-01 9.871746491149809843e-01 9.730023477077837102e-01 9.602452006448338739e-01 9.770816245568781921e-01 9.616390459279503533e-01 9.785291098904278506e-01 9.706495946737729863e-01 9.688889641142927056e-01 9.494562025556542162e-01 9.720122723933386499e-01 9.407051589853289153e-01 9.780785579599630131e-01 9.615973462997026155e-01 9.479903473418191950e-01 9.451485268616787172e-01 9.137103749743002989e-01 9.389010530425068168e-01 9.797842013444558740e-01 9.786546986386451819e-01 9.451552012515157530e-01 9.710538545059187454e-01 9.822995278189916579e-01 9.639407919277021008e-01 9.724661309022548661e-01 2.711232062838761503e-01 9.580502448824741446e-01 9.543446113983832246e-01 9.608695316427978694e-01 8.919162265379170229e-01 9.890828510460867307e-01 9.319707707731291757e-01 9.642759197770407464e-01 9.330504298704321853e-01 9.751529095927872204e-01 9.973649115727274417e-01 9.841627847763326775e-01 9.510474628189037327e-01 9.539372899195230904e-01 1.000132946367055187e+00 9.275184628883738069e-01 9.830488352358303095e-01 9.793954946776182169e-01 9.798601301829685806e-01 9.842723917287018454e-01 9.963906955882622096e-01 9.796413449087703063e-01 9.807958306517688962e-01 9.989474767593086169e-01 9.429010332417029350e-01 9.541745675398752846e-01 9.833475907222040124e-01 9.882940483866347048e-01
4.785317686897073708e-01 7.271421355875038461e-01 7.046788948781945727e-01 6.644977821678165197e-01 4.325335272223083671e-01 6.985892795636078345e-01 7.837648422496602540e-01 6.267665991581584661e-01 7.956034952983436215e-01 7.879992221212972492e-01 7.804599170875267111e-01 8.014999207052629915e-01 8.081879654866114260e-01 8.143602452624820742e-01 8.114440880001202450e-01 8.469279610886053522e-01 8.334324060711195692e-01 8.604328235121023738e-01 8.845596405800510986e-01 8.881801602854867417e-01 9.181884619243892987e-01 9.342531059327127130e-01 9.362774667401559947e-01 8.941281438230734846e-01 9.353006177395164489e-01 9.336588403054822960e-01 8.805252474717870648e-01 9.119991593927876394e-01 8.680773267269735749e-01 9.512766576919302608e-01 9.114696782100301098e-01 9.262846804954768531e-01 9.131938751736111692e-01 9.542905427174099842e-01 9.628354149979995169e-01 9.382628834013944097e-01 9.504703424132728840e-01 9.398209554142618050e-01 9.399705474727186871e-01 9.599440570740229717e-01 9.547007421441814357e-01 9.420911664528570650e-01 9.273492762909459897e-01 9.336231415047945292e-01 8.959919518768230118e-01 9.044663450500511903e-01 9.246262477033173610e-01 9.721317378481275640e-01 9.722137287471345202e-01 9.674060861447266735e-01 1.008276987859818785e+00 9.676646115932755476e-01 9.691047489747109944e-01 9.634188423958616188e-01 9.924422122867991858e-01 9.316602585633727562e-01 9.943903993239926464e-01 9.477097168039936292e-01 9.638273273004730468e-01 9.009794356072242660e-01 9.877183975714267650e-01 1.007774877798686575e+00 1.078202610728202115e+00 1.048954454735506525e+00 1.050913663700871137e+00 1.084326149088382429e+00 1.116928890152916409e+00 1.016020627195296511e+00 1.126904102545456032e+00 1.120784115695464322e+00 1.074006562673427201e+00 1.105811928467709482e+00 1.103513611512277670e+00 1.073818700031042628e+00 1.081870708423576799e+00 1.066315951059039868e+00 9.615309697989382620e-01 1.079817078273545450e+00 1.014670624693127632e+00 9.478883332733013534e-01 1.082917546668103359e+00 1.100293493964127789e+00 1.072879386819119540e+00 9.514920139218087103e-01 1.104355319426951310e+00 1.079824916089134001e+00 9.443403133620584811e-01 1.110108031137105211e+00 1.072785822895532926e+00 9.217237453853009965e-01 9.018729465843026150e-01 1.093906776452393093e+00 1.086862662158180726e+00 6.892556046235662759e-01 1.099104227914455612e+00 1.074772586681325581e+00 9.870042378588673726e-01 1.114098948862027205e+00 1.061562193438802204e+00 1.141195746941573663e+00
4.383039352504702890e-01 5.248820995292419189e-01 7.909569565460381479e-01 5.177888764217334350e-01 5.380264224356722247e-01 8.552841134657303002e-01 7.653119301054411849e-01 8.856131532144148055e-01 9.129173472423826041e-01 9.588177384807952119e-01 9.686265809908839453e-01 9.937422487145919359e-01 9.910743910007535629e-01 9.181847879483322483e-01 9.530059369890568899e-01 9.862262734287836619e-01 9.719141159996806945e-01 9.309813077880270127e-01 9.538251724168483880e-01 9.662807472784473717e-01 9.397579467248831087e-01 9.457853493782367726e-01 9.636713057839163543e-01 9.327148121576191997e-01 9.926150728602841644e-01 8.873217970126875409e-01 9.225958860683141083e-01 9.831019241898548700e-01 9.851375518572065282e-01 9.940397795422799554e-01 9.708200059298864870e-01 9.693656625076969569e-01 9.392789827129103264e-01 9.784804297076716839e-01 9.488364640277614503e-01 9.586955175439634269e-01 9.552348770299444736e-01 9.793907185087440403e-01 9.916408568758188213e-01 9.568793487130872188e-01 9.980791325182211127e-01 9.931707005059811078e-01 9.740025264563855201e-01 9.342561675794269771e-01 9.693508441376001983e-01 9.839646962339225755e-01 9.616302283854133437e-01 9.574095034581218133e-01 9.874135187916245338e-01 9.429563878142961375e-01 9.871312349645733342e-01 9.916621659369497799e-01 9.379801097108688701e-01 9.690542930368606367e-01 9.668789318134719535e-01 9.703992744384182245e-01 1.006736244767354016e+00 9.802930470283595099e-01 9.564867231384553969e-01 9.601010583175282331e-01 7.323449755477834389e-01 9.983312285086700655e-01 9.595461042341084656e-01 9.990240179271641097e-01 9.458435818987412924e-01 9.724495367770638055e-01 9.788191090671989336e-01 9.926019077794129286e-01 9.279605646739074176e-01 9.650529657131102779e-01 9.767856245525472492e-01 9.960553228071863385e-01 9.865445009882598537e-01 9.778781425660501014e-01 9.642592644189154072e-01 9.897289809686560247e-01 9.890192300273651371e-01 9.633873686676394099e-01 1.034631581542903689e+00 9.991418300927273899e-01 1.014014330103467199e+00 1.014190864653009116e+00 9.952974427795479029e-01 1.001467334470981463e+00 1.033175952229094197e+00 9.926468527531777664e-01 9.861282395009943746e-01 7.172023158309807078e-01 1.007017610100390925e+00 9.903978895427791862e-01 1.013271268445925521e+00 1.023629125444808663e+00 1.022684607433471227e+00 9.972152582813362809e-01 9.826518621228643724e-01 9.948929992485993079e-01 1.007476183545247039e+00 1.013831243629956802e+00 1.008340425179737432e+00 9.808789849765271462e-01
4.345724614681113485e-01 7.911497790560998444e-01 6.348066671285071960e-01 7.728358656727064568e-01 6.782987670615130416e-01 6.582073228287768085e-01 7.969083078950105481e-01 8.213846425518548378e-01 8.650631355368224584e-01 8.792514799728023966e-01 8.786118407412671916e-01 9.088588283580105731e-01 9.451952475905377460e-01 9.177761193449179844e-01 9.695100497667397121e-01 9.384560120761274993e-01 9.768561036599086034e-01 9.671729111309714799e-01 9.303680599511684468e-01 8.918398690688642549e-01 1.009150536900320416e+00 9.707395458542368294e-01 9.689844262588421797e-01 9.646570947929613560e-01 9.924056562250314073e-01 9.942040062720308713e-01 1.018672380647418052e+00 8.755129644030006375e-01 1.062745458660914633e+00 9.137871610738930173e-01 9.317961344445498950e-01 8.379005120529202655e-01 1.097543522885414014e+00 1.086774241801073959e+00 9.594133512325798696e-01 1.085654291433011842e+00 8.795370703783049748e-01 1.095772543960039869e+00 1.079843041037682028e+00 1.119652041206413706e+00 1.058003702695796910e+00 1.064922779338200565e+00 1.103205609852826896e+00 1.147715217454837067e+00 1.087270718432252092e+00 1.008396637013410535e+00 1.070201303205255527e+00 1.110083415497522763e+00 1.160305810936533177e+00 1.149511791746742340e+00 1.258872832651787954e+00 1.206023544331975339e+00 1.247085002938560727e+00 1.261779192644664205e+00 1.270365029758290021e+00 1.255197754401905064e+00 1.328467124112758357e+00 1.291006529439703288e+00 1.073317447230990318e+00 1.299757573010028366e+00 1.100146289990108217e+00 1.265244364395820220e+00 1.311911085806802379e+00 1.300736442697499440e+00 1.142257526022065761e+00 1.325407804250039456e+00 1.333581911113536744e+00 1.346037302276333003e+00 1.334750970294895200e+00 1.251180139117634926e+00 1.355175582923072941e+00 1.346291418953613483e+00 1.319928558824400078e+00 1.299150754631269722e+00 1.314650524820819122e+00 1.228522483841972379e+00 1.316662149177931340e+00 1.300405050057152012e+00 1.302849101396180709e+00 1.292489101244597816e+00 1.307638741515908976e+00 1.188661313213230653e+00 1.310593353061001443e+00 1.272669470007150361e+00 1.337238864414871609e+00 1.370223821455209157e+00 1.310220322025340556e+00 1.222017464301200285e+00 1.295595080603241467e+00 1.070627239496138028e+00 1.263394762382824554e+00 1.295954272995753831e+00 1.290941010200018946e+00 1.317176015962446378e+00 1.300025773262194262e+00 1.016582561833224707e+00 1.037349099166446909e+00 4.398275331213355455e-01 1.282576346445028381e+00 4.708593432568024539e-01
6.304286960259731787e-01 4.119605471943594277e-01 9.073967695861011595e-01 6.604973733380803402e-01 2.783070847505927925e-01 9.121132975822937583e-01 9.547319709406665300e-01 1.049020953702139325e+00 8.663104504081963197e-01 1.071220096765880037e+00 1.088209419314832616e+00 1.059101976605122397e+00 7.879265386283016426e-01 1.133758394743386688e+00 9.203906431729946824e-01 1.098959718189544521e+00 9.997040096623927008e-01 1.088666951799805771e+00 9.314613127598826425e-01 1.026330967437174779e+00 1.086209551681103003e+00 1.077393601200436368e+00 1.048532314886549521e+00 9.601307562906562509e-01 1.052082967813966707e+00 9.381920981293616624e-01 1.056506557452542516e+00 1.103466952016352920e+00 7.514922079338536287e-01 8.070604222346978718e-01 1.056406012974447473e+00 1.192754367472539156e+00 1.311380686130030560e+00 1.210150154239271636e+00 1.205707459925199121e+00 1.208333005681446970e+00 1.122833459540095502e+00 1.317529819856741780e+00 1.337065820142583794e+00 1.312929022106346766e+00 1.350837474460758081e+00 1.348797560488006697e+00 1.323870000338420283e+00 1.265936541484971478e+00 1.340296959618904715e+00 1.265361931629646275e+00 1.286228890975094741e+00 1.287453672126651849e+00 1.325609995399046781e+00 1.242869605276551770e+00 1.169512182606197603e+00 1.170446352251640842e+00 9.742954035810680313e-01 1.317860845099483313e+00 1.315202356024590458e+00 1.326565351639752421e+00 9.091799950983323608e-01 1.319798500071979852e+00 1.164167404704246733e+00 1.349528559257494154e+00 1.315367072617815714e+00 1.267355920901684474e+00 7.743323373536836751e-01 1.360553426609537375e+00 9.717170684171534401e-01 1.320209985390371266e+00 1.292983006092536025e+00 1.332128118787755833e+00 1.288122458234906453e+00 1.270122179940917917e+00 1.303424201114980141e+00 1.261932397446243970e+00 1.212925720684516540e+00 1.349328572494121081e+00 1.197385291826602138e+00 1.229250420964745905e+00 1.266850014398626545e+00 1.312178673729625267e+00 1.242270992110987349e+00 1.015008385558640702e+00 1.299062211808294398e+00 1.337650104801525908e+00 1.117104873606049820e+00 6.832072603066873251e-01 1.337365739054708902e+00 1.339802319975755163e+00 1.273367402992124253e+00 1.323019474881209634e+00 1.372946360179363445e+00 1.323878450483351621e+00 1.319342192245692269e+00 1.324839440154011561e+00 1.335249283914101914e+00 1.304631224715594895e+00 1.285971100321757321e+00 1.332851279741654960e+00 9.373254684104340706e-01 1.364691303376742049e+00 1.249946173025934915e+00 9.657208333273504808e-01
8.721658497491451278e-01 3.389595614344747543e-01 6.684683093256218456e-01 6.695858716092469853e-01 5.338537041288596852e-01 5.361339573686775273e-01 8.670353258842554700e-01 9.241208310637336609e-01 9.646717906971896683e-01 1.006911309726473247e+00 9.711540315864081174e-01 1.061649879000697627e+00 9.707065413026574330e-01 1.063089097888118895e+00 1.010037618419299177e+00 9.592412254543062344e-01 9.647204708799457240e-01 1.122325471117271878e+00 1.062539226138244697e+00 1.084581367958479925e+00 1.127158464154473627e+00 1.165900051812758909e+00 1.134308511424998001e+00 9.993181197105323044e-01 1.138789292624195593e+00 1.064557341186390893e+00 1.200067784211734434e+00 1.223927074589794550e+00 1.283403113523736927e+00 1.110887281458808884e+00 1.277661423741754287e+00 1.289232733799351882e+00 1.232454128086507339e+00 1.321558824466788851e+00 1.275079720766454150e+00 1.334116842027445626e+00 1.267133645350231985e+00 1.314701225690406705e+00 1.295051209680927018e+00 1.323104711125733468e+00 1.187957501866565346e+00 1.313674104450719637e+00 1.323168393377389229e+00 1.314969058544966929e+00 1.329263519656061598e+00 1.172695682859645094e+00 1.097212375176803922e+00 1.258803394504309336e+00 1.328564851875876140e+00 9.650987067150207377e-01 9.973405408648822190e-01 1.195060889641164970e+00 1.321899769444884409e+00 9.488392807427384890e-01 8.973023366705098480e-01 1.298100732274160229e+00 1.350839066517049547e+00 1.348003614262074601e+00 7.857810590768437020e-01 5.191167738346255112e-01 6.778220686681086793e-01 1.178575391675504846e+00 7.498104453937317615e-01 1.295745591155712528e+00 1.375215040394601518e+00 4.948042372769921315e-01 8.945020933527485507e-01 1.242347410812974173e+00 1.313506203744911671e+00 1.308994438680966210e+00 1.159970621854260253e+00 9.105978436916883911e-01 7.004298803352635439e-01 1.351903784778387241e+00 1.342401658036129097e+00 1.129662156371495474e+00 5.961255163763605758e-01 1.072318738072811195e+00 6.785094083554514821e-01 7.295447934629564202e-01 1.348140776034871813e+00 1.333175569361625401e+00 1.274315411280715793e+00 1.332370601207522265e+00 4.072667366167863623e-01 1.325125642888856925e+00 7.492887407936283939e-01 1.360453739392522454e+00 1.334122842855005597e+00 1.348400771073843485e+00 1.266773105833165269e+00 1.228734717192202286e+00 1.346028484733795993e+00 1.333536231344560674e+00 9.336265093161801865e-01 1.366369820571347038e+00 8.434406842481727562e-01 1.243237737677469923e+00 1.298433961902536238e+00 1.311850955065335000e+00
3.450869574695149544e-01 7.981898519766494893e-01 8.085216849784615523e-01 5.325493201627327089e-01 5.112525668515417454e-01 7.523113821287107372e-01 7.532115062626918434e-01 8.309589016906999692e-01 7.894963673645516433e-01 8.725589651872511787e-01 8.330752955983727892e-01 9.445448313625685044e-01 9.567401050205244228e-01 9.635516566303244934e-01 9.548159212935704021e-01 9.479706915699138703e-01 9.555007504306075594e-01 9.210694102495375901e-01 9.661911022626549217e-01 8.568005470832842363e-01 9.623800256657262242e-01 9.314947459420019893e-01 9.498085980924610983e-01 1.046227874637689403e+00 1.047985749715126813e+00 1.009615662269145009e+00 1.008123476893567849e+00 9.672621887491582582e-01 1.017635645837048353e+00 1.047456084833566559e+00 1.018379932153275602e+00 9.558928249088307627e-01 1.023521233014599296e+00 7.571712564240632437e-01 1.009511015184452853e+00 8.299772152882519682e-01 1.121581490965716021e+00 1.086266130912381778e+00 1.110596057623352007e+00 9.804717859635356803e-01 8.482981092261537848e-01 1.182362403729259714e+00 1.233668132241630300e+00 1.209895915096122820e+00 1.164630203221568294e+00 1.255536005130892141e+00 1.190377549895354603e+00 1.214373757114474595e+00 1.196324247541321384e+00 1.266254095482170383e+00 1.252138557005054720e+00 1.237821439708274740e+00 1.120320949780536868e+00 1.148821206713882548e+00 8.402375282228198294e-01 1.272231164663542247e+00 1.220565998826921961e+00 1.302133165928527125e+00 1.259491040356323532e+00 1.313983453234724541e+00 1.290402772707658796e+00 1.103295622266224907e+00 1.296037182388774855e+00 1.278433571043080974e+00 1.083386468478853670e+00 1.319808297341465542e+00 1.378965680085391554e+00 1.353121217977830248e+00 1.352562283753681927e+00 1.307674991413005472e+00 1.356882879596791547e+00 1.282770577312578597e+00 1.312234763097429813e+00 7.901344757727296608e-01 1.301611706260161094e+00 1.328388256093399944e+00 1.214559170439488023e+00 1.291987970910414063e+00 1.086054020028020650e+00 1.146019432572764174e+00 1.321803266340452199e+00 1.383303421150100743e+00 1.315924537251541127e+00 1.376251101642694152e+00 1.335893699314511185e+00 1.314923746173596308e+00 1.353687867551698343e+00 1.337177998878192886e+00 1.254537663370318912e+00 1.359524345915953170e+00 5.755878065185594528e-01 3.090435378275387390e-01 1.333372372012415541e+00 1.329968188263806805e+00 4.796691704440406712e-01 7.754793526786996072e-01 1.178216811612335047e+00 1.343933093722582850e+00 9.843952862278106952e-01 9.236834442141399482e-01
7.252129919928728130e-01 5.623387140615684343e-01 7.513062435124318039e-01 5.941183007905168623e-01 6.433461509108796550e-01 4.751004587512107080e-01 9.436551780603500417e-01 7.065800550218576115e-01 8.967107040594536338e-01 9.031004219849683157e-01 9.690008979181646831e-01 9.693397609764946576e-01 1.188063189911140238e+00 1.257399200855298771e+00 1.245672849008093053e+00 1.266761594041519778e+00 1.329128929666504533e+00 1.279052391076959339e+00 1.185649510107516624e+00 1.317520757382467655e+00 1.302686221790984256e+00 1.265072789713955093e+00 1.105252994243561160e+00 1.351897416553221598e+00 1.349626899349954945e+00 1.217278769982796716e+00 1.267053920069793671e+00 1.182584556814843646e+00 1.333775407185875617e+00 1.298242670215831618e+00 1.243882153077879194e+00 1.220638498621114731e+00 1.288544475617994900e+00 1.333022487025914193e+00 1.329268295824935775e+00 1.198184259153145304e+00 1.332119056313481709e+00 1.141560695229908884e+00 9.831179059857031444e-01 5.834483395255861682e-01 1.174819241020629290e+00 1.379354509218097657e+00 1.313596583555915576e+00 1.361431139489570397e+00 1.282687300521951901e+00 1.338403637290830117e+00 1.293169399144497911e+00 1.335738290127297390e+00 1.377907452515088060e+00 1.039709383851374458e+00 1.292940265504405550e+00 1.111101596728804264e+00 6.590950166770982444e-01 1.324025409525634300e+00 1.311042802798649154e+00 1.335081873071768177e+00 1.332235888752096420e+00 7.430469616373448494e-01 1.311408608348064275e+00 1.284193875637085869e+00 1.059438022948475444e+00 1.344864691584786165e+00 1.384883843183981833e+00 7.241676233387690509e-01 1.335146290118635504e+00 1.335694692278086793e+00 1.383306605262683453e+00 1.288671350257832193e+00 1.314753396150416975e+00 1.266224213810239752e+00 1.324417545236791671e+00 1.145393142120902930e+00 1.124302560099447623e+00 1.233407279941578727e+00 1.319655459937491448e+00 1.292139338723965247e+00 1.326174807984886295e+00 1.309700576879134326e+00 1.342071612520336021e+00 1.241655601121428809e+00 5.833488972403082506e-01 1.328785167973431713e+00 1.320467041248497342e+00 1.262621757820417967e+00 6.604867800404491396e-01 1.333658819678998020e+00 1.295969213831719147e+00 1.222354367905633232e+00 1.248432249958686624e+00 1.274619004168898062e+00 1.280260271938654215e+00 1.213908509279781445e+00 1.203622968376288460e+00 7.507656791685688447e-01 7.963165528180858876e-01 1.196593672452172852e+00 1.338636812304585311e+00 1.344394912512955953e+00 1.302095691372745057e+00 8.833598424656819992e-01
8.922378219087787610e-01 3.117668113469045377e-01 6.022237043017469871e-01 7.845004334892191622e-01 7.059019615075917686e-01 5.680811998716966960e-01 7.236122406248092220e-01 9.044949408303619709e-01 8.900255372260166276e-01 9.133535094332906334e-01 9.183002732623927189e-01 8.661780648042733954e-01 9.235227077616432467e-01 9.213133010267924305e-01 9.387456438552929106e-01 9.186636907273708630e-01 9.231433085008169392e-01 9.143122947183163207e-01 9.128798726866005353e-01 9.086656996832774835e-01 9.113465387791841454e-01 9.268398795106337351e-01 9.012066710263537672e-01 9.455232111865651268e-01 9.200712521877670858e-01 8.335647304421082149e-01 9.317826019660730985e-01 9.235814913785563851e-01 9.346984530637634236e-01 9.201419762268655544e-01 9.323535990782754190e-01 9.463327718107396036e-01 9.345513715556121870e-01 9.456874379163160427e-01 9.242600135233620673e-01 9.588641530449827366e-01 9.533779270648348181e-01 9.523006560519688968e-01 9.516199295215288512e-01 9.474453129937534523e-01 9.446963828749225245e-01 8.657444743966054013e-01 9.598762722157700988e-01 9.335435386902247723e-01 9.388753964430416321e-01 9.556276863033791313e-01 9.036536615462281707e-01 9.461807304349113545e-01 9.351589859625165646e-01 9.526559907696213747e-01 9.580896788921532403e-01 9.427057614142698716e-01 9.526875257307778622e-01 9.223761210671672650e-01 9.517049820672499605e-01 9.792864388216576677e-01 9.542888281952500718e-01 9.401755553367029394e-01 9.599326065153117593e-01 9.142642880978373299e-01 9.491217482685926354e-01 9.646024137826453293e-01 9.559208083597987571e-01 9.528136655754038120e-01 9.711864850415788952e-01 9.523215977154941836e-01 9.222422046398872642e-01 9.700290601177344874e-01 9.825576858699348604e-01 9.730541507701883086e-01 9.397508437045061225e-01 9.616733363711496008e-01 9.378913219561565429e-01 9.568710822669588278e-01 9.462692732578866783e-01 9.682101358048155193e-01 9.581252552269725609e-01 9.674467448130914526e-01 9.544326643578842084e-01 9.549107711087769790e-01 9.315660210775090766e-01 6.950788566740156993e-01 9.658842027960213850e-01 9.796159332410422360e-01 9.606323152553799538e-01 9.495434594870094669e-01 9.652174986075324759e-01 9.391428006670616835e-01 9.656304535163466873e-01 9.387410513852215699e-01 9.834003122786229012e-01 9.589548390206580342e-01 9.779556634608541632e-01 9.554389051669802679e-01 9.609773016071384566e-01 9.797543196725250203e-01 9.707075210296060019e-01 9.822023511522822714e-01 9.663436335019575107e-01 9.221757056732543534e-01
4.481511095774211029e-01 4.845240236387818311e-01 8.857615818471201719e-01 5.838537627834833321e-01 4.909273965086419222e-01 7.702182801979154947e-01 6.289627795792038789e-01 9.189050709543200579e-01 9.632701688314190269e-01 9.637192511714610665e-01 9.969241569117481827e-01 9.249948087347752423e-01 1.018498479114050337e+00 9.730461904887313107e-01 1.085118013394548830e+00 1.049039078650687573e+00 1.116389428001870687e+00 1.070466074413101376e+00 1.005318334941063707e+00 1.113281979052804349e+00 1.100427716556079405e+00 1.077238804342565359e+00 9.428302479696701877e-01 8.698534492188277900e-01 1.085271585593734045e+00 1.057837149114543296e+00 1.021179685607562782e+00 9.635554530722502120e-01 1.075909437339250152e+00 1.087981755265162942e+00 1.090093189305158861e+00 1.122475981669743161e+00 9.810601119961405159e-01 1.082992005916193268e+00 9.120217543455385600e-01 1.043785782752557623e+00 1.000797323704041286e+00 1.072369806340004450e+00 1.077184429496920615e+00 7.836628281811424124e-01 1.107290213967204062e+00 9.704741010841138049e-01 9.574798600996146103e-01 6.138666568924573408e-01 1.117032373811857049e+00 1.090087678341073119e+00 1.100001657799328347e+00 1.060142324158614979e+00 1.016672268081951547e+00 1.066046281216451286e+00 1.114373149941752850e+00 1.081682845781192226e+00 1.073818210167568399e+00 1.064479942757455389e+00 1.073964556880508070e+00 1.107590132879329392e+00 1.062512651044765333e+00 1.083029113074369665e+00 1.089646433816619631e+00 1.016889767464529859e+00 1.109644865222177756e+00 1.009688406995074894e+00 1.015482940799344869e+00 1.075242365753155571e+00 1.067436881154050665e+00 1.064575343669070584e+00 1.077632654575882754e+00 1.042512750048784298e+00 9.824091960042951044e-01 1.056408217360081725e+00 1.062872945630094934e+00 1.000007969948180753e+00 9.893779937893376619e-01 1.107610952076985900e+00 1.065816412781147360e+00 1.077930369102373609e+00 6.903828417108083260e-01 1.059532076735536288e+00 8.075246291095081741e-01 1.051996017047282850e+00 1.008604706524109051e+00 1.012068469917776437e+00 9.961444779595044485e-01 1.111483690238739053e+00 1.092287532738175582e+00 1.058681306346588302e+00 9.550889589475447528e-01 1.103831777838819361e+00 1.097288793878790747e+00 1.070822939954111153e+00 9.269631414073483677e-01 1.118989623323324745e+00 1.060885569514959270e+00 1.071434901899349645e+00 9.908853036996831953e-01 1.072127323920238018e+00 1.073445056666038955e+00 1.084369012142381461e+00 1.084706405610288860e+00 1.090541904247595006e+00
