8.244848047817413539e-01 3.545274226469485868e-01 5.723544014236700006e-01 7.269329026510539249e-01 5.772891635976523661e-01 5.692924485447771188e-01 4.476684103564569361e-01 7.270568381100456223e-01 6.716993263360740984e-01 5.748253952537839551e-01 8.906359071149637652e-01 8.629499257417324598e-01 9.000063218155760492e-01 8.592047970150281655e-01 7.971777328058621270e-01 8.200719309066651919e-01 8.404410052634470052e-01 6.328951586189500711e-01 8.667266506625276312e-01 7.613419540440443667e-01 7.350741886617747634e-01 8.577750079994866939e-01 8.097381384509559910e-01 7.633491083969538016e-01 8.772720641391238416e-01 7.895812974444040844e-01 8.795626657448358809e-01 9.061295540110848590e-01 8.608645156988076197e-01 7.420607439977597863e-01 7.838260139510103697e-01 8.956841339161751847e-01 9.039624592338245668e-01 9.117253257106676667e-01 8.241860492953675399e-01 7.305006395671362895e-01 9.389816968169594213e-01 8.429377169259604230e-01 8.451784749231648908e-01 6.485214360507312037e-01 8.548539521023821308e-01 8.462765039007532630e-01 6.082815397234401233e-01 8.361854387965476088e-01 9.148791892239215295e-01 8.904565558504446976e-01 8.547464883027129368e-01 3.897751815408328491e-01 8.073379911258091735e-01 6.471667798455567056e-01 9.414271565134767483e-01 9.481100577283452235e-01 9.439829579575745866e-01 8.989852626363831201e-01 9.174118446188599396e-01 5.779880150766405489e-01 9.027069391492565931e-01 9.196411520573531950e-01 8.531310410304211445e-01 9.331616901120269869e-01 9.152277883188028040e-01 9.052631079909602141e-01 8.840422222853476786e-01 6.140294140317853477e-01 8.515179206096320508e-01 8.173108766668459868e-01 9.454461189223010154e-01 9.050625088982443556e-01 9.453670059712055984e-01 7.298039312408480805e-01 8.939713262783710590e-01 8.586775202179048883e-01 9.357008974309338756e-01 9.124367299411841881e-01 9.258951778004935740e-01 9.227831363813558951e-01 8.306172831503271237e-01 9.266087251837100691e-01 9.396151515221318196e-01 8.661770850773248265e-01 9.164849004596621329e-01 9.842897818820385281e-01 8.964554851893561382e-01 9.156665835258850361e-01 9.019328323940327685e-01 8.776723438305411573e-01 8.547867183405378766e-01 8.893893882717356369e-01 9.887372523649854417e-01 9.535435009191399747e-01 9.256688608753783631e-01 9.490103043281949979e-01 9.881171464394870041e-01 9.884418646899972849e-01 9.598924377104212091e-01 9.707226455643742646e-01 9.867261178713475633e-01 9.573339420172147785e-01 9.720726480665431435e-01 9.634920157523314543e-01
3.863120917094425844e-01 5.721778668741280827e-01 3.878788587989783210e-01 5.509604102128354830e-01 7.873842597622786599e-01 2.538352966391191345e-01 9.212158794283459295e-01 4.538422209556847164e-01 7.807177077408641308e-01 6.839521589522573608e-01 7.494392513460994554e-01 1.101448224638863715e+00 1.000689737438503535e+00 8.368906585007014343e-01 9.212723361937561473e-01 7.830993627198570284e-01 7.046333375750869488e-01 5.950414485077889504e-01 6.909771685709730216e-01 8.592974424446004900e-01 5.911386449753022188e-01 1.022212134112532533e+00 8.437842010095083500e-01 6.906406323641458567e-01 1.082731765945484481e+00 8.319666120902188267e-01 8.753972953901374421e-01 9.723482575037574183e-01 5.455266608573693388e-01 9.567069780030765802e-01 7.962045577812796315e-01 1.090320608423091198e+00 9.118448523983908593e-01 6.225387099775556710e-01 1.105218703800361801e+00 5.608854728321960303e-01 5.963427708272016625e-01 9.232073581500784831e-01 9.922814146013683168e-01 8.555643153730158046e-01 1.053175240895732223e+00 1.034848958459613444e+00 4.059485752404454195e-01 1.093969846374706067e+00 1.128717087263749530e+00 1.028860377486596089e+00 8.147232953298544356e-01 4.611569848194342902e-01 7.553989916070689148e-01 5.272785728783316861e-01 6.567037481274226041e-01 1.083494605840799929e+00 1.090607913350753799e+00 1.144100514878158670e+00 1.127431685507250592e+00 9.831577686259223015e-01 1.144924710173627069e+00 6.790365626867060911e-01 7.552779953289229242e-01 8.548472777125450950e-01 4.753120185391634389e-01 1.091008744138579623e+00 1.076397218893760055e+00 1.168947370020357868e+00 8.881234585883392985e-01 1.107273436143210166e+00 5.402039880446951603e-01 1.060531275757189640e+00 6.678646138265116328e-01 7.883611087629182057e-01 9.522647123195439045e-01 1.181513470328340309e+00 1.179773597733582591e+00 1.133127940451994276e+00 1.163269117558294097e+00 1.126698482352128883e+00 8.413696027118704457e-01 7.447217436229583987e-01 1.108755395618762130e+00 1.328506925520043236e+00 8.962183300348725012e-01 1.231681123524100530e+00 1.065992151302543878e+00 1.178358259690532206e+00 1.211751762868415350e+00 1.171436733730757185e+00 1.210777914281555789e+00 1.082664409717771559e+00 1.126965213013871869e+00 9.747301574144874303e-01 1.076200538708838472e+00 1.242027162566666565e+00 1.258180778028505253e+00 1.265910823652572015e+00 1.102898832852061917e+00 1.187992527104976048e+00 9.397091440762583847e-01 1.305875355474386046e+00 7.623113938596355332e-01 1.288880154563742053e+00
8.866050042839539458e-01 8.564782169172109327e-01 5.801186150250673412e-01 5.856300689741404941e-01 8.014789178088034260e-01 6.269670145520714888e-01 4.282810224021231793e-01 8.564932189861106382e-01 5.577643689387843384e-01 3.194885292919084629e-01 9.263002948937193448e-01 9.161236261473840736e-01 9.156979347882386877e-01 7.433286331350532627e-01 7.240687321498996409e-01 8.238233666256008503e-01 6.779006305227955886e-01 4.447717251671976513e-01 6.961514739838761123e-01 7.710619475664863831e-01 8.048930825257004651e-01 8.883641652530114285e-01 9.166845810583637011e-01 8.400275604911585647e-01 8.481561100515482288e-01 7.673377605033073756e-01 9.244663685119006713e-01 8.976792866139647886e-01 7.884724914703816756e-01 6.890693952704073366e-01 8.778119549207096250e-01 8.881582388950128859e-01 9.208694234861646288e-01 8.616292538150859270e-01 8.581543460273787227e-01 7.666498084866217866e-01 9.116707059332859187e-01 8.457638617749240195e-01 5.294056825495042640e-01 8.439070955086171999e-01 6.751263499691708692e-01 8.864508197554258340e-01 9.331469942077987856e-01 8.911615918557956872e-01 8.773451150297251200e-01 9.297143371447478266e-01 8.597773249505875626e-01 8.211378125937542904e-01 5.795508632583821207e-01 8.496385593905743105e-01 8.597739571392019053e-01 9.109607100602579166e-01 9.046716590787068357e-01 8.928088802539154711e-01 8.955653420236633355e-01 8.757071952705508533e-01 8.460553305421179004e-01 9.049590864722379946e-01 7.839861380741641739e-01 6.045781106249834558e-01 8.610019224033418350e-01 7.104361990584195929e-01 9.233583585660238846e-01 9.314803562024450700e-01 8.977834438351826041e-01 9.202654830553173015e-01 9.178142674629772291e-01 9.012514323013156581e-01 8.067707904555324605e-01 4.875554825164011841e-01 8.700057967593275432e-01 9.314913781306163321e-01 9.431061635715558555e-01 9.332734402170961285e-01 9.213549394221058897e-01 4.210758042578084392e-01 8.832659111444897126e-01 9.316160483848193730e-01 7.648826872361073059e-01 5.169352280848741321e-01 9.403184730053227858e-01 9.235727350689536541e-01 8.768039995894536531e-01 9.476468305804834902e-01 9.147133704378792585e-01 9.356483595733178227e-01 8.540645983465214863e-01 8.975445741585390547e-01 9.144722963756014567e-01 9.163043857693916605e-01 9.010723259685337050e-01 9.416734966081029556e-01 8.996656830021517726e-01 9.345206326226014326e-01 9.267828104158807312e-01 8.486955722025940618e-01 9.046806603200466812e-01 8.656796287191981243e-01 8.692613879772316254e-01 9.576173280370832153e-01
8.358737631610397845e-01 5.033725005384782625e-01 7.022656437051107980e-01 5.198550593232929007e-01 8.774618250024712740e-01 6.716644847964663434e-01 5.789901532791396077e-01 7.008915766597682007e-01 4.962291888907251480e-01 5.004083366556375534e-01 8.596293249484220356e-01 9.083975606640459777e-01 8.939415058393745950e-01 8.620384735149086985e-01 7.655875395426554597e-01 7.991781515360001364e-01 7.092618738447128424e-01 5.777076294705522086e-01 8.173159590003915564e-01 6.899218189485808450e-01 4.554741398872991232e-01 9.140935706770523250e-01 8.752368651023121338e-01 8.544250766306539235e-01 8.275370216240830468e-01 9.815040507697027072e-01 7.969920133161774167e-01 7.935782159968860494e-01 7.536160110265748280e-01 6.800909325821496987e-01 9.055642515617710053e-01 8.634103361746171545e-01 8.843030133524650838e-01 8.532622019756583853e-01 7.953931601690765740e-01 8.946865269508131879e-01 5.453665979671498132e-01 9.091950584001663449e-01 7.800923970159514553e-01 7.326722655815336438e-01 7.750341280135174538e-01 9.205785670483135341e-01 9.135926852746056870e-01 8.847758540710094488e-01 8.843653484795666042e-01 9.365730993468812660e-01 8.799799681919842076e-01 8.829014527196287210e-01 8.729418547253317007e-01 8.964688952019644885e-01 9.266590586556918696e-01 9.708919546276707502e-01 9.286922982386064396e-01 9.001595266171557030e-01 9.210890660214428038e-01 8.757603454575098034e-01 9.550151732617320199e-01 6.973742956815361937e-01 9.318827178136280809e-01 6.550025747471325266e-01 8.729509784325401034e-01 9.656965238524396478e-01 9.329457827857401409e-01 8.203022892054432358e-01 8.914464474660868110e-01 8.946373569045827923e-01 6.172566958332463827e-01 8.994274256548510094e-01 9.120386546354010138e-01 8.857951374951080759e-01 9.752702318948761606e-01 9.908240707653988011e-01 9.665219438065937307e-01 1.000014276940411895e+00 9.992813799499615790e-01 9.761558438234319013e-01 9.764932985242733565e-01 9.923698961914092509e-01 9.793446101092279088e-01 1.016907096384932263e+00 9.888600856311599019e-01 1.021499321524527382e+00 9.759047887928656850e-01 9.842166085255686925e-01 8.877170556034935656e-01 9.900350844071439393e-01 9.948173153418237158e-01 9.818321368315986453e-01 9.446367419969294854e-01 9.712398189273405702e-01 9.825397446201895590e-01 9.972905747905062013e-01 9.908349089947671162e-01 9.889117662276960541e-01 1.011396622162807679e+00 9.641664965234745255e-01 9.595831501593505841e-01 9.941773087126828390e-01 9.812626705427534013e-01 9.172185322453239031e-01
5.615451352332422319e-01 7.549104140244133898e-01 5.888246523886935258e-01 3.868184880759747979e-01 6.166878418737439249e-01 6.794840529704567755e-01 7.601672614327318334e-01 5.655352569300186039e-01 7.314855713151013905e-01 4.241504935870325510e-01 9.025340173428373358e-01 8.638420283613224004e-01 9.329805630924137283e-01 8.940887710463285565e-01 4.139853366323427153e-01 8.989202944931073969e-01 8.234243115928692180e-01 4.994031368064243415e-01 6.467274335420659659e-01 8.955309903475298094e-01 8.959941562624572642e-01 9.150382111542582075e-01 8.285931672746209564e-01 8.676520639983682504e-01 7.108026169371776115e-01 8.945075430838997921e-01 8.121749030708049766e-01 8.867677614232819527e-01 6.993978604608337424e-01 5.989091043359965338e-01 7.847660007252107439e-01 8.913218996777523273e-01 8.167185092605783181e-01 8.823799930512624679e-01 6.280520009146572935e-01 8.416934637013007148e-01 9.189380755058993433e-01 8.855215487447252176e-01 9.439180510472330310e-01 7.566927210426304118e-01 9.354381469099193325e-01 9.580628588669366508e-01 9.577751865416684884e-01 9.483347213642348006e-01 9.398512657167326090e-01 9.031983334468891567e-01 9.922645143115057520e-01 9.360667642132832755e-01 8.382442737459929738e-01 9.148254267076197932e-01 9.052042631411127971e-01 9.344672375039053680e-01 9.814938248696771783e-01 9.059054414716039005e-01 9.668387017756471247e-01 6.786687364504595532e-01 9.406028999850739591e-01 9.742211280317809585e-01 9.047902672724158490e-01 8.530123103708435739e-01 8.771855420029799344e-01 9.232871446634510759e-01 9.012388795497873195e-01 9.903976446110420717e-01 9.882810057716321372e-01 9.870339358319953904e-01 9.964237001398414950e-01 9.507240916929475816e-01 9.584106619336723032e-01 9.162714424507466537e-01 9.353105987078048633e-01 9.528500991713030333e-01 9.333493690556088351e-01 7.087847468207685298e-01 9.402987560004831824e-01 1.000406290185700930e+00 9.846600574356565438e-01 1.012513143486549971e+00 9.846669155242964155e-01 9.544237855824129202e-01 6.013611771894165070e-01 9.450455942991465852e-01 1.006304613813582938e+00 9.812823263146587260e-01 9.953606351677294350e-01 9.761268806455153380e-01 1.014216215087802908e+00 9.965827833031124516e-01 1.026035763460989569e+00 9.956920278080767517e-01 9.503681446459522064e-01 1.038827262200072932e+00 1.042544346242875175e+00 9.970482760695427160e-01 9.815259721601764520e-01 9.481145889654822856e-01 9.837761600292607156e-01 9.510808347680886898e-01 9.326432920903749979e-01 9.955969942940673389e-01
3.096689710183199162e-01 5.114790062425256245e-01 2.401831077757337618e-01 5.874675468661476607e-01 3.911302663765472976e-01 8.994718195322072285e-01 7.882098021823014111e-01 6.364103576774163828e-01 5.593750400422020652e-01 6.880585007583056578e-01 6.673607892432192878e-01 8.973929001803164773e-01 9.447358781175358988e-01 8.406332766771000831e-01 7.607610984294223000e-01 9.247435700054063012e-01 7.482638239395755786e-01 8.168418323902272293e-01 8.436624087032166264e-01 8.057989625555043167e-01 6.527218316438403445e-01 9.052979495305679691e-01 8.817865846851120626e-01 9.198852265334109823e-01 8.928821760762538640e-01 7.258267296932057189e-01 9.569357442455631579e-01 6.281172752226045208e-01 1.002821255880944618e+00 7.386049408855493992e-01 7.942250194817325193e-01 9.409925863788600742e-01 9.352273831501123347e-01 8.693932224847460422e-01 9.601952958033920238e-01 7.626392349897943568e-01 9.681094688608519183e-01 9.343350968317195582e-01 8.591235409112326638e-01 8.554206016762502252e-01 1.007039960121404842e+00 9.677260282263627778e-01 9.887152697415773073e-01 9.197821102720759034e-01 9.517529886877289513e-01 8.322100742369337167e-01 9.818762857772177499e-01 8.486404625617380848e-01 9.479614453968369103e-01 8.470704501266852482e-01 9.128221300295703555e-01 9.934199185485187433e-01 9.829370238978268892e-01 9.730627233809880927e-01 9.305298985964821634e-01 7.367015763562521080e-01 8.456162291703642753e-01 9.494379551412374107e-01 9.389205251156091947e-01 8.891461710567578614e-01 9.374544862029713377e-01 9.798112050684752994e-01 1.003349818569687857e+00 9.799891479755058477e-01 9.738843468932165681e-01 9.394221453132672872e-01 1.002386930678065058e+00 7.133052681943166107e-01 6.454953656713289245e-01 8.746162080804051886e-01 9.229972679525485502e-01 9.973677895206388699e-01 1.010866712349510310e+00 9.516771823150848020e-01 1.048259215999641114e+00 9.732527291760727506e-01 1.043194517539107080e+00 9.411661205146221176e-01 9.766174789150021684e-01 9.934174692311472654e-01 8.757596718952326276e-01 1.041045853875066429e+00 1.016365919711726518e+00 1.023775594623616891e+00 1.016949653274259902e+00 1.017879536614303415e+00 1.027320614121079778e+00 9.937805192985197378e-01 1.013158783545645036e+00 1.020496754691488484e+00 1.016655000394483199e+00 1.058094204972669150e+00 1.012074103347730736e+00 1.040948003646079867e+00 9.855424240186951845e-01 9.739767473910517781e-01 9.997834900110939005e-01 7.291269399193993639e-01 9.177237651861047674e-01 1.007541029222654316e+00
4.214859424516455566e-01 9.278583056736524615e-01 5.341329875421308993e-01 5.206868475026126264e-01 3.159730853017049812e-01 6.745694976647882424e-01 7.561784868605097021e-01 8.090224479150396331e-01 4.566044998541897160e-01 7.869763259540758504e-01 8.786418448790666025e-01 8.286264167579373563e-01 8.946864657178789093e-01 9.132839488199435696e-01 7.498264884225142035e-01 8.139415344578451172e-01 9.066740372627419831e-01 6.185014389213802088e-01 7.762477647710349649e-01 7.317394430606446454e-01 8.505611560114377800e-01 8.808535784654202283e-01 9.000336317042668677e-01 8.129368857050404129e-01 9.116705222344830828e-01 6.692472534826541253e-01 7.752161735271451137e-01 6.970121641081780117e-01 7.877181017199974544e-01 8.667196701080192023e-01 7.115384531084736341e-01 9.025555713357055199e-01 9.080183451020223950e-01 8.346499005034968555e-01 8.078210577443790674e-01 8.840122181475482677e-01 6.756678328070481188e-01 7.386511105179998093e-01 4.928501718781073682e-01 6.353131859609080223e-01 9.055660273168653074e-01 9.116556426314519346e-01 8.816671804632574272e-01 8.938862124997156711e-01 5.767664792706004295e-01 8.355785591848545746e-01 5.703355515803123499e-01 8.976725509911934742e-01 4.865038068700660578e-01 8.312550853938337481e-01 5.600596854804362756e-01 9.004034786273448221e-01 8.740542122095427136e-01 8.688937454397879234e-01 9.213344876220548318e-01 9.116811767650485621e-01 8.925460072670323708e-01 7.622456909211483556e-01 8.813032119018707755e-01 9.121390154146932217e-01 7.690451184099601489e-01 9.088258850393655663e-01 8.838304175656578332e-01 8.447039809153947809e-01 8.779203984473273881e-01 8.348952608711746048e-01 8.830801916548050023e-01 8.632954019569653026e-01 5.740651271417085422e-01 9.294637719776559504e-01 8.501781440074887009e-01 9.613590889524019634e-01 9.059774514023223313e-01 8.967382588798816778e-01 8.963974363676545654e-01 8.212766276557771361e-01 9.513849787526794666e-01 8.668987764408011554e-01 8.829749934737043393e-01 9.335630719962614288e-01 9.426397523111113008e-01 9.691439380526530867e-01 9.530039775351598630e-01 9.602694488868104283e-01 9.888992134761677155e-01 9.655014969567436989e-01 9.706473290552044553e-01 9.649380927283925935e-01 9.272577942871250700e-01 9.340184000956005539e-01 9.771711471068019739e-01 9.038730591497693423e-01 9.695254192332450893e-01 5.441113228143189540e-01 8.817104721477965201e-01 9.589624931374435279e-01 8.789877497248392846e-01 9.216301814617143817e-01 9.147303319606761018e-01 4.194550909531681304e-01
9.221713581349201272e-01 5.057766280043536344e-01 3.345683027852010549e-01 4.217114021156808112e-01 1.042868635862845395e+00 8.270017233125686040e-01 8.200983223013418311e-01 5.610399635253956463e-01 6.029247601663695333e-01 5.119266802250790338e-01 9.169237568996787546e-01 8.399439775358602533e-01 8.029295260220015162e-01 8.724958340320039252e-01 4.913222264689079410e-01 7.048216288480115832e-01 5.817446555949904452e-01 5.203877246186332517e-01 3.109816214305752835e-01 3.961356913566938531e-01 6.650229770451739908e-01 8.184829974949184850e-01 8.074840929070118412e-01 9.159258437696453647e-01 5.336146507534131889e-01 7.124970546946964856e-01 7.838547321971898185e-01 5.398370190695285231e-01 7.760308164848651602e-01 6.092765749055620850e-01 5.603461943799531442e-01 1.009737944438910962e+00 9.977567411192135305e-01 6.687396324574361728e-01 8.205883082414858753e-01 8.742259705902104550e-01 5.852733871319336645e-01 5.213246497461192508e-01 9.538122522677143778e-01 9.979050472860504506e-01 9.998978118994029662e-01 1.012446215889377221e+00 9.831672597307363759e-01 8.569718156004777487e-01 1.144524001851669581e+00 1.135389517646855362e+00 1.124563902262973647e+00 1.154427694176965113e+00 1.220445859809855982e+00 1.142557689865927983e+00 1.081687621950066402e+00 1.026947399386616278e+00 1.176557644024964100e+00 1.086339855365260343e+00 1.034975955565319294e+00 8.785725291974565421e-01 6.733125079897974707e-01 7.020472870614525851e-01 1.151502719372066386e+00 6.034693658838952146e-01 7.217055082841263847e-01 1.165010827141080396e+00 1.061655022567177475e+00 8.553144237682011042e-01 1.203317048636603381e+00 7.027327897607666962e-01 5.380935337316479217e-01 1.075580126618668642e+00 5.505083886919478475e-01 7.689465946186965217e-01 6.019994692963974714e-01 1.156951838194037796e+00 1.058611133403898341e+00 1.303606552793279194e+00 1.122293507525575551e+00 9.365155403886539220e-01 7.045752887533852649e-01 1.030347480528627901e+00 7.174045069799879215e-01 1.009414267148283528e+00 1.055439634805570570e+00 1.096781172853573016e+00 1.116269044053067372e+00 8.828662437824151832e-01 1.107147051366847101e+00 1.171450572373905485e+00 1.193091271076972104e+00 7.020055262002705687e-01 8.475241249367986285e-01 7.711827601458296488e-01 8.315295926382308966e-01 1.103925096830668862e+00 1.176211555480388471e+00 1.097155061150313582e+00 9.559391170071497301e-01 1.051786477946161424e+00 1.136626667851138084e+00 1.005127839282504709e+00 8.573707481673408237e-01 8.071420457360990453e-01
7.244180048070580913e-01 5.541655256920854367e-01 6.730610855616255828e-01 4.956502314970658296e-01 8.039140291394266669e-01 8.378384830904901381e-01 8.912178036894687905e-01 3.982429615571582704e-01 6.357791685908125157e-01 6.526323090939165628e-01 7.850668381313501420e-01 9.328306036363510634e-01 8.371363250330505767e-01 8.988525096348545240e-01 5.414968602191766456e-01 6.684738202897074766e-01 9.192504247036842324e-01 7.324356615234586254e-01 5.876343453791385008e-01 6.788856235036949682e-01 7.577846267267903668e-01 8.965168405895092008e-01 8.049491106605706214e-01 7.964435499237917382e-01 8.729907798398249819e-01 6.827165395713318263e-01 9.188953349177688690e-01 8.555170435477482682e-01 8.074347391619786096e-01 7.459316451714844698e-01 8.553849641084967370e-01 9.078561390591030067e-01 8.705744670200270541e-01 9.223158066268971611e-01 8.888866046483261396e-01 5.738694879166696960e-01 8.250850712365316308e-01 8.721856279869190098e-01 6.831015110291780434e-01 7.810333635171003985e-01 6.831208606364119751e-01 9.251245000895896853e-01 8.931303531589086520e-01 9.571026039914882766e-01 8.805136744472072952e-01 6.691464028398876884e-01 7.859762696713424868e-01 8.499101886870600309e-01 6.546954303487618754e-01 8.814636421896959728e-01 6.759668944580933259e-01 9.108122814275524393e-01 9.623221605428274872e-01 8.938814975637757732e-01 9.138044899942955324e-01 9.070736433918822339e-01 8.402789829193303417e-01 6.269104965537268814e-01 8.524828904210204339e-01 7.908647397470057738e-01 8.813384208390843133e-01 9.368176636864132822e-01 8.985028695800904019e-01 8.723224223621104390e-01 9.250860458068590475e-01 8.407956664188224183e-01 8.946120677027233903e-01 7.536308293966716976e-01 8.902821644536026424e-01 8.632132885920897891e-01 7.372161167030442108e-01 9.291054980791577655e-01 9.545753370947669403e-01 9.568650202064646892e-01 9.513437077549717902e-01 9.213508980484430566e-01 9.515710656399698486e-01 9.162107606128707671e-01 8.795805457616469036e-01 8.857444366255206036e-01 9.133873100130156519e-01 9.611971890741538571e-01 9.826228377120135304e-01 9.817989485812165240e-01 9.307146383592183048e-01 8.300085053176713412e-01 9.937153674564410677e-01 9.962268974890513551e-01 9.243049584971269050e-01 8.647978132325681022e-01 9.611166677655698098e-01 9.870554285919291848e-01 9.007351774323636429e-01 9.601481464439930447e-01 8.897057176102489695e-01 9.330300393033155171e-01 9.321109329597061510e-01 7.571409461215924397e-01 9.134994275156904653e-01 9.114914159017011297e-01
4.530420289704557568e-01 6.028376869338170074e-01 6.011406773930583203e-01 9.506667776664573521e-01 5.814640862900991580e-01 5.180951635590240745e-01 5.344626656603183035e-01 5.525862670839556401e-01 8.415277673811271120e-01 3.237305020473967287e-01 8.226990687192045071e-01 9.097501961823890593e-01 8.437387661722692833e-01 8.806540815655214960e-01 9.169615376201322166e-01 8.424533031828362883e-01 8.035884536278363743e-01 8.745907964126771184e-01 8.418417086352033563e-01 6.008743753618552841e-01 8.026349343751592036e-01 9.017440512576339051e-01 9.474938094777066722e-01 8.666538447036634674e-01 9.370775974924506757e-01 8.247901121920835354e-01 7.409292818380520673e-01 9.189256452202395620e-01 6.872351014909828804e-01 8.778507766010459346e-01 9.176831677506742668e-01 9.351573326732909308e-01 8.523750592237454571e-01 7.825616763239054974e-01 8.269325913297614905e-01 8.709850338444041773e-01 7.193140560356479085e-01 8.266384895463932958e-01 5.700692495491093137e-01 6.656533701036322359e-01 8.690159663766197085e-01 9.191403891207751142e-01 9.048073512610811386e-01 9.768970072600106080e-01 9.711399480115227023e-01 9.493931938662755199e-01 8.276964109520255075e-01 6.654843672050072545e-01 9.446341702136894503e-01 8.954743498833167559e-01 8.915200494530967079e-01 9.600126991933558562e-01 9.037838427645168426e-01 8.755050653544780292e-01 5.508913394629626481e-01 9.181772562974153118e-01 8.654171843628550853e-01 8.284041412064848675e-01 9.612748936677608658e-01 7.369839826491718648e-01 9.310000450659180471e-01 9.605621423126899927e-01 8.636797610854686225e-01 9.373057514055944672e-01 9.010507719756656320e-01 9.521130383413213272e-01 9.035011915398599713e-01 9.482398103160939451e-01 8.618879017295033584e-01 9.231266531426916000e-01 9.071792089705885687e-01 9.556941240370777635e-01 9.055981133744303024e-01 8.946151293494375434e-01 9.476514230505548309e-01 6.525247840613130901e-01 9.304675022364463643e-01 8.227621998744517606e-01 8.989476043817982154e-01 9.199151694382760036e-01 8.710882725716077024e-01 9.776867896464112029e-01 9.435824945673544351e-01 9.290393665101305265e-01 8.941119783284223743e-01 9.521756796330943518e-01 9.420475073707123004e-01 8.607838106914207366e-01 8.388720950212112948e-01 9.089260621198548273e-01 9.579589465774560608e-01 9.570743143758488891e-01 9.425084689000055027e-01 9.511427412646502599e-01 6.667746675962488156e-01 7.683286318458979469e-01 9.484532683250094243e-01 8.956094297363481616e-01 9.022053189515985006e-01 8.005435847376086711e-01
7.524208666152113478e-01 4.352785384333451302e-01 6.976842567948839946e-01 6.674669059183342412e-01 6.808085825719633055e-01 5.375250471697512467e-01 6.255069764669934917e-01 5.906647632968750061e-01 5.244277511568514738e-01 6.448473987607310498e-01 1.009405755770418134e+00 1.142746899632866908e+00 1.116513485926730942e+00 9.599396483027544669e-01 6.093348074260666047e-01 7.618534327441222054e-01 5.854001393059024005e-01 7.047259830046592732e-01 5.821266266390566768e-01 6.284509947144546471e-01 4.405465914686376161e-01 1.140617708041928635e+00 1.141069852028684828e+00 8.190113764848588884e-01 1.242929491086282034e+00 7.518753424036713762e-01 9.872644165966419916e-01 9.405224399094241905e-01 6.624486832549222326e-01 5.248792215813304907e-01 5.810147590183200039e-01 1.112055115981481546e+00 1.114373517339358521e+00 6.337295798144439996e-01 9.232859812376996711e-01 7.953004535065699709e-01 6.478368518454312719e-01 6.667856895244199666e-01 2.655988321856690426e-01 3.645150653251478801e-01 7.056260459057061007e-01 1.052342350523595593e+00 1.115801836764477306e+00 7.899744128825101352e-01 1.054507057216418797e+00 7.480346902994832181e-01 5.758911544750044964e-01 7.790492327474819456e-01 8.314559294182867211e-01 8.729802477751280598e-01 6.220277823738863399e-01 1.059436553358052535e+00 1.120695327940751884e+00 8.082934698323834821e-01 1.094036835204813318e+00 1.073368882895789245e+00 7.015422378194745567e-01 6.365083303722715025e-01 7.304080553704982437e-01 7.686554932491083125e-01 8.026765115375382731e-01 1.093454754931505457e+00 1.206752951045171551e+00 1.123147462027106247e+00 1.056203331961965919e+00 1.164515697634456615e+00 9.856489693243500883e-01 1.027538970764737991e+00 5.888861302547150345e-01 6.567143414250538047e-01 1.125989404973115171e+00 9.955200857286061744e-01 1.116043339457295058e+00 6.601705731678042532e-01 1.023740691851074747e+00 7.088776984150122473e-01 9.619054704250218357e-01 8.887636489162830111e-01 9.043309590323482805e-01 1.089252828515039129e+00 1.106022202364042251e+00 1.004212774312558176e+00 1.012915994961207433e+00 1.219441517221722782e+00 1.172527169824494342e+00 1.166891780416429603e+00 1.203490827704102761e+00 1.196200067150592572e+00 1.090042121037965606e+00 1.168288993510931739e+00 6.916967167817493767e-01 1.160646755914628958e+00 1.200853525224472307e+00 1.110799473431044904e+00 1.150455023866459703e+00 1.030108059755575622e+00 1.045770587084453140e+00 1.101235134027553908e+00 1.113679380796310348e+00 6.742864790425256993e-01
7.940824079777840661e-01 5.668660322908222193e-01 6.891300771082832233e-01 7.503353953393521181e-01 5.140656690855027744e-01 2.035179748437341563e-01 7.351636499787643775e-01 6.171529060096342389e-01 1.061369064764069226e+00 5.397032251081170795e-01 1.202476687846483872e+00 1.261530341999732352e+00 7.979777410922881398e-01 1.060433425528203077e+00 3.189851945720904580e-01 8.396806146855029240e-01 6.664933022632117954e-01 4.803758597386172946e-01 7.467470841573502494e-01 4.172150677511750616e-01 9.283816023300471842e-01 1.093873465736142414e+00 6.757787868839715273e-01 1.121117835187314338e+00 4.652046654744380616e-01 9.788552977313610404e-01 1.136250207771157372e+00 6.518832466088150257e-01 5.312466507187656450e-01 9.238791446721129619e-01 3.245909166234944299e-01 1.145257205006791512e+00 1.090757566642144960e+00 5.933088626322109427e-01 7.123598316889649951e-01 9.521534520779491029e-01 7.273241811011315061e-01 7.242621057563699560e-01 4.658399571676390405e-01 8.420569423992131375e-01 6.704784640923111549e-01 1.191208970677068546e+00 1.114650290202324312e+00 1.214668042596645625e+00 9.407878234466129364e-01 1.015006548570612122e+00 9.876808617827104175e-01 7.855872568398335476e-01 8.088597520086459047e-01 6.499877811280404538e-01 5.602642034809461880e-01 1.162228157675458728e+00 1.036890831886262188e+00 1.031952763133828332e+00 7.001531074722979753e-01 7.798664474884419162e-01 6.694122150076163846e-01 6.134157987973211101e-01 1.227398124702641757e+00 6.834404353204424076e-01 8.784667186870130928e-01 1.127102742184274753e+00 1.103681634683953972e+00 9.368934088261231530e-01 1.276752237133498946e+00 9.757809145668082662e-01 1.126386071921409826e+00 5.897782941072392537e-01 9.330109346278188109e-01 8.091003974403836452e-01 8.579652587263083552e-01 1.136423007111708072e+00 1.093648618401450001e+00 5.144535184912604198e-01 1.157623196085532324e+00 1.004896684955581154e+00 9.639373016504478864e-01 1.178559471112590851e+00 1.162009311168326064e+00 8.464064401873048205e-01 1.116394571568350536e+00 1.143884485086003044e+00 1.079431188321684942e+00 1.183313841062171301e+00 9.867599184510725818e-01 1.202732151648318704e+00 1.092842303122792513e+00 9.133294448901169149e-01 1.122719933679932280e+00 9.655261125963260360e-01 1.183632864649793115e+00 1.179446001535160882e+00 8.090791496121869653e-01 9.665827481103381746e-01 9.917382784742653223e-01 1.179855160002049486e+00 7.209468322283422159e-01 1.050894069161900202e+00 7.404439496009137534e-01 8.581949434628092233e-01
4.407219625924281847e-01 5.632139163912958102e-01 4.047692901590615455e-01 4.791014186773554506e-01 3.194949281335411895e-01 4.690372348313006090e-01 4.500099577634935621e-01 5.186065810261676345e-01 4.579049036795881378e-01 8.146754111752440020e-01 9.392566939248307989e-01 8.930868777755667232e-01 9.173970874816973486e-01 8.055768094699203852e-01 8.231477836616407640e-01 8.781666773090193168e-01 7.453509732556651279e-01 6.797903401077474150e-01 9.545837872396981671e-01 8.633585331122125561e-01 5.978374667530846898e-01 8.424387909774108119e-01 8.079944081813382750e-01 9.083241423758389166e-01 6.999152175226028838e-01 7.265129059547970058e-01 8.133412680030548403e-01 8.988166883682980890e-01 7.073436297123844030e-01 5.065367736505606011e-01 8.623863990475129082e-01 8.961868563066504034e-01 9.299341633788289485e-01 8.247859483525521451e-01 9.767166762685429715e-01 8.646913903927817557e-01 8.539239462964701710e-01 5.576148993461960135e-01 8.376268008366688500e-01 8.526190724668689658e-01 9.311187757254955066e-01 9.075322780696726266e-01 8.694074897584342931e-01 9.480402521832609342e-01 7.318050847661975444e-01 1.035384501702865112e+00 1.016463218844304350e+00 7.724221147357465123e-01 1.000106554972378659e+00 9.904484067135638226e-01 6.929734846945141413e-01 1.024432134145014661e+00 1.017744028130731948e+00 1.038010414856718633e+00 1.064627146731475182e+00 1.061297912094430806e+00 1.022701079092793730e+00 1.014548648688033072e+00 9.918233310199864317e-01 6.603120824789355803e-01 6.774348928246282098e-01 1.005448577392286547e+00 9.974122446309293677e-01 9.930662983530260668e-01 1.051850527595422857e+00 1.019645249507329154e+00 9.122216798759772427e-01 1.037704617582902111e+00 9.998935868269372973e-01 7.367000455328950315e-01 1.050967916080647102e+00 1.045289541152714774e+00 1.026494214439977126e+00 1.000974776747597605e+00 1.007941247681137353e+00 1.010137856732722605e+00 9.985058036043149565e-01 1.022742350090501517e+00 9.098613339581153037e-01 8.680921450970704445e-01 1.006705995697817491e+00 1.019644637177986368e+00 1.012593481096331294e+00 1.017195870903017552e+00 9.926734890795915200e-01 1.049435378201376334e+00 1.047572794806312491e+00 7.566413466107657637e-01 8.777115941414175282e-01 1.011561032591361542e+00 9.708696658395912227e-01 1.050676079915847660e+00 1.038803503821570606e+00 1.029563086640444158e+00 1.003098518607384415e+00 1.050662486204436474e+00 8.920677168173366534e-01 1.018681688053429291e+00 1.039740245250253770e+00 1.003555867393554957e+00
9.178044089605573719e-01 6.973533540180109069e-01 8.183112391142506326e-01 5.926379333712564756e-01 8.940465815546065897e-01 6.775541745806142879e-01 6.786130757131949576e-01 4.771447202622964290e-01 7.137719243864982799e-01 4.716398794701260888e-01 9.277557405087260012e-01 9.274136321048789267e-01 7.580889544101839794e-01 9.678838867309480509e-01 6.952782311080457633e-01 6.882617941001299977e-01 3.723988668472026919e-01 8.287292880875352097e-01 8.467128497904641282e-01 7.661950314836912801e-01 5.621163160442473883e-01 9.001695688183782851e-01 9.055971336474817335e-01 7.895334745227279294e-01 9.244525911016866493e-01 8.505117410334702699e-01 6.610588793454684753e-01 8.638153308019743681e-01 5.927600930751538710e-01 8.686412820517331879e-01 7.535267946413224394e-01 8.799467799416020863e-01 8.860536629436569500e-01 9.197735376612761193e-01 8.566805917650209823e-01 7.511932687486770899e-01 8.762050802592176169e-01 6.317115259992320819e-01 4.764525431731452265e-01 8.516521432015835558e-01 8.851835429474751438e-01 9.083725776268578578e-01 9.125765247301554917e-01 9.256532464771357605e-01 8.129727069715968479e-01 8.524414357245098106e-01 7.264299965617758703e-01 8.846545516281919541e-01 8.084034441823583217e-01 7.024678960870522904e-01 4.396004814010088246e-01 9.460088495883749449e-01 9.625142482576777292e-01 9.171125992690118967e-01 9.044294215906776291e-01 6.578206368487706790e-01 6.197666338095652039e-01 9.220544644633712483e-01 8.808442710594089897e-01 8.836518623292843877e-01 7.868419808962557882e-01 9.510601992692347961e-01 9.256668401885469466e-01 8.982439155010015774e-01 9.363262693887807186e-01 8.854998110530543087e-01 9.411731623020648252e-01 9.332416603242025266e-01 9.559915936318315044e-01 9.481362654242190269e-01 9.079895656229087786e-01 9.518579419370923889e-01 9.032012113948004739e-01 9.562785311618883233e-01 9.439416869598669102e-01 8.972346742781255324e-01 9.076384559777218586e-01 9.347615229860763986e-01 9.083460637663127724e-01 9.741003154524378038e-01 8.725323288608374250e-01 9.625902995620589930e-01 9.602540181873707725e-01 9.688319562524738693e-01 9.576161033783975318e-01 9.676563451471471566e-01 8.710544107589484053e-01 7.926848274856762577e-01 1.009797707782772669e+00 9.300421782749066502e-01 9.719750427692938066e-01 1.025385469698888885e+00 9.646338262779332595e-01 9.633375862920661170e-01 9.656862367194798402e-01 8.058279869663551587e-01 9.489777284071556629e-01 9.419537597483228497e-01 9.118106231881258905e-01 9.161379546540066032e-01
5.282474615975142340e-01 6.887847233589190488e-01 7.896135672007720263e-01 2.934055036723750010e-01 8.539947928014373080e-01 3.736352822562739040e-01 8.750726383725613289e-01 4.261914485196669489e-01 5.602345055078182812e-01 2.063531668587383350e-01 7.599066540644173751e-01 8.018420903420443446e-01 8.792912201471529965e-01 5.982799359362239722e-01 9.104582938344542020e-01 5.247794731313811800e-01 9.441274064495515095e-01 5.822217213860004792e-01 8.227468304079462724e-01 7.927766768871028491e-01 9.563714827561321519e-01 9.304724008711890981e-01 8.542108838265269899e-01 8.164417363976127495e-01 8.745180516867472331e-01 9.081369532957314084e-01 7.272650913195469746e-01 7.958187290623534027e-01 7.427888035864017580e-01 4.534634340242012507e-01 9.119200464416921115e-01 9.746094673010128329e-01 9.701049889562471940e-01 9.084046024514886852e-01 8.581584486339757234e-01 9.395616339375671977e-01 9.130645512164023980e-01 6.664925674680003409e-01 8.945168504899110307e-01 8.135392953125306637e-01 9.222129965302335863e-01 9.583967008246554453e-01 9.305164273509396455e-01 8.872316009004865833e-01 8.131080317563654791e-01 8.385271699023870706e-01 9.401775760235343560e-01 7.218262596305352607e-01 9.638960918856744886e-01 8.727026176510824795e-01 7.247236796150059446e-01 9.867020533281737338e-01 9.492416423539214998e-01 9.609565436424160056e-01 9.558934372381735489e-01 8.187195403200592247e-01 9.044275233697147698e-01 9.216028103400891736e-01 5.880799374419262149e-01 6.374047192972612796e-01 9.177758131802465913e-01 9.635108754960911570e-01 9.359993467526361854e-01 9.482354627777597189e-01 8.879408007453688523e-01 9.394462098564411168e-01 8.525432048612905378e-01 8.840002164924285477e-01 9.744138893089083764e-01 8.068219199556599941e-01 6.766315779597508184e-01 9.540235058909956045e-01 9.695227862170708866e-01 9.868610140255761332e-01 9.395162603332624096e-01 9.550040901006264793e-01 9.029848142050392878e-01 9.289977893477514570e-01 9.154558197660780383e-01 8.840798193069983046e-01 8.660361880955363967e-01 9.544874678340687923e-01 9.224273730331633558e-01 9.637508473655518326e-01 9.219105058348684434e-01 9.224608674482169812e-01 8.938649646715189911e-01 9.501416440220340487e-01 9.066515035429253411e-01 8.693982435853573332e-01 9.373317754026653237e-01 9.568648365076617424e-01 9.535125782873262734e-01 9.251685878022745113e-01 6.584711755426084778e-01 9.470567287927844635e-01 7.129116628927363308e-01 9.421976505255776901e-01 9.418859136571356983e-01 9.121519967967615106e-01
7.262828538206904661e-01 5.245887937740194573e-01 3.234815289365962077e-01 4.305189024514162743e-01 6.252071187878025516e-01 6.843027787339700518e-01 3.159307427276473179e-01 6.014175727218925571e-01 8.249408676762918224e-01 5.493069372883530033e-01 8.992318476627465529e-01 9.113633778361123206e-01 8.962965857248880175e-01 9.470044970998398037e-01 8.956734181526754268e-01 8.999573967010827680e-01 7.346555390900720850e-01 8.506982565513006023e-01 9.345754973317202952e-01 7.010225539062026057e-01 7.429538875772325746e-01 9.637981804237536476e-01 8.859336463924595284e-01 9.281478762198834831e-01 8.575985959158132221e-01 8.657652323613277412e-01 8.204103653344553271e-01 7.801414445963132938e-01 2.778711062584876546e-01 7.299467876765336483e-01 8.930143167484396738e-01 9.651965569440071890e-01 9.144206157790654155e-01 8.976847363451161410e-01 7.957590269514260850e-01 8.492211344775573156e-01 9.119292926147690714e-01 7.008557553932117656e-01 3.582948401617324641e-01 6.098250382979477635e-01 6.798685345648286527e-01 9.657143426363163918e-01 9.268679241945360081e-01 1.007194083416998565e+00 9.639876963553639655e-01 9.622660711750229412e-01 9.998306393704929906e-01 9.551234330895468361e-01 9.025302821338460069e-01 8.931792782734019331e-01 7.706724448715032150e-01 9.767129410595516426e-01 9.167070535452460645e-01 1.004436458221499295e+00 9.297017843932194880e-01 1.012169136861740038e+00 9.011160462836127483e-01 9.369517638124962300e-01 8.744874964525393146e-01 9.609397045854878305e-01 8.234492946300573379e-01 9.804370056568622038e-01 1.010805540648160195e+00 9.504902431169153232e-01 9.467168247745715304e-01 1.023189962840120648e+00 9.972860435533691392e-01 8.528092007278220699e-01 9.553344417810910594e-01 1.050810180041930497e+00 7.525757859389509141e-01 1.019579607801776255e+00 1.055030108941076294e+00 1.050350443171322867e+00 1.071844305297975364e+00 1.029974939356441244e+00 1.040144260150662525e+00 1.028294707639676453e+00 1.033654916241067090e+00 9.745143113211348629e-01 1.026022782078921169e+00 1.020477527550123220e+00 9.590225014130423498e-01 9.766793241786294599e-01 1.086623976180340012e+00 1.018112221764584158e+00 1.014101831966559564e+00 9.701454026928749697e-01 9.895781642515134591e-01 1.036617120670010772e+00 1.014314983810803650e+00 1.055485926903889649e+00 1.089611531044077486e+00 1.038670138490699113e+00 1.063261039967589472e+00 1.061210961327746727e+00 1.071650319362162262e+00 1.047064438985883195e+00 9.047513231262108713e-01 1.036309608874034227e+00
7.880349209219851270e-01 7.276703308786413027e-01 9.046115895701738463e-01 2.903998850930236686e-01 4.937258028383747499e-01 5.678075498883795591e-01 5.436068246687495442e-01 6.206127504955074592e-01 6.853571486294136594e-01 9.063136814444782141e-01 8.609747962134538524e-01 9.287730032459933227e-01 8.067212530116963931e-01 8.225251671858366809e-01 8.234758697235367020e-01 9.304787690963546298e-01 8.097173804862336510e-01 6.792761671585610950e-01 7.782180568975051171e-01 9.250165464264462623e-01 8.780441502075162497e-01 9.231292249259315241e-01 8.592515177438870833e-01 7.404794034698644056e-01 5.190336195098672611e-01 7.485739687517262153e-01 6.353045521171738486e-01 8.383782514062073643e-01 7.565235956781367621e-01 8.138989775685174788e-01 8.944755182592690756e-01 9.038284203406758976e-01 8.278054668079860567e-01 8.977032899242043396e-01 9.955350265645714902e-01 8.868697142588656268e-01 9.262055063114470466e-01 8.026223816236308650e-01 6.612226162117450512e-01 8.702078042095318100e-01 3.664333706904105425e-01 9.668544386397581736e-01 9.433255611750969161e-01 8.623933183690870585e-01 7.501409807729990664e-01 8.582863030007616967e-01 8.881300105123077770e-01 8.798729330228550749e-01 5.535132112431534468e-01 7.597025646944473021e-01 8.337184251071620977e-01 9.453062629003954331e-01 9.762132190828564093e-01 9.063349905056091727e-01 7.656967178644845662e-01 8.522323252539284466e-01 9.510936324513541429e-01 9.172286969124151534e-01 4.054544866937043190e-01 8.407556813127347040e-01 8.746800127979296180e-01 8.587325073928923080e-01 8.914381197870241413e-01 9.081329731550028539e-01 9.818650801502436520e-01 9.645882689748256356e-01 9.742625827282915818e-01 9.069398494304707903e-01 9.726289492745171517e-01 9.490237143408032372e-01 9.336966822588701476e-01 9.034092809054989903e-01 8.843108511680535244e-01 9.220278281369574946e-01 8.431893230529351468e-01 9.314187558705550041e-01 8.926987222051376847e-01 4.838512573897987834e-01 9.576542514964566655e-01 9.020410922218476957e-01 8.193006408664185169e-01 9.058913578967184854e-01 9.554198617244178404e-01 8.950830102003048960e-01 8.878839153494185732e-01 8.579154763507351733e-01 9.429401610867107486e-01 9.728361002912013777e-01 8.712128203599421861e-01 3.017043420230096640e-01 9.326788684251943184e-01 9.319302345706328428e-01 9.401357539294180610e-01 8.862733667118695147e-01 9.294502394991790428e-01 1.006947130993029571e+00 7.236322025613859399e-01 9.794976924449390054e-01 5.721028565296295554e-01 9.268763131065330674e-01
7.407888747197378665e-01 7.296915688064361527e-01 7.409902698405993471e-01 7.870681753555024418e-01 2.471501757303827818e-01 7.467103443967795240e-01 7.658686599439552545e-01 4.824114874059689528e-01 4.267361767030612429e-01 4.221309701813977244e-01 4.815578390691097055e-01 8.341576489447843912e-01 7.525823378629193927e-01 9.485601810282701107e-01 3.801358317928433816e-01 7.482605785940584786e-01 7.596247376349718472e-01 8.453411095966243405e-01 6.541875031588725298e-01 6.360926812143488096e-01 1.040772387590552128e+00 1.029388817709470771e+00 1.054482931440310578e+00 1.008840085923498497e+00 8.026379960218733567e-01 9.593710392749892346e-01 9.939693004349186012e-01 9.220428302058572001e-01 8.859507303811248180e-01 9.667512611454889271e-01 7.657738713616829562e-01 1.007409929510351354e+00 9.476127850690213572e-01 9.280402287214114532e-01 1.011687417367724606e+00 9.613393719475623600e-01 8.551601167738043241e-01 9.763941011707325535e-01 7.815414131728583014e-01 9.118073166096745119e-01 8.768996454328059631e-01 1.001378852880940418e+00 9.339623719607302865e-01 9.010554256786712513e-01 9.972665714802666503e-01 9.506018707561159076e-01 5.776077585547342297e-01 1.024316342666282686e+00 9.723424403750003941e-01 1.010275569601928325e+00 8.609277693199234305e-01 1.039645824065587254e+00 1.074033872562118130e+00 1.047118201502184931e+00 1.030177252971317126e+00 9.850288633988516507e-01 9.887547649841906816e-01 9.265752920015907224e-01 1.035737570801949170e+00 8.926273858366963188e-01 8.874184838159226985e-01 1.047960276814464464e+00 8.477194579971658595e-01 9.734175682351663417e-01 9.161966158050510733e-01 1.031414525641468183e+00 8.641984040388577260e-01 9.616533744345728829e-01 8.858492061760812053e-01 7.844664492106913078e-01 8.445227314299128540e-01 1.017172786086792513e+00 8.756769462010144389e-01 1.000258841279944022e+00 1.041811632951227473e+00 1.069637225414627357e+00 1.071735800538423433e+00 9.985438292565056440e-01 8.060505074495447619e-01 1.011745343723557511e+00 1.125931723549019159e+00 8.282201362389601806e-01 9.860636999882586018e-01 1.177776056951355788e+00 1.071709837774286855e+00 1.190369344682160602e+00 1.092197275393040456e+00 1.110987703471035148e+00 1.092283246432775634e+00 1.102632592053793159e+00 1.130239460475928936e+00 1.076210580910061054e+00 1.123061001123896618e+00 1.055887614952795595e+00 1.032137931527104646e+00 9.485746320007611976e-01 7.821924417301703292e-01 1.035690176510813076e+00 9.190235566821604030e-01 8.509633339238179550e-01
6.718881687054073515e-01 5.907985572582864497e-01 6.034235636490504762e-01 5.393353376389361520e-01 5.792632521660481260e-01 7.386242904927832198e-01 5.812817346118001050e-01 7.802623184085908381e-01 3.029692307465231549e-01 8.435516995580303323e-01 1.121468210037289914e+00 1.066003785560057704e+00 1.152463953974463218e+00 1.119146991964435678e+00 6.107744549440278226e-01 7.222708719663745169e-01 8.156139895919557459e-01 8.131483842600588652e-01 6.893087548105251150e-01 6.911115748617273624e-01 6.712872899212741773e-01 1.125614047085951697e+00 1.106593995504390193e+00 7.411316566858621169e-01 7.700130274021941279e-01 1.106745608249678492e+00 7.854722001563130274e-01 8.242670604674259272e-01 7.460605404981531796e-01 5.934579648271935959e-01 3.493061515734494082e-01 9.906114700175632226e-01 1.087393061834952546e+00 8.575107266551150742e-01 1.043521011544711774e+00 8.601546422916481749e-01 7.565886862872811536e-01 8.075859845096611256e-01 6.038534800806614200e-01 8.052791561763638084e-01 6.718254661807000483e-01 1.099158847691837471e+00 9.951793244493132296e-01 1.030390588514364048e+00 7.920871328141259049e-01 4.616049649666592036e-01 7.875435878572868420e-01 7.211474313210580744e-01 1.064249951856283127e+00 7.446107283131007115e-01 7.278101256676127173e-01 1.104037030634540839e+00 1.102095334288381467e+00 8.113290313165998358e-01 9.379252450017501186e-01 9.882593293128953960e-01 8.205401179222039376e-01 9.166472289684501895e-01 9.269954111637161986e-01 8.131278099941392501e-01 7.895931154007209685e-01 1.116654199209716536e+00 1.023602978981869027e+00 8.831410571914837249e-01 8.393239328432960944e-01 9.962376132525511130e-01 8.173090396788174061e-01 7.587928882227178429e-01 6.768013768865215329e-01 9.481183241744736145e-01 1.026605719613309153e+00 1.073550622244745290e+00 1.022594166389533044e+00 8.477543607697080041e-01 8.928172691659124194e-01 1.119799857509776286e+00 1.102161343391540260e+00 9.057100471783022799e-01 1.089233723839542423e+00 8.198312854749274514e-01 7.353461241229319878e-01 1.060414688250312043e+00 1.083432515645435412e+00 1.029623094916042980e+00 8.362114627936184652e-01 9.124349541860898860e-01 6.679764863974493316e-01 1.012318422755525527e+00 1.075301394301805935e+00 7.878649382964114656e-01 8.116404620203704345e-01 1.093045473998748296e+00 1.006075418940556299e+00 1.070482117441883929e+00 9.365799574355211377e-01 8.047722699463571994e-01 9.876917000120787327e-01 1.003937838437621188e+00 7.471009492845799294e-01 7.827161057841708347e-01
6.859876029208061832e-01 6.946901500071781532e-01 7.172048876142206320e-01 4.288372623771629644e-01 8.249578904320228334e-01 8.792725441021962407e-01 7.774636059141866173e-01 7.611766863544107142e-01 5.889566093620764997e-01 6.018937812518225794e-01 5.046726594321396808e-01 9.589607786152836155e-01 9.657143426363163918e-01 9.202517056451032795e-01 7.963217576175000145e-01 9.194404917317030579e-01 6.179170930295039277e-01 8.596825363683152643e-01 7.612234683162040216e-01 7.654159036278561645e-01 9.390834659537400375e-01 9.191260606141525846e-01 8.110746084746480733e-01 8.843101776057763486e-01 8.040312289756470499e-01 9.185854962702896254e-01 8.864838243070051194e-01 9.259006275316449264e-01 5.942760368292335782e-01 6.448758108422389945e-01 7.441814854437668325e-01 9.671809326453627564e-01 9.750576923799748608e-01 9.925470430702941771e-01 9.588437012449317898e-01 8.591452786029036837e-01 9.197022012928347534e-01 8.533084328410430741e-01 5.952767054413097281e-01 9.436463605178130321e-01 9.126220208003288370e-01 1.005067463609300438e+00 1.047319902787717805e+00 1.008753869952025983e+00 9.301578472877699566e-01 9.731402442757921545e-01 9.902753624412760081e-01 6.875034854419516117e-01 9.566091277740900178e-01 9.730640705055423334e-01 1.009507647373067307e+00 1.026951624459081724e+00 9.930732176746002171e-01 9.592957227658194252e-01 1.004660509528046086e+00 1.029463766821034909e+00 1.002676929854836141e+00 8.818669222948932740e-01 8.863637465228733081e-01 8.506525155493901424e-01 5.893850562032646456e-01 1.028384964984811800e+00 1.035917840560482528e+00 9.781358719864532425e-01 9.274335328085213659e-01 9.979731995419089952e-01 1.040168018529164851e+00 1.046439495658576302e+00 1.028901526018435320e+00 9.339305308349022949e-01 9.820079978188634984e-01 1.011317631677580930e+00 9.956346525486522436e-01 1.046703777002947922e+00 1.024704375770843168e+00 8.992847529179682775e-01 9.761652736953116971e-01 1.011786431022462462e+00 1.010033087182162115e+00 8.239449140001554595e-01 9.462515769398784915e-01 1.035462267529406288e+00 8.620136129435892469e-01 1.015984499764068794e+00 9.843623429091655774e-01 1.021570535427100301e+00 1.015522007411418404e+00 9.487339600957692687e-01 1.016336405437401336e+00 8.033521557344327491e-01 7.803150399650097269e-01 1.024868541267659694e+00 1.007918713961320600e+00 8.316961462194845112e-01 1.034153352326142361e+00 9.008518261721754072e-01 9.935221163158394209e-01 8.322974536341576357e-01 9.387204771193019548e-01 8.768543942943697322e-01
3.980372801308968977e-01 7.652678423927564699e-01 6.389736295394969900e-01 5.984645532330915563e-01 6.469838158379148663e-01 5.291068658301962824e-01 6.279175946239029527e-01 4.924620163076783852e-01 3.395729929701362115e-01 4.311778912901853555e-01 9.558964988848878130e-01 1.001582452387436151e+00 1.016654816695680363e+00 8.397373163826502562e-01 7.589855270339765925e-01 8.337522256868871162e-01 9.662981374317841654e-01 8.219275949801548853e-01 6.701468265202267238e-01 8.363728115754579528e-01 6.900956592490143926e-01 9.442112955695212140e-01 8.872580535280973901e-01 7.281739717631308118e-01 8.722894790434653212e-01 9.054754638070585671e-01 8.457722506869209678e-01 5.710497725258059099e-01 8.217501419365986770e-01 4.423166518999976371e-01 5.176108110488342184e-01 9.798889096620821970e-01 8.799313492421624305e-01 9.701275226760639470e-01 8.353957176430812925e-01 9.137182740228230182e-01 7.390905792873592173e-01 7.824590499260447585e-01 8.807885490892101155e-01 5.541836506406336849e-01 7.869702638935817118e-01 1.010127998230302859e+00 9.454733675780576663e-01 9.420185441927957370e-01 8.940698500696346862e-01 9.603511336211458804e-01 8.982666941525553339e-01 7.586175170989272187e-01 6.491067004366217752e-01 5.376887840360278226e-01 9.243164702887723960e-01 9.477348223070501954e-01 8.913841735719195691e-01 4.550188117879600536e-01 9.192866133678463392e-01 8.045666497530301609e-01 8.812039533153956938e-01 8.026130129846853478e-01 8.608972140857155120e-01 7.877354306403999695e-01 9.481670655901640599e-01 9.018584343788772495e-01 9.835573135221281627e-01 8.539950989661087011e-01 9.316937529784263816e-01 8.643446282859289509e-01 9.165852000060200622e-01 4.051404229737594620e-01 9.143934283562431542e-01 8.431400917737704725e-01 8.800206880932833764e-01 9.655062731256178754e-01 9.618548307883686421e-01 9.206303088777838539e-01 9.644416773301487389e-01 6.720083077224733303e-01 8.263163430791229391e-01 9.338981386126659068e-01 8.685394516820181821e-01 4.478356987329220051e-01 9.763620763461018370e-01 9.612800372342407140e-01 9.698028044255535551e-01 9.186026414918891936e-01 8.984724980446853193e-01 9.898404249090536622e-01 9.902514815969051254e-01 8.502751982083295301e-01 9.363290248708234786e-01 8.702368286203826520e-01 9.516237259634544587e-01 9.739962806970885456e-01 1.016038445979173366e+00 1.022082320291849644e+00 9.497665922995419674e-01 9.840393391808152090e-01 1.032862929469032132e+00 9.556393817938274582e-01 9.078236856039322289e-01 9.204214433389397154e-01
7.321397839849962397e-01 6.235525436705029456e-01 6.655743796184053762e-01 1.524234846464112003e-01 7.319586569653829811e-01 5.674874241079406190e-01 4.890116629266192394e-01 5.562302390032222155e-01 6.081416837015344301e-01 5.069258477150038189e-01 9.174641375447387670e-01 9.622238204503666958e-01 9.522775100028093576e-01 9.411784895673476203e-01 7.796759518298831404e-01 8.492202772164773039e-01 7.968873049985509827e-01 3.624104893737919442e-01 8.781113839693605039e-01 7.298335679810417087e-01 6.665019973398801367e-01 9.172340241776979486e-01 8.482410401314006698e-01 8.170859680992191842e-01 8.929456746291067892e-01 8.496308440408544271e-01 8.565742301581689144e-01 8.163731555112141436e-01 8.121184463053947589e-01 6.006482421355429091e-01 7.012116412072728622e-01 9.329568659468455705e-01 9.067137162041583043e-01 8.621369973061724368e-01 7.870209647631691841e-01 9.083613719998838709e-01 9.116710733308915904e-01 7.333177831747601516e-01 8.621933928386483759e-01 7.824113494702371607e-01 9.820306540045488086e-01 8.848008983411317363e-01 9.880849379160533408e-01 9.237898670539262946e-01 9.868593607363504994e-01 9.503394263997727576e-01 8.701892506304436115e-01 7.297259204825696788e-01 9.732884279767605173e-01 9.296301418601067290e-01 8.435354115975107758e-01 1.016737174992292880e+00 9.976277233266762634e-01 9.661021308091396476e-01 9.380106649450768996e-01 9.251488095645006293e-01 9.876722279389762438e-01 9.717375202172044979e-01 9.513849175197451880e-01 9.252770313288922743e-01 6.883878727118215579e-01 1.008150664316389999e+00 9.739837891784944857e-01 1.042223853064830452e+00 1.048702175046254625e+00 1.000769707650678964e+00 1.032903465671528576e+00 8.479999048361885894e-01 8.822534858090308463e-01 9.976419293674302358e-01 9.278392009981556443e-01 1.080279509393261561e+00 1.029604112706414831e+00 1.087034236840045631e+00 1.022324129149338789e+00 7.786512799075674396e-01 1.008345691212086059e+00 1.078416558600592046e+00 1.067131451277839815e+00 1.095668447971756221e+00 1.057822943073789324e+00 1.080882286398357595e+00 1.076625617738641072e+00 1.041448276719183719e+00 1.108183969876019637e+00 1.090221288603681726e+00 1.051599350098988195e+00 9.315944331590170213e-01 1.051994424990991384e+00 1.033740519883196596e+00 8.732318539021027837e-01 1.075682753016529380e+00 1.028949042775439970e+00 1.102148484475340418e+00 7.950684419185662932e-01 1.052149834178205179e+00 1.078036669476291287e+00 1.043550770750774070e+00 1.007152383788751049e+00 1.006557750763914738e+00
8.723915543449175525e-01 6.076362670619507300e-01 5.700211816956960442e-01 5.844465588202909512e-01 2.423452733017841809e-01 5.803588930591995210e-01 6.974321608044349308e-01 8.782614658912916150e-01 7.149249405390741829e-01 6.269258660202322586e-01 8.959054297406791045e-01 8.817862785204406695e-01 9.236711976272830027e-01 7.652434104519769686e-01 7.408092652868546457e-01 9.166132446899223352e-01 5.676116044986694309e-01 8.032230154760268137e-01 5.880736304496949618e-01 6.617247262728774837e-01 4.947933990476238164e-01 9.345193467309814706e-01 9.059653885142683327e-01 8.348373957482758678e-01 9.276699531677935484e-01 7.862763722822705414e-01 8.201961112973940038e-01 8.277144134347050874e-01 6.556442958984334268e-01 7.774813022321948042e-01 9.091713612545982981e-01 9.343642437084389574e-01 7.884554687146505536e-01 8.720054806942542092e-01 8.889793725437671323e-01 8.815194866257634043e-01 7.500251892942672027e-01 9.273525828693973683e-01 8.349507991425706432e-01 7.142832806207075613e-01 6.618963621876766679e-01 8.714977984361019780e-01 8.888503547512297542e-01 8.600643849465129387e-01 8.929358773596213217e-01 8.011614862774728563e-01 9.345738440424945503e-01 4.329132938807404019e-01 4.244832333519341638e-01 8.821809860148380755e-01 5.180121317001343817e-01 9.214608111654836176e-01 9.662043285764604361e-01 8.634939803628496335e-01 8.936351574691495658e-01 9.126806819513733071e-01 8.440375828915773759e-01 7.332073801942453617e-01 7.872270748199705626e-01 8.180189130859768509e-01 9.191061599105101454e-01 9.288864066402879871e-01 8.743529064629821379e-01 9.710738164424954633e-01 9.518939469024516598e-01 8.436515092409140326e-01 8.992955911473365926e-01 8.988307719431835041e-01 7.592676883951592348e-01 3.856971293504240506e-01 7.735116935684036577e-01 9.262028732952728438e-01 9.245447466677847448e-01 8.787241419427448408e-01 8.873905003649547041e-01 9.493770896045586882e-01 7.965988366451370872e-01 6.834483956018994055e-01 6.061334271558079800e-01 8.328971077596050154e-01 8.712859937164121327e-01 9.444780262312642005e-01 8.981202862066812731e-01 9.215423122010162338e-01 9.462965831465774968e-01 9.236230073080011760e-01 8.871095636624577452e-01 8.584496112364982112e-01 8.477494621349652704e-01 9.739298429633899135e-01 8.275792723487392921e-01 9.864037264723399812e-01 9.305760069959984060e-01 9.849090917793913436e-01 9.112498519759489879e-01 5.404639830836668324e-01 9.725028706628255915e-01 4.799032639518100996e-01 9.584322159265403762e-01 8.909449497342972757e-01
3.895146354054526139e-01 5.044795919903408699e-01 3.819478980171225890e-01 8.509093264757791042e-01 6.523742122759076389e-01 5.593394637073827447e-01 5.727504560426217584e-01 8.052467027211930306e-01 1.831014449628819707e-01 5.429904539522424356e-01 9.518335099963128876e-01 9.710421590154704186e-01 9.514498244300866325e-01 8.171936768306254928e-01 6.996519771381141117e-01 9.251562799824832872e-01 8.380580643928340345e-01 7.415482243377991001e-01 5.006867628078288668e-01 8.721856892198532885e-01 8.897282513300657225e-01 9.267398861289473100e-01 8.140068699987266232e-01 8.677444032632691817e-01 7.652123041213604315e-01 7.065947509260858128e-01 8.958023747122784153e-01 8.818531448846792520e-01 9.280034889608408388e-01 8.294064631077867622e-01 2.904967249785945227e-01 9.100243360291804251e-01 8.985160958938958053e-01 9.523572352832476717e-01 7.568456196795385615e-01 8.726143197598442702e-01 8.889613700610874414e-01 4.421080925258248917e-01 8.284392889107642377e-01 7.005227706965730938e-01 7.712596074783565347e-01 8.779431158659468659e-01 9.000853123008029089e-01 9.480403134161953238e-01 7.697470927685968745e-01 8.806263430462907271e-01 9.105799636748773684e-01 9.200890709716438298e-01 6.349165802455477570e-01 7.634868824990936886e-01 8.368528165473135827e-01 9.314959093677533941e-01 9.439677721898720453e-01 8.845716422351708186e-01 8.943129448187439046e-01 8.416144732160738551e-01 8.847304192337703821e-01 8.744156089876894411e-01 7.805489497739762639e-01 4.330270646726408490e-01 8.698297520732597432e-01 9.273722386413025820e-01 9.483434776738375316e-01 8.974579295565265902e-01 9.481613709272755930e-01 8.496421109007628036e-01 9.087929417207204486e-01 8.714082758861780853e-01 9.450045070002417447e-01 8.748120310042467596e-01 6.802119900932300789e-01 9.608269135205359524e-01 9.508177168494684750e-01 9.104761738512652247e-01 6.774952072648984247e-01 8.837006037449748330e-01 7.554839216869214669e-01 8.284376356215384929e-01 9.152605479386449749e-01 8.842427601451291475e-01 8.605119364631979018e-01 9.401318962545581748e-01 9.415881991306447318e-01 9.044266661086348691e-01 8.804215801140435893e-01 9.475789232563620601e-01 9.243606192343913897e-01 8.576853629836942439e-01 9.087903699374805244e-01 8.689471405584839880e-01 3.131203041263276310e-01 6.816399421207429699e-01 9.293198133491532564e-01 9.260441575296075589e-01 8.696501558770035611e-01 8.928639898947714482e-01 9.581714248594229710e-01 8.959075728933790783e-01 8.686785729087124208e-01 9.239820160017108153e-01
7.636868692624666499e-01 7.625351390015108199e-01 7.500644396051435736e-01 8.391537052859854295e-01 4.343944573281465216e-01 4.354613799751184122e-01 6.384614772771419755e-01 7.341885767332190227e-01 4.572898188547010467e-01 5.626501447653391441e-01 1.013434515448727868e+00 1.032698212875807098e+00 1.004927791286197580e+00 7.817744657207448267e-01 6.056922438642886597e-01 4.027593803241093506e-01 7.467116302883994861e-01 1.052000670750288469e+00 7.328586586334955300e-01 3.507690063735044439e-01 5.546646353394378837e-01 8.461791435352410407e-01 1.059897514887345737e+00 8.427099304104223032e-01 7.039730628446978500e-01 6.846750749744193731e-01 8.692484678280976151e-01 1.095919992865796777e+00 6.169316714180645977e-01 6.136716299967615029e-01 7.103968262816747758e-01 1.016649550663331958e+00 9.226118066312281041e-01 1.220735246657284279e+00 6.923805049589036864e-01 8.302048181049871411e-01 1.050527161419667843e+00 7.396248978719252021e-01 3.751199359809342382e-01 6.625190398964150296e-01 7.416604643063424707e-01 1.028328875617007254e+00 1.140319258720226436e+00 1.145363627846577748e+00 1.267081964753695944e+00 1.021361363723584548e+00 1.162206848614327770e+00 9.919732292431147069e-01 6.749596126891144188e-01 8.550803914933660099e-01 8.227015792695101526e-01 1.218598707114231905e+00 1.132858638007011365e+00 9.435177713558157153e-01 6.678285476282180833e-01 1.063130001488220788e+00 9.009643110724560033e-01 7.328657616538725161e-01 9.672955606983432153e-01 1.020457688079414948e+00 5.764900738052405327e-01 1.201622978276690512e+00 1.118427504986593712e+00 8.201345721984382164e-01 1.085634941825777799e+00 1.122293262593838437e+00 7.687342388025980577e-01 9.456960717600501054e-01 1.089558380857118536e+00 7.340244724693367750e-01 1.006849403229911566e+00 1.200855607144238002e+00 7.067125018587148144e-01 1.153820875798206247e+00 1.089023205011472539e+00 8.625195806795815656e-01 8.061345190353830237e-01 4.707564106942703219e-01 8.152810048953170741e-01 1.092197397858909014e+00 7.986979016324073921e-01 1.143465529349628973e+00 1.310735413468541166e+00 1.239794609782656210e+00 1.282256832993932338e+00 1.283608856182932412e+00 1.097379786019137438e+00 1.235936934922737152e+00 1.251555497004798401e+00 1.286906862023492026e+00 1.151471123177975509e+00 1.309066816009290424e+00 1.295202332562741088e+00 1.253109833808674356e+00 7.243191748511229600e-01 6.481608353007302092e-01 1.188679070764173007e+00 1.183480027245819244e+00 8.785868577040791827e-01 1.049564824624453774e+00
8.989902837369945221e-01 7.892104707943775610e-01 3.521423998565699764e-01 4.659507275457595576e-01 5.036996068734257426e-01 4.142066324568466351e-01 7.571176163736300646e-01 2.110362769810452122e-01 7.085876380053068857e-01 5.184824006354388226e-01 7.846262671691736079e-01 9.242710966844676079e-01 9.156490096737454065e-01 5.705481523281479284e-01 3.907620727426950324e-01 9.791681367926201585e-01 8.408403052279157519e-01 9.511206361753735683e-01 9.704831023254535394e-01 8.519004427501069010e-01 8.411844343185942430e-01 9.453355322429833896e-01 9.799833920796831022e-01 8.643431586955061530e-01 9.327277323067533210e-01 8.757337703640303284e-01 9.551963615142796682e-01 7.575396337567184002e-01 7.717300601124639226e-01 8.863701147480389508e-01 7.053184728767953882e-01 9.310653193738652744e-01 9.192436890809129180e-01 9.362493608233194431e-01 8.939811235478565266e-01 8.524554580664609471e-01 7.622682246409649975e-01 9.667380348316835237e-01 6.591081205250350905e-01 8.145734583396604389e-01 8.918753841707492969e-01 9.040361836867030210e-01 9.530175100136366595e-01 9.620540827565302600e-01 8.784828229487299245e-01 7.064668965592999506e-01 7.020998249190685270e-01 9.292008377578385714e-01 6.946383469447734438e-01 9.693036947782011081e-01 7.765262521561605569e-01 1.048568442317777460e+00 1.039302919633594335e+00 1.006650824824027124e+00 9.328380740543338323e-01 9.518088943567305504e-01 8.800981477551531595e-01 8.699764049508710295e-01 9.244196477830416425e-01 9.584928365314819843e-01 6.313787862343304136e-01 9.909157364680225566e-01 1.029624442040597332e+00 1.015866136502096895e+00 9.868314997512510622e-01 9.596069085378529095e-01 9.828205588568179607e-01 9.735998586805311161e-01 9.893610934994752082e-01 9.468293096748521265e-01 6.793279089880314148e-01 1.004794915818800316e+00 9.898377918928794594e-01 9.711917510739273007e-01 9.578377053675728448e-01 9.281968013343767643e-01 9.708701557030654516e-01 9.573148985746523509e-01 5.889168079547916212e-01 8.466939900467045366e-01 1.048133198620883721e+00 1.021213608653156246e+00 1.010601512511124289e+00 1.045310482816240061e+00 9.915885027170056043e-01 1.028049775902538876e+00 9.912865631180490800e-01 1.006333332059762498e+00 1.005398121454436300e+00 8.386831914189438741e-01 1.035330126857220590e+00 1.016651081486689145e+00 9.935475892165017697e-01 1.028017567379105213e+00 9.857345729664797052e-01 9.988927957489925902e-01 9.410030572106227176e-01 9.661397890637245522e-01 9.319972846336742611e-01 1.016543985084625623e+00
6.484889825955604259e-01 3.753039409484589251e-01 6.791092461797016977e-01 7.080948965831200814e-01 4.170551273268240933e-01 9.335322105973821172e-01 6.109300478300445647e-01 7.283047040778281023e-01 7.662254642520306414e-01 3.987064336367571737e-01 6.878646372883611138e-01 8.783732772292950353e-01 9.303448526690746290e-01 7.850313230294652111e-01 5.375122494864857936e-01 5.602498137413893797e-01 5.734486339593328763e-01 8.608066505759088827e-01 7.687943083111310472e-01 6.349793440031892278e-01 7.705291598052775859e-01 9.309016437405229771e-01 8.830774361727621313e-01 9.098023054094650508e-01 8.722535965439747185e-01 7.435277014044119337e-01 8.658060747284954672e-01 7.826785087625202086e-01 5.195622434315447791e-01 5.399332772422236193e-01 7.215349745621442157e-01 8.785211547655918940e-01 8.924383597685603409e-01 8.191125945252309970e-01 8.963377342567271366e-01 8.827699243767858084e-01 5.227882393413857409e-01 7.635203156812130354e-01 5.726124982416789244e-01 7.909247480226044846e-01 9.003589010511857671e-01 9.190551528762511690e-01 9.053195035234361532e-01 9.850240872299774741e-01 8.055577047944236790e-01 8.640699985756633561e-01 3.866249307707017024e-01 4.338020286889446298e-01 7.357719991808802096e-01 7.126362371543248919e-01 7.103540244606099119e-01 9.112810195394998036e-01 9.081541597502652552e-01 8.832675032007810678e-01 8.480845899843040270e-01 9.387239061636218906e-01 9.085035548732922628e-01 7.618271638153142344e-01 8.286747295430878513e-01 8.211971473070759364e-01 7.249832460234376663e-01 9.546778410267590109e-01 8.934411103004021859e-01 9.710760208281297157e-01 8.040116956696102823e-01 9.263245431356960102e-01 9.037022192631157802e-01 8.584458760275068823e-01 8.840465698236819048e-01 8.550729210753832410e-01 4.229492871151748767e-01 9.063821398650081518e-01 9.406689703211669196e-01 9.384832607318841502e-01 8.784763322576957245e-01 9.163399621042109811e-01 9.386806757120170763e-01 9.145094647667121324e-01 8.645047524090827551e-01 7.879647479792951659e-01 8.993304326869444587e-01 9.328595668142676267e-01 9.026157633101070665e-01 9.694662069857920006e-01 9.633809392095395996e-01 9.678672926057569903e-01 9.578161513747047717e-01 1.017387591220262122e+00 1.007395784702531660e+00 9.978473658619545494e-01 7.625316487242566055e-01 1.014034720670583978e+00 1.053362491208774010e+00 1.036382720997570006e+00 1.008320402010226546e+00 1.016746298699501283e+00 1.010083175722406690e+00 1.018845118755034473e+00 9.571773694042495784e-01 6.724586759541353320e-01
6.613170373964116777e-01 5.610879089129403585e-01 6.207505245976474573e-01 6.466413400364620090e-01 7.247569903312567341e-01 8.407305758096780268e-01 6.234730633218017459e-01 5.615280512445769423e-01 3.905751285943246942e-01 8.403805683573082330e-01 7.620769329542603776e-01 8.204033847799468981e-01 6.920225984580111733e-01 7.815915017131029874e-01 7.369869218300175717e-01 3.210455909613601500e-01 8.339434561406574575e-01 8.224480136886382908e-01 9.082148415881411418e-01 3.967174654653302657e-01 8.096367979447153251e-01 9.111548796948738538e-01 9.367034030310384951e-01 7.161346583887973072e-01 8.284432078185584025e-01 9.312245250030047883e-01 8.337184251071620977e-01 6.623940634775405956e-01 8.917381611650178064e-01 7.712015586566549619e-01 8.522930070918043333e-01 9.211551975904700429e-01 8.927633229508078472e-01 8.419242506306188201e-01 9.214347259354784825e-01 5.756761044097975510e-01 8.519933943443506186e-01 7.343630905959297461e-01 8.799013451043630196e-01 7.170778292755805028e-01 9.058704774661274772e-01 9.173040746545193524e-01 8.773701592998475185e-01 8.342659700055334859e-01 9.020142109636968275e-01 8.533313339584654988e-01 9.605592031318443969e-01 6.491254377145128096e-01 9.173908417224003742e-01 7.852952369762310481e-01 8.344200320681931515e-01 9.641063657820072574e-01 9.677709119671932259e-01 9.621611791585936713e-01 9.274313284228871135e-01 9.349909627908401522e-01 9.125282119450051077e-01 8.361870920857732425e-01 8.632131048932869533e-01 9.305512076576131220e-01 8.516108109709414897e-01 9.577666139308685933e-01 9.493386965547623291e-01 9.402204390775333875e-01 7.732017936879901354e-01 9.044260537792919719e-01 8.935551872569740262e-01 9.156762583295019464e-01 9.458484193005497476e-01 8.695716552552509304e-01 6.841915797253095288e-01 9.623396731620328381e-01 9.262502063534746588e-01 9.172535574837346051e-01 9.370731887211821709e-01 8.970236043536471415e-01 8.875942835702532729e-01 9.250854334775162613e-01 8.107661781846573490e-01 8.800025631447351282e-01 1.001326621187995869e+00 9.847852787862682034e-01 1.016601115412312906e+00 1.001980772624956550e+00 9.766883254199693054e-01 9.835505778993569592e-01 9.807417619707957668e-01 9.843427483701946423e-01 1.006106831435844340e+00 9.382888461655309875e-01 9.833328335850415325e-01 1.005733310536709224e+00 9.785836072019410414e-01 8.854176976881789063e-01 9.452145971977716776e-01 9.734573084095169415e-01 1.030424511559957512e+00 9.940439433818113457e-01 9.926006831207272452e-01 9.716103394126957005e-01
5.825748517180187047e-01 8.473264650249284768e-01 7.402440240704750707e-01 3.869883482356798465e-01 6.933342691433179716e-01 8.334665128155159808e-01 7.807155033552298784e-01 5.343684894073887914e-01 4.519011369388682420e-01 3.886532717188734831e-01 9.471043067827235040e-01 9.640221704973661598e-01 9.532720553214570902e-01 7.379345014880691611e-01 8.513682673182408900e-01 5.776569286009646254e-01 4.287503728434133299e-01 7.064907161707365546e-01 9.364792292586232580e-01 5.041082142439057279e-01 7.142704829374421083e-01 9.698620166730066439e-01 8.650259059127776151e-01 8.064808525116957671e-01 8.659653415905692597e-01 8.487904220178006387e-01 5.782969964630397808e-01 4.198513292709226685e-01 8.732071157966518893e-01 7.478571147900583416e-01 8.842032649025157731e-01 9.906605788308593397e-01 8.842475975469377136e-01 9.309139515603140902e-01 8.024503170782916195e-01 8.636536146225292088e-01 8.623440870899223842e-01 7.839572361291820002e-01 8.777060219443976186e-01 7.112185722597718085e-01 6.809012892344699086e-01 9.603246197606006840e-01 8.540393091446620843e-01 9.092501068080880433e-01 8.648152033859047849e-01 8.999971368754333678e-01 5.589994984562356439e-01 7.852622936575860413e-01 7.907782176108618666e-01 9.434948090054591230e-01 8.979703267506187192e-01 9.688979041226982725e-01 8.720860020028382564e-01 9.565786950057506566e-01 8.234953417966391909e-01 8.846263232454868453e-01 8.678943014863974570e-01 5.238864520177770601e-01 8.144353780728490477e-01 8.888589273620296494e-01 8.474649739222798184e-01 9.820686184238051064e-01 9.245105786904540546e-01 1.003545274095923645e+00 9.316651571981154900e-01 8.502139040411107462e-01 8.457358170910217465e-01 8.181882833822075041e-01 9.087780621176894114e-01 8.668845704000471830e-01 8.227296851863467042e-01 8.944246336908786565e-01 9.821375667078093841e-01 9.770056344854312069e-01 9.881524166096348205e-01 9.397954212806651775e-01 9.631462946053616081e-01 6.170004972362003182e-01 8.411901289814827098e-01 8.914831259937231467e-01 8.725063048637665686e-01 9.889050918378590183e-01 9.416082223001557283e-01 9.071790865047200114e-01 9.168950386534993058e-01 9.803904686268060109e-01 8.359665310564807772e-01 9.439299914694185833e-01 8.854620915655351254e-01 8.807444001435911218e-01 9.252246771700790573e-01 9.795726415565031431e-01 8.786900351983484292e-01 9.734950278970362358e-01 9.716189120234954846e-01 9.047638758777392098e-01 6.899017345461355699e-01 9.698266852699244378e-01 8.951208521536926366e-01 9.249735609065785624e-01
4.422917913286781855e-01 6.269551965957544937e-01 4.898922537545636335e-01 4.769030951036100641e-01 7.931388696933953097e-01 3.140511365768524077e-01 7.575494922591381464e-01 7.142746467769734986e-01 3.431765511527749557e-01 7.011709825389080830e-01 7.649924778872793096e-01 7.955959636474266850e-01 7.362979288534491351e-01 6.130479725610745723e-01 8.034985636803068099e-01 7.201452931185590156e-01 8.401485567693045553e-01 8.363423788071185916e-01 8.545945693927532449e-01 7.614623992257818497e-01 8.404759080359891499e-01 8.389004458697849609e-01 9.321521427244796598e-01 9.058089383671715789e-01 8.782266243516838600e-01 8.789962611027047901e-01 6.601019310484714797e-01 8.834730009282396601e-01 5.758015094592121574e-01 7.067764902750419687e-01 8.234796049325281420e-01 8.702630975491907339e-01 8.248806144689558861e-01 8.807257240986343660e-01 8.162461584055082930e-01 8.528319181464416587e-01 6.709007876400708836e-01 4.923505111343464136e-01 8.434769341452691416e-01 6.232321729583268910e-01 8.555367605525878716e-01 8.796244497755287828e-01 8.389491872854754062e-01 8.521271883057621732e-01 8.665585662579168291e-01 5.566422141850878580e-01 8.763942287932222630e-01 6.756740173334108146e-01 8.470176673373320808e-01 7.344013611798574370e-01 3.762438664897249652e-01 8.554858759841974525e-01 8.587339157503808273e-01 9.091131287340937783e-01 9.277313085679464999e-01 9.127158908885868449e-01 9.715283485136888553e-01 9.381797903095704383e-01 7.832645079436222346e-01 8.421721215486021039e-01 9.114527166872333774e-01 8.765640889529272561e-01 8.441190226941756025e-01 8.305902794263076983e-01 8.843212607668818892e-01 9.484928860334914669e-01 9.606866901010245874e-01 9.172874805293281808e-01 8.706241881626659573e-01 9.352060740889813761e-01 9.082093918569899005e-01 9.598043847509202253e-01 9.130014200611551445e-01 9.457366079625464383e-01 9.308347773762843946e-01 8.517966529264947573e-01 9.657196699015990760e-01 9.518970085491659239e-01 9.729114780333055768e-01 9.623460413871983699e-01 9.279213755959654364e-01 9.732299505245188831e-01 9.219534301218018646e-01 9.038022738777364840e-01 9.640551750489454452e-01 1.025348178841909652e+00 9.424917523089457738e-01 9.418189248270284475e-01 7.868186511482934131e-01 7.445722740303700737e-01 9.839261194853233805e-01 9.541378890122389489e-01 9.920874286655552154e-01 9.548508240661125468e-01 9.811049345040366854e-01 9.641987050469080778e-01 9.945676074358117402e-01 1.011619754975340291e+00 9.827925754058499663e-01 9.991170307543422169e-01
