3.871520979512821725e+01 2.052587122402407971e+01 7.529211586641542908e+01 3.532632169452580229e+01 7.498217841639663561e+01 8.932404252001732914e+01 8.021611639008376926e+01 8.301861394318667919e+01 7.928619990312691357e+01 8.855895739035172198e+01 7.658538335525628327e+01 7.586751563187802105e+01 8.169308137135071490e+01 8.004897666483213925e+01 8.199396758910381777e+01 8.218932841438235926e+01 8.608488158710075311e+01 8.311414219321626717e+01 7.398945870038234318e+01 8.235921908942135872e+01 9.192907047560720457e+01 9.303043969111008948e+01 8.964748305479685087e+01 9.264179210048733637e+01 8.896365941979668435e+01 9.040195489868973766e+01 9.559698906197692736e+01 9.132330612558307337e+01 8.400475567832137358e+01 8.439515624010201122e+01 8.249598555203640160e+01 9.403708771756201656e+01 9.063977754513422269e+01 8.830021190498814576e+01 8.147794321305823928e+01 8.738460556377063426e+01 7.175391280669154526e+01 5.025385606541777861e+01 8.818695434765382402e+01 5.530245639049645945e+01 9.144741995479121499e+01 9.360465056029232755e+01 9.671242543711807116e+01 8.337773004445162428e+01 4.207277004483974281e+01 1.435521532206824347e+01 9.463830475626569694e+01 1.661264840576684776e+01 1.623949660288565155e+01 9.633437377611795682e+01 7.466047349662491683e+01 7.496897038618723741e+01 3.835206706704515511e+01 5.372447427673773035e+01 6.334269074463483307e+00 4.143186382994507255e+01 2.908457066281275161e+01 5.174033221692749862e+01 4.520456583337350054e+01 5.304436485785426214e+01 3.495882257277315119e+01 2.454321250184015923e+01 2.617349954337784723e+01 7.293875208695729384e+01 2.363707611000899078e+01 5.054152991392395933e+01 2.486490657401807525e+01 3.889920234210563166e+01 4.897332365169669544e+01 3.237946002411119650e+01 3.302273535349151956e+01 4.032511420791799139e+01 5.482218134457414749e+01 4.063376730283101068e+01 1.738838804206161726e+01 7.084762237902843651e+01 2.366844952079382836e+01 3.906679332725929754e+01 2.700613047010971002e+01 4.348093524719729430e+01 6.327269989992633015e+01 2.683367542389667548e+01 1.797827693856123688e+01 7.488988708835660191e+01 1.960343523775086183e+01 4.497004085544384111e+01 2.514240537954099253e+01 2.691563550360275059e+01 4.236978584112542734e+01 3.054458519400972349e+01 2.112302258457198434e+01 7.310310615012140545e+01 8.762484071507599026e+01 9.594868540908350951e+01 9.098545998623876585e+01 8.728616148052793733e+01 8.869001367959108961e+01 9.249580084410580127e+01 1.000988359472968341e+02 9.177243989922783385e+01
4.217891591967958220e+01 4.482188875837759667e+01 3.265375445042595715e+01 3.649939350503863977e+01 4.542468520673838839e+01 4.501997016018087550e+01 4.531695124416640397e+01 4.665206007180791659e+01 4.192514731035088005e+01 4.132343562136996695e+01 4.988942464319142545e+01 4.772186278935635073e+01 4.983663591272902949e+01 4.167252420692732784e+01 4.499355409976207909e+01 4.132984004074877049e+01 4.633623454787514362e+01 3.956535741632634995e+01 3.783218094760721328e+01 4.696094313570947065e+01 5.607906166477636845e+01 6.275088290879220665e+01 5.650654364119876760e+01 5.220850568720788942e+01 5.475501738280961206e+01 5.519121214657118912e+01 5.500975793654268386e+01 5.698379871700749533e+01 6.015108783245086954e+01 5.546635485472101124e+01 5.828068496313962044e+01 5.401593610499844544e+01 5.662780672275658844e+01 5.866546213229496942e+01 5.898298855893539638e+01 5.470498828020962634e+01 7.069750035892833750e+01 7.377028523719671682e+01 7.609791852416414315e+01 7.287554098837303229e+01 7.617228962724858832e+01 7.817801839871840741e+01 7.993974573431593456e+01 7.737505347150744228e+01 8.184339430910168289e+01 8.391565788189569730e+01 8.716227328127081364e+01 8.436834966630647159e+01 7.968933987906484617e+01 8.371249546715706913e+01 8.336102475000150491e+01 7.580664761355428993e+01 8.059142577937154783e+01 7.144579341339343159e+01 8.085971714727806159e+01 7.632238561312357206e+01 8.090899993542468849e+01 7.618475134300463480e+01 8.135558235500798219e+01 7.990296805230053678e+01 6.308867697968627652e+01 7.896904229467565983e+01 9.014574341123754664e+01 7.228857334888343189e+01 8.978542105754216607e+01 1.967749176061514760e+01 9.331042042609416853e+01 8.108847988338180812e+01 7.680268235423348244e+01 7.515270259091347782e+01 8.998125049887281079e+01 9.293933725935039547e+01 9.262237056854999651e+01 9.237845591342809826e+01 8.955297881762186307e+01 9.413415198687350482e+01 9.992629845937092625e+01 9.659485487648935020e+01 9.494069228100053692e+01 9.904210674979469786e+01 9.301201613780223454e+01 9.952056373899633002e+01 9.471207707217244831e+01 9.052770020600520695e+01 9.405765475540449927e+01 9.452312066627271747e+01 9.321802496115365955e+01 9.142460529551361503e+01 8.889031232956683937e+01 1.410102148706262781e+01 6.602974278073419079e+00 5.392419583472338473e+01 9.227175898082327876e+01 9.521216850244637442e+01 9.003600047429402764e+01 9.913514439228809749e+01 9.935693863413550275e+01 9.092988559368885149e+01 9.747022966182592540e+01 9.076801345998590875e+01
4.492881999900846779e+01 4.068901626756696999e+01 4.434153127074241496e+01 1.561969546648589002e+01 5.207508462252038584e+01 5.486339786197199686e+01 5.264568107344887693e+01 5.535364835515166959e+01 5.287460001490332928e+01 4.586968387762705390e+01 5.563304332007061248e+01 5.206157285968462389e+01 5.207138342351624516e+01 5.035518560861095949e+01 6.471857133832844511e+01 5.792136926614877268e+01 6.517212225216808008e+01 5.458556061152255978e+01 5.683181958884903651e+01 5.047383658958203512e+01 7.378146259784698202e+01 7.580288132898735398e+01 8.307026584581895179e+01 7.095400690093184437e+01 7.993564968289750539e+01 7.430653820615826533e+01 7.698931303602276444e+01 7.476972178329120311e+01 7.867092438286000800e+01 8.011418372067538485e+01 8.389646197990937537e+01 7.511098708420088599e+01 7.446796775803422008e+01 7.567594712539153079e+01 8.141871535091689793e+01 7.700028212287209328e+01 8.977896456971312489e+01 9.148975160483158220e+01 9.108496279463624035e+01 8.751909837072545884e+01 9.253860111019828594e+01 8.142063320550052197e+01 8.622767063379288288e+01 9.084149072134133007e+01 9.291485640966530468e+01 8.720630583401882063e+01 9.102422494743809978e+01 9.743797325690587741e+01 9.521335739872672832e+01 9.365158159010337613e+01 9.502602379285927725e+01 9.549562046744607358e+01 9.106233037493446147e+01 9.708632897824952579e+01 9.181138710000298886e+01 9.329162371555963773e+01 9.329854014136574847e+01 9.075533479235389223e+01 9.260763519713373171e+01 9.540655738332054625e+01 8.458597843213514977e+01 8.818465465776847623e+01 9.290115372917868797e+01 9.829604396061463945e+01 9.456869791637767264e+01 9.121448306459369348e+01 8.446844258380659198e+01 9.521731460094451904e+01 9.583552331057461515e+01 8.913043466589667219e+01 9.466491173433534811e+01 8.774258483720548440e+01 8.863718155875351101e+01 8.982986147981701208e+01 9.428362315134567950e+01 9.597270632079153074e+01 9.504910747246309199e+01 9.610116786559423474e+01 8.972549894939768933e+01 8.896306063261899055e+01 8.310495211174993813e+01 9.069052692796245196e+01 9.155099278038198918e+01 8.238628600546807945e+01 8.853069289994962787e+01 8.819957226876056211e+01 8.779168538577629022e+01 9.553686735810656216e+01 9.279104631308352680e+01 9.238783691254529629e+01 9.065378395824721736e+01 9.204348221692171705e+01 8.619367861386501772e+01 8.809327452760754795e+01 8.792182179906151873e+01 9.361857887072996220e+01 8.879149508909745236e+01 1.739511246545748335e+01 9.390865220698442783e+01 9.442933670932596613e+01
5.272704236597726180e+01 2.640531696189533406e+01 6.349600412683053463e+01 1.567004674262169672e+01 6.656570828846007259e+01 6.398876258369648440e+01 6.811049242615699484e+01 5.502847654440186176e+01 6.660257709026336670e+01 6.847733201420668081e+01 6.701418252840186085e+01 7.337775854703151879e+01 6.778520780043167804e+01 6.819606692411683468e+01 7.024028295838471081e+01 6.737581527142813798e+01 6.638609383033983136e+01 6.635060918150526277e+01 6.252012421542947607e+01 6.859723263798338166e+01 7.966954518990083045e+01 7.550380015084238039e+01 7.683972037850004710e+01 8.207683452765147081e+01 7.921868447932330071e+01 7.152131870045806750e+01 9.277765604329832172e+01 9.393417442567420039e+01 9.201715293725331435e+01 4.401042365666592104e+01 8.725458196546091472e+01 8.837665706800692078e+01 9.197604489579345000e+01 8.517875061906648781e+00 8.718256262071204787e+01 8.887513437632358659e+01 9.125730068683624552e+01 9.053566667889103314e+01 8.712854160359411537e+01 1.010996783415476443e+02 3.732247854922756858e+01 5.299373696807658973e+01 6.188273695996313251e+01 1.859662232787320235e+01 4.020721821947531538e+01 2.988913018631212637e+01 5.307377485416152041e+01 4.545853403842810536e+01 5.180631162144921120e+01 3.694611043478503376e+01 2.117648169633114108e+01 3.017104613202990748e+01 7.041445192441796053e+01 2.502666806226426743e+01 5.065437960173144205e+01 2.439700646310141607e+01 3.268381313284238132e+01 4.964761008222897942e+01 2.842598503954482680e+01 3.393084817691282495e+01 3.693868634158914688e+01 5.353340909860350649e+01 4.108740499742103225e+01 1.021503762768976600e+02 9.447833312099629666e+01 9.143650293639211668e+01 9.453441951997352533e+01 8.727780449426535370e+01 9.749799082387576732e+01 8.863311154156019711e+01 9.244942521109724964e+01 9.544327431881066559e+01 9.433160422823645774e+01 9.444072234377716768e+01 9.704565484054160152e+01 9.163746979814587235e+01 1.017581793535839410e+02 9.435062656872200648e+01 9.586461221810543520e+01 9.155632979653098857e+01 9.596769907149401035e+01 9.746456287882544700e+01 8.928393245718696392e+01 8.889958051370851422e+01 9.017642908457553119e+01 8.759295746738260391e+01 9.053373146815734174e+01 8.939417872248273511e+01 8.926135210593541558e+01 1.024877971905650469e+02 9.321503970334023847e+01 9.014790425192225598e+01 9.776033771038055420e+01 8.887470047257163230e+01 9.043272735277811591e+01 9.590617151946732122e+01 9.624117992827386558e+01 9.490790651350310725e+01 9.623446309819365752e+01 9.542484208742777696e+01
1.214277697268760647e+01 6.022235218467134388e+01 2.249976013817570575e+01 6.007802711869731382e+01 7.352361095421241544e+01 7.059884800188469001e+01 7.146032485004627688e+01 6.566612601280212402e+01 7.738242983529062258e+01 6.835113110795165881e+01 6.771714999693813297e+01 7.093756628777040874e+01 7.842086565061049441e+01 6.980507749517758498e+01 6.960935219074740132e+01 6.940810329155488034e+01 7.103913881706469624e+01 7.378204402887459423e+01 8.174558372533682871e+01 7.549047062758243953e+01 8.599462960669488609e+01 8.474052627050515696e+01 8.926290548136739744e+01 8.349583864573276060e+01 7.861985391125534761e+01 8.103035413677042698e+01 8.606187601017229838e+01 8.586295717412775730e+01 8.032657092918049102e+01 8.189407426732958584e+01 8.285719306938575812e+01 8.047933108409246472e+01 8.811393702427545804e+01 8.057182200785838688e+01 7.902101528608437775e+01 8.399516640540325341e+01 9.306437964258772411e+01 9.044717634771809855e+01 8.111381986249577380e+01 7.564663258790969280e+01 8.736166073336745796e+01 9.793816882408026459e+01 5.042238428267565808e+01 1.490597152393875646e+01 4.303225273345456259e+01 8.402777861139990989e+01 4.585524789979963600e+01 7.996456502892753804e+01 4.963290074503782989e+01 7.983456963436170284e+00 8.787624454895654935e+01 7.039812412623203386e+01 2.425424128111564670e+01 6.884149333134745419e+00 8.453495135090567203e+01 4.216379003488655997e+01 3.095984627125841371e+01 5.335932691332065758e+01 4.651127999948732850e+01 5.075834294069897368e+01 3.343987306446739893e+01 1.958198086673563054e+01 2.838540202162482373e+01 7.225321019309939174e+01 2.442826055035446586e+01 4.565279708721421059e+01 2.240084093032461254e+01 3.579902511997656234e+01 4.746019279270461055e+01 3.094556432926293610e+01 3.394014022576086376e+01 3.923263568029258863e+01 5.009086879907232515e+01 3.820263929294817018e+01 1.931787450051668742e+01 7.250065248572465748e+01 2.370589541458722138e+01 8.731878236459962750e+01 3.925588858235965972e+01 2.284335984127088182e+01 3.961990779602166413e+01 6.281185072497888200e+01 8.837056505932952177e+01 2.788883388981674827e+01 9.599411513191280676e+01 9.122940935366081305e+01 9.594453728921484981e+01 9.899558358951048831e+01 9.452095982558799392e+01 9.663830599820974498e+01 9.822408536239103682e+01 9.174251789649328259e+01 9.973141492821953591e+01 9.369413887009476127e+01 8.364555279630603479e+01 9.835718967733960483e+01 1.016382830688447712e+02 9.489456831216811850e+01 9.868515148921446212e+01 9.429069578250249606e+01
2.130209249348351364e+01 4.270498082854530963e+01 4.239272633249109390e+01 4.600700573704459373e+01 4.198050041198730753e+01 4.157579838254235227e+01 3.943352877840851534e+01 4.140360801761800502e+01 3.739615974534641651e+01 3.538756287007620926e+01 3.764329830534530430e+01 3.830401656555407186e+01 4.265150219111731644e+01 3.951359269871856128e+01 3.975085994836055647e+01 3.974997478470658052e+01 3.890782400965690613e+01 3.939124051874334498e+01 3.756656242681272317e+01 4.532318210204442011e+01 5.835952961390668747e+01 5.858088127392711186e+01 6.462908302852601139e+01 6.006020235256715267e+01 5.421181761477932781e+01 5.922295468991453049e+01 5.464927937749660458e+01 6.198945992679306727e+01 6.427125128236683338e+01 6.650059235240473754e+01 6.010508101763146982e+01 6.486001962242704622e+01 5.982855849555044614e+01 6.170064057238174371e+01 6.582997674761396922e+01 6.526375838554267261e+01 8.311783905318289101e+01 7.519144151788769648e+01 7.740164309342702609e+01 7.811533666271151333e+01 8.127850369251135021e+01 7.617029366998961848e+01 7.903929999019160846e+01 8.697403715559930504e+01 8.014154569127343564e+01 7.372923794226213090e+01 7.574267284436659509e+01 7.465117060018307882e+01 7.795620680072090636e+01 7.644432992357195644e+01 8.142061584935044039e+01 7.818659233685696108e+01 8.514828298236383830e+01 9.242220208969983730e+01 8.783435548074317012e+01 5.652511906081979731e+01 7.752907628633758819e+00 8.952752602353240263e+01 5.459932837757197177e+01 8.774738381270206844e+01 2.219470627488512093e+01 9.087899736165999798e+01 9.488293101354078374e+01 8.004790926160234221e+01 5.730012756929252760e+01 9.350055705019921959e+01 9.335997223456701022e+01 9.602824600104129615e+01 9.131504459814591712e+01 8.241756178790872411e+01 7.325899041204741025e+01 8.788136461322957871e+01 9.155009026057791743e+01 9.411890460902993993e+01 8.747927468437137577e+01 3.097638017372651476e+01 1.223961127301057239e+01 8.925661387696410998e+01 6.807623138590292911e+01 2.251288789619098907e+01 7.711000770366553070e+01 9.412728762951763883e+01 4.617778591477510020e+01 7.502731308467460281e+01 3.094706563624468743e+01 5.083201545874278082e+01 4.757102916710304186e+01 7.573255420887109324e+01 5.090542763453541397e+01 3.728637775706522461e+01 2.197173615386991941e+01 2.774110918794617575e+01 7.183096543496304776e+01 2.644587177607146344e+01 4.849625081546378880e+01 2.505304941038290778e+01 3.258446869931437817e+01 9.002499667514453563e+01 4.609757012815186528e+01 3.263872185493960387e+01
4.853564493710344152e+01 2.903497112492720333e+01 6.468664470025987612e+01 2.645493819496848431e+01 7.353580364964224714e+01 6.991271165988662517e+01 8.159054123668960301e+01 6.617832335775548813e+01 7.378485572518724211e+01 7.117889053749316020e+01 7.946243425101944524e+01 7.061143121069127915e+01 6.631185289838097674e+01 7.119314427574475701e+01 6.889939453276720371e+01 7.049371312278690027e+01 6.812982283830642416e+01 6.913260044329094001e+01 6.655621447436737981e+01 6.852433246861804150e+01 9.701864867102015921e+01 9.807391995191574097e+01 8.279622959223659961e+01 8.728407874251857379e+01 8.852342935114195654e+01 9.277388108065633787e+01 9.758348721916024715e+01 9.177313414523095503e+01 8.833695487470338037e+01 6.814802076166326117e+01 5.094140259460969133e+01 7.421097524382851418e+01 8.655847017620548911e+01 1.683143135557572023e+01 8.695962287295948556e+01 8.358316611485047076e+01 9.182115861249693012e+01 6.189647435274991238e+01 7.152850197707161684e+00 8.348522535996004024e+01 1.957621862490971765e+01 5.448352380521370009e+01 3.468035399236462268e+01 7.457768466075261671e+00 4.368427556247421961e+01 2.879658223408641149e+01 5.304080684708826254e+01 4.401017633152730468e+01 5.365882897810502783e+01 3.802590161670337920e+01 2.432876642003203926e+01 2.793129137194517853e+01 7.091022601235997058e+01 2.609892016649246216e+01 4.763481301863988193e+01 2.291398852449474788e+01 3.620002161137985297e+01 4.971239625143282126e+01 3.153488155756935996e+01 3.481584477794892507e+01 3.919659997369303994e+01 4.647995214859644619e+01 4.264771855040029891e+01 1.953510624441233645e+01 7.463522897633639275e+01 2.430305545321016680e+01 3.976810328346310541e+01 2.631398022210959198e+01 4.281442871093749858e+01 6.121472477768406861e+01 1.007311031384901554e+02 8.855889664382645776e+01 8.649715957605477001e+01 8.858939139951358754e+01 8.932437228686882236e+01 8.731161427461739777e+01 9.370511663501912381e+01 8.540307994358467170e+01 9.377188574436938495e+01 8.900263265479694041e+01 8.958603360544552174e+01 9.169253218426848662e+01 9.006950652201970797e+01 8.903164345965241466e+01 9.232330674655509029e+01 9.179093287713600091e+01 9.160605516650460345e+01 8.962280260938587162e+01 9.179643477671073981e+01 9.295080967455199072e+01 9.095011418660482150e+01 8.959413892753195796e+01 8.297538845141728814e+01 9.329125923640799556e+01 9.083954683253259077e+01 9.342217667644673895e+01 9.106038648612570796e+01 9.568410825729370117e+01 8.930082866928793806e+01 9.567707033843704778e+01
6.474575974742570850e+01 3.042970266712434224e+01 4.560180471828489601e+01 2.048676130934195072e+01 7.022588603189497292e+01 7.997784248373724836e+01 7.693467587557705656e+01 7.610409731359192165e+01 8.034743302157430378e+01 8.097429377201831358e+01 7.596894497293413906e+01 7.375492504437764296e+01 7.662271643407416377e+01 6.663141867265557039e+01 7.912431909134893715e+01 7.680238729968215239e+01 6.766285128141893779e+01 7.470193733916137546e+01 7.221114322434772248e+01 7.732430408867922722e+01 7.931074149933728279e+01 8.034376219583279521e+01 7.913163470860683901e+01 7.661962703936028163e+01 7.817662990671215084e+01 7.618506375370603223e+01 7.743128739776032887e+01 8.005282105207443522e+01 8.439314292669295980e+01 8.373698499491720781e+01 8.058820621353207514e+01 7.978415652694124560e+01 8.577187209851814487e+01 8.388194356036908061e+01 8.487040234153920437e+01 8.921167880441203124e+01 8.566474994023640477e+01 8.589009351477479015e+01 8.342489538228872448e+01 9.153301180890112221e+01 8.532017829273685550e+01 7.878328809846530589e+01 8.784735523715163197e+01 9.201259694785782983e+01 6.115066322774598007e+01 9.229545012567982099e+01 9.652453643444812315e+01 9.445137901992508489e+01 9.278617791298664486e+01 1.266859672593347952e+01 9.371874989090544261e+01 3.581455236574014123e+01 5.473753973968101150e+01 1.837378454750234269e+01 6.791743020600441660e+00 7.744614426222715053e+01 4.568666327505400915e+01 2.992047973239060710e+01 5.378518608971075565e+01 4.480156904567371612e+01 8.453165368239085353e+01 5.364346878528594686e+01 7.913472410332073537e+01 3.635754385996948912e+01 2.196935836130922581e+01 2.781051643210830093e+01 7.191903487949660700e+01 2.881965289657766149e+01 4.392445864532933086e+01 2.361523556465452245e+01 3.562496462988131185e+01 4.581086822405006131e+01 3.221681988076730363e+01 3.646560975891171097e+01 4.005681416193644395e+01 9.571359635627631235e+01 8.790240026712417887e+01 8.864537366159034093e+01 9.071024351445110767e+01 9.050719391468798847e+01 8.325576837785315831e+01 9.517970382372537586e+01 1.015210943435177597e+02 9.556775262717044939e+01 9.664715763474956134e+01 8.875521205735928731e+01 9.095887036431919626e+01 9.543378918279300649e+01 9.216743116270411917e+01 9.387265555172255915e+01 9.285113330465374304e+01 9.190214240876110807e+01 9.398901985992084462e+01 8.965433873407768317e+01 9.089526007428314358e+01 5.393791153232256619e+01 9.079103639306444506e+01 9.245314810528900296e+01 9.083716903997189718e+01 9.159711674921440760e+01
4.814720995931914160e+01 3.983822212977842980e+01 1.897346339740536436e+01 4.338188803773937963e+01 5.228154036673632277e+01 5.145124384218996028e+01 5.451355428388624347e+01 5.706368907581676098e+01 4.879303664276093855e+01 5.190958505345113139e+01 4.875149903658664385e+01 5.628820761225440350e+01 5.065634518572778688e+01 5.053600631916161490e+01 5.591360114704478690e+01 6.072848789420994819e+01 4.735418576706539540e+01 5.380394374890760645e+01 5.352195837858951677e+01 5.232593305959846219e+01 5.498006590279666028e+01 5.717278115713234854e+01 5.752275490634369248e+01 5.934674309130870995e+01 5.732059914830959002e+01 5.430305021766460527e+01 6.332746289246009752e+01 5.700851387471863774e+01 5.610406319896380012e+01 6.148038234981623873e+01 5.752579223260735120e+01 5.902776742613676930e+01 5.196240415717615946e+01 5.943308993794700967e+01 5.858549367081035086e+01 5.920532951951027201e+01 7.350407660729956660e+01 7.215503946922042644e+01 7.293578418529395435e+01 6.938002971880364100e+01 6.781449196465086970e+01 6.887654516118945480e+01 6.899468847477075428e+01 7.649358667749346807e+01 7.474018161585836140e+01 6.743056524684935482e+01 7.255922515320055766e+01 6.661762053334351208e+01 6.751837001009421613e+01 7.023714583425811497e+01 6.539062750357570053e+01 7.237027308633832945e+01 7.583138012741551393e+01 7.339545314203608939e+01 7.469337207909786969e+01 7.138793668710823681e+01 7.631273559368017345e+01 8.081939013257171212e+01 7.227201124267143939e+01 7.077313412193096553e+01 7.407042514049645376e+01 7.458978189735701392e+01 7.044087232387427377e+01 7.239845079599004407e+01 6.903918964357086452e+01 6.966624565070326014e+01 7.311358058669350157e+01 6.997632628896019469e+01 7.315658912658690838e+01 8.001885506637168533e+01 7.755583513072042479e+01 8.403110231413985787e+01 7.308562850699280489e+01 8.291923262783974735e+01 8.001245064699288889e+01 8.503592794483358830e+01 7.890880777582977146e+01 7.621208727937755611e+01 7.832825323379401539e+01 8.705944677013339117e+01 7.938436628796837624e+01 8.317356965108351119e+01 7.864532406149488963e+01 8.109760054024782505e+01 9.077673492540012035e+01 8.362837888580379797e+01 9.330037989327401249e+01 9.395884619301016016e+01 9.610945542725649204e+01 9.572617088700785359e+01 9.453907964626948512e+01 9.874128995664192132e+01 9.159540716843171992e+01 9.101604152267628933e+01 8.268465558145985028e+01 8.869160176732323464e+01 8.897606038902745240e+01 8.508232961206725520e+01 8.679821067723361239e+01 8.739100998314944491e+01
3.915678496541399056e+01 3.611375069789814063e+01 8.003980393951589178e+01 2.048262620658585575e+01 8.588431391679878857e+01 8.807644774010687172e+01 8.921739765586275439e+01 9.070544453895453785e+01 9.044690732739188377e+01 8.108522560524218648e+01 8.774072772914712459e+01 8.287733488155133443e+01 8.591427063183350299e+01 8.593136643966039401e+01 8.916393203554731883e+01 8.601790420394955561e+01 8.291829539573554086e+01 9.169071846658533786e+01 9.129639541488705845e+01 8.089389140678174783e+01 8.848352756211251346e+01 8.550519485256889141e+01 8.203584797924214911e+01 8.347645182609558390e+01 8.889978878750945057e+01 9.643558616529811900e+01 9.342276678554939906e+01 8.238086220856868636e+01 7.698369832147251657e+01 8.718954847111847073e+01 5.642641029628840244e+01 6.798409192417607017e+01 8.475587778524918292e+01 9.372144877224258153e+01 9.844733752084501077e+01 8.582883498307430159e+01 6.161664548407901520e+01 7.066051006407448654e+01 5.410936859990611225e+01 9.093681937564502960e+01 9.131885427308804992e+01 4.277396284703052487e+01 7.880142310577811671e+00 1.863077706170804504e+01 2.539993810391787221e+01 5.060038461883862482e+01 6.160073531825434046e+00 4.266642414114691917e+01 2.694310161110126600e+01 4.834612879536368979e+01 4.700585651307395096e+01 5.467031937042872158e+01 3.821832925261873015e+01 2.155713244080543589e+01 2.782681168751282996e+01 7.337029540249795900e+01 2.565793944434686225e+01 4.792533761479637633e+01 2.333530689812067749e+01 3.537383198584571176e+01 4.811645486138083783e+01 3.095815404662580050e+01 3.733680171207948462e+01 3.736076187726223452e+01 4.935804007432677309e+01 3.984606710961370624e+01 2.022517809344060424e+01 7.124440132596275532e+01 2.315050945968338780e+01 3.781324538787205825e+01 2.343201970539309897e+01 4.263740031917890150e+01 6.332587046569044276e+01 2.562686759666962999e+01 1.973114829858144148e+01 7.286322679989265794e+01 2.012909878564603261e+01 4.651210441661603312e+01 2.315769924485322306e+01 2.354084493590123728e+01 3.569656091847203072e+01 2.860952632662021600e+01 2.115322879426406999e+01 7.839123002435221110e+01 2.982770460166714344e+01 4.873975326202132408e+01 2.139057848561893849e+01 5.355521276213905679e+01 5.969958494432044915e+01 3.624017723410418768e+01 2.359025355613592723e+01 6.822414049686807402e+01 3.142580032384756805e+01 4.284319652969186620e+01 1.638866403473145894e+01 9.296091963197245889e+01 9.608200667590806177e+01 8.680523991801521788e+01 9.585442415800962124e+01 9.192185031717474430e+01
3.170804386689807330e+01 4.530829486431497344e+01 3.704696268385107061e+01 4.217544468966397631e+01 3.308507647505312121e+01 2.354598452584309953e+01 2.201208052472634691e+01 2.512696274500904536e+01 2.790117628204099987e+01 3.007563720553210374e+01 4.849949641552838386e+01 4.508486914436022630e+01 2.896624077061812130e+01 4.182334047303055513e+01 2.263118307608546687e+01 4.371682268290808793e+01 2.445057188127979941e+01 2.226522865168976040e+01 2.450642180271221093e+01 2.696900132605523837e+01 5.336593526746287353e+01 5.635013435573289087e+01 4.584450878193884193e+01 4.904326893651123953e+01 5.334033928513527201e+01 6.330885709957642860e+01 5.330723676789890675e+01 6.088163422346114828e+01 5.515734161969387372e+01 3.931102907115762690e+01 6.635396759654535970e+01 6.968349332484332592e+01 7.629514513557607813e+01 7.258880437197107938e+01 7.559434718579956325e+01 7.282563337882359633e+01 7.867971527287454592e+01 8.449585662285487331e+01 8.743272548986203674e+01 7.961562830968337323e+01 8.616465913093450979e+01 8.695162168777349621e+01 8.030553527528589086e+01 8.579387969681711468e+01 9.080647468855886473e+01 9.438970394062273783e+01 9.281957114573681622e+01 9.060989893277486829e+01 8.940840208747169982e+01 8.997127071257793318e+01 8.758047839547649005e+01 9.420435761393922292e+01 8.995997185887712533e+01 9.701017019170703293e+01 9.446885666305368545e+01 7.966300192132140978e+01 7.822138273968840849e+01 8.378136467066677540e+01 7.928314522071318038e+01 7.724516221384207348e+00 9.921744725595820569e+01 9.412848520387302642e+01 8.085305238564809827e+01 8.086630380623267911e+01 7.617039780689007955e+01 4.161793043685681681e+01 7.392732368310292657e+01 6.226806518688346159e+01 8.099064326539183867e+01 3.968401273633494242e+01 6.671234389191323721e+00 3.890010486190969630e+01 3.102907344536347978e+01 5.227835985223452298e+01 4.583696319569241240e+01 5.387858387231826640e+01 3.528560850548021932e+01 2.204890810567321324e+01 2.847057732813286179e+01 7.550127483100601467e+01 2.265270470218224830e+01 4.651270754283125086e+01 2.300000560428156859e+01 3.397245086864991492e+01 4.746267472216577232e+01 2.933789885983322776e+01 3.524762457103440028e+01 3.958183708082545849e+01 4.953120238365549000e+01 4.207247065125089591e+01 1.959529737288301732e+01 6.971666960571751304e+01 2.646622186203797611e+01 4.023832044041517975e+01 2.763615437890544158e+01 3.800974304098071599e+01 6.161540885838595472e+01 2.783272145661440788e+01 1.915065667258970805e+01 6.842513773188446180e+01
8.856216393907864415e+00 7.200417981274199519e+01 3.053422791145064608e+01 4.547280947186730060e+01 7.250413673285281391e+01 7.276192762996211627e+01 8.100727045716661223e+01 7.085876936641606960e+01 7.392829562750729622e+01 7.418815190647588054e+01 7.591515826384225818e+01 7.883316967378962659e+01 7.636846619158080784e+01 7.898716211535713683e+01 6.883478192506414928e+01 8.631018177126392743e+01 8.176731362523455005e+01 7.422735944950218823e+01 7.395195206006367528e+01 6.856554898601589798e+01 8.942050800215113782e+01 8.966778975038818089e+01 8.731450407360539145e+01 9.054917844172679509e+01 8.696244324734716713e+01 8.937979915214307880e+01 8.321239535880810934e+01 8.830744941957068761e+01 8.376135302962678963e+01 9.232682136694590724e+01 8.951297289169195892e+01 9.213677152359124989e+01 9.121468266031958194e+01 8.622030294808475048e+01 9.369898991404157584e+01 7.963056327682552649e+01 6.177378806688568602e+01 5.805864339615359171e+01 7.628291772784608327e+01 8.116667801755846767e+01 8.890949087540307971e+01 3.616403797323053482e+01 8.984941318287994250e+01 5.538092788403684352e+01 6.788300536708398170e+01 6.121252054662415532e+01 8.721402932080356152e+01 1.227872661148959921e+01 8.677565636020717932e+01 8.495435403946673603e+01 1.908789900342623369e+01 6.476124577233285606e+01 2.286310029246590503e+01 7.970599310506473856e+00 8.887885727051532569e+01 8.487632078871583019e+01 9.388190637971415242e+01 4.654607908039381670e+01 3.197737443429051041e+01 7.732071136561306446e+01 7.558155570319205196e+01 5.412151356592323026e+01 5.078569189418445973e+01 5.596556112134095429e+01 3.651883673216357096e+01 2.197100285652912177e+01 2.814425133340286322e+01 7.148852859392310677e+01 2.645623990622433652e+01 4.825789012836687419e+01 2.273117619572263948e+01 3.643595677650336029e+01 4.706587841908137193e+01 3.121584948490966482e+01 3.480458931462331407e+01 3.879732174114747778e+01 5.242858167019757332e+01 3.988186416914968646e+01 1.745022583527095250e+01 7.450689760265927930e+01 2.402985012531280518e+01 3.946726045608520650e+01 2.303714342641108104e+01 3.940832764849518099e+01 6.245495621092391758e+01 2.515850971729466323e+01 8.842747587543544796e+01 1.973986108592062294e+01 7.174716994238622192e+01 1.869935554970394520e+01 4.927916505029707395e+01 2.496319662142883544e+01 2.539839123704216561e+01 4.461373645049152969e+01 3.093219141562779839e+01 2.083772869814525919e+01 7.865701342857245493e+01 2.582168170322071532e+01 4.931525716438437712e+01 1.695179734112638315e+01
3.972552864732164579e+01 4.331514062357670980e+01 3.510100632373130480e+01 4.056028136340054857e+01 4.959422690362641362e+01 4.614495241786494262e+01 4.491699612176779510e+01 5.259366903070247190e+01 5.025496251998525565e+01 4.547250573924093686e+01 4.620060057405269305e+01 5.025933626980492619e+01 4.459680552609039239e+01 3.892252032973549802e+01 4.333693560903722641e+01 4.852717513586535603e+01 4.919565159515901343e+01 4.599826257644277661e+01 4.629775596315210606e+01 4.594228899244106401e+01 5.883669356992750465e+01 5.997525701504765294e+01 6.194197783921703859e+01 6.150660315354664931e+01 5.868698809742927835e+01 6.047154744845447993e+01 5.716147362535649989e+01 5.543032782619649623e+01 5.992708935954353677e+01 6.086323236534089887e+01 6.112610861442306032e+01 6.100609951470837444e+01 5.872554478482766882e+01 5.840392230676881979e+01 5.828092361020319601e+01 6.064627181129021949e+01 6.981986493504408031e+01 6.547190635439120854e+01 6.520485161217776238e+01 6.656717922217917760e+01 6.981893638101490751e+01 6.850798731428204746e+01 7.427364830176036037e+01 7.237804864157330087e+01 6.893523932171589763e+01 6.715395594401793744e+01 7.668375801389868229e+01 6.999848575357235347e+01 7.057704867738665655e+01 7.990177047794514920e+01 9.281701979167533523e+01 9.110323014259338947e+01 9.549583741932204362e+01 8.805992468523257344e+01 8.926789537451483625e+01 1.020695052956089768e+02 9.832291128093545751e+01 9.536522371190966396e+01 9.163057940656489109e+01 9.282422259395772812e+01 9.563779337081042797e+01 9.311794939980362074e+01 9.292946160995599314e+01 9.572507744955294129e+01 9.137721432772549690e+01 9.341379365595904005e+01 9.482608962203516967e+01 2.037016269311760297e+01 5.379024974649603053e+01 8.673040019887866947e+01 5.678259754722768804e+01 1.227048786399942415e+01 1.652139410769397543e+01 4.279579254479119044e+01 6.479428320400642427e+00 8.411403867728782302e+01 4.272353021394122408e+01 3.195266144609812642e+01 8.731468631318121254e+01 9.185436960567128040e+01 8.517703344496813145e+01 9.081583833152598118e+01 1.018018561052553537e+02 8.620241743542931090e+01 9.022316919673572500e+01 9.504107157497695368e+01 9.694273287057876587e+01 8.943865385705774429e+01 9.079270258347193590e+01 9.732820428573724314e+01 9.163912731047832949e+01 8.646161418069492299e+01 9.176301550973545318e+01 8.868351380138686579e+01 9.054650559461478565e+01 8.295538548845233606e+01 8.910057340968738515e+01 9.428501164335193607e+01 9.826751044988631634e+01 9.346205243125106676e+01
1.536986670322490411e+01 5.799383987079966829e+01 5.222942418708945667e+01 2.225675451141415095e+01 7.502544729854120931e+01 7.270260430899533333e+01 7.269772723082340349e+01 6.675964590943220855e+01 7.132465182488614630e+01 6.555591445980650178e+01 7.208177048166592726e+01 6.489879760073893067e+01 6.292762492407452157e+01 7.057452769658782188e+01 6.806888539538239513e+01 6.808471854329108908e+01 6.716056863719767023e+01 7.460027369007919162e+01 7.739744290510813585e+01 7.565386142441720096e+01 8.273844229055173116e+01 8.603730837973681389e+01 8.629076891740163546e+01 8.468469153570406149e+01 7.967178413326089981e+01 8.096459168412468443e+01 8.254181446631748997e+01 8.860241719014716466e+01 8.643524151065132344e+01 8.689528362462014854e+01 8.528305348771991135e+01 8.413513507770770161e+01 9.102175169605197880e+01 8.534956225481900560e+01 8.406085943344866962e+01 8.890859703367407008e+01 6.567820155421892991e+01 9.655023221463868310e+01 9.124056935816099667e+01 4.158038908423799285e+01 8.959122309431884901e+01 4.269576905189138216e+01 9.158029863978876506e+01 5.401036478082338732e+01 7.183267935478326649e+01 7.740879382725917424e+01 1.981778586073355086e+01 9.569884362870996597e+01 5.697364536921183031e+01 2.579380555667660602e+01 4.005403717792395213e+01 7.616622256803693425e+00 4.442664149168766130e+01 3.064207468899813591e+01 5.307237768408023726e+01 9.042946439656344637e+01 8.315665608283245547e+01 7.023090629830504383e+01 4.940358695116910326e+01 5.586962066274701044e+01 3.780372120051672624e+01 8.729247911915634006e+01 2.279572371786290930e+01 8.864976476756008594e+01 8.595144750530069189e+01 3.006982723429347359e+01 6.839401381575700611e+01 2.665563603639602519e+01 4.697993944196989702e+01 2.461571781879121446e+01 3.597656551816246662e+01 8.510969158266529178e+01 4.698692095333879593e+01 3.199266737202803412e+01 3.494340597246632285e+01 4.242486992243564714e+01 5.554324693860429818e+01 4.254234936327645045e+01 2.289722465303811205e+01 7.356625501495419428e+01 2.411439627138051023e+01 4.065673816745931646e+01 9.242064003619280754e+01 1.020422561399864492e+02 9.831590807437896729e+01 9.838355366930817070e+01 8.598414649204774207e+01 9.286897542693398577e+01 9.678723912202950430e+01 8.892535439657441998e+01 9.687784690351196559e+01 1.032205478126352460e+02 9.686145401976325786e+01 8.790511650461138515e+01 9.163305265795101207e+01 9.566444373925527600e+01 8.813284654978549781e+01 9.094438665707906466e+01 9.437725090294173924e+01 9.343294616757016513e+01
3.718400684486736196e+01 2.068023899233702423e+01 2.942067467859297025e+01 6.232363957943338306e+01 6.936440484469586920e+01 6.696971607190189957e+01 6.051594014131661936e+01 6.767275730407598644e+01 6.423262083133062106e+01 6.077662517645142515e+01 6.225758207223631757e+01 6.127069402264826437e+01 6.420613534631151254e+01 6.745167900341930078e+01 6.040807166858152755e+01 6.317564864772738531e+01 6.057788424094518120e+01 6.775794996673410253e+01 6.801943772381002873e+01 7.040249353701418045e+01 8.286062958710121507e+01 7.930907530892979196e+01 8.016160940076365193e+01 7.329085630359071502e+01 7.368218541940053967e+01 4.556343460949984348e+01 7.242896724686478649e+01 7.951601268631038977e+01 4.279456893621068758e+01 7.666641921997070597e+01 7.812090798688657856e+01 7.493450975020726901e+01 7.271535674026517881e+01 8.132021052114890836e+01 7.953978193384227779e+01 7.232757695714632007e+01 7.272119274572892778e+01 8.351695240230270656e+01 8.895224775112036752e+01 8.423575735778518947e+01 8.546250740145191571e+01 8.851381404399872110e+01 8.519695830525773772e+01 1.567743829303618597e+01 8.796973345135197064e+01 9.096654178265369239e+01 5.428782453500863170e+01 8.922243961746042373e+01 9.166079646385077240e+01 8.609748215205740962e+01 9.443970700899760118e+01 7.190480500595135993e+00 8.689603861714854816e+01 8.811434489380229707e+01 8.000864097205075609e+01 9.443647008700804690e+01 8.538424852074999194e+01 6.855490098794301446e+01 4.435613647103309631e+01 3.085637324353059086e+01 4.867077992161114963e+01 5.227150417295369067e+01 9.857551268917141840e+01 4.791928031841914049e+01 5.094669188134597704e+01 3.380575806426279684e+01 2.133749687012397800e+01 2.811118569798541955e+01 6.622067670298345377e+01 2.419436473286513234e+01 4.811533105066328631e+01 2.103524602507100028e+01 3.959679808219274122e+01 5.026479043996695140e+01 2.737169438112865905e+01 3.634425772708473801e+01 4.194323241873220809e+01 5.013940093372807638e+01 4.366604292681722654e+01 1.958179428812229261e+01 7.913007265509980925e+01 2.101587222254637410e+01 3.751068864067395481e+01 2.391166776039383635e+01 4.006485005942258226e+01 6.196409825249151737e+01 2.579071399244395124e+01 1.971134493134238497e+01 6.904259578802368935e+01 1.949346016230005318e+01 4.469140956112832441e+01 2.288883512399413434e+01 2.850620299568682015e+01 3.328013573722405738e+01 2.956702607508861647e+01 2.013485668843442866e+01 8.079252281225089405e+01 2.767614728772278809e+01 5.135233982097018668e+01 1.947757711545987647e+01
1.048328386960607617e+01 6.893726999127503063e+01 4.759549699967557501e+01 6.157405349178747400e+01 7.295598674398479488e+01 7.617360869465451856e+01 8.311809939543405790e+01 8.318957202145547569e+01 7.623074514071146268e+01 7.123687309586640026e+01 8.608583617535504118e+01 7.845881487275615029e+01 6.645043741771668522e+01 7.686342887950665670e+01 6.793175445361571008e+01 8.511863867803053552e+01 7.131259363961942199e+01 8.576350643418051334e+01 8.081921657107092472e+01 6.822917811942822652e+01 7.628298715244639538e+01 8.271451683766913732e+01 8.381677121682601239e+01 8.416224538412960499e+01 8.320150437463414050e+01 8.233712471037199521e+01 8.207837054693337109e+01 8.046997611920038196e+01 8.056701435428676916e+01 7.977717067653482275e+01 7.298688936919876369e+01 8.177068939642472856e+01 7.695609336477338047e+01 8.040732909549366525e+01 7.760423275521307573e+01 6.712418146855902990e+01 8.181321196411595054e+01 7.870323285623030074e+01 7.650719389915465740e+01 6.515954772143652463e+01 7.343987620816086803e+01 8.682840170029437843e+01 8.933239950627991277e+01 9.322390001795508852e+01 8.842164420900923005e+01 7.757284415779692210e+01 9.193006845423668949e+01 4.579143801403768066e+01 1.540894515988501645e+01 5.112043128266478931e+01 3.787527626825101379e+01 1.769444096874106975e+01 6.683993545969327954e+01 8.875976804675478604e+01 8.707243784846681933e+01 8.891664160923524207e+01 4.461642448423487117e+00 4.596253494150710850e+01 2.974666005887768350e+01 8.859637724992001040e+01 9.242254053462635000e+01 5.238910944588256768e+01 4.747342685713912402e+01 5.298025557850346701e+01 3.947594720919926914e+01 8.988427301031170202e+01 1.981533430453502831e+01 2.716799175621885354e+01 6.699425766811226879e+01 9.378842615539377903e+01 2.624162460195295665e+01 4.688867212678447061e+01 2.534609715685699882e+01 3.822344931689175951e+01 4.582782084363879704e+01 9.119087002241249706e+01 2.914552546188686932e+01 3.482109718286629629e+01 4.115404393564570995e+01 5.254901165655164874e+01 3.891717463551145784e+01 1.916555041887543354e+01 6.491975515195817081e+01 2.385772918498877360e+01 3.943448336666280341e+01 2.381500051301537013e+01 4.082190796967708479e+01 9.501580102046331433e+01 6.619970179561413204e+01 2.561226239637895219e+01 1.970505115742033198e+01 6.867591674436222604e+01 2.062631777308203951e+01 4.428574426535404029e+01 2.533397388602747924e+01 2.518345918303186082e+01 3.843620100454850785e+01 3.013053253871022008e+01 1.944652045441396382e+01 9.005195945429079529e+01
3.236029449538751379e+01 4.842160201397808805e+01 3.666115282376607354e+01 2.906648772395018199e+01 6.030681588902618273e+01 5.752464238766467730e+01 5.312917568521066158e+01 4.895685266527262769e+01 5.321436834786877768e+01 6.234317826538374874e+01 5.188866221453204020e+01 5.187505933190836771e+01 5.808117601799242635e+01 5.295045940785696814e+01 5.537498340263510954e+01 5.124643693223143970e+01 5.756770733504584570e+01 5.574000059492660597e+01 5.126937308455958231e+01 4.567962101715983891e+01 7.547485009251218457e+01 7.505337334401679072e+01 7.323260906392877700e+01 8.573134548808589273e+01 7.342074973077484401e+01 7.349710811304323954e+01 8.133197799090183366e+01 8.031502908937858365e+01 7.920211803407380557e+01 7.537611095471815759e+01 7.605919695334000608e+01 7.849625208847450608e+01 7.384912554892626702e+01 8.078012184302012599e+01 8.159481952768383906e+01 8.193298675580457768e+01 9.042374554511272322e+01 8.994291944142544537e+01 9.432480929548090387e+01 8.355806912183761881e+01 8.513628988265990927e+01 9.837340032151250568e+01 8.287797705910422508e+01 4.901241837974750837e+01 4.074270751783342348e+01 1.483540467199954094e+01 9.734360786893151385e+01 8.210768508441520908e+01 8.654324015451200580e+01 8.879590355121727896e+01 8.518252666646783666e+01 9.071789757663553644e+01 8.422118686979467839e+01 9.026840800191416747e+01 8.691927850210305451e+01 9.310024612672401645e+01 9.351093602794588833e+01 8.630362114653442518e+01 9.013758602070086567e+01 9.094116709123957776e+01 8.871984890157526138e+01 9.522181852188977302e+01 9.070896783742037428e+01 9.476743451284639264e+01 8.876931392929770936e+01 9.098946925690680132e+01 9.263219414949416830e+01 9.341326429338165838e+01 8.807341041384320590e+01 8.762430267442356069e+01 9.152265886537956874e+01 8.879068802811882222e+01 9.331524543581586784e+01 9.352431761965607393e+01 9.899824775854746406e+01 9.381820063085267236e+01 9.383051481933304672e+01 9.536537991726036978e+01 9.447893190817399045e+01 9.374843758561394225e+01 7.217647756884495003e+00 4.214869018431866010e+01 2.774426800726038067e+01 5.345579673449198310e+01 4.753468538883960548e+01 5.325239567268978647e+01 3.478944390416145183e+01 9.062469505071639730e+01 2.174366332473177010e+01 2.557664757641878950e+01 7.335843247391960631e+01 2.531944244937463395e+01 4.823103148612108981e+01 2.334053760785045029e+01 3.606254571613037285e+01 5.115184591430606531e+01 2.959748177943807690e+01 3.548401967413497715e+01 3.813895957831180539e+01 4.873624731970555501e+01
3.847821590484994658e+01 5.282152490796465116e+01 3.777022816990361065e+01 1.702476042653574950e+01 6.331201591889063707e+01 5.815648001414356827e+01 6.269538227988012125e+01 5.563786399075479494e+01 4.802318724989891052e+01 5.656665232795657516e+01 6.468132504026094409e+01 5.904170007561192079e+01 6.446920251304453586e+01 5.778169130935813769e+01 7.446773345000815425e+01 5.806660119096438422e+01 5.887784934080008270e+01 5.599068414857893572e+01 5.151576966914263522e+01 5.873618410482551155e+01 8.073095186984900806e+01 7.486483348571893259e+01 7.759920814976547376e+01 7.477046809774456904e+01 7.818210577206177447e+01 7.979008365219289090e+01 7.651798942450321306e+01 7.333580873229287533e+01 7.824162001067941219e+01 7.588337915304934711e+01 8.105353327519965490e+01 9.483362219116904157e+01 8.661946836565479657e+01 9.007119874665231407e+01 9.433872024976845694e+01 9.574477667989152962e+01 9.562658997593503329e+01 8.182561293334671859e+01 8.436289115710691533e+01 8.727695404291152670e+01 5.611681129119612876e+01 5.479222896857694991e+01 7.911758490511864750e+01 1.551762394787687249e+01 8.651283217957525551e+01 6.570287332155487547e+01 4.407356533064987048e+01 8.384969583352406630e+01 4.841974056688221850e+01 1.845669921546271297e+01 8.627641538128708021e+01 7.952804049831448197e+01 6.427925029803406076e+00 8.615010599909406608e+01 9.112881310780842625e+01 8.322387645208473828e+01 8.186717223470861882e+01 4.452531554391890012e+01 2.838822890456878767e+01 5.289371347517678146e+01 4.798374973788406095e+01 5.561373026407126474e+01 3.282909278707070655e+01 2.309717184097477727e+01 2.653260479704900376e+01 6.541186709223372020e+01 2.523678378462791372e+01 4.716927768317135872e+01 2.329169306249329452e+01 3.544771277769045525e+01 4.998756065477024180e+01 2.998933808830651415e+01 3.460799620268922894e+01 4.014902738730112475e+01 5.300527012980345631e+01 3.980032063704548762e+01 2.225111810167630466e+01 7.159575922814282478e+01 2.753231904154474208e+01 3.987711726210334007e+01 2.294740562195127609e+01 4.581223935990622209e+01 6.479488633022164379e+01 2.810413259249745010e+01 1.893789196782039852e+01 6.910674845774968844e+01 2.136606726267121203e+01 4.720579936197309934e+01 2.715824627795002755e+01 2.634053947076652946e+01 3.586429509186383768e+01 2.951591655214627608e+01 2.033005696932474748e+01 8.274661703723849371e+01 2.877872709469361823e+01 9.120750589226231853e+01 4.982667782162175030e+01 8.748695478078090559e+01 1.967940961519877163e+01 5.183613382632081823e+01
3.452803208024212722e+01 5.579505864201170340e+01 4.110706951545946453e+01 3.172135603400793968e+01 5.745615068041917084e+01 5.263621329358129941e+01 5.576609990560647390e+01 6.132104855306220514e+01 5.661084976413032877e+01 5.310841339067979305e+01 5.905573252295003073e+01 5.206845457319057147e+01 5.666708369038321536e+01 5.280720174511273513e+01 5.320913546862023935e+01 5.722687593788811711e+01 5.669517895832206023e+01 5.555007224462249127e+01 6.031029145807931258e+01 5.964079532496857183e+01 7.314728623014508457e+01 8.553561150558067538e+01 7.620276702678565073e+01 7.884235975525595563e+01 6.832688890533013648e+01 7.981414795427610898e+01 7.468330551205259837e+01 7.881538829803466228e+01 7.328009549054232252e+01 6.897171327110493166e+01 7.699096187028017368e+01 7.638474626035400661e+01 7.593033621708552516e+01 7.369959363792881391e+01 8.594932137691613150e+01 8.974034713578946310e+01 8.917700989463112649e+01 8.924001271941445168e+01 8.478852470354600257e+01 9.132992749683785405e+01 9.116480108499527546e+01 8.840274336157422397e+01 8.608403981382195980e+01 8.346687123125249741e+01 8.651376073360442831e+01 8.809487129341472667e+01 8.683678472078207733e+01 9.790945307377613460e+01 8.769373595281081180e+01 8.895455611908074900e+01 8.151066823403040473e+01 9.474663316697785831e+01 9.052675429582595257e+01 8.999602926066427244e+01 9.506002449086217609e+01 8.710136187257188567e+01 9.474354377226396196e+01 9.743151676907683623e+01 9.270842236063697328e+01 8.863092466665037250e+01 8.959088464939233631e+01 9.758383434216180774e+01 8.737690811121102286e+01 9.188776283842145176e+01 9.300774652488303218e+01 9.167574878714300723e+01 8.668366876479350935e+01 8.668786895311239959e+01 8.970918416832432740e+01 8.831342861327257765e+01 8.995860940109599824e+01 8.634985793034235257e+01 9.008713169242396646e+01 8.995164958491470486e+01 9.280434112404331870e+01 8.437786951462427965e+01 9.208257694497252999e+01 8.582617949211235953e+01 8.667131986401297183e+01 8.424962492169755990e+01 8.782536499500274374e+01 8.805870107665207058e+01 9.380696252367712873e+01 9.131441977674310806e+01 8.561212609319976252e+01 8.898584057959642735e+01 9.233332992322516475e+01 8.977711613972981297e+01 9.273257344347058506e+01 9.422187864744302033e+01 9.419492454637180856e+01 9.166868483406125279e+01 6.778825163525162623e+00 7.108205298289204777e+00 6.701629889395200657e+00 7.389074451205405403e+00 9.100809240594054472e+01 7.206222528715928277e+00 8.154531110958618711e+00 6.844828432753230274e+00
5.261166735833341335e+01 2.626887809661301532e+01 8.295146299853469429e+01 1.616840689692533317e+01 7.529729667721372266e+01 8.187118150537664008e+01 8.045257657874714141e+01 8.087596250375112561e+01 8.039232470375118567e+01 8.773508698037176146e+01 8.285579589930448208e+01 8.041940897594798798e+01 9.075420664259881676e+01 8.795306286920200023e+01 8.250447270942456157e+01 8.590045513637137731e+01 8.318000010468743710e+01 8.331303499503569299e+01 7.991254864714362327e+01 8.019716347419854685e+01 9.798474405281471888e+01 8.886708980076241460e+01 8.502529730291077215e+01 7.523678445996660002e+01 4.846136495380690690e+01 7.970453518845818053e+01 9.269698465773554119e+01 8.544582814122691161e+01 4.299672469424479004e+01 4.187426775639707444e+01 8.534054573485344974e+01 9.658693179397872086e+01 1.771224512444301169e+01 1.535112748493750878e+01 6.999928413647594105e+00 4.324534720507534757e+01 8.861255318179274809e+01 2.152819539958780481e+01 2.910433497871413522e+01 4.904536469163316781e+01 4.812543666904623052e+01 5.076037794929562352e+01 3.449357795281843408e+01 2.136722144665139922e+01 2.817418852276874475e+01 7.012578009728228778e+01 3.072258336065393536e+01 4.589368309414747671e+01 2.278284111546747681e+01 3.653447896242141724e+01 4.968239180698539315e+01 3.088205166757106923e+01 3.488194784503994583e+01 3.757378692428270739e+01 5.522060912576588976e+01 3.887341110308965142e+01 2.074578883214430292e+01 7.186405493508685538e+01 2.388332516731637867e+01 4.058107403119404921e+01 2.197008298057498266e+01 4.252766172127289934e+01 6.270462876883419767e+01 2.611205009402650745e+01 1.810786120932210608e+01 6.659259296493097224e+01 1.871349647298003660e+01 4.538764284343430688e+01 2.399917096053108878e+01 2.831333928650075649e+01 4.235859980240012845e+01 2.977279408185771103e+01 2.042542033592859951e+01 7.441839859341129682e+01 8.621458409663402733e+01 8.898078126184867642e+01 3.173174585934841119e+01 9.731125600518602425e+01 9.247596276456658870e+01 9.631442288160323528e+01 9.583558405709989358e+01 8.805578524343894742e+01 9.527661188768618672e+01 9.461811955372492378e+01 9.505205801797634990e+01 9.439792207768469723e+01 8.812961830587097722e+01 9.327164678681980092e+01 9.359860194199012540e+01 9.768998455603917819e+01 9.080886115919460622e+01 9.409085707050381586e+01 9.782144003673033694e+01 8.527137279871737974e+01 9.733599719712228193e+01 9.019318644747589531e+01 9.358390128287402376e+01 9.537242651419205686e+01 9.630456458835891453e+01 9.521039817513842252e+01
2.843567194080713989e+01 3.410302986376213141e+01 5.601626277475646276e+01 3.979910136750250160e+01 3.021504614199652750e+01 4.136887402227430499e+01 5.056670934864968814e+01 4.215265606461149162e+01 4.306142408269824529e+01 4.298932229623650159e+01 4.031631463982841979e+01 3.663929709178028560e+01 5.327405180894967174e+01 5.342899883877147005e+01 4.094124017953872396e+01 4.277780289523528978e+01 4.578259071653539536e+01 3.649469432740500707e+01 5.119575263496601281e+01 4.687103827830517133e+01 6.487373532002622767e+01 6.661706079750349829e+01 6.630121357838312690e+01 6.432523758718461693e+01 6.190647149519487158e+01 6.405428638927864426e+01 5.770919900951963655e+01 5.892122669888264852e+01 6.226773975906949943e+01 5.821103473287639929e+01 6.634151455886436111e+01 6.394725968982233866e+01 6.001424760619799059e+01 6.543598346276716882e+01 6.693906944990158081e+01 6.264345267884659307e+01 8.220515722325353636e+01 7.964036950161963091e+01 7.864554969144589336e+01 8.030256737362255137e+01 7.273283872243129622e+01 7.761009913393945681e+01 7.227103062019203605e+01 7.795976481148690596e+01 8.966978570764715073e+01 9.119542601180799579e+01 1.004390598792018352e+02 9.786642717773264621e+01 9.020712343598856364e+01 8.463344750259861371e+01 8.529301591786470738e+01 9.037327386068575663e+01 8.600716074705124470e+01 8.773177195570686138e+01 8.594091232220331733e+01 8.677734858483978542e+01 8.573042561213175361e+01 8.946083501685748729e+01 9.738489814996719929e+01 8.576928603215651492e+01 8.725101527661988143e+01 8.624614625555096836e+01 7.376208445628483901e+01 7.466027390089901417e+01 7.071657042882659283e+00 7.885137627522151149e+01 7.701119046319614370e+01 8.103119591004920608e+01 4.561922595392574209e+01 6.448056645230813899e+01 7.608614237633618416e+01 1.854331942146474788e+01 7.742646238803862957e+01 6.986171929095731059e+01 4.481199141379558881e+01 3.009355092193140990e+01 5.131687252828569257e+01 4.708909226981076301e+01 5.704302657914884378e+01 3.207848919512647257e+01 8.755531197786331177e+01 2.469064648819692209e+01 2.758642900893182315e+01 6.859438189033305378e+01 2.577493725202300467e+01 4.680455120639367550e+01 9.329517304825060364e+01 9.951465396989475209e+01 9.311079866597147259e+01 8.906947986682256158e+01 9.339283610473979991e+01 2.056866064252275450e+01 3.443904492927320149e+01 4.507812628005490296e+01 3.070241334474447825e+01 3.578416608599098936e+01 4.504790054469397376e+01 5.106941287951035946e+01 4.082407314939932519e+01 1.940774464562083779e+01
3.390949794279806184e+01 3.412960646856915048e+01 2.750826124801780281e+01 5.235971246668786705e+01 4.978244133411031669e+01 5.289778783140760510e+01 5.108143201343941087e+01 4.914605639631098200e+01 5.181535417563987522e+01 5.130476227456873062e+01 4.624703695358652311e+01 4.255279342658592157e+01 5.434298671899419730e+01 4.281400782429810903e+01 5.307363166592337933e+01 4.138833894458684171e+01 4.325926683743794854e+01 3.963448696208722311e+01 5.340776792818849827e+01 4.122284371455510410e+01 6.534572280428626811e+01 6.196138201500430398e+01 6.050477579777891179e+01 5.891309100353356598e+01 6.636480217323158115e+01 8.186698131705774983e+01 6.916470498189781324e+01 7.170178360993212152e+01 7.904878512620925335e+01 8.351854916810989948e+01 7.408529936111334280e+01 6.793680943232594416e+01 5.044710811846184129e+01 5.281907335176612150e+01 8.441026476874496609e+01 8.550724287827809178e+01 8.535391864848858745e+01 8.389975097034916018e+01 7.976742519826599676e+01 8.812129603190855676e+01 8.540682019392649238e+01 8.825167543129487058e+01 8.385188270843390512e+01 8.676058254386438762e+01 8.810446056633284684e+01 8.340318283854108472e+01 8.440454591729424294e+01 8.227621330167308145e+01 8.753692313685561999e+01 7.641822627385457167e+01 8.643158804105989645e+01 9.908592235066673481e+01 9.667765239043669112e+01 9.151170713468032147e+01 9.884628598653908682e+01 8.630101772402271365e+01 8.964948769013086860e+01 9.526985166723078180e+01 8.415848777763771693e+01 9.615281976822650734e+01 9.105971827434771626e+01 8.688913954749251900e+01 9.493199684981144060e+01 8.366163326935334510e+01 8.896922206589670168e+01 8.973024585644404283e+01 8.964992159388282289e+01 9.288601048823558415e+01 8.590726742527701276e+01 8.399221585988998129e+01 8.200946663112351587e+01 9.073206887317425640e+01 9.014884148402647668e+01 8.076270494641680386e+01 8.318184853467074902e+01 8.452942341710581786e+01 8.695740128574949779e+01 8.464654271783250294e+01 9.240273716738730059e+01 9.680809253634828337e+01 9.030868294817028641e+01 8.899732167287307050e+01 9.330813809235890233e+01 8.630323931123271564e+01 8.848713764132875781e+01 9.212982038548499020e+01 9.067757056192918697e+01 8.521462686603719305e+01 7.803447435949787803e+01 9.325218186450726421e+01 9.396099835561983582e+01 8.571962140870816427e+01 9.115957688382177082e+01 9.005761755921624001e+01 8.163993683981172467e+01 8.831312488064621391e+01 8.674459752964250470e+01 9.426418426325827227e+01 8.762262780594103617e+01 8.805706092046969502e+01
4.437089353763695954e+01 1.975848206543561147e+01 3.860056374578764604e+01 5.290965509902347463e+01 6.800345270958813160e+01 6.489865007346327275e+01 6.647367730267120578e+01 6.300093296296668655e+01 6.292703481497186857e+01 6.699822788744262425e+01 6.814164237650958000e+01 6.058573355981798159e+01 5.712873558727177681e+01 6.362592358823978600e+01 5.763779580809853087e+01 6.522919795169974577e+01 5.925213471723325398e+01 5.933408611886429185e+01 7.206003624273068908e+01 6.916657944610624043e+01 8.456614903067097089e+01 9.172635064269556437e+01 8.428634185718767924e+01 8.650098660714698440e+01 8.329847318512020138e+01 8.334213258064154672e+01 8.155612399108481725e+01 8.474751212091156560e+01 9.379890059196587515e+01 8.973691929614905405e+01 9.760755152124346523e+01 7.861026463833722744e+01 5.761129296692934787e+01 9.127522958986686774e+01 1.766319122052554036e+01 8.738847598523804550e+01 8.850889357545159442e+01 9.020507541027936327e+01 5.396300852533542525e+01 9.775017568450985550e+01 9.393326322779510917e+01 8.069344522953034016e+01 8.571169832619753493e+01 8.965829593629547389e+01 8.832636762315576107e+01 9.570300042665365936e+01 8.587951494130221874e+01 7.331217182540532562e+00 8.520887330228632095e+01 8.032065248200387941e+01 1.861393291805729788e+01 7.132578214415998374e+00 4.492769184925339232e+01 3.121489272713661123e+01 5.063582153826048682e+01 4.900686875076004867e+01 5.326544315851096201e+01 3.722921093774564127e+01 1.946052686752695138e+01 2.703428431505506779e+01 7.428959860368208012e+01 2.466413496895269830e+01 4.490732874617432202e+01 2.468382335169748742e+01 3.156899507054776777e+01 5.387565936103011666e+01 3.251989297343023111e+01 3.494770595864816443e+01 3.794362478725837917e+01 4.908217708594871453e+01 4.240665030389121171e+01 1.909676148755983860e+01 7.147658322363189143e+01 2.458131792933651738e+01 3.701954864480278928e+01 2.438118850182403108e+01 4.122593310926900045e+01 6.212279421073017716e+01 2.787929668534885863e+01 1.950460714968767917e+01 6.750793896389730264e+01 2.116392452174967076e+01 4.934370389436230653e+01 2.617411785622437748e+01 2.729022461266228561e+01 4.257114755529345729e+01 2.851838484352285263e+01 1.831003106922814183e+01 8.765441559480898093e+01 7.838355860601771496e+01 2.886274604770270358e+01 4.973786640167236328e+01 2.189962135029561452e+01 9.330507473187013545e+01 9.347401081865484684e+01 9.553976583516958954e+01 5.310365346652088903e+01 5.935119060476620945e+01 3.649964516921476587e+01 2.374397697737722623e+01
3.629946150373329061e+01 5.203826788916732227e+01 3.216916857072801150e+01 1.802413405658620604e+01 5.255271719459331337e+01 5.343893523469115792e+01 6.150787449153986586e+01 5.435186005072160498e+01 6.079234117034710039e+01 5.669162962563110142e+01 6.060498586929205800e+01 5.470516618074793058e+01 5.880759164528413407e+01 4.736793183792720896e+01 5.437488298380013418e+01 5.612128917791626748e+01 6.311445520158969913e+01 5.695443211107542680e+01 5.408234941327210521e+01 5.746784004749673613e+01 7.795950446923573907e+01 7.442376164378542569e+01 7.482226752765251376e+01 7.298478059696428488e+01 8.058946453441272695e+01 7.295716696219010089e+01 7.450694967110952405e+01 7.082046434319380523e+01 7.766569956071448644e+01 6.812644706711624565e+01 7.146937174327445064e+01 7.304970127633123411e+01 7.105062424937884202e+01 7.077211010907635114e+01 7.470331715309258414e+01 7.658540071140636485e+01 7.866851187799916545e+01 7.702102272221536339e+01 7.399199269829374259e+01 7.758609557838150295e+01 7.830608075206930607e+01 9.126689863782939938e+01 9.406256654587659227e+01 9.864647330876552189e+01 8.391532811504421829e+01 9.064617328643798544e+01 9.436420775615808054e+01 8.131374535524483349e+01 9.394843250296332826e+01 9.041607412677822708e+01 9.341004472754218568e+01 9.025296970641974781e+01 8.506430525021119138e+01 9.131393380454092323e+01 8.799710410002505512e+01 9.407081939523870062e+01 9.681844547986983684e+01 9.027376237421324845e+01 9.243805693279612967e+01 9.364409241134470108e+01 8.964371677022991491e+01 8.779769929177832921e+01 8.620815364303011563e+01 9.527213400096604801e+01 9.066516091462337101e+01 8.608587956573023803e+01 8.961111324230829212e+01 8.499078459848057321e+01 8.839961925456017866e+01 9.131485368049506235e+01 9.034843720992405736e+01 9.748547703966950451e+01 9.340213032310659003e+01 9.659377879518450527e+01 9.269352210579496898e+01 8.723462239287115949e+01 9.030169709776386355e+01 9.173022106416297561e+01 9.043246701052694903e+01 9.667971777229598729e+01 8.937736061305710678e+01 8.231512579014807329e+01 9.707549874060082118e+01 2.186993365558711133e+01 2.036787168130730308e+01 9.316882027568239266e+01 9.337653867981650535e+01 2.083606250773776836e+01 9.624578798611959485e+01 1.793307501520171243e+01 1.867225826039458880e+01 4.675748566641951953e+01 9.359978216019543140e+01 8.331204569448124175e+01 9.083253494790106686e+01 9.351847727515480813e+01 8.962940662449057072e+01 8.875627078251405067e+01 9.305615282745071681e+01 8.615936550516070724e+01
1.967148653268814229e+01 4.866903996756582274e+01 4.275897147240061003e+01 4.247687762614452822e+01 5.251091924616784468e+01 6.026096094051997198e+01 5.743219051523642094e+01 6.847960133082938228e+01 6.448575160214394941e+01 6.229987467093901188e+01 6.757108497691876892e+01 6.635026639754121902e+01 5.439342803015853178e+01 5.728810843536348330e+01 6.139649139841397840e+01 5.406934965686364336e+01 6.144240275440794363e+01 6.344730276971151994e+01 5.881653440161184676e+01 6.115999215841293335e+01 8.851416116700028169e+01 8.146714768770969783e+01 7.930182043819716853e+01 8.267845943588199020e+01 7.749816064401106530e+01 8.279858135057217794e+01 8.271595739812562442e+01 8.229842049569793971e+01 7.351726728135889743e+01 8.365172290765877960e+01 8.456384934078563731e+01 8.882325684374029606e+01 8.697439295667589931e+01 8.709184202425407761e+01 8.143575041221849631e+01 8.561308068145405059e+01 9.026279328736391960e+01 8.476272478645498154e+01 8.322135113224838676e+01 8.416093499479872264e+01 1.618845867406238170e+01 9.055337863004568533e+01 1.024578317974552988e+02 6.212199148878906385e+01 8.507020634123773561e+01 2.038259837464852708e+01 7.651577651536825897e+01 4.340323610233537721e+01 6.271968631378628700e+00 4.681776791467811449e+01 4.095892175743074404e+01 3.314639575327887400e+01 3.091525398267037872e+01 8.615587691899501976e+01 5.154640761306791319e+01 7.975427791458187698e+01 4.620029250238881247e+01 3.235820524882186788e+01 5.359606046134775426e+01 4.511768962415781914e+01 4.925969578894702039e+01 9.040853287956930728e+01 9.023513626221453876e+01 9.255830901861190796e+01 8.822105918255719814e+01 9.051979447964465919e+01 9.850988908572630010e+01 9.410885539813475020e+01 9.254924910827116946e+01 9.215868366306477810e+01 8.635196670257684559e+01 9.823574001716845316e+01 9.382499556360822623e+01 9.210809048558726886e+01 9.070412547154860761e+01 8.987197617798140925e+01 8.340785164291207820e+01 9.502931278329907627e+01 9.566799307194622770e+01 8.993891017075740990e+01 9.190911090301744935e+01 8.443916275862491716e+01 7.985458778395796742e+01 9.027957668448939899e+01 9.305005214069828412e+01 9.869137366901745168e+01 9.267178352782219974e+01 9.171529477509585604e+01 8.721302266409902870e+01 9.860263167366836967e+01 9.791413055622216177e+01 8.944924978668039728e+01 9.755250649127093254e+01 9.152290185148065405e+01 9.864123175144194988e+01 9.078211533192431659e+01 9.430277566295681879e+01 8.754674671779979178e+01 1.019168839898976415e+02 9.347541666681115657e+01
5.547016452966314404e+01 4.325204667900548117e+01 1.208597246300090511e+01 3.656040037256298803e+01 6.161946585846669677e+01 6.425248494509494890e+01 5.362027662974415421e+01 6.448651961178489955e+01 6.195460009936130064e+01 6.545485827597704542e+01 6.569078910206303590e+01 5.671196235544753961e+01 5.816790036089492588e+01 6.278878440152514884e+01 5.072382155819372684e+01 6.428427707300041050e+01 6.476014365680289586e+01 5.830304836251519163e+01 5.869841712225566965e+01 5.360730290756080763e+01 7.512795272090218646e+01 6.746534697160576854e+01 6.689232065966635332e+01 6.958321382872986760e+01 7.310224702069253055e+01 7.099643834883517002e+01 7.854035406582283940e+01 8.251906055356516845e+01 7.834194723620559841e+01 8.908190687027844490e+01 9.383170371561340062e+01 8.898714229085229022e+01 9.333523104263073833e+01 8.975646232113693657e+01 9.048846662875378399e+01 9.841654771060655094e+01 5.185210582343015062e+01 7.281620031125618198e+01 1.658080203989238299e+01 8.231268725106210127e+01 5.388658071846673181e+01 8.134923000407941629e+01 1.867690970861550426e+01 8.176461474389741113e+01 8.453752006111723460e+01 7.624845817662549763e+00 8.694180678490435810e+01 4.512222391836571234e+01 2.908322773070046452e+01 5.250000656680627031e+01 4.826766164086081545e+01 5.401604458093643046e+01 4.211293217612035278e+01 2.055231114914922941e+01 3.105453057849046061e+01 6.879563512856310581e+01 2.568279779029614929e+01 4.979954148097471744e+01 2.279709051468155678e+01 3.515251937716296027e+01 4.750667690165115431e+01 3.179648646865830131e+01 3.550779976926066439e+01 3.590234411187244490e+01 5.335361240090745838e+01 3.815178577321948694e+01 1.934293461171063555e+01 7.436843023733659663e+01 2.469926164719191419e+01 3.923287866639368104e+01 2.589521754158265665e+01 4.323322827328335194e+01 6.356781085874094828e+01 2.763948242068290639e+01 1.948798429695042600e+01 7.313640392404613522e+01 1.662203265916217632e+01 4.703720605915243169e+01 2.417273896986787918e+01 2.676742266001123483e+01 3.942997076764251574e+01 2.923912934877655800e+01 2.117698068564588354e+01 8.128698217182449071e+01 2.567339726551012546e+01 4.931441539110559091e+01 2.042834050817923242e+01 5.548992884556452765e+01 5.830289649620200976e+01 3.712599391323147557e+01 2.213720968871405503e+01 6.385939418005220602e+01 2.902535147874644395e+01 4.265720802545547485e+01 1.604099106016484200e+01 5.341233693469654753e+01 4.946022440791129782e+01 5.551698708353620759e+01 4.677938044974298037e+01 5.572487037109605978e+01
1.418518037403171661e+01 5.810113992961970553e+01 4.839186658985686762e+01 4.123855970845077934e+01 7.033826276461283555e+01 6.822062153743975443e+01 6.480752160747846347e+01 6.214566093845800765e+01 5.881528909784374548e+01 6.896237132332541364e+01 6.688119536746631866e+01 6.644985164765155616e+01 6.095199171684004824e+01 7.304156124194463473e+01 6.762672445503147856e+01 6.589800417784488218e+01 6.174443881710370619e+01 6.586246746056008305e+01 6.911173401185961040e+01 7.177858023498997397e+01 7.769114367672891319e+01 7.460748517043663242e+01 8.023684831135200568e+01 7.601764633005315375e+01 8.236482512589657290e+01 7.946011720498403008e+01 7.682403041882948003e+01 7.909535167686867396e+01 7.948766141515790196e+01 7.751193274909799413e+01 9.281189104932727219e+01 8.012947448889414659e+01 9.863381199728358695e+01 9.309928286039468048e+01 9.108822575085090989e+01 1.011662825674721660e+02 6.860082102201201337e+01 8.742724962451241311e+01 5.950516135114612126e+01 8.447620946096651551e+01 4.052072669737266608e+01 3.315957124070687456e+01 5.438087085557706502e+01 2.784510073065757751e+01 2.943291510343551565e+01 8.567313296072410367e+01 8.283343033041015602e+00 7.927944836074655655e+01 8.991395202694516797e+01 1.860871739495884114e+01 4.313569972695726307e+01 2.682782423180161047e+01 5.089641111456986522e+01 4.308669897624940859e+01 5.447925419229449773e+01 3.259539873482602701e+01 2.190591078518015067e+01 2.839633639617399652e+01 7.173969811977762845e+01 2.515332239794008728e+01 4.764140401663202340e+01 2.475284225200161714e+01 3.660124807177167838e+01 8.064857090350353985e+01 5.080464481006968924e+01 3.274998996357123104e+01 3.500048601103551249e+01 3.941569533420331339e+01 4.885015573266780819e+01 4.162776269587603650e+01 2.181175584052548189e+01 7.466305956298654678e+01 2.467827589222878970e+01 4.125707004250902088e+01 9.804822417172518101e+01 9.236658430677471188e+01 8.707131837678677755e+01 9.281202122045286274e+01 1.002809627081408621e+02 9.160881479436700658e+01 9.567089154900926928e+01 9.401882904767990112e+01 8.990803357976855636e+01 8.851889939597158730e+01 8.902266165198702197e+01 9.195293518196453419e+01 9.217497240991303897e+01 8.863484715656800006e+01 9.326038264541915623e+01 9.216823822368274932e+01 9.582464100447568001e+01 1.002255618770917209e+02 9.806476458274957508e+01 9.888382733915791789e+01 9.280173770153160717e+01 9.641455051140351884e+01 9.283149482084043314e+01 9.677111525860699714e+01 9.697699391083283160e+01 9.015857828422026898e+01
4.924864426038482179e+01 4.139014832323248072e+01 2.657029367694348920e+01 4.607837856520306019e+01 5.852640899690715059e+01 6.301588528625892849e+01 6.419047575990359178e+01 5.933912374142444435e+01 5.906118669311205593e+01 5.535831715952266308e+01 6.012727519454377756e+01 5.698330840576778655e+01 4.869760385155677795e+01 5.854667664116079351e+01 5.396178925579244634e+01 6.685756930817257171e+01 5.237329365412394111e+01 6.040311648773424480e+01 6.999165176947911959e+01 6.476022175947825588e+01 7.215214533119490170e+01 8.160814905094377991e+01 7.749305793588811753e+01 7.972598738995465339e+01 7.093997445359374865e+01 7.286427684697237339e+01 7.669510893604972068e+01 7.410321090799389765e+01 7.842776472026650936e+01 7.819028051874853702e+01 7.824132495612809635e+01 7.740718838337696184e+01 7.559176979751298120e+01 8.581332726297956981e+01 9.184508406537952396e+01 9.209163685531326848e+01 9.407001233426007047e+01 9.203713854406818484e+01 9.563020873322631132e+01 9.451487649498564281e+01 9.575284728967781689e+01 9.052661544662532833e+01 8.929796490452505964e+01 9.226928572943715778e+01 1.015644152941125782e+02 9.241747253880356539e+01 9.147349757028348449e+01 8.724245001655636145e+01 8.773992066816849444e+01 9.233821567947214248e+01 9.145253134098919645e+01 8.995376703522421735e+01 9.705353453267704822e+01 8.824888976920735217e+01 8.957969861066702322e+01 8.536959125200907295e+01 8.647654914783709046e+01 8.900588693293657627e+01 8.322245324777834696e+01 9.004062588828982427e+01 8.921024692203059203e+01 9.193487610780832142e+01 9.041427776524514570e+01 9.139716522224021844e+01 8.428431986570357992e+01 8.547249586582184122e+01 8.736457656658056692e+01 8.799535112886718480e+01 8.677103962428641637e+01 5.985551476614041633e+00 9.433487369300740610e+00 6.001737713700894261e+00 9.890557459520570660e+01 9.325137480352863406e+01 6.661896780449332311e+00 7.962060084668072690e+00 7.548408790339123264e+00 6.540327254366694376e+00 4.876592742109840728e+00 7.217140089494712640e+00 5.688659885277350448e+00 5.432026968806078493e+00 8.861414994759992680e+01 6.634534809851285075e+00 5.861987620411497346e+00 3.625225711455851041e+01 5.066027635372046234e+01 3.726663079731392259e+01 4.384863396467584806e+01 4.038747485514843305e+01 3.044011201813365375e+01 5.026170972332809583e+01 4.420553281776832932e+01 4.952426860169931189e+01 3.519220421431642620e+01 2.108030259067362167e+01 2.622537490644238289e+01 7.717427752740455560e+01 2.588564128577709056e+01 4.707114167159254237e+01
9.472833761527683194e+00 7.313439061063708380e+01 2.942807707660125871e+01 5.555373439228895904e+01 8.067678332545540343e+01 8.461305402625690419e+01 7.398310634945377728e+01 7.600987945289323022e+01 7.373283934340332735e+01 7.544124858596107686e+01 7.592175360087192360e+01 7.421946240121667415e+01 7.249316330696596822e+01 8.647224482261773915e+01 8.588616234678210049e+01 7.154255828911607296e+01 7.522733403624910409e+01 7.618402238470135046e+01 8.043591467467221889e+01 8.220425470344947882e+01 8.941566563627937114e+01 9.232306376045400498e+01 9.861143991983297497e+01 8.529086375525503172e+01 4.875060085582010316e+01 4.130145839633363636e+01 9.120518016815185547e+01 9.503702759200876926e+01 6.341554101506869046e+01 9.249042043758160503e+01 8.471490859298995701e+01 6.963517814206355183e+01 1.639524743940794238e+01 8.816921636227405656e+01 9.975254604093956345e+01 4.608038753957459477e+01 8.306573589064858254e+01 9.690193723982031315e+01 8.346549141732128874e+01 5.377161791938723923e+01 7.545259950811212946e+01 9.650770964694746112e+01 1.807457102871302368e+01 8.071204234433896829e+01 5.229003186316201379e+01 7.285291182294939105e+00 4.500752146153738664e+01 7.161387904882431599e+01 2.798113823496933961e+01 5.143580554669553351e+01 4.637800646207549704e+01 5.436761943499246996e+01 3.557827441665259016e+01 2.122134083572662178e+01 2.906801940419457253e+01 7.516086865952520668e+01 2.664309404844587448e+01 4.554052015235929929e+01 2.122211101488633744e+01 3.665988148577285699e+01 5.034900248014565705e+01 3.240186030530568218e+01 3.283999678835724012e+01 4.062302384593269977e+01 5.014514148036639085e+01 4.175603766206538836e+01 2.115078591614058467e+01 1.001189256910121799e+02 8.723701754158193467e+01 9.056370553934212353e+01 8.638155026038488415e+01 9.643793792363369732e+01 9.017483231876835248e+01 9.681996414300166975e+01 9.065952016584800788e+01 9.194855275406982287e+01 9.428254707004084878e+01 9.653948007966532430e+01 8.912446415026983004e+01 9.253607579036192021e+01 9.545236894145156725e+01 9.496733397137035126e+01 9.442537082903312751e+01 7.007178511438947055e+01 9.775950461517680878e+01 9.497137795433853569e+01 9.039579346541202653e+01 8.905828515002221479e+01 9.330249734358353919e+01 9.347513896840990810e+01 9.152884633288239513e+01 9.254219383326443449e+01 9.743164694020242678e+01 9.004355907765301481e+01 9.978317096775228379e+01 9.212546399181539414e+01 2.426600658134980648e+01 4.108847673968835323e+01 9.354604751955379527e+01 8.931841912739204759e+01
3.606202720114679039e+01 2.610278624892234944e+01 4.494267888484579032e+01 4.797321889382420323e+01 5.813771801590919353e+01 5.652087548212571733e+01 6.364450768593585650e+01 5.274323131496255712e+01 5.407287295532948690e+01 6.451431548613490463e+01 5.733723935719692122e+01 6.231111711715207235e+01 5.254511953989664619e+01 5.543733971082802725e+01 5.784073693192366505e+01 5.289389571475260254e+01 6.095590986772017317e+01 5.019560448671832376e+01 6.123573439735354640e+01 5.837977122393521512e+01 8.256275466138666275e+01 7.896897287007534771e+01 7.558740472576835145e+01 8.410515232844785771e+01 8.173350384488250597e+01 8.163945086760953984e+01 7.682496765093370072e+01 6.971820562499942753e+01 7.422397500023697603e+01 7.704801153558673832e+01 8.801273331317034376e+01 7.856965124715458160e+01 8.347480299183816044e+01 8.258358204148032655e+01 8.288288884957631808e+01 8.158978624416120340e+01 8.127168272553068107e+01 8.411278903448220490e+01 8.295942079334548680e+01 7.925560101053930850e+01 8.234697432554129648e+01 8.393856799999872464e+01 8.395979457154417958e+01 7.684285316358912610e+01 8.292459567821387623e+01 7.847665699503637882e+01 8.277188759175213306e+01 8.656906610582814210e+01 8.986925126241915507e+01 9.667487540642420640e+01 9.615693317579500388e+01 8.333984156883124683e+01 9.715398325125376289e+01 9.701653122071063251e+01 9.261450823256463138e+01 9.299584020592949685e+01 8.900102721091472802e+01 8.809624242927088744e+01 9.207324801430557670e+01 9.625411026008201532e+01 8.407613284551736399e+01 9.173554072416189342e+01 9.426955599170742062e+01 9.233067443226322268e+01 8.780399957425666457e+01 9.551734168926874702e+01 9.683493382244398617e+01 9.655241041147347403e+01 9.699855892730481344e+01 8.387119142539573602e+01 9.127338115988355582e+01 8.305174683368566946e+01 9.406933544440703088e+01 8.901315915981928129e+01 7.967923859971942591e+01 9.148314758972688310e+01 8.637524129983150090e+01 8.646408743208104397e+01 8.774791317527945012e+01 9.015967172167518129e+01 8.394032097115660918e+01 8.358379093625329403e+01 9.176292872898505948e+01 9.498963662422065113e+01 8.222108149095015506e+01 8.238833403117729404e+01 8.720765961372491404e+01 8.715157321474768537e+01 8.059705785007187728e+01 8.439057421648141144e+01 8.692071906255952740e+01 8.550073432199883428e+01 8.761158061641634731e+01 9.509445909261702923e+01 8.947240289088450993e+01 8.536638036424463394e+01 9.283024517803481501e+01 8.154965882518074238e+01 9.109483844403064268e+01 8.840139825994317846e+01
