-2.067991183516462073e+01 -2.067342971272352159e+01 -2.139627571855281118e+01 -2.096548752792163128e+01 -2.052893761456241606e+01 -2.191103198700586319e+01 -2.157472501556524591e+01 -2.125206319002841227e+01 -2.154154207051263370e+01 -2.126686386118733907e+01 -2.118808799096023421e+01 -2.145947416843654310e+01 -1.997919857253016929e+01 -2.083126769052556426e+01 -2.124740238770976219e+01 -2.054971529720730317e+01 -1.975782483349681939e+01 -2.076362392839152093e+01 -2.022837618998537579e+01 -1.941755875097580386e+01 -2.098377439687424229e+01 -1.912417975989564667e+01 -1.950638274191340216e+01 -1.960000679886679364e+01 -1.970127363039211943e+01 -1.854215340998923622e+01 -2.009920976501106082e+01 -1.966065000397089690e+01 -1.852239273919319018e+01 -1.855540229260126139e+01 -1.793944626105146867e+01 -1.835397798778699041e+01 -1.834272689309947069e+01 -1.829686621347509501e+01 -1.830527273687324552e+01 -1.826237989840721454e+01 -1.815597753889041144e+01 -1.799416272314377352e+01 -1.795275710503685573e+01 -1.793351742256222536e+01 -1.710466948244543417e+01 -1.727191117278685795e+01 -1.652681992650186515e+01 -1.733546966486250085e+01 -1.772552279517018547e+01 -1.783205522833010548e+01 -1.743516656300861101e+01 -1.676252951265328761e+01 -1.759650522986060395e+01 -1.697826005255473092e+01 -1.737362264442436910e+01 -1.686313936442018502e+01 -1.718047729704445459e+01 -1.734828582434088062e+01 -1.761054650728318549e+01 -1.720829877487499360e+01 -1.719606408993389479e+01 -1.597747131791486197e+01 -1.719696684442236290e+01 -1.713089532576634610e+01 -1.759414668664865644e+01 -1.735935468547335958e+01 -1.756257844397124757e+01 -1.739893964461012033e+01 -1.744385744384911163e+01 -1.742475215002850675e+01 -1.733739797353224077e+01 -1.717758129763996067e+01 -1.674383041265236116e+01 -1.679861952912905920e+01 -1.682084187841179812e+01 -1.715967099268904406e+01 -1.702361413323068007e+01 -1.759541400033445768e+01 -1.741669265403067968e+01 -1.616825518406464468e+01 -1.699734406492327210e+01 -1.720125514993299376e+01 -1.717170144884465799e+01 -1.734410007982422641e+01 -1.725316039267530854e+01 -1.729603567624758753e+01 -1.703196887825782824e+01 -1.731489884815147562e+01 -1.719336048155339114e+01 -1.728407888990698638e+01 -1.710944448295544618e+01 -1.738773488492444841e+01 -1.672878193088180510e+01 -1.733261352145294865e+01 -1.731141620071740661e+01 -1.701759784689524224e+01 -1.737778903743978276e+01 -1.697710818708030800e+01 -1.699513516114669187e+01 -1.728449986638765878e+01 -1.727968574769693078e+01 -1.728813572638571117e+01 -1.724621849349099278e+01 -1.720773419692496375e+01
-2.136456227753112813e+01 -2.108920571838459779e+01 -2.110462912800365487e+01 -2.172982970705525574e+01 -2.185171059522559034e+01 -2.099780250169068196e+01 -2.151525407456792749e+01 -2.076010500407741333e+01 -2.111278754492885312e+01 -2.108688945213448918e+01 -2.097733446269160851e+01 -2.141076575006313831e+01 -2.034251331705968013e+01 -2.184715994208798051e+01 -2.120842282082647401e+01 -2.102862132539283735e+01 -2.085704471616871913e+01 -2.159700248636275077e+01 -2.089146136897329953e+01 -2.117413494699341214e+01 -2.114229538906367978e+01 -2.080446829456584013e+01 -2.155140874745009327e+01 -2.184564046280297234e+01 -2.080395329113144953e+01 -2.123427351550688158e+01 -2.123821281927907378e+01 -2.105581993679066954e+01 -2.052897128605127719e+01 -2.136325250447058721e+01 -2.102077958859597473e+01 -2.001154887364026180e+01 -2.096075644977649688e+01 -2.128603682504037664e+01 -2.114967889787640942e+01 -2.068992812918771662e+01 -2.131399711772537486e+01 -2.070439066226418490e+01 -2.028910863946357424e+01 -2.076425993969832717e+01 -1.955152573792447512e+01 -1.984601171907393180e+01 -2.053059562944928018e+01 -2.057419015028834863e+01 -1.837418900221536688e+01 -1.791486811033322724e+01 -1.777654399053234613e+01 -1.728665981467810298e+01 -1.815384535637928565e+01 -1.810789327648452840e+01 -1.812205858630593269e+01 -1.812382216681010050e+01 -1.809103650945819908e+01 -1.803036481843771455e+01 -1.803735692082173969e+01 -1.799226516742138315e+01 -1.799919833046111250e+01 -1.805817893743661884e+01 -1.798019679406704086e+01 -1.797886482113165840e+01 -1.803543133179677227e+01 -1.803250241586393798e+01 -1.800673617400930127e+01 -1.791709056587919235e+01 -1.802977277360972508e+01 -1.794943827653985480e+01 -1.807814493519927623e+01 -1.779154081128243092e+01 -1.795556007974032653e+01 -1.810593383250150623e+01 -1.793628888210166394e+01 -1.831998857674452097e+01 -1.800514736970685448e+01 -1.779214155659433061e+01 -1.796977832087197768e+01 -1.793430244507158733e+01 -1.799849846529319919e+01 -1.797709495046884598e+01 -1.795992943837110545e+01 -1.806960617937644642e+01 -1.797300552281366848e+01 -1.802480177740160627e+01 -1.824249185148004315e+01 -1.773547774069160354e+01 -1.804921296113827722e+01 -1.791053419817129111e+01 -1.820173879700393726e+01 -1.760794760201421383e+01 -1.796619087639831491e+01 -1.798557155147807052e+01 -1.807497627768604787e+01 -1.761226981583813966e+01 -1.784966277353241892e+01 -1.801969314037652126e+01 -1.836847446974142173e+01 -1.856841674614963722e+01 -1.773099932611633278e+01 -1.730441119472719080e+01 -1.684683085764581634e+01 -1.867010006525534394e+01
-2.126335923683608087e+01 -2.204951437981008056e+01 -2.038169261948076283e+01 -2.051153599268485195e+01 -2.154328460337725559e+01 -2.066737553828112794e+01 -2.133837424388131154e+01 -2.032662512060503346e+01 -1.802140269264086214e+01 -1.757481424871737374e+01 -1.938170101316868710e+01 -1.834502806732216484e+01 -1.810401227928390000e+01 -1.766328126000361110e+01 -1.830369564529508253e+01 -1.895692158688403595e+01 -1.608384680563684910e+01 -1.625818242854181861e+01 -1.639696347752888883e+01 -1.634939671356244517e+01 -1.620820924557052933e+01 -1.637696710978151060e+01 -1.590510268111497361e+01 -1.681121094031189855e+01 -1.686987000405376236e+01 -1.627361713918242359e+01 -1.675904552961546301e+01 -1.636095686971884433e+01 -1.646001541655613920e+01 -1.682733141799101517e+01 -1.628508696141499001e+01 -1.683453776215792885e+01 -1.730583079948452507e+01 -1.537468306763835635e+01 -1.531716360092356233e+01 -1.559816570264134405e+01 -1.552026579610074464e+01 -1.544533666893222801e+01 -1.552312053949879811e+01 -1.547307803743264998e+01 -1.546643961513905552e+01 -1.544801680326197157e+01 -1.548727585281316799e+01 -1.541678126401439286e+01 -1.544708142215672630e+01 -1.546486476246110797e+01 -1.542732975041253596e+01 -1.541845441149920859e+01 -1.533651396226862573e+01 -1.508048350317595521e+01 -1.611796116226924269e+01 -1.554656451111797111e+01 -1.488400375459686309e+01 -1.515152847712948514e+01 -1.510478270338817453e+01 -1.496376187242426781e+01 -1.479543442278047571e+01 -1.499351259249554857e+01 -1.503859384442775493e+01 -1.515721232962139631e+01 -1.499124337796238393e+01 -1.507827702904918432e+01 -1.506277090013117004e+01 -1.505915421583410385e+01 -1.507296817464699146e+01 -1.506454309499802946e+01 -1.505182370517940527e+01 -1.507885282201896260e+01 -1.506042461668154253e+01 -1.507046009465011593e+01 -1.507048542178322137e+01 -1.506290128794442751e+01 -1.508343417333036385e+01 -1.506206508220624940e+01 -1.506835680911947861e+01 -1.510255150520181644e+01 -1.503489511254909772e+01 -1.507044863685197811e+01 -1.507482748861227506e+01 -1.511602866530546407e+01 -1.503087142325959391e+01 -1.505697209568749528e+01 -1.510713960667913369e+01 -1.504563645487735357e+01 -1.507736734128203615e+01 -1.511939764130458030e+01 -1.503852518110988790e+01 -1.506680564046932957e+01 -1.510378271453651777e+01 -1.509365104279070380e+01 -1.507918417403065270e+01 -1.507075564349217345e+01 -1.511530865744951058e+01 -1.503102941540219817e+01 -1.511431195793078430e+01 -1.501709912512576750e+01 -1.500557512098247059e+01 -1.500486086735802971e+01 -1.386984262587616357e+01 -1.457182028330348800e+01
-2.081659544182211263e+01 -2.143866983660213776e+01 -2.090631055626275270e+01 -1.928221364113489145e+01 -2.172335261482725599e+01 -2.078742441048976630e+01 -2.039818294348769712e+01 -2.139437307882935713e+01 -1.922295134834772412e+01 -2.105463822876113866e+01 -2.099319181579299709e+01 -1.838925713309110677e+01 -2.061731033517797940e+01 -1.953076575445372143e+01 -2.088328480417508004e+01 -2.112671264198464627e+01 -2.089999783288224933e+01 -1.895830469390367767e+01 -2.061571538951552895e+01 -1.984294251242073770e+01 -1.637098711172793131e+01 -1.552571429189106134e+01 -1.585165393973573345e+01 -1.597445865904218110e+01 -1.590498714060556296e+01 -1.577531389244514237e+01 -1.576759449225532883e+01 -1.567719994055439514e+01 -1.554711618709887233e+01 -1.594903028311059856e+01 -1.597440327370535229e+01 -1.575480034821916320e+01 -1.578779640472681223e+01 -1.563914892577731308e+01 -1.553419027781896133e+01 -1.743274729451821514e+01 -1.365774511180249284e+01 -1.025875298320288032e+01 -9.324703927760328526e+00 -9.666935761511661340e+00 -9.781482038647069999e+00 -1.041284674414036715e+01 -8.700810253233022706e+00 -8.809708403397431553e+00 -8.681011306757064006e+00 -8.200073485376702109e+00 -1.001646485498644168e+01 -7.227285427573827192e+00 -1.020804964487066258e+01 -7.452645675135860515e+00 -6.888489656889413837e+00 -6.971762874011949052e+00 -6.860984018275262386e+00 -6.867123384042352896e+00 -6.789146505553176780e+00 -6.270401902912528413e+00 -7.930461231674222233e+00 -7.251498870120764551e+00 -6.203131173541994059e+00 -5.396205137539794805e+00 -7.217268981775497139e+00 -8.314083589686587672e+00 -4.408854215577605373e+00 -5.543666911354424798e+00 -3.726025867790458523e+00 -4.641608961812579537e+00 -4.675369237170801995e+00 -3.749112057688475108e+00 -3.379197046411111405e+00 -5.015524064653508418e+00 -1.109176023363384900e+01 -2.292894349419331679e+00 -3.045139125596762586e+00 -2.571145429695946394e+00 -2.375620160858872953e+00 -2.046409967861678059e+00 -2.593276785976158738e+00 -2.215999740795926432e+00 -2.423047841608099606e+00 -2.323594218944986967e+00 -2.388102498808156060e+00 -2.354655952045103806e+00 -2.376022795340827276e+00 -2.366560674540825193e+00 -2.345715194538865678e+00 -2.352884031707891399e+00 -2.372413408305746874e+00 -2.359506851209257849e+00 -2.330571558173933244e+00 -2.337014405663204730e+00 -2.353366854321091939e+00 -2.349701078559089940e+00 -2.348046162423522265e+00 -2.351568898353019410e+00 -2.341899279112457766e+00 -2.317231556371347256e+00 -2.335918772992805703e+00 -2.333789611884523385e+00 -2.338570642748433404e+00 -2.334684523196778105e+00
-2.135789458739786539e+01 -2.105236504048585999e+01 -2.073255605755297992e+01 -2.138002372947183716e+01 -2.148304085260566509e+01 -2.163485078804857764e+01 -2.101654807652224477e+01 -2.118948240404351679e+01 -2.053058128574140895e+01 -2.157031115128248544e+01 -2.089293728430484265e+01 -2.117555663523410914e+01 -2.180499695725490383e+01 -2.138961821191797341e+01 -1.979155363091003039e+01 -1.959343789963818949e+01 -2.018711718332871285e+01 -1.964571636067728377e+01 -1.967983510964814897e+01 -1.955098735071151950e+01 -1.811550311608658603e+01 -1.860099103710800961e+01 -1.861401294676834794e+01 -1.849956157797842593e+01 -1.845446108187800860e+01 -1.843560352996620111e+01 -1.837936619218719159e+01 -1.825433135546897745e+01 -1.803902630629011838e+01 -1.783628699858792999e+01 -1.752540969353433908e+01 -1.775742622053349962e+01 -1.808589231404605613e+01 -1.823453989339851233e+01 -1.718028905587965482e+01 -1.752645262527443037e+01 -1.730437976426856039e+01 -1.743418504027871663e+01 -1.738527471294458948e+01 -1.770006475919056044e+01 -1.734201824489137067e+01 -1.718846786060588627e+01 -1.772622799893997581e+01 -1.664455525399174363e+01 -1.813115365829477454e+01 -1.735086433530870309e+01 -1.717787508871522206e+01 -1.758374874351048334e+01 -1.767577206186704686e+01 -1.727415290168652362e+01 -1.709528909013641496e+01 -1.723014295142426278e+01 -1.685753332797622051e+01 -1.721991073237064995e+01 -1.732353028605125900e+01 -1.746226958704527021e+01 -1.686891154541276094e+01 -1.695196970778240697e+01 -1.673758296283281410e+01 -1.722992921327266913e+01 -1.721847448352075460e+01 -1.694797004926328654e+01 -1.692689944896011411e+01 -1.688445294304057143e+01 -1.675765669241260269e+01 -1.684320694261154472e+01 -1.642419383382266673e+01 -1.480048786506367620e+01 -1.435192122750227739e+01 -1.377869618622182912e+01 -1.476435373577953669e+01 -1.410070244404332485e+01 -1.459067213368502891e+01 -1.364491294973488422e+01 -1.349158001318046907e+01 -1.416119200439830372e+01 -1.371512889411744496e+01 -1.376669954384557037e+01 -1.380739551325857306e+01 -1.378573191422650801e+01 -1.373502319698883056e+01 -1.370099765796270042e+01 -1.366265503276274984e+01 -1.348764370509972821e+01 -1.304964077558785007e+01 -1.254606287074490290e+01 -1.480419411843636723e+01 -1.230985880439267000e+01 -1.159989974433557869e+01 -1.109019201152355016e+01 -1.110873178739118750e+01 -1.048617823708963215e+01 -1.151589830945451531e+01 -1.184145008886340911e+01 -1.127690196308927817e+01 -1.170357050288799705e+01 -1.135714451290334814e+01 -1.151786513452513105e+01 -1.104441531458646253e+01 -1.039931822903774083e+01
-2.089850904061037795e+01 -2.083515160846552661e+01 -2.155332482476377010e+01 -1.979152906151024638e+01 -2.077447273235366154e+01 -2.060044551107390731e+01 -2.146265835014763113e+01 -2.136741595469308663e+01 -2.027751219990626552e+01 -1.990171573215179635e+01 -2.005555650364724229e+01 -2.147545480120630401e+01 -2.089865461160918159e+01 -2.074390002310915548e+01 -2.145535031378903312e+01 -2.102730503614153790e+01 -1.989874435056122692e+01 -2.054844290669986506e+01 -2.128987885101147626e+01 -2.062090676153926694e+01 -1.762553001953870790e+01 -1.753595908366899536e+01 -1.701729198303351609e+01 -2.009941035070808013e+01 -1.610327784012842045e+01 -1.652695871020391039e+01 -1.623215205728422816e+01 -1.599225573404791589e+01 -1.720528614330169503e+01 -1.606036803973179161e+01 -1.539130882962131430e+01 -1.481587940829541594e+01 -1.266752482951703840e+01 -1.219436603075839187e+01 -1.222951305336611050e+01 -1.238060362656127467e+01 -1.264988204894765644e+01 -1.228970269970955620e+01 -1.250109242558035305e+01 -1.225091631933544889e+01 -1.243440452763923965e+01 -1.216060358789940565e+01 -1.232260750898753621e+01 -1.275747861234787095e+01 -1.271570432875762613e+01 -1.234763469331219277e+01 -1.234343597800197578e+01 -1.226797279937127882e+01 -1.153225544744387143e+01 -1.022678501668732309e+01 -1.188517555671701054e+01 -9.872015069327684245e+00 -9.968798699315943423e+00 -9.762538165665560541e+00 -1.004404178977187989e+01 -9.892693434631055993e+00 -9.762405838189657459e+00 -9.674931019278925959e+00 -9.420861051011250709e+00 -9.389883279319985121e+00 -9.446709051121057854e+00 -9.272723292284478447e+00 -9.530856146228888548e+00 -9.194761163127536108e+00 -9.138125467892290743e+00 -9.432158198616040323e+00 -9.575392676290071847e+00 -8.967791244588608990e+00 -8.837259304273187510e+00 -1.000456023141530970e+01 -1.028383444470578745e+01 -9.826762603433165211e+00 -6.566658170856545240e+00 -4.347321247988997328e+00 -5.246708244309253644e+00 -6.681736763556351377e+00 -6.352519011348654487e+00 -3.826127649718696677e+00 -4.053699734531864607e+00 -3.709078354370760611e+00 -4.963658788488000795e+00 -4.340723572239557626e+00 -3.601836951757516392e+00 -3.735537616996435606e+00 -3.673379458049428781e+00 -3.565751817989593508e+00 -3.257364913926779071e+00 -3.722249196641506774e+00 -3.534754730388183663e+00 -3.623429078029307693e+00 -3.385211130160357573e+00 -3.440105104760722288e+00 -3.480486594272953926e+00 -3.479237178393738805e+00 -3.470003466981680607e+00 -3.415755656618362668e+00 -3.460305822752012705e+00 -3.473650556394844546e+00 -3.531511362545437738e+00 -3.459463561599591674e+00
-2.024414443130981667e+01 -2.166376414434607156e+01 -2.104375783756450602e+01 -2.085933681973874698e+01 -2.148212883261560435e+01 -2.033368838778812560e+01 -2.144150146020493963e+01 -2.181616166586728056e+01 -2.079719097339487988e+01 -2.154724848469435372e+01 -2.129621127963056537e+01 -2.107114897350306038e+01 -2.116181614261297739e+01 -2.136025113254951080e+01 -2.087628004957089090e+01 -2.132622903659746427e+01 -2.056085587175324747e+01 -2.147282233610996016e+01 -2.056177061000631667e+01 -2.134940894039998227e+01 -2.143056757425958736e+01 -2.024819899377629540e+01 -2.015476544252457458e+01 -2.068942249354973129e+01 -2.068657688826337804e+01 -2.141118754872763219e+01 -2.089728899114747307e+01 -2.048641939622541130e+01 -2.041631278733835586e+01 -2.135632041338337217e+01 -2.114209228682392450e+01 -2.006337241839893082e+01 -2.057833828572437795e+01 -1.846319291149582398e+01 -1.706605064891676093e+01 -1.724012337589149624e+01 -1.647966314584274983e+01 -1.621203875138980521e+01 -1.715132429066007447e+01 -1.614266966954438232e+01 -1.685298142750788131e+01 -1.648974935428480393e+01 -1.690721407902522699e+01 -1.656243185141091345e+01 -1.617540077001616794e+01 -1.679294335986555708e+01 -1.618118557328086737e+01 -1.718190806779428215e+01 -1.648710461258556137e+01 -1.667124449244693096e+01 -1.619619421396863501e+01 -1.628315896132657770e+01 -1.980184068716889456e+01 -1.548734562387054936e+01 -1.652086390976567287e+01 -1.440970316203599921e+01 -1.452060186253432583e+01 -1.429908039864278813e+01 -1.521161658466550293e+01 -1.401565610673396023e+01 -1.582294470681359932e+01 -1.417400806565060734e+01 -1.394664098310976996e+01 -1.353104518927664657e+01 -1.713895304866178648e+01 -1.124291756167463596e+01 -7.760862238283715797e+00 -8.810634025909601874e+00 -7.471334672593229698e+00 -9.227644963622942953e+00 -8.284476033423379349e+00 -8.145130534210473172e+00 -8.476220837901815131e+00 -8.152657376626226693e+00 -8.219367062425165571e+00 -8.326334821183412060e+00 -8.246419563252011642e+00 -8.264939170428945658e+00 -8.242972925599016065e+00 -8.244146748846295836e+00 -8.232756041063609587e+00 -8.212801306382335298e+00 -8.226838821334741425e+00 -8.235481499187011778e+00 -8.293088288267405517e+00 -8.160517585442498500e+00 -8.375896046623083180e+00 -7.925579891703781854e+00 -8.388790047882679346e+00 -8.279887941291404374e+00 -8.138707369422945703e+00 -8.170631662994045641e+00 -7.968754172621682841e+00 -9.017126611730706287e+00 -1.353849791407599490e+01 -8.238108599497767415e+00 -7.533800301435103819e+00 -8.095422896150463288e+00 -8.316441422130736782e+00 -7.593289281849358474e+00
-2.145387939277821587e+01 -2.095476718792374626e+01 -2.145923554197628391e+01 -2.190275023751814132e+01 -2.047343616406056910e+01 -2.174360881708161131e+01 -1.960009751924719268e+01 -2.121101975739678025e+01 -2.128264357346495927e+01 -1.990667695190250086e+01 -1.929406002318031810e+01 -2.101901041039020512e+01 -2.075707814460941947e+01 -2.123418270025442212e+01 -1.910262103714515192e+01 -2.132203926438275943e+01 -2.101771634582915738e+01 -2.045495255213365837e+01 -1.570810372958427514e+01 -1.479343389694758670e+01 -1.429758284772814925e+01 -1.596232732477436578e+01 -1.330077280988794008e+01 -1.335910501175248655e+01 -1.323500400795072274e+01 -1.310668031334652817e+01 -1.209135459264653889e+01 -1.241525376403136605e+01 -1.216383649042633053e+01 -1.261629167792022344e+01 -1.353214778674336216e+01 -1.083286964187176871e+01 -1.221425430338080353e+01 -1.203284327764073147e+01 -1.057212750115393618e+01 -1.227256401351232107e+01 -1.217584257257719216e+01 -9.163762326801402125e+00 -8.618928218404800390e+00 -8.642978083108628695e+00 -8.584081033371434799e+00 -8.621427157077970804e+00 -8.587213986209597749e+00 -8.518426464969106604e+00 -7.888594344481813181e+00 -8.580752030711627398e+00 -8.439396756864843141e+00 -8.500133645616459788e+00 -8.571025508215877053e+00 -8.556369658915539134e+00 -8.618098717605485959e+00 -8.480977771238295659e+00 -8.437264789501156770e+00 -8.419907052184793628e+00 -8.272688169741279296e+00 -7.482278066070357170e+00 -1.241358212173572362e+01 -7.112440440329383051e+00 -6.915638303306209878e+00 -6.411250721337104608e+00 -9.823492407250490999e+00 -5.908002565538730266e+00 -6.511302015914008479e+00 -5.991954455473788244e+00 -5.963597412943144604e+00 -6.067444219489868118e+00 -6.276484161847388776e+00 -6.228888486354772880e+00 -6.168923084691012804e+00 -6.169981838549347231e+00 -6.232974122027087560e+00 -6.210424039849169020e+00 -6.215774635957419747e+00 -6.241366714329522836e+00 -6.191182373096577152e+00 -6.193941318673637397e+00 -6.222380782415232403e+00 -6.210211469773536663e+00 -6.254104446935510708e+00 -6.227529792270036779e+00 -6.190953406490169897e+00 -6.184195427372035425e+00 -6.184072665332905672e+00 -6.187812088534705879e+00 -6.246583490712197317e+00 -6.158118570303276584e+00 -6.178881301949875393e+00 -6.140935660315683720e+00 -6.253685881587934148e+00 -6.125914687695878769e+00 -6.143573428027973904e+00 -6.579558398668446273e+00 -7.102051864395201974e+00 -5.624688927637972569e+00 -5.804138859275422391e+00 -6.062271091940218071e+00 -5.948428940261891285e+00 -5.934036148285226631e+00 -5.938454394715712681e+00 -5.863853564392432105e+00
-2.123793233495207033e+01 -2.022456538321325681e+01 -2.122324484663752031e+01 -2.101504791093539737e+01 -2.141366977952872830e+01 -2.081122218541501567e+01 -2.158879658741312824e+01 -1.956003932453576866e+01 -1.995923766719822723e+01 -2.034107780449513214e+01 -2.031768444252577055e+01 -1.935580733118906593e+01 -2.103096880116296674e+01 -2.043575206418127621e+01 -2.157031115128248544e+01 -1.902772202032647186e+01 -2.135754491196106741e+01 -2.077760867188190375e+01 -1.971075235894273803e+01 -1.904477987361043390e+01 -2.135739897087891137e+01 -1.881707014473920836e+01 -2.148942966499544838e+01 -2.142670480352406415e+01 -2.017674273819592301e+01 -1.947152394210236181e+01 -1.781503336437216589e+01 -1.799556740299536273e+01 -1.788107141548065471e+01 -1.789240335119245273e+01 -1.816704752999567418e+01 -1.792395742658546709e+01 -1.791687009044572676e+01 -1.789358855111849778e+01 -1.765271687434323766e+01 -1.908550044288364589e+01 -1.791965967796244641e+01 -1.789089128258677519e+01 -1.785386732514423969e+01 -1.778721834950228242e+01 -1.783015247337553078e+01 -1.784186729755670342e+01 -1.786546841410739361e+01 -1.782433661228329314e+01 -1.790591019463271039e+01 -1.767938560222119548e+01 -1.776798511860920371e+01 -1.787258215284876073e+01 -1.792619216282480465e+01 -1.780815147057955272e+01 -1.781539405651211183e+01 -1.785971553885850938e+01 -1.778925488057356219e+01 -1.787553689015548741e+01 -1.780761249218558717e+01 -1.785823627245023459e+01 -1.778786667497092822e+01 -1.783674484149073436e+01 -1.781133182255734937e+01 -1.763354682599378620e+01 -1.717419469552416800e+01 -1.854114945122655200e+01 -1.813082045940798537e+01 -1.713662505534586700e+01 -1.757345467214116397e+01 -1.741364516070777313e+01 -1.713492895945374173e+01 -1.757258598277893924e+01 -1.694549305184241916e+01 -1.565086255174251129e+01 -1.508623259251315751e+01 -1.426337964247234602e+01 -1.538017475273940704e+01 -1.443557802866904183e+01 -1.468656243929947891e+01 -1.420411671433580558e+01 -1.260497314417577641e+01 -1.131313504963577543e+01 -1.117403560984283928e+01 -1.150966725473659302e+01 -1.176140672626597095e+01 -1.213444014082049272e+01 -1.058997727792345600e+01 -1.167871719841223666e+01 -1.106732057205639386e+01 -1.102022194450734460e+01 -1.139260736467004165e+01 -1.085626420895448696e+01 -1.026560474589798844e+01 -9.054457282585984146e+00 -9.074818179212439162e+00 -9.676972411257493079e+00 -1.116712846751692645e+01 -8.226219726330642246e+00 -9.027099077125122051e+00 -7.821595564740482232e+00 -7.180598556629211870e+00 -8.340600507753771709e+00 -8.009980605916297236e+00 -6.457496645233696597e+00
-2.130118406581060242e+01 -2.009157503326158434e+01 -2.041363533189498014e+01 -2.114224462469545074e+01 -2.074670206282477025e+01 -1.940270457509732793e+01 -2.070539626603929051e+01 -2.152730673944817141e+01 -2.062551532335193727e+01 -1.838407441436202916e+01 -2.073995999464013451e+01 -1.919940838437246811e+01 -2.106687780927161313e+01 -1.973428096461144321e+01 -1.939247253678713534e+01 -2.102835559093597695e+01 -2.101965864470874124e+01 -2.111288550637763706e+01 -1.592008182507983349e+01 -1.558548286990862763e+01 -1.382223455650325050e+01 -1.357581857266917780e+01 -1.312016058454223710e+01 -1.420132088596387199e+01 -1.726137090276269603e+01 -1.229784581002880017e+01 -1.204464215725033682e+01 -1.191423803452423158e+01 -1.388996175630264496e+01 -1.222009572270608047e+01 -1.083686814027332090e+01 -1.133588104466796764e+01 -1.093355614028651956e+01 -1.114413750536762571e+01 -1.104540145375625038e+01 -1.116463607458389440e+01 -1.108970120688418426e+01 -1.102108655972298479e+01 -1.063839215441760189e+01 -1.345968486419855381e+01 -1.560551853981780290e+01 -1.073537125604339693e+01 -1.101140460241179753e+01 -1.047611487239836237e+01 -1.141911980876474608e+01 -1.031333224154548134e+01 -1.073024806921248775e+01 -9.923825219569044620e+00 -9.425060928703928198e+00 -8.182350755375095375e+00 -8.519068582578718463e+00 -7.959349626298527269e+00 -8.896682778528582247e+00 -7.281434089955434175e+00 -5.077193919110026599e+00 -6.651337841410271068e+00 -6.378498281604247921e+00 -5.392446158248343835e+00 -7.092112697164552060e+00 -6.789731475272162697e+00 -6.845492141305797418e+00 -6.980324480152333422e+00 -6.622879591240433683e+00 -5.554770581176715183e+00 -7.028963546806467733e+00 -5.633655110220306739e+00 -7.062267366335790442e+00 -6.807788280527011793e+00 -4.885490031645620235e+00 -5.088915523945061636e+00 -5.581162611616996116e+00 -4.991144837182599048e+00 -4.988225417193881128e+00 -5.016058086901544755e+00 -5.045220012545073018e+00 -5.018358552915120896e+00 -4.878327134686497146e+00 -4.268221125217145584e+00 -3.964280214218018461e+00 -4.228802294327618227e+00 -4.039253847929479946e+00 -3.977980051513210658e+00 -3.896990043835160566e+00 -3.770055717938639805e+00 -3.640075384439569905e+00 -4.118975364164651154e+00 -3.770961737460983176e+00 -3.812677972501401502e+00 -3.778242638598709124e+00 -3.770649606025287870e+00 -3.754311318178892964e+00 -3.740754099967194879e+00 -3.799787744006103640e+00 -3.797142522297367595e+00 -3.808664718984691167e+00 -3.813061964985792418e+00 -3.811944516491337698e+00 -3.823326486304570171e+00 -3.820193145158871761e+00 -3.831365589787790515e+00
-2.083051954611570622e+01 -2.137679030100557753e+01 -2.167617145926341493e+01 -2.084360932053504101e+01 -2.159483584344426177e+01 -2.098618561516477143e+01 -2.164248719937314647e+01 -2.048498300867233723e+01 -2.156725051508687940e+01 -1.993556458958003219e+01 -2.092950122932871793e+01 -2.163364163095830506e+01 -2.157886011941246807e+01 -2.090093699936478089e+01 -2.055294304524994331e+01 -2.048698246139466761e+01 -2.125045641517298733e+01 -2.054125920129757787e+01 -2.182515647183630136e+01 -2.110857257322173908e+01 -2.036863221069833685e+01 -2.068658174527613269e+01 -2.157314391197859749e+01 -2.099011042338243627e+01 -2.165357689367480631e+01 -1.996606561158213466e+01 -2.038530039818342843e+01 -2.021184873495174728e+01 -2.155191588327778263e+01 -2.030199879632326088e+01 -2.058837604814236144e+01 -1.990915946220750143e+01 -2.121073020339737170e+01 -1.903350946963451307e+01 -1.958202614368977024e+01 -1.794448916272557781e+01 -1.502582399879345409e+01 -1.521836018020065850e+01 -1.520562571848450872e+01 -1.500413565669687266e+01 -1.514439650863335274e+01 -1.528708310126476633e+01 -1.444998677039054691e+01 -1.608678495551255594e+01 -1.608492150407605337e+01 -1.311306466751180011e+01 -1.340448986406797793e+01 -1.161483135214121987e+01 -1.125020143711185838e+01 -1.741703562561023944e+01 -1.345883845996970507e+01 -1.188530811352800143e+01 -1.050567201809100482e+01 -1.044865696227015484e+01 -1.256409940001929293e+01 -1.419338541117235408e+01 -1.320761846243842186e+01 -1.117949801218992789e+01 -1.318468609645817935e+01 -9.558589497657418832e+00 -1.219329694443771750e+01 -1.039437687542942967e+01 -1.146701422552613003e+01 -1.142793840358384472e+01 -1.151602956232053465e+01 -1.126456255223745551e+01 -1.150990840909930668e+01 -1.123946333686371446e+01 -1.136768050401077623e+01 -1.132006016510125157e+01 -1.133619525630665770e+01 -1.114449828953366506e+01 -6.608223389049619811e+00 -1.020439635671887757e+01 -6.157169101135114175e+00 -4.545047994998814289e+00 -5.773408676017176333e+00 -5.917128398508197051e+00 -4.731486867937839236e+00 -4.519957261455719078e+00 -7.918726650018685476e+00 -3.679126113117945795e+00 -5.529637280584779546e+00 -5.696472200737542124e+00 -8.436937205745849155e+00 -4.232367099609703587e+00 -4.068235028835093914e+00 -4.109301107628510863e+00 -4.061460505470250837e+00 -4.003076608174200857e+00 -3.948099478786776917e+00 -3.884112531486995312e+00 -3.857467408905741468e+00 -3.818381952450025540e+00 -2.705492993945086244e+00 -4.863136504939252092e+00 -3.534928990197944376e+00 -3.595619807993664541e+00 -3.472808037312866691e+00 -3.362457368656610601e+00
-2.154948322999787536e+01 -2.043447805266375283e+01 -2.121779045733170221e+01 -2.186985381221139946e+01 -1.471368421500060286e+01 -2.133632009041772903e+01 -2.139204629967350613e+01 -2.156276515523314785e+01 -2.061655842882684198e+01 -1.492438076815528802e+01 -2.121180086728013592e+01 -1.994273936761870303e+01 -1.862789072058149387e+01 -2.018459333269479927e+01 -1.562809985271455915e+01 -1.914825103859854849e+01 -2.014522463426720833e+01 -1.917090287086731948e+01 -1.708034634903476956e+01 -1.655472654921568321e+01 -1.729004454168644145e+01 -1.060167599564512209e+01 -2.108252351307354999e+01 -2.063906892268526505e+01 -1.814443978786949785e+01 -1.389973272626157375e+01 -1.082749208097516025e+01 -1.086583421708227526e+01 -1.062898546106232267e+01 -1.099449578199881472e+01 -1.047386056983814484e+01 -1.104493293806771348e+01 -1.078400254390812663e+01 -1.061467807984380407e+01 -9.772518579130235139e+00 -9.897939743262355705e+00 -9.620590404937889417e+00 -9.814910071548091253e+00 -9.573229079715897427e+00 -9.480285698469614886e+00 -8.041200910273687441e+00 -2.700942158497916967e+00 -5.250986122198000317e+00 -5.637500680014920107e+00 -5.449695181071703587e+00 -3.316163436252953733e+00 -7.317176408240300134e+00 -7.534202695621781132e+00 -8.350579189653299039e+00 -6.409949369951686293e+00 -4.270017805311621117e+00 -2.189291180981559837e+00 -3.724862157574446275e+00 -3.085643778542106919e+00 -2.847092115156162340e+00 -2.892781993090697501e+00 -2.780607844329353373e+00 -2.668645993659755522e+00 -2.512303540990146633e+00 -3.257507632032542677e+00 -3.360928177030594544e+00 -2.762477135046783605e+00 -3.081908187738751526e+00 -2.556581405665465656e+00 -2.745065566158821913e+00 -2.809384108394639146e+00 -3.001273195651926518e+00 -2.714600802826357739e+00 -2.748149416508738785e+00 -2.974452351833953845e+00 -2.691439292468598143e+00 -2.797737015374068381e+00 -2.799001730990810177e+00 -2.771381538532012190e+00 -2.656478404297555773e+00 -2.626120460092061126e+00 -2.674248085196574198e+00 -4.772022332633429897e+00 -3.476162867670666845e+00 -3.812176715411812911e+00 -5.655306526068432760e+00 -2.986035701775272333e+00 -2.832582070823058462e+00 -2.744427330226109962e+00 -2.703290626860593182e+00 -1.663192865224655481e+00 -3.636033961495961808e+00 -1.762957862210776216e+00 -4.155982174989077294e+00 -1.690339083832512745e+00 -3.102723708751075282e+00 -2.026360231051814953e+00 -2.576668043408706144e+00 -1.757837838028507793e+00 -2.014828435076772895e+00 -2.142755284912656766e+00 -2.160495511794569001e+00 -2.158675159467950966e+00 -2.155727890250173306e+00 -2.154370219239873041e+00
-2.056814618105392611e+01 -2.132948108394711539e+01 -2.078647781857877419e+01 -2.115576047093576406e+01 -2.133874255490403016e+01 -2.164792548191043409e+01 -2.096103369602761646e+01 -2.072647284857023209e+01 -2.075794866682933204e+01 -2.021935192853703356e+01 -2.118839324534613056e+01 -2.076583990971456117e+01 -2.117648474217480370e+01 -2.059710868428158292e+01 -2.078562206619612596e+01 -1.954359356995326991e+01 -1.931370454581404772e+01 -1.956271745418525043e+01 -1.938693356931237588e+01 -1.936037478743689277e+01 -2.015315786827627775e+01 -1.993031455121300155e+01 -1.911839890588573354e+01 -1.879325120121272263e+01 -1.888122049427042626e+01 -1.911842174603988198e+01 -1.932331993164889994e+01 -1.907054694142163953e+01 -1.899169833121265683e+01 -1.894704733473016844e+01 -1.887433159680302808e+01 -1.895574775422834080e+01 -1.927851650067733402e+01 -1.941876084472899322e+01 -1.890882245030394770e+01 -1.887701414067844397e+01 -1.836749677860166940e+01 -1.920034678726831956e+01 -1.973833714291371777e+01 -1.863521343999368085e+01 -1.903569991520914684e+01 -1.894692217106406673e+01 -1.894862273936388775e+01 -1.889559970624280183e+01 -1.849272783918478424e+01 -1.877995481624967766e+01 -1.892134287243890256e+01 -1.891020428939733833e+01 -1.913611782088082691e+01 -1.871484566485290202e+01 -1.889414988553066621e+01 -1.887433281471088264e+01 -1.879555413502593098e+01 -1.861661667133842712e+01 -1.887517332583081142e+01 -1.892151974124417180e+01 -1.844815286685390632e+01 -1.869001070103226780e+01 -1.927416153101996343e+01 -1.889153385120577511e+01 -1.898763074887021673e+01 -1.892911028779921878e+01 -1.907034264370533094e+01 -1.889019624751219695e+01 -1.887124323728304987e+01 -1.875016433154897655e+01 -1.883490057100265958e+01 -1.895109687633868845e+01 -1.888461910345463224e+01 -1.894744352964539047e+01 -1.890904411948909214e+01 -1.894226823472940779e+01 -1.893217590203493828e+01 -1.892913201228439135e+01 -1.893041750703566350e+01 -1.895005216399759007e+01 -1.891622736184519837e+01 -1.895546576642594161e+01 -1.893129905744169150e+01 -1.894987053511770014e+01 -1.893956193721790981e+01 -1.894709840950497082e+01 -1.895542532235357669e+01 -1.893147826662978517e+01 -1.895359670419595588e+01 -1.894122026066327180e+01 -1.895200952697821251e+01 -1.895176272403157824e+01 -1.895239094985998562e+01 -1.894146550634161130e+01 -1.895536841028974706e+01 -1.895494184040340713e+01 -1.895168285779389450e+01 -1.895471902386780982e+01 -1.894675326654099479e+01 -1.896496930324003571e+01 -1.895369628092361225e+01 -1.895703019775086773e+01 -1.895410932683616423e+01 -1.896265529739328315e+01
-2.152866951376123694e+01 -2.129033037136097306e+01 -2.074696862127178676e+01 -2.088642456130040514e+01 -2.126465341999165659e+01 -2.168094911557978932e+01 -2.130061742792181434e+01 -2.126558737702096380e+01 -2.133209778540744139e+01 -2.100884766034504736e+01 -2.055372423543808580e+01 -2.025718043444559413e+01 -2.174188509573214745e+01 -2.185507301645979084e+01 -2.032698172437745043e+01 -2.094350723533785441e+01 -2.138132266552830529e+01 -2.105829891666595799e+01 -2.160424188454414818e+01 -2.012866603130034093e+01 -2.031984017448007407e+01 -2.104605805610691149e+01 -2.129333485196200115e+01 -2.094906103172987599e+01 -2.058844547408365244e+01 -2.012016083786671317e+01 -2.072545487436752509e+01 -1.997540043368064033e+01 -1.760702869426493322e+01 -1.680640613510973580e+01 -1.586840182634387020e+01 -1.488781310266448088e+01 -1.689400927498141058e+01 -1.441369671112889250e+01 -1.621010868746468958e+01 -1.384438821769584216e+01 -1.266384254337003057e+01 -1.251207768282589683e+01 -1.236912938886860047e+01 -1.212337261344567274e+01 -1.254840357462921219e+01 -1.246430133083523017e+01 -1.224537299594200235e+01 -1.178927324905254714e+01 -1.173973073841765213e+01 -1.198275314624442522e+01 -1.198987689047578087e+01 -1.142584993395389859e+01 -1.295770495372498843e+01 -1.139822844111825084e+01 -1.148196040645158789e+01 -1.028585680882417996e+01 -1.093230274238622357e+01 -1.195037900695106003e+01 -9.048703704791202895e+00 -1.072094450180067682e+01 -9.234315529005478140e+00 -8.880028338939533583e+00 -8.711422381746123378e+00 -8.116921706498263944e+00 -6.083613335762908747e+00 -1.094035507458525025e+01 -7.020391255432821609e+00 -4.911061733860869083e+00 -5.946178512803285798e+00 -4.763709244250147634e+00 -6.176928732937170707e+00 -3.187205254848791913e+00 -6.360372166973348840e+00 -4.517238107644455880e+00 -2.446062427141836526e+00 -4.041076390379352290e+00 -3.604203501950643318e+00 -2.741969909654255577e+00 -3.296560205213126427e+00 -3.195536610586668491e+00 -3.213128638927724712e+00 -3.187843398003245898e+00 -3.164429522002791817e+00 -3.141888773871138074e+00 -3.122099088276908407e+00 -3.107628743035036667e+00 -3.096191848023899684e+00 -3.110420518109279886e+00 -3.140074855251424157e+00 -3.136228202028036538e+00 -3.148475741252060534e+00 -3.153636485134111656e+00 -3.125850459727868458e+00 -3.130896978113398621e+00 -3.135799275123563934e+00 -3.113049139873929949e+00 -3.104225265600249362e+00 -3.093918373469574323e+00 -3.089844501389042097e+00 -3.092424816015104216e+00 -3.071614952739168292e+00 -3.076276839635106786e+00 -3.059193471280750476e+00 -3.043207199038761690e+00
-2.149699934516020861e+01 -1.984941550421235235e+01 -2.142144405544913965e+01 -2.101571186757047371e+01 -2.088886343947291024e+01 -2.097258902180691820e+01 -2.145749864533946649e+01 -2.187848062272109573e+01 -2.106894152466078296e+01 -2.011068730631519585e+01 -1.934685545799551676e+01 -2.144054255986470636e+01 -2.062442833344444892e+01 -2.185775267831863999e+01 -2.159903329870823896e+01 -2.129292193496448959e+01 -1.882297782139904641e+01 -2.174609141305249338e+01 -2.044707746988285990e+01 -2.059282439476361048e+01 -1.758072232035139493e+01 -1.721471648341067961e+01 -1.786614343352914958e+01 -1.764151262879632753e+01 -1.743484675673170159e+01 -1.781511201159590740e+01 -1.673914499149054436e+01 -1.689767436168764903e+01 -1.796498817486270383e+01 -1.711097905026735688e+01 -1.706905525368307508e+01 -1.719110527916799924e+01 -1.684372470655382514e+01 -1.776489611110440592e+01 -1.659291479249560552e+01 -1.694487020180697101e+01 -1.677624706118113451e+01 -1.772944513586768878e+01 -1.639997927078971074e+01 -1.628608878352930489e+01 -1.629908833991541783e+01 -1.612170170341674691e+01 -1.605588316358848644e+01 -1.577872843434647621e+01 -1.694886469736559320e+01 -1.536583969185178056e+01 -1.441090648854401302e+01 -1.323743462414250871e+01 -1.201556632784358492e+01 -1.037800732438917883e+01 -9.673202124715393424e+00 -9.361314489441216580e+00 -1.014461066275769596e+01 -1.030292035368498027e+01 -9.454009371756344038e+00 -9.863806262758551213e+00 -9.367794534191970612e+00 -9.974325904328392056e+00 -9.428397020326199751e+00 -1.533547177158672703e+01 -6.799525287997321144e+00 -8.395583613067678641e+00 -6.544080531070470386e+00 -8.171047422326866538e+00 -5.779366190470792475e+00 -5.921998252686801578e+00 -6.015960778689954935e+00 -5.851809420669859207e+00 -5.801542875736988236e+00 -5.610553807995980691e+00 -4.945142724768817999e+00 -6.309449746558840388e+00 -6.574980435666464729e+00 -8.346062465224720839e+00 -4.789870123849645722e+00 -1.027047668889479048e+01 -8.420102043891622756e+00 -4.799828936062841223e+00 -4.559239705080230465e+00 -4.619342273074316552e+00 -4.622348088350033635e+00 -4.575372778287377429e+00 -4.571930848650545443e+00 -4.525664482176509296e+00 -4.493288771357569544e+00 -4.323772918129687781e+00 -4.302301353833396291e+00 -4.696177731662341870e+00 -4.249001583876246713e+00 -4.283017448782853620e+00 -4.237372022233021340e+00 -4.049244067423103388e+00 -3.735633208935273064e+00 -3.984047713041100724e+00 -3.855169728409901797e+00 -3.971501340361506482e+00 -3.928079659779463828e+00 -3.931925849605740542e+00 -3.929355873295520940e+00 -3.928034342468361917e+00
-2.158890449769708653e+01 -2.124198894775127755e+01 -2.163565802150797168e+01 -2.081024287074346546e+01 -2.136721675328822201e+01 -2.108234012867394824e+01 -2.105360487589051033e+01 -2.152784766637494940e+01 -2.157199104605245310e+01 -2.050544241093853159e+01 -2.054546177430662013e+01 -2.124773726165043186e+01 -2.133611315878105685e+01 -2.083941487010443083e+01 -2.152053855104540858e+01 -2.172812884221757201e+01 -2.075516187430653048e+01 -2.097582269585807069e+01 -2.029251533187559176e+01 -2.106474340115535426e+01 -2.054486135193181084e+01 -2.156313511164949048e+01 -2.158749039084086974e+01 -2.121635012277307908e+01 -2.147455248755004220e+01 -2.136705792955407901e+01 -1.909721477895564234e+01 -1.821269468922747947e+01 -1.880456825893802275e+01 -1.840256028089889639e+01 -1.877599704538082293e+01 -1.842643939344785409e+01 -1.859345903716555171e+01 -1.839899564431605228e+01 -1.880932100830193221e+01 -1.817701522366039057e+01 -1.757496431536546311e+01 -1.695134574534853655e+01 -1.592486180397613360e+01 -1.647437734282742383e+01 -1.643769938898365623e+01 -1.633390441331620124e+01 -1.587178433743429018e+01 -1.641457696690768486e+01 -1.636749092247716320e+01 -1.634341230786766985e+01 -1.643428605678070298e+01 -1.634547715675246593e+01 -1.622264831959336462e+01 -1.627402727901438695e+01 -1.595047762415437020e+01 -1.512357034097864528e+01 -1.379057902971108263e+01 -1.584697764291641953e+01 -1.291590697459229631e+01 -1.563861605046252912e+01 -1.399660509141327758e+01 -9.290018752756321163e+00 -1.092994477130344855e+01 -9.736696211956646252e+00 -9.637285471953559224e+00 -1.016347247381940910e+01 -9.848596724945862135e+00 -9.920323647910112896e+00 -9.283914216507898942e+00 -1.151071742643704177e+01 -7.830599791254170938e+00 -8.800899746750204145e+00 -8.688113804036044385e+00 -9.197670625084773732e+00 -9.402770726826171099e+00 -7.188712603661917555e+00 -6.185067723834965392e+00 -7.609571901214652101e+00 -4.711695745879335817e+00 -9.859045350548996112e+00 -5.366697896144483337e+00 -4.544710305233646608e+00 -5.600211184101361539e+00 -4.507867612713486238e+00 -4.713710942183592323e+00 -4.901271196982275313e+00 -5.103696515213030693e+00 -4.767097650038930823e+00 -4.937873918261313833e+00 -4.977935746175877085e+00 -4.839069681084840369e+00 -5.053500431139408278e+00 -4.822455954931381683e+00 -5.018172718501215712e+00 -4.901321048634333266e+00 -4.923750878446213619e+00 -4.934296049419778285e+00 -4.904803614013140134e+00 -4.740986311602060965e+00 -5.032369843018301481e+00 -4.777569565764295589e+00 -5.571169433481266253e+00 -1.182511056556017870e+01 -5.805368533815787657e+00
-2.051899192587165643e+01 -2.120007122885769490e+01 -2.170529180485474186e+01 -2.123970527159513466e+01 -2.194340199872942421e+01 -2.137817015718354341e+01 -2.095872677552769758e+01 -2.078844853730210929e+01 -2.127587588698010279e+01 -2.092938735742961853e+01 -2.070428186009460703e+01 -2.043478455679924721e+01 -2.096815138958939784e+01 -2.137859604253107904e+01 -2.060510539285012044e+01 -2.001929377776464847e+01 -2.052652170986482716e+01 -2.060917041990012422e+01 -1.866048742426666607e+01 -1.928617140201963664e+01 -1.862102855948883828e+01 -1.881710552775612655e+01 -1.897794911844411203e+01 -1.814518532829184849e+01 -1.677649290234251467e+01 -1.641853619919295326e+01 -1.538741192622346610e+01 -1.502401306704770789e+01 -1.482874768701471169e+01 -1.530711256455932201e+01 -1.531483907150780155e+01 -1.448134340469868420e+01 -1.396879040528155258e+01 -1.419417959898571624e+01 -1.386506273049490900e+01 -1.210314395867314374e+01 -9.572063642213484158e+00 -1.013799837328118691e+01 -1.005342144412300165e+01 -9.586284723061650581e+00 -9.982894238228592343e+00 -9.468849891761594861e+00 -1.101746532949700530e+01 -1.149129744402211806e+01 -9.622843336940240633e+00 -1.036839439996998280e+01 -8.328329328365052575e+00 -6.992202773673181326e+00 -7.585961147573396346e+00 -8.906855061267886953e+00 -1.114028001297926274e+01 -6.014820400292805402e+00 -8.247622976871499034e+00 -7.530151411730635402e+00 -7.955928796583913609e+00 -9.185221638494560636e+00 -4.977828929401692193e+00 -1.019936466064577729e+01 -8.857054595338544445e+00 -5.653300776273265882e+00 -4.545117239061571723e+00 -4.961740957847133870e+00 -4.894141360533840412e+00 -5.062942835012432141e+00 -4.705575772188677064e+00 -5.002663812025151202e+00 -4.796671484890818959e+00 -4.887562837127923387e+00 -4.828256547220981076e+00 -4.853100798053766596e+00 -4.812564447643985943e+00 -4.816276910662786293e+00 -4.823304655242466765e+00 -4.807992070478931623e+00 -4.827108702620463987e+00 -4.802479109062051776e+00 -4.816551729881744848e+00 -4.832518976499695640e+00 -4.838937621268421196e+00 -4.854523151532866621e+00 -4.860552174469123798e+00 -4.858441416807153246e+00 -4.845469980979089542e+00 -4.837719534060649806e+00 -4.831450188988693384e+00 -4.807307560922485123e+00 -4.791199082498096118e+00 -4.752159180859674592e+00 -4.709283959170971201e+00 -4.616871840906476621e+00 -4.429025817380139785e+00 -4.175657641151303778e+00 -3.754597538535751955e+00 -6.483356243773457095e+00 -5.650727110562794309e+00 -5.227521209544079284e+00 -3.778381634130142164e+00 -3.225466726332041123e+00 -3.476718234804196062e+00 -3.474566580287480111e+00
-2.153987346642422906e+01 -2.085249525712355023e+01 -2.142476810927713515e+01 -2.119249603798347792e+01 -2.062959049743189510e+01 -2.101871858109588587e+01 -2.173769843167277926e+01 -2.154406410087252866e+01 -1.999889463124691602e+01 -2.140052048154397468e+01 -2.125550811738220958e+01 -2.125416919023953355e+01 -2.151290563714243476e+01 -2.134267586757382773e+01 -2.107553999905890052e+01 -2.064071466412993772e+01 -1.969785412721621398e+01 -2.031004767346577822e+01 -1.994806965395512321e+01 -2.045321730834719531e+01 -2.148878562915844981e+01 -2.020923026656261712e+01 -2.080702403047932592e+01 -1.988474682975296659e+01 -2.021963766256430262e+01 -1.905329917618501412e+01 -1.852792669591666552e+01 -1.878729969372094644e+01 -1.817664198971420220e+01 -1.701722243341897922e+01 -1.680487833048924173e+01 -1.682286307482736021e+01 -1.652591292780988397e+01 -1.546250773787162380e+01 -1.617798863804795317e+01 -1.611679989640297350e+01 -1.608018222538779085e+01 -1.599844816540539583e+01 -1.590644573012848006e+01 -1.657119527578619866e+01 -1.536827115954487510e+01 -1.525898176407006446e+01 -1.822843190638989697e+01 -1.521053498218908295e+01 -1.482577355570506228e+01 -1.484748498113125414e+01 -1.436760360763024202e+01 -1.475085665382308520e+01 -1.457481021421805600e+01 -1.467776043847182876e+01 -1.473448122288874629e+01 -1.466897375713935503e+01 -1.443358374921199427e+01 -1.408820430603588925e+01 -1.565025100915656253e+01 -1.500909246514468975e+01 -1.159099329012325619e+01 -1.050159387882035666e+01 -1.037231211651378970e+01 -1.046145423777591610e+01 -1.048827455124134467e+01 -1.046352378857926091e+01 -1.052465044345368561e+01 -1.045578014257644739e+01 -1.053071340763608710e+01 -1.035704564512384174e+01 -1.014833171859901384e+01 -9.380012709143018768e+00 -1.097076490319671649e+01 -8.546758191240275693e+00 -7.104970566720858471e+00 -8.950528549170815751e+00 -6.123076171980009974e+00 -7.302200771378473121e+00 -7.112373981565518477e+00 -1.047602547656766347e+01 -6.375995225497810281e+00 -6.291028422869764825e+00 -6.393487616336319235e+00 -6.466865207712434227e+00 -6.342476263342632592e+00 -6.288424296456501139e+00 -5.465503038602612662e+00 -5.848143240224299433e+00 -6.223264289747486799e+00 -2.886195887102467328e+00 -4.914167196379050750e+00 -3.987096239545519172e+00 -4.481738797552893061e+00 -2.549232115012870725e+00 -3.964452460801656475e+00 -2.764555593550888535e+00 -3.067856494096368625e+00 -2.914696299616441610e+00 -2.932250451774951916e+00 -2.900546894452894708e+00 -2.786337652816183397e+00 -2.547235985624198396e+00 -2.154093475715356920e+00 -2.753941287826926487e+00
-2.147936039277851350e+01 -2.174235633975079551e+01 -2.158314595443959050e+01 -2.109492798100232491e+01 -2.020186859773130195e+01 -2.134290732645742850e+01 -2.047609292782752632e+01 -2.109333980956868260e+01 -1.989997466111773505e+01 -2.119784649295092649e+01 -2.147159705257113771e+01 -1.870771476454160975e+01 -2.018020040764349332e+01 -2.028694234301963917e+01 -1.935051964394213186e+01 -1.905675191456288786e+01 -1.939175625308157436e+01 -1.703830799469834645e+01 -1.719253579551766364e+01 -1.697575695456275113e+01 -1.764305210816835157e+01 -1.736595055309772917e+01 -1.818756899660542103e+01 -1.768325443675544051e+01 -1.442867228224925746e+01 -1.553260548107520655e+01 -1.542360222755759303e+01 -1.546118558717888547e+01 -1.524499411817278371e+01 -1.535019504219933495e+01 -1.539177364164122608e+01 -1.536062790596808014e+01 -1.528599155530872977e+01 -1.524357085180921345e+01 -1.527726465929613475e+01 -1.526864647325021274e+01 -1.516247095449288906e+01 -1.523773330028300066e+01 -1.501862413967529619e+01 -1.483203385828065812e+01 -1.419677772171998065e+01 -1.459119458879651887e+01 -1.594261208804093854e+01 -1.310446688255404446e+01 -1.116303844407723389e+01 -1.100115903015450414e+01 -1.125996671790569970e+01 -1.098425929935923406e+01 -1.096203979126277694e+01 -1.091267177683811340e+01 -1.089968978226116647e+01 -1.051206084975441790e+01 -8.465587015743286869e+00 -8.521149146423224963e+00 -7.829069163811151810e+00 -9.521490944068679241e+00 -6.913158933288423569e+00 -7.799925589671095949e+00 -5.002093904434115501e+00 -6.957559324214905416e+00 -5.907484049503423762e+00 -4.796654493801021601e+00 -4.893962207524349850e+00 -4.791399632780557027e+00 -4.862118994628655599e+00 -5.001748511434808364e+00 -4.803713072821427232e+00 -4.833690355180674914e+00 -4.847078338691126476e+00 -4.890361705653749169e+00 -4.854974648254902547e+00 -4.941013460455277340e+00 -4.780328240918848337e+00 -4.720670336132098299e+00 -5.215973450279417278e+00 -8.389111057873600785e+00 -5.570724097926611051e+00 -7.490400481434937419e+00 -4.388246950445253702e+00 -4.072452689407995763e+00 -6.070534087851051197e+00 -8.816843088227011904e+00 -3.844594665171243708e+00 -5.632234199375876216e+00 -2.743084277101708768e+00 -4.169439959218856018e+00 -2.956672348216987434e+00 -3.411212098843979579e+00 -2.857595824650396299e+00 -2.558350140154587837e+00 -1.718298630632756119e+00 -5.747016648210543366e+00 -3.924557604855913429e+00 -3.651999446844179875e+00 -1.960738932590509354e+00 -2.887427598030861464e+00 -2.479719109777108077e+00 -2.505943707462617187e+00 -2.457411791873174156e+00 -2.419994977344789522e+00
-2.035798004284972151e+01 -2.122481163616784627e+01 -2.127942308228575641e+01 -2.118613612616934105e+01 -2.159603644897621777e+01 -2.142070699927322153e+01 -2.075891656366759364e+01 -1.992257269213060411e+01 -1.997714922461417686e+01 -2.166673837603598685e+01 -2.155060941985152212e+01 -2.156474726954807508e+01 -1.950870283611899225e+01 -2.132168958240270129e+01 -2.081941468969424136e+01 -2.095717794535653056e+01 -2.057646407009570311e+01 -2.052452467292542693e+01 -1.947193622097423571e+01 -2.168096424802493871e+01 -2.008651589637798196e+01 -2.075945774389201048e+01 -2.021606838662803796e+01 -2.120396796896484659e+01 -1.853850654988438862e+01 -1.953291065771724178e+01 -1.909192830438174227e+01 -1.946574671277306123e+01 -1.942624170217072077e+01 -1.936517877460536496e+01 -1.954468097783655622e+01 -1.917000430014261170e+01 -1.872338239378675340e+01 -1.928171780437742555e+01 -1.911381738630985794e+01 -1.899537435267264129e+01 -1.906729182939590572e+01 -1.956886245948612313e+01 -1.903209465823427138e+01 -1.953660459586589582e+01 -1.878159219468550489e+01 -1.890902993638670182e+01 -1.974032182578032391e+01 -1.918702653399722280e+01 -1.932505128150937779e+01 -1.865089379616101795e+01 -1.922877970666210956e+01 -1.924117693253275618e+01 -1.886201701778765383e+01 -1.895156902834890289e+01 -1.911415686121143054e+01 -1.930786782093521126e+01 -1.863034041165613885e+01 -1.883058605732404445e+01 -1.852532268419281536e+01 -1.970349911850012248e+01 -1.888398269837035670e+01 -1.860457880375871298e+01 -1.914987773719259323e+01 -1.865235330239458733e+01 -1.872889542838400700e+01 -1.903811370870722897e+01 -1.869884718481808505e+01 -1.911275115706034811e+01 -1.884038537337782415e+01 -1.833109574986740142e+01 -1.887523440918693751e+01 -1.894510905551775437e+01 -1.902395624564523047e+01 -1.886724537172267091e+01 -1.899667145474402830e+01 -1.862923305127421969e+01 -1.931058956240333657e+01 -1.873697877415913382e+01 -1.862103067039099358e+01 -1.842925525634771944e+01 -1.887087510683587155e+01 -1.877026719918344000e+01 -1.874602280922641739e+01 -1.859287689009390476e+01 -1.819718857219467267e+01 -1.845845125668517639e+01 -1.898681738646702044e+01 -1.901873944536077587e+01 -1.861259725356989847e+01 -1.870064362296583838e+01 -1.870629748631206368e+01 -1.860408988764006111e+01 -1.818476099391462597e+01 -1.819695718767567172e+01 -1.922397359864566013e+01 -1.862737455834250255e+01 -1.854845297407779015e+01 -1.852814548013269658e+01 -1.897755148884101573e+01 -1.853307607196916251e+01 -1.837136251603388004e+01 -1.854692471206601923e+01 -1.890362316267002285e+01 -1.822831917638449539e+01
-2.144111428487633475e+01 -2.062030492479948407e+01 -2.076201149987483419e+01 -2.163744725573139149e+01 -2.104632314290642014e+01 -1.912995551847287956e+01 -2.174264523444926667e+01 -2.083056037334418420e+01 -2.055775511418025658e+01 -1.972285673708633880e+01 -2.157031115128248544e+01 -2.118087060328776872e+01 -1.942683885553391221e+01 -1.761612241445867966e+01 -1.926873127562637578e+01 -2.092944505648850040e+01 -2.177888686960397280e+01 -2.095464565510112109e+01 -1.932711500954382444e+01 -2.102008713526057804e+01 -1.993890397942644910e+01 -2.022999137752239207e+01 -2.055335733115629537e+01 -1.859515852137803194e+01 -1.952921587862737951e+01 -2.060515725546981258e+01 -1.093567403727265486e+01 -1.085383807422063107e+01 -1.123438352548271979e+01 -1.050415263524032738e+01 -1.404755951210091425e+01 -9.626007819057628367e+00 -1.198089742876648600e+01 -9.665561636338457774e+00 -9.942287975526255650e+00 -9.676550114256851742e+00 -1.015356989777679253e+01 -1.391677181404267927e+01 -9.147298553848346003e+00 -1.023781320511735338e+01 -8.579099385624594731e+00 -1.264860057343599742e+01 -6.534206578750296757e+00 -1.004572155376291498e+01 -4.647923303657982785e+00 -6.898995455606986127e+00 -4.106971410824474589e+00 -4.138821190987464149e+00 -4.160997419804115083e+00 -4.181687937222203999e+00 -4.049537378847862357e+00 -4.442796146603981811e+00 -5.143431495985815616e+00 -6.132174765161927610e+00 -3.956268511086030504e+00 -4.272629018231860698e+00 -3.442073621069646538e+00 -5.758990870026686082e+00 -3.222855936786281905e+00 -6.745436296321027925e+00 -3.259829588484518315e+00 -3.238039523041202461e+00 -3.203486599225521037e+00 -3.143828338500203490e+00 -3.065815534073259574e+00 -3.067444201099015277e+00 -3.235851636289784228e+00 -3.001850356394190289e+00 -2.947660769964326466e+00 -2.935848259472308985e+00 -2.962728325465118662e+00 -2.826617125464324420e+00 -2.952577586204217841e+00 -2.787320970888231830e+00 -2.725369087499793341e+00 -2.834470123942768982e+00 -2.799962666376697218e+00 -2.789929436785460570e+00 -2.788656355438682954e+00 -2.779321237365483643e+00 -2.751019121779496590e+00 -2.748272754722951294e+00 -2.745879701182385890e+00 -2.738052039850004338e+00 -2.740316559975692901e+00 -2.729423241354052454e+00 -2.730952896056848989e+00 -2.733422813808914942e+00 -2.736030776068592463e+00 -2.743696124879538178e+00 -2.738735478807300172e+00 -2.739398106668478494e+00 -2.738442445081478827e+00 -2.738721278777728418e+00 -2.738312758378342426e+00 -2.735215725322206470e+00 -2.736449404033916455e+00 -2.734467956353736628e+00 -2.738417389012451242e+00 -2.733864077642579549e+00
-2.159679285533569271e+01 -2.116439162946403485e+01 -2.057227553964581901e+01 -2.065537013318099113e+01 -2.143075694579735924e+01 -2.071500191072723140e+01 -1.895415013800790405e+01 -2.061975564983876197e+01 -2.080204291664257710e+01 -1.845057597703172547e+01 -2.157031115128248544e+01 -1.928284714619526241e+01 -2.040440725186023485e+01 -1.920808918227939088e+01 -1.938904481827238513e+01 -2.065274926142360101e+01 -1.957946145183866804e+01 -2.128394709608996749e+01 -1.958800665884988135e+01 -1.815646200426258972e+01 -2.020331673785263504e+01 -2.023758796354384160e+01 -1.875639015421238653e+01 -1.857388088111830982e+01 -2.112731533018271435e+01 -1.583736757450237143e+01 -1.450082941241067225e+01 -1.391630428423470889e+01 -1.431086815264550260e+01 -1.363738420990918065e+01 -1.404222383869747759e+01 -1.371465166954198622e+01 -1.401831379763750718e+01 -1.373031390991224043e+01 -1.405722691534814217e+01 -1.368215222943881493e+01 -1.396004732571012497e+01 -1.362734466809238931e+01 -1.394781950282664518e+01 -1.386954261909909647e+01 -1.410519886932297418e+01 -1.390992949006300350e+01 -1.356080198703262774e+01 -1.389750521687546758e+01 -1.370042626342366532e+01 -1.405341544922520569e+01 -1.383654594479337696e+01 -1.345779476719484435e+01 -1.199873881295009070e+01 -5.815867962365420141e+00 -8.350103205338088586e+00 -7.999468923304403845e+00 -8.208747573015614307e+00 -7.366136024068037358e+00 -7.741810810841403878e+00 -1.121206206821888784e+01 -6.370499155563994265e+00 -2.851237853806637634e+00 -7.885975599041351813e+00 -3.879533578017675399e+00 -2.114386503032499309e+00 -9.389676123012669962e+00 -6.706391307153026560e+00 -3.690595314866581322e+00 -3.676191576099100633e+00 -4.339653252464458433e+00 -2.985090793775111440e+00 -3.148934661411491920e+00 -2.335790051046636950e+00 -4.441609517474844893e+00 -5.365178217269978234e+00 -3.119432672962286990e+00 -2.080146854784502342e+00 -4.519844555259727059e+00 -3.973307376496802323e+00 -1.751758059515026833e+00 -2.043504894150438123e+00 -3.330013484335414109e+00 -1.709087759986787081e+00 -6.928704922956724133e+00 -1.829199810291197270e+00 -1.681168115674239960e+00 -2.118143702106639825e+00 -1.811832280452407407e+00 -1.882036549956243920e+00 -1.888256451680654369e+00 -1.895509554160334620e+00 -1.916468126988015275e+00 -1.946528834808859632e+00 -1.945395440535083953e+00 -1.943903513736174649e+00 -1.936967677718137271e+00 -1.935017242303381568e+00 -1.930872516768311176e+00 -1.921089676534056156e+00 -1.915031617823441668e+00 -1.913294957468228308e+00 -1.912854115630658658e+00 -1.909001796441601062e+00 -1.883347956961000325e+00
-2.096985223152769606e+01 -2.153450323515152576e+01 -2.102788114973915157e+01 -2.079645575434223304e+01 -2.167297393324849963e+01 -2.119977966240921674e+01 -2.059630411903717473e+01 -2.056679211823408338e+01 -2.042225094127038432e+01 -2.183042232663843407e+01 -2.067311667267220798e+01 -2.114494045968412905e+01 -2.001889973138319689e+01 -2.159579879879581910e+01 -1.773372910550398984e+01 -1.731156926153479247e+01 -1.905001686141087447e+01 -1.750916148740162370e+01 -1.795118273233804018e+01 -1.647424929605631760e+01 -1.586894843048620629e+01 -1.808124147334568121e+01 -1.639634664911840645e+01 -1.616457503551139396e+01 -1.621884214156805015e+01 -1.652353541302058915e+01 -1.598970062918387214e+01 -1.537541948936160985e+01 -1.592687291197800192e+01 -1.664250914816480176e+01 -1.566134549538146281e+01 -1.459935073208303358e+01 -1.643596734939024628e+01 -1.554943567235251045e+01 -1.574013091832473066e+01 -1.518728818182705709e+01 -1.561747233923689393e+01 -1.517811480237571153e+01 -1.512019555325515618e+01 -1.523172605744424501e+01 -1.536485320557520318e+01 -1.533182275786699833e+01 -1.545265779822202745e+01 -1.527044313906029416e+01 -1.548649777081267764e+01 -1.518981346327065118e+01 -1.552420664050616672e+01 -1.515036447303835843e+01 -1.533626900605984034e+01 -1.568007378193547297e+01 -1.587594633924678078e+01 -1.533826099058883941e+01 -1.547835661362294957e+01 -1.533137624560991696e+01 -1.539087253642065534e+01 -1.486948311015538593e+01 -1.479162618669286466e+01 -1.467564209044675572e+01 -1.355638757891112078e+01 -1.358019285337607052e+01 -1.400668567928310715e+01 -1.352302947441594583e+01 -1.294301906139431857e+01 -1.170464221621367606e+01 -1.137925269669464434e+01 -1.106388888319138353e+01 -1.103505058975690645e+01 -1.118432885635345642e+01 -1.143922379484069829e+01 -1.102845336369256479e+01 -1.110336075737317785e+01 -1.129511686092241796e+01 -1.089686577195457140e+01 -1.097828590628222400e+01 -1.141442829537206904e+01 -1.171310103212200104e+01 -1.074759008370315883e+01 -1.139449347907616428e+01 -1.103268460145364571e+01 -1.095774465572540279e+01 -1.059737105116787959e+01 -9.879908231678010466e+00 -9.069477589250482197e+00 -9.999630653726178764e+00 -9.491444416691217967e+00 -9.417179017437138810e+00 -9.403704453758173543e+00 -9.494417700481399436e+00 -9.432965889555831041e+00 -9.430576024078103359e+00 -9.416408555949692172e+00 -9.405255339081625365e+00 -9.389825103962728292e+00 -9.382155648731702158e+00 -9.420848520255418634e+00 -9.406797825129979529e+00 -9.396409853428444592e+00 -9.384868657322721575e+00 -9.382718012056937340e+00 -9.322926180704095955e+00
-2.169520716657795489e+01 -2.124614971749642933e+01 -1.972170774106383107e+01 -2.098328531729271162e+01 -2.103694772195116158e+01 -2.121382921276463307e+01 -2.169784132060649995e+01 -2.079610171792877082e+01 -2.120123664225697269e+01 -2.069860672697056359e+01 -2.086137040242693175e+01 -2.178193388833137334e+01 -1.976975839159267778e+01 -2.023398911543594281e+01 -2.109470306922865035e+01 -2.012354504891239415e+01 -2.060228678815831671e+01 -2.124019975462157817e+01 -1.361640656717326969e+01 -1.358654718080107671e+01 -1.507210661319492395e+01 -1.328298715854675116e+01 -1.396455476549360952e+01 -1.261687648777704496e+01 -9.960007190863436222e+00 -8.840929866345565102e+00 -4.807916689276975575e+00 -8.397997156973620037e+00 -6.027334494694226663e+00 -4.732598789015529661e+00 -6.877106856780951460e+00 -6.959574292255396699e+00 -9.312327836107083812e+00 -5.123556117362753071e+00 -1.059489459625871710e+01 -6.108776646822061451e+00 -4.716061336704935769e+00 -7.060112268217066500e+00 -6.144827532251134983e+00 -4.110772550368622547e+00 -4.167098274467150532e+00 -6.678499565811939931e+00 -6.711224851527163082e+00 -7.216494083155408745e+00 -6.085131247787508357e+00 -5.033192526730950078e+00 -7.462145867081060757e+00 -8.070171807327099600e+00 -9.135336707269598122e+00 -7.319533088884256244e+00 -4.077092286892522566e+00 -5.089996296478179971e+00 -6.128004946652083618e+00 -3.793744480332695179e+00 -2.383547266810936538e+00 -4.379202282361760012e+00 -2.356058543877712186e+00 -2.881791303684569261e+00 -3.232455835598412097e+00 -3.234443464545862401e+00 -3.218460268973779126e+00 -3.187899137047555786e+00 -3.152496293866200450e+00 -3.107534244335046214e+00 -3.045915001347069495e+00 -2.974236293224415295e+00 -2.886392513555361194e+00 -2.817393217275192985e+00 -2.755383153664230367e+00 -2.717707208463477020e+00 -2.687510542363032773e+00 -3.180911427385741508e+00 -3.825869477346963254e+00 -2.776444893619679721e+00 -2.791931774660863841e+00 -2.809054473073669289e+00 -2.819505458875188442e+00 -2.817089052227455870e+00 -2.804194466065031310e+00 -2.791254049926245262e+00 -2.770380025057832984e+00 -2.742451637771442297e+00 -2.709758960096554592e+00 -1.921872099957646629e+00 -2.696276027723634616e+00 -2.423975917156650173e+00 -1.868304265582676482e+00 -1.921658690023086979e+00 -2.128097731083095301e+00 -1.988913489459062323e+00 -2.003904359468994034e+00 -1.980340973204068877e+00 -1.956695999079102410e+00 -1.948225975231004714e+00 -1.951875158015373035e+00 -1.864234233901062243e+00 -1.770015831357018232e+00 -1.654200395009429503e+00 -1.732546885116488244e+00 -1.674964536457075770e+00
-2.079891518472918577e+01 -2.054593944098736813e+01 -2.121024148125480835e+01 -2.154733476643930601e+01 -2.073721875733911091e+01 -2.107560434940900151e+01 -2.082606241446124429e+01 -2.130634775543188297e+01 -2.152156027132038574e+01 -2.140089944808901379e+01 -2.056679986699405660e+01 -2.169394065543551520e+01 -2.131122304755480812e+01 -2.143974352513051329e+01 -2.056255565598308266e+01 -2.014954599289852055e+01 -2.056914982197470110e+01 -2.087469438592294679e+01 -1.925726552570515437e+01 -1.844485912725449595e+01 -1.923486267796762306e+01 -1.934106784548928815e+01 -1.876387085525037079e+01 -1.908893416775512009e+01 -1.924859838157441416e+01 -1.912661404239115015e+01 -1.904712390650748688e+01 -1.896154475881426293e+01 -1.923275623677561796e+01 -1.830724997659914521e+01 -1.890906254412595189e+01 -1.913627579904672515e+01 -1.909021285884127295e+01 -1.888645246131670064e+01 -1.891226325489538951e+01 -1.922784549538744514e+01 -1.897736865121656891e+01 -1.907768571967707771e+01 -1.866651384574365835e+01 -1.884807588899476016e+01 -1.914186413564754119e+01 -1.873279776827470400e+01 -1.920365488111503183e+01 -1.908758742914445605e+01 -1.923211674129874993e+01 -1.852031526041320930e+01 -1.895918557902427537e+01 -1.859267847467381074e+01 -1.853065783993558213e+01 -2.037195048771868500e+01 -1.949261397055884615e+01 -1.858925956678429614e+01 -1.872918909168642188e+01 -1.877112604437405352e+01 -1.860356634874694493e+01 -1.924183103629712122e+01 -1.850865112260794731e+01 -1.898358254242691956e+01 -1.897519408971349719e+01 -1.814932321573996887e+01 -1.823584797660747014e+01 -1.841856362091920829e+01 -1.846919733976684341e+01 -1.826796156146232875e+01 -1.787999657736664005e+01 -1.799838096480987559e+01 -1.840115913294350136e+01 -1.800264803146610149e+01 -1.805697569225019095e+01 -1.800928974702426189e+01 -1.777334949615675797e+01 -1.731266710322681135e+01 -1.734159590481385393e+01 -1.772178729885818527e+01 -1.790570692035688438e+01 -1.763180677186291589e+01 -1.782107757375795742e+01 -1.743715549084670258e+01 -1.798801890121091063e+01 -1.722031584493131717e+01 -1.797478059264134131e+01 -1.749634201551861779e+01 -1.774507829531448522e+01 -1.759873456713255635e+01 -1.763101854904267896e+01 -1.761723931635413365e+01 -1.755098396731218813e+01 -1.755911861618483627e+01 -1.752777822780495498e+01 -1.747286758510819737e+01 -1.764687234326597931e+01 -1.758972790740386571e+01 -1.762591541184741928e+01 -1.762069662002656756e+01 -1.765056242532125452e+01 -1.763047693257909998e+01 -1.764430244741824438e+01 -1.765249607601514015e+01 -1.765615248295608097e+01 -1.764049077219061346e+01
-2.094688564544778586e+01 -2.140620695000982820e+01 -2.171450332499513536e+01 -2.143523266501680524e+01 -2.063699892326095764e+01 -2.076191894190973031e+01 -2.102237497507953279e+01 -2.106212701136639609e+01 -1.988946894060954662e+01 -2.191404407484237282e+01 -2.094433501148589016e+01 -2.064402998482297846e+01 -1.978903256098023178e+01 -2.157186095007778803e+01 -2.167392134565507789e+01 -2.113822508567929859e+01 -2.118296965400448073e+01 -1.907723880779319359e+01 -1.932709364467561031e+01 -1.907794719175367959e+01 -1.980293472000208155e+01 -1.820314153380414268e+01 -1.831675812733989162e+01 -1.771597805747630261e+01 -1.902624247272975211e+01 -1.754645265361413209e+01 -1.707012413671185413e+01 -1.612949115244991205e+01 -1.551191055786296857e+01 -1.556668742384324489e+01 -1.482850007323245123e+01 -1.566971857159644443e+01 -1.526960214050069453e+01 -1.585701998245351874e+01 -1.497828636583900597e+01 -1.513316952081196476e+01 -1.541990005360073468e+01 -1.467745062702529601e+01 -1.346362037042382376e+01 -1.445318689262656342e+01 -1.335271739657721746e+01 -1.245970045751325905e+01 -1.225404481640555865e+01 -1.239202188584967246e+01 -1.243692951104817190e+01 -1.243947842220735112e+01 -1.239879449632014996e+01 -1.235584017045627192e+01 -1.225864842272329014e+01 -1.222234109400903534e+01 -1.166609312542223442e+01 -1.078141120319902058e+01 -1.186953539930306789e+01 -1.073836748080466741e+01 -1.040399816150763534e+01 -1.010377776848693365e+01 -1.106182927754283796e+01 -1.027105508682354618e+01 -9.847782728203583247e+00 -9.415687232080587776e+00 -9.393322593882661664e+00 -9.549595132481254467e+00 -9.673381444998106815e+00 -9.863811359621776020e+00 -9.862251673201406277e+00 -9.709574814130380815e+00 -9.819135390171284783e+00 -9.692409044097530568e+00 -9.678988658153167890e+00 -9.772028007567705288e+00 -9.745076219593775235e+00 -9.756263133926484699e+00 -9.729299789649033414e+00 -9.803044740105898214e+00 -9.754590442108700188e+00 -9.745165953822180427e+00 -9.819162500611554378e+00 -9.746266197198735881e+00 -9.728536884817508223e+00 -9.727709827822145883e+00 -9.834640503092050068e+00 -9.755917210048222543e+00 -9.761936705848929918e+00 -9.890474512861191059e+00 -9.678501895260097854e+00 -9.547256065010548909e+00 -8.747486693702363425e+00 -1.097885109776416357e+01 -9.163492422612218746e+00 -9.268504457339830083e+00 -8.855976319598566349e+00 -8.445144185985647312e+00 -6.954723995861604280e+00 -8.421858331144076004e+00 -7.948427254296221989e+00 -6.015430588207038909e+00 -6.799439632723887073e+00 -6.854299911947691726e+00 -6.149145712788563145e+00 -5.777787833859054700e+00
-2.145127092520514367e+01 -2.170087278245608786e+01 -2.163859301468032115e+01 -2.134273326741422139e+01 -2.090741181117627434e+01 -2.162071426959506582e+01 -2.143453490695685204e+01 -2.143858065638184485e+01 -2.179931086597834877e+01 -2.157031115128248544e+01 -2.164025244868103570e+01 -2.147652861140952751e+01 -2.164207896852217772e+01 -2.161171766397781724e+01 -2.089898168858202254e+01 -2.045476904764805326e+01 -2.095140109216741919e+01 -2.009176130614681455e+01 -2.031082214562408694e+01 -2.041406647634692817e+01 -2.035341161605491678e+01 -2.043256762675150995e+01 -2.042433758169481095e+01 -2.056053649445476950e+01 -2.061576901574872878e+01 -2.037735321120545606e+01 -2.023094867481412606e+01 -2.066388607464562099e+01 -2.060145747934030425e+01 -2.107041902555295465e+01 -2.076153138221823014e+01 -2.061544352321844187e+01 -2.019197680255645366e+01 -2.002360710875071703e+01 -2.057625369993991882e+01 -2.045798585891106924e+01 -2.054847212003778267e+01 -2.033812452913564073e+01 -2.002060044381464010e+01 -2.070329715289918937e+01 -2.068047574027667679e+01 -2.000830346275703064e+01 -2.014236592249351432e+01 -2.085072332399152728e+01 -2.036633930043890572e+01 -1.977626375025512573e+01 -2.075347465924932067e+01 -2.076813293475283828e+01 -2.038382749608991773e+01 -2.029796255979863773e+01 -2.040118922575512173e+01 -2.028534341341952896e+01 -2.059086422645122738e+01 -2.007770869758375554e+01 -2.057326539559160850e+01 -2.008102673700090790e+01 -2.033864115219685686e+01 -2.052030502521826349e+01 -2.013213285598740399e+01 -2.044868743474621198e+01 -2.031076718548683147e+01 -2.044093938043177516e+01 -2.031874263801776337e+01 -2.040230141467185732e+01 -2.036125232475306035e+01 -2.034679490846685468e+01 -2.039612374869419043e+01 -2.036804642420427669e+01 -2.037835386404588434e+01 -2.039199607980267714e+01 -2.030403769065550890e+01 -2.048468050817506736e+01 -2.021117638862470045e+01 -2.053011315089814204e+01 -2.012653126335629850e+01 -2.046542709920693426e+01 -2.028820231260539586e+01 -2.040573887525517094e+01 -2.036491695517319656e+01 -2.027511439426908169e+01 -2.044152956730221149e+01 -2.031190951783133158e+01 -2.040815701863366982e+01 -2.037961253427018704e+01 -2.036330688391099741e+01 -2.033483879193549626e+01 -2.035302404639059759e+01 -2.038987177052814204e+01 -2.037832026529994778e+01 -2.041934735976911952e+01 -2.028796674328786409e+01 -2.050533024218295353e+01 -2.011565244980075562e+01 -2.031024000932263007e+01 -2.024245440287459630e+01 -2.025500070425890087e+01 -2.023969390801115509e+01 -2.047059803707480086e+01 -2.037282388157697000e+01 -2.029145345874854556e+01
-2.065340463351514444e+01 -2.142551198039146954e+01 -1.898220874043027351e+01 -1.692530443497403070e+01 -2.157291186377585746e+01 -2.153682786801874016e+01 -2.047679952123748848e+01 -2.123536420874113873e+01 -1.546591146396093208e+01 -1.980451899702458363e+01 -1.944218430090802485e+01 -1.808009889182812557e+01 -2.034083842326441527e+01 -1.919717083405833336e+01 -1.371160142309659591e+01 -2.103134541802579704e+01 -1.589648040212704494e+01 -2.030834166069552893e+01 -1.673162567222734509e+01 -1.406159081790253040e+01 -1.355326067070710039e+01 -1.295137185380352918e+01 -1.415467664377841928e+01 -1.287522031359944208e+01 -1.281560847676779247e+01 -1.235908502351617244e+01 -1.448003646497335062e+01 -1.058301390352118077e+01 -9.641217612706997286e+00 -1.126624816682055119e+01 -1.015931128203286349e+01 -9.102983077398778988e+00 -8.587996837559330743e+00 -1.075102386604713800e+01 -7.554794161496138472e+00 -8.830800606803887121e+00 -7.261865356523685477e+00 -7.173136612467231998e+00 -7.891097761420038381e+00 -6.442165859008103013e+00 -7.837650036923104580e+00 -6.779263774040243717e+00 -7.580745410821036145e+00 -5.666279548341414340e+00 -6.035730144596154645e+00 -5.422118278633895727e+00 -5.402362955531920363e+00 -4.986175879984894976e+00 -5.201813700149294561e+00 -5.384409949788881988e+00 -5.212400825948545702e+00 -5.258541356476523987e+00 -5.320208357286141165e+00 -5.373333993277910281e+00 -5.411471331229328996e+00 -5.415475010968769709e+00 -5.427969685037556502e+00 -5.412407216279980560e+00 -5.420946559785665642e+00 -5.373669413993081179e+00 -5.551960843678525492e+00 -5.753306007651342924e+00 -5.763471222041928854e+00 -4.439669390465645904e+00 -5.112741557165900730e+00 -3.235303798157680877e+00 -4.490073602575176182e+00 -3.555941870213235934e+00 -3.898911682452145033e+00 -3.608373803994745277e+00 -3.442774945834650158e+00 -2.911222882149886448e+00 -4.315724139152273153e+00 -3.494589711593043990e+00 -3.458411396063614252e+00 -3.418309236566660747e+00 -3.384131441425552556e+00 -3.367274708472880906e+00 -3.374932685624685735e+00 -3.380232988816584072e+00 -3.371074692357080682e+00 -3.347493499077540680e+00 -3.314722692318949004e+00 -3.276814497423906847e+00 -3.242754870323186100e+00 -3.949332370996871067e+00 -3.200405240861187384e+00 -3.243039742065104480e+00 -3.256621310037364214e+00 -3.241966007519405668e+00 -3.216971704895077000e+00 -3.183192193979853091e+00 -3.206149924780039573e+00 -3.059646317401288673e+00 -2.834671775536851346e+00 -4.397850499516376743e+00 -4.329757756110765854e+00 -2.867734985327321073e+00 -2.627439563941181166e+00 -2.916374705768153053e+00
-2.135783667994861901e+01 -2.103944253975146239e+01 -2.040921407850860803e+01 -2.149706655043339154e+01 -2.116237476934870188e+01 -2.133841962429467998e+01 -2.126284456883333362e+01 -2.072155017533050980e+01 -2.156686461350895101e+01 -1.952656797943469513e+01 -1.779909478239441967e+01 -1.819983692380655071e+01 -1.812228941942157334e+01 -1.843065839534230221e+01 -1.748117412641059332e+01 -1.752698792235691627e+01 -1.765840716515517528e+01 -1.779238845841576833e+01 -1.671539117980965017e+01 -1.606486748314968338e+01 -1.621064961621932454e+01 -1.603398851463819597e+01 -1.605204252306270618e+01 -1.610757632314046006e+01 -1.617053575409566335e+01 -1.611580685270945068e+01 -1.626269270324521798e+01 -1.576183431820093084e+01 -1.636878898008257366e+01 -1.621081722638586697e+01 -1.635078227869660239e+01 -1.679735527313546228e+01 -1.607233981716180082e+01 -1.628881610826744009e+01 -1.625427322762114457e+01 -1.615551851760950086e+01 -1.581026646030973914e+01 -1.572347259078237336e+01 -1.597965923636359875e+01 -1.597015783432654956e+01 -1.568558525559367745e+01 -1.653331840380026918e+01 -1.576130249201496625e+01 -1.629260839479137246e+01 -1.562586301310678039e+01 -1.475948714751087998e+01 -1.290483414882146462e+01 -1.253331938483447772e+01 -1.208557908249503221e+01 -1.254928293168070930e+01 -1.294685588577447533e+01 -1.217530743258688908e+01 -1.210956175615237385e+01 -1.183905886210681047e+01 -1.186140428453588136e+01 -1.196860791234832178e+01 -1.195653571712802332e+01 -1.194034095800876472e+01 -1.195298422815289108e+01 -1.196192557241910492e+01 -1.196963372004790038e+01 -1.197148730727433907e+01 -1.197392433949760360e+01 -1.199417995044873209e+01 -1.199406628255301577e+01 -1.198464847804372724e+01 -1.199766828600644786e+01 -1.200989309134618210e+01 -1.199410610755742823e+01 -1.200977397946170910e+01 -1.200169731014554486e+01 -1.202119292766539793e+01 -1.198800633636448332e+01 -1.200799604615814786e+01 -1.201962187279407601e+01 -1.202117501083671236e+01 -1.201065901754215481e+01 -1.201448437491068688e+01 -1.201828556220170441e+01 -1.201243452848422955e+01 -1.201003144132416978e+01 -1.202196992398552133e+01 -1.199805413544356547e+01 -1.201192252034586083e+01 -1.201817270556218986e+01 -1.203436051229277837e+01 -1.200386890239425242e+01 -1.201053360198238984e+01 -1.199202952337685524e+01 -1.200032642478201339e+01 -1.199829035846423331e+01 -1.197239193450788441e+01 -1.196171920334090899e+01 -1.184736947486173619e+01 -1.087072441559121039e+01 -1.079170296406008767e+01 -1.075403474405879933e+01 -1.061858777679396226e+01 -1.087743554965887860e+01 -1.303506641915424424e+01
-1.987312601128150646e+01 -2.172712194022306420e+01 -2.139571573831755913e+01 -2.125093017910357318e+01 -1.863982062120833305e+01 -2.160284511522082695e+01 -2.121746608137146950e+01 -2.146371456762038576e+01 -2.011464285006211483e+01 -1.832293375789435075e+01 -2.059620082951338205e+01 -2.002074155957433632e+01 -1.941614655687952506e+01 -2.038494091997925395e+01 -2.071354496870655026e+01 -2.022521390131282359e+01 -2.061666958235267089e+01 -1.682694204608576527e+01 -2.106725083627048889e+01 -2.139862965269988493e+01 -1.762167400578505649e+01 -1.857291600696736467e+01 -1.801240874464388142e+01 -2.084524101899724258e+01 -2.015478900638500193e+01 -1.728736135214357716e+01 -2.060822096767081746e+01 -1.799863674688387505e+01 -1.440568246500446392e+01 -1.397119406520131690e+01 -1.391045544334244255e+01 -1.336660907837444157e+01 -1.508979483761802953e+01 -1.368334484832500308e+01 -1.334136647890489158e+01 -1.115190585256380373e+01 -1.087187526712449248e+01 -1.140745282191902277e+01 -1.084974286738640892e+01 -9.811920734146545087e+00 -1.004544444226643130e+01 -9.001264780955702705e+00 -1.162688019555823971e+01 -8.640773436341234515e+00 -1.073836874303907862e+01 -1.073398146775166317e+01 -7.913254203212131799e+00 -5.646956812531243486e+00 -7.355872933333115427e+00 -4.040711255888407294e+00 -6.135422003255534662e+00 -3.351940692439587810e+00 -5.809864377614168518e+00 -5.228950936562817731e+00 -3.653316050937061465e+00 -6.016149628994451604e+00 -9.281604975948068770e+00 -4.323370969453559809e+00 -4.253547796731744768e+00 -4.150516338314659492e+00 -3.956684841589862334e+00 -3.412887447226932824e+00 -3.070804886432111136e+00 -6.407742503104344678e+00 -2.986600244925054159e+00 -2.966293318443867566e+00 -3.330514764936947092e+00 -2.895164263497239876e+00 -3.007124838816598089e+00 -3.050335994982994681e+00 -3.052949827463436794e+00 -3.043092107792052747e+00 -3.026675905987979309e+00 -2.998354997524590448e+00 -2.958343534577686729e+00 -2.879637381530468776e+00 -3.175604110452202367e+00 -2.542268249364174171e+00 -2.581669989696696366e+00 -2.673227393801259399e+00 -2.613871004760636385e+00 -2.524438087280419740e+00 -2.418303864562322492e+00 -2.397231927308173471e+00 -2.581244011716368636e+00 -2.400731170168939332e+00 -2.426364145979249987e+00 -2.419846711858980814e+00 -2.401965228774671335e+00 -2.378011476399902069e+00 -2.353819725711350674e+00 -2.330478233823978673e+00 -2.316147150031924173e+00 -2.307037042996079368e+00 -2.363010257213773446e+00 -2.325050646254603226e+00 -2.339073752002719164e+00 -2.342556629365497134e+00 -2.278338757175003781e+00 -2.340722736184233543e+00
