9.171688026932591775e-01 7.403346940779397256e-01 8.820800640134882631e-01 6.076950821542420611e-01 8.962282242165390267e-01 8.911701768040534155e-01 9.154432352593433464e-01 9.345644706638601695e-01 9.238071609897418046e-01 9.401401021860363860e-01 9.397694013465205387e-01 9.373764001605079388e-01 9.319508096595916502e-01 9.176249541909287100e-01 9.395637647682759663e-01 9.359952189737315020e-01 9.393513342407268096e-01 9.325391082557050737e-01 9.055869372281990515e-01 6.935446216837191091e-01 9.000949382650669239e-01 9.039445239061932869e-01 9.482886310166542820e-01 9.530109999198416171e-01 9.486281371030255150e-01 9.256694686145889861e-01 9.538728745872445680e-01 9.406401751306182613e-01 9.540673155025508612e-01 9.469048662153535245e-01 7.068690873006695519e-01 8.531484615027025153e-01 9.402563648396274898e-01 9.395557268564227460e-01 9.312916051982016441e-01 9.470038090826894406e-01 9.390493384096705309e-01 9.360168447841936690e-01 9.314515979198512152e-01 5.192504932140138418e-01 9.470311762587610982e-01 9.274043179229066736e-01 9.580719180151319181e-01 8.401447468444658284e-01 9.202356488229658238e-01 9.483633644590037104e-01 9.282696374096753855e-01 8.556889200954508334e-01 9.375272066971824803e-01 8.871852863133981026e-01 9.392760266618164211e-01 8.758309703053253070e-01 9.568279554664209652e-01 9.264639779255079421e-01 8.425871237747195597e-01 9.012152700743213396e-01 9.263295342808203214e-01 9.242613986988750252e-01 7.718958898825601933e-01 9.110601810636737019e-01 9.414130586310750504e-01 9.353345791709390955e-01 9.267669306508324878e-01 9.220331747058531091e-01 9.343827564423216048e-01 9.201097215372655569e-01 9.390492427202437042e-01 9.415287471481051940e-01 9.291631852773571953e-01 9.212703385952129009e-01 9.270887341932413372e-01 9.506575184671072209e-01 9.214946346116881237e-01 9.509145402675562853e-01 9.546554227198106313e-01 9.353898876596433709e-01 9.422575178227960979e-01 9.322116590371136713e-01 9.421217345261330145e-01 9.602657895039239389e-01 9.339592350391988651e-01 9.308119141015332998e-01 9.349910541286412524e-01 9.312876819317018606e-01 9.191632574165501390e-01 9.227683565721412906e-01 9.231491048014737189e-01 9.302577766307960072e-01 9.466374142673806835e-01 9.251215509565952066e-01 9.457868309523428385e-01 9.433865573698916318e-01 9.079993633678569154e-01 9.473642711535351646e-01 9.262905886841030778e-01 9.105371426566540860e-01 9.363575948331136489e-01 9.551539646335632794e-01 9.441836502953347976e-01 9.417276854664721197e-01
9.120541071400937172e-01 9.258379776952259110e-01 7.395507584486847863e-01 6.917460432171366191e-01 8.854764645291764991e-01 8.849583062829249336e-01 7.457814797868975720e-01 8.671787323319063434e-01 9.371766006372995728e-01 9.269721844713698644e-01 9.173793194322718003e-01 9.358877597474082322e-01 8.472618393433485329e-01 9.245121049971536387e-01 9.166155264273632142e-01 9.514365260908808075e-01 9.226468310000749407e-01 8.685374265033791730e-01 9.241901100758911358e-01 9.386839961780568675e-01 9.189730268360241094e-01 9.205735281890810029e-01 9.316216380313173673e-01 8.401644588663915725e-01 9.213995193214251644e-01 9.492260046418213859e-01 9.469481178362779694e-01 9.305108751647452880e-01 9.368242721677338958e-01 9.293073892435808059e-01 9.300791244709156746e-01 9.267582229129915916e-01 9.273658507733234524e-01 9.357888168800723161e-01 9.351359279208526498e-01 9.197104095591293049e-01 9.342117594365871858e-01 9.127994320856251953e-01 9.515236991587173732e-01 9.538756495806225422e-01 9.104375299633303831e-01 9.038526620564423242e-01 9.333699795488171747e-01 9.278589383897470899e-01 6.062141925847150947e-01 8.950380391257031221e-01 9.374586930675764540e-01 8.269848670416524161e-01 8.958224053573787815e-01 8.680984034131110638e-01 9.330123881607761405e-01 9.452045607901192747e-01 9.140950669248211202e-01 9.251539896722884571e-01 9.006238137271227462e-01 9.498073179097766827e-01 9.248888342705594567e-01 9.138460830362252763e-01 9.174706071454618028e-01 8.252971926207589570e-01 9.420507329714296052e-01 9.180065636251025785e-01 9.183627196717412122e-01 9.033050314667290248e-01 9.266025362155489997e-01 9.590398165674558495e-01 9.517700994327890074e-01 9.438517993631094782e-01 9.381286147447708279e-01 9.373751561979591918e-01 9.148880452049109602e-01 9.334367707687403204e-01 9.327035983804153885e-01 9.149113934250560076e-01 9.275380917416065074e-01 5.789845222194196506e-01 9.572773130147861353e-01 9.202418686357093369e-01 9.461864299987595706e-01 9.356582965018844789e-01 9.197345232946889659e-01 9.062975269117934385e-01 9.133094567305967137e-01 9.162204247840072258e-01 9.175977783937108168e-01 9.409111675873835789e-01 9.454032120402057204e-01 9.379915874855588864e-01 9.660596886086855184e-01 9.345882973311393505e-01 9.210826916292111921e-01 9.283150898874167334e-01 9.496966052429414162e-01 9.192744485305195390e-01 9.360293800991076330e-01 9.416933329622423354e-01 9.345940386967487301e-01 9.634266983401985618e-01 9.558608224295115363e-01 9.442872819445851107e-01
7.481285500480346906e-01 9.416804148896210647e-01 5.840296515592841020e-01 8.674338403438188738e-01 7.646995665382672058e-01 9.352783137879666642e-01 9.453884758684748535e-01 9.398299727537000603e-01 9.535403538290314618e-01 8.503611241887485406e-01 9.556153790497081690e-01 9.415382204013607037e-01 9.422704358954173687e-01 9.252073843724563096e-01 8.282327528568631525e-01 8.678235833792726783e-01 5.420529965578737563e-01 9.289310427278822946e-01 8.351258364075511142e-01 9.191540712315749984e-01 8.995453938868170907e-01 9.265368932687477743e-01 9.001174252803705311e-01 9.220596806770833265e-01 8.371565574236083940e-01 9.473000635481363396e-01 9.203239701639243098e-01 9.363976887029529239e-01 9.328513428554315867e-01 9.332456789833729616e-01 8.675330702794352700e-01 9.335159059247236657e-01 9.296632582219389596e-01 9.513753805471403258e-01 9.361249738365047257e-01 9.277260257758886963e-01 9.572430561999830667e-01 9.225846328726393653e-01 9.424991336255265084e-01 9.056328681530745328e-01 9.207667251418385490e-01 9.146281527216572060e-01 9.373586976165455553e-01 9.368355635200991127e-01 9.289174548292733480e-01 9.222089561829286408e-01 9.466480357937581136e-01 9.395921845280426066e-01 9.393635824873602935e-01 9.199552788023717120e-01 9.512492618825864055e-01 9.287016751717853680e-01 9.392331577985992830e-01 9.306973738576250765e-01 9.513397840803617944e-01 9.098345908849129193e-01 9.327280948736823563e-01 9.252988634644999655e-01 9.426455384485671329e-01 9.233250776574029040e-01 9.302959567120987483e-01 9.152553012250611575e-01 9.085686197680323817e-01 9.151872660425893757e-01 9.308086606610213032e-01 9.343292660527270366e-01 9.161792783304729682e-01 9.296735926800359096e-01 9.299686031829340616e-01 9.214658320942140657e-01 9.396895963645494065e-01 9.499512348077198132e-01 9.431542234415630777e-01 9.018800245224671830e-01 8.545413167995515868e-01 9.672733176090932972e-01 9.177315522124106506e-01 9.216557756064596152e-01 9.148767538525457432e-01 9.365226590943849239e-01 9.199218831924101947e-01 9.213834434977187238e-01 9.340296624573413142e-01 9.199445615865674553e-01 9.439259586688980574e-01 9.250843277695607325e-01 9.256987495791970666e-01 9.309559266889032569e-01 9.311930450885730348e-01 9.388418837323162514e-01 9.239136633217968075e-01 9.479463499369050750e-01 9.483351360780906125e-01 9.469768246643250897e-01 9.421625939113867920e-01 9.437686452511995228e-01 9.544153379479094479e-01 9.421961809002019628e-01 9.415931461323576723e-01 9.261027503392477156e-01
9.229929396568971045e-01 9.101240514010552340e-01 7.265844105116227025e-01 7.760397205111700947e-01 9.426757763074434804e-01 9.341376958202255443e-01 9.223496196403598857e-01 9.105536969274946602e-01 8.844572764440749024e-01 9.360140697908158058e-01 7.782372760428948322e-01 8.831221218716007737e-01 9.126559936348161983e-01 9.259388343510983610e-01 9.403163621102460512e-01 6.301451134943960586e-01 8.466573692341018420e-01 9.314425074243029012e-01 9.164619448973108096e-01 9.068449661226530845e-01 9.373400381783147939e-01 9.172955911838007736e-01 8.658040580261538999e-01 9.083291091326921585e-01 8.630341361878818285e-01 9.489945319183342720e-01 9.398427951368945044e-01 9.365085927486418438e-01 9.581212937593730494e-01 7.202571863864580815e-01 9.212554110446282696e-01 9.150527267084749283e-01 9.165706480861828265e-01 8.089715238209029824e-01 8.800775713783440812e-01 5.170632242956726410e-01 9.316945533745571995e-01 9.163473089639757596e-01 9.092251449254713513e-01 9.184600358188210745e-01 9.456675062370933915e-01 9.184204203961160440e-01 9.096022569565843652e-01 9.261236106342952690e-01 9.334949499402491746e-01 8.843367077662768194e-01 9.446246828635662673e-01 9.176949031619370256e-01 8.947233166008792260e-01 9.118923920087612656e-01 9.055401450984821299e-01 9.114409292930060191e-01 9.493217897580721321e-01 9.481239495130903139e-01 9.083974313834444203e-01 9.376482538221146967e-01 9.435311440938225491e-01 9.371954514543838766e-01 9.239062952359313741e-01 9.251068147848643397e-01 9.463676657731640018e-01 9.562438672050876942e-01 9.220078170077448121e-01 9.419941805201766938e-01 9.425741541361565279e-01 9.409170046424197853e-01 9.286967950110173176e-01 9.222272328634520955e-01 9.414966911901191393e-01 9.340201892040856935e-01 9.275258434949730235e-01 9.499256857307578628e-01 9.421814447284710958e-01 9.501549575974279627e-01 9.471411234101817511e-01 9.381693784405977787e-01 9.215074569948825678e-01 9.472234163172503774e-01 9.113599760379129666e-01 9.517794769966176904e-01 9.192916726273477890e-01 9.299587471719712450e-01 9.332051066663995531e-01 9.037265433918884039e-01 9.033087633543751549e-01 9.482600198780338774e-01 9.213241160530878382e-01 9.089264025349270693e-01 9.160519157033703008e-01 9.433983271693909822e-01 9.522238586947879835e-01 9.271841365517847766e-01 9.589142720394628894e-01 9.353716109791199163e-01 9.387084926713237243e-01 9.418468188028679133e-01 9.212158913113500658e-01 9.482948508293977952e-01 9.363569250071258621e-01 9.181721063335079869e-01
8.229796903925103990e-01 9.295932135615038172e-01 9.228191676577848224e-01 6.607824278830315423e-01 9.398224132889809734e-01 9.123494047112723493e-01 8.081906024085929729e-01 8.261211742751397580e-01 8.291273533082400560e-01 9.440118877741858761e-01 8.782197611565576434e-01 9.259101275230511296e-01 9.282261944098972872e-01 9.491953840252377317e-01 9.482756172546061846e-01 9.087515779521196935e-01 9.150766490651809359e-01 9.300677374291236310e-01 9.359628759474649673e-01 9.392198569682708165e-01 9.216534790602157745e-01 9.150453586226094949e-01 9.510323339519765051e-01 9.259033335737466563e-01 9.465351222701058331e-01 9.692864317706150201e-01 9.469348170059493919e-01 8.437095607513641626e-01 9.276883241417200887e-01 9.430507831711664180e-01 8.567476279138307449e-01 9.113165330381349793e-01 8.374052542439237579e-01 8.968129823038600845e-01 9.239198831345404317e-01 9.474672329767976908e-01 9.291624197619425818e-01 9.587926507779697127e-01 9.374929498823795226e-01 9.565030898623537725e-01 9.647453943312589431e-01 9.339222032310180444e-01 9.519272214716338887e-01 9.489458260000809275e-01 9.440753298641701985e-01 8.946936528785638387e-01 8.956376290741818735e-01 9.682081076197361913e-01 9.542288392550296594e-01 9.387285874509567751e-01 9.163018564862344117e-01 9.255755015974478361e-01 9.267288462589565734e-01 9.072264798674001263e-01 9.389303007627015640e-01 9.307478021855613015e-01 9.223148843784227946e-01 9.348284777924673605e-01 9.095736458179640715e-01 9.455843521251834360e-01 9.616354879594816163e-01 9.672765710496054048e-01 9.531325254919079670e-01 9.270187852222331326e-01 9.578835055337155957e-01 9.663149879994518132e-01 9.314745633822889559e-01 9.397692099676668853e-01 9.373157330639015905e-01 9.339932047857213426e-01 8.485267578765339769e-01 9.547456578493056512e-01 9.407663894845990082e-01 9.443400068187651764e-01 9.225694182537743648e-01 9.388385346023774281e-01 9.146762845033495903e-01 9.715740788976944264e-01 9.230546593371985464e-01 9.385676378350389371e-01 9.144785901475314116e-01 9.475963180135831276e-01 9.325034160994997157e-01 9.314937969570805665e-01 9.084607777840018050e-01 9.415575496655791410e-01 9.262553749750318532e-01 9.276132079416632426e-01 9.374763956115389485e-01 9.545165773614890936e-01 8.822503911932347842e-01 8.242363796349889693e-01 9.750965023885098670e-01 9.347071435992546640e-01 9.306097223426543774e-01 9.386106023876829019e-01 9.355969595792903437e-01 9.384774027055439172e-01 9.266509550655219751e-01 9.352244406406647892e-01
8.888181306927214198e-01 9.349851213841781084e-01 8.929278001959551903e-01 5.583671347817974473e-01 8.680226173870664308e-01 8.460256276382103202e-01 9.360083284252063152e-01 9.322955786644382403e-01 9.309399465546237540e-01 9.051093512989207834e-01 9.209702565526930451e-01 7.609002178462234145e-01 9.150196181667938911e-01 9.395313260525826049e-01 9.137049411316600089e-01 9.382195197002535236e-01 9.288198516139128946e-01 9.100360171283772281e-01 9.506042194563663061e-01 9.408410272375216099e-01 9.405991243665107193e-01 9.321885978852491039e-01 8.192799543937903106e-01 9.039970574015195881e-01 5.452370143907262490e-01 9.501185956152349288e-01 6.854064751559116875e-01 9.282304047446775508e-01 9.354435694280915925e-01 9.065268944678903651e-01 9.133204610146814506e-01 9.247070243595939543e-01 7.278365545063271158e-01 9.326546053938815639e-01 9.181362227984489754e-01 8.961900441352362856e-01 9.327772792390698342e-01 9.450637059538344875e-01 9.243769915264782311e-01 9.280720387432839225e-01 9.636606589887830587e-01 9.260639961213840143e-01 9.180412031976128429e-01 9.333783045289508751e-01 9.195269729279078597e-01 9.388872405206307725e-01 9.562201362272354510e-01 9.363461121018947786e-01 9.455850219511712229e-01 9.488948235355837424e-01 8.845805244258241329e-01 9.435421483779072860e-01 9.432096276196941798e-01 8.999912109263897841e-01 9.259004628909419665e-01 9.557330770447016732e-01 9.600741235819956199e-01 9.308850208236267854e-01 9.078147784635135498e-01 8.436906142448530321e-01 9.150075612990140606e-01 9.169304403310407636e-01 9.234706212756020882e-01 9.311474012319779225e-01 9.405483132808672986e-01 8.606229540107727116e-01 9.393850169189688071e-01 9.335505454972339301e-01 9.390073307512948331e-01 9.212689032538105005e-01 9.551761645805864065e-01 9.495924951465569697e-01 9.441382935070202764e-01 9.306532610318591914e-01 9.443283327086926526e-01 9.279053477617567047e-01 9.434516261801318970e-01 9.492937527560126876e-01 9.637441958584003210e-01 9.436297998928779851e-01 9.365517486801393510e-01 9.279212322066094920e-01 9.297606700584457595e-01 9.463849855594191895e-01 9.267530556839430611e-01 9.504193474837424604e-01 9.258314708142019178e-01 9.023677535309886366e-01 9.256154997778602844e-01 9.329298081854271452e-01 9.270449084357560432e-01 9.546098745526424567e-01 9.163805131950836236e-01 9.501212749191859652e-01 9.519037775620620145e-01 9.228306503890036927e-01 9.459408909295293766e-01 9.591853601856550338e-01 9.415537220885061842e-01 9.309831981755480879e-01
9.150290914200494008e-01 7.339368511557790020e-01 9.418007921885656053e-01 5.773812458729848940e-01 8.634978471502705588e-01 9.036998460418044221e-01 9.277483214123386501e-01 8.528541208257921502e-01 9.373258761431448871e-01 8.403676075195387618e-01 9.139570827713410228e-01 8.903539459932453548e-01 9.069475451882083039e-01 9.302515568180523831e-01 9.520264514072502848e-01 9.209849927244239121e-01 9.221728812690160870e-01 9.385751016103311972e-01 9.139433034938784228e-01 9.112249582566644968e-01 8.060522307873587700e-01 9.117039795273449432e-01 8.730064098043367471e-01 9.088638216497841871e-01 9.316420198792307872e-01 9.196657225968025706e-01 9.363130035602137413e-01 9.440242317102461866e-01 9.399537948720102509e-01 9.550822932528721942e-01 9.424499492601390305e-01 9.197350017418229884e-01 7.988823177248691731e-01 9.099512362962112189e-01 9.358729278862505385e-01 9.226164017623449398e-01 9.378175284181662352e-01 9.503410735326005554e-01 9.205642463146791465e-01 9.553735718681242162e-01 9.716416356330321857e-01 9.321441023017759120e-01 9.332694099612252048e-01 8.270420893188931144e-01 9.221106831415805116e-01 9.003350230369681073e-01 9.279937647921420174e-01 9.231792469709232396e-01 9.347941252882375762e-01 9.471389225533648482e-01 9.174657269846937524e-01 9.316072846172936961e-01 9.256345419737982416e-01 9.152349193771476266e-01 9.129948298951996444e-01 9.317260351959821829e-01 9.438039546496975740e-01 9.269043406677516250e-01 9.287518164314411129e-01 9.275417279398258108e-01 9.249614625455188088e-01 9.437983089735149100e-01 9.158397722441017352e-01 9.228825140583423181e-01 9.271358133912387389e-01 9.403776033434133597e-01 9.191709125706960526e-01 9.073634114371851300e-01 9.321322368128497349e-01 9.385126164146151417e-01 9.300940520215003060e-01 8.088894222926880095e-01 9.348534527328684618e-01 9.320555895819637726e-01 9.268450132231208505e-01 9.402243088816414351e-01 9.412818684268994263e-01 9.292695919199853716e-01 9.375387851178281773e-01 9.198393032170610883e-01 9.294183889786965524e-01 9.355302640487940247e-01 9.444018221884934450e-01 9.276294751442233366e-01 9.366274390167571573e-01 9.275200064399368172e-01 9.380709140203959961e-01 9.132376896604788019e-01 9.390257988106718301e-01 9.419133229545104680e-01 9.207019433998787639e-01 9.378950368538936377e-01 9.258183613627269937e-01 9.414139198359164906e-01 9.430386306139597608e-01 9.400762773383448678e-01 9.403599007994509762e-01 9.285016842697233486e-01 9.436603248200348126e-01 9.577069585412254504e-01
9.253951270278847341e-01 9.150637309925596652e-01 8.563198961759277417e-01 7.100203315048350117e-01 9.203277977409972666e-01 9.194717601286304109e-01 9.463332175795073908e-01 9.095482881198556635e-01 9.111123318012926964e-01 9.252539851233194668e-01 6.659972624213682524e-01 7.970488604622094631e-01 9.326396778432970436e-01 7.602741697712278590e-01 6.758262411211543030e-01 8.616686480671045256e-01 8.992438765028949454e-01 9.044517735577868311e-01 8.621871890710632869e-01 8.801009195984891287e-01 9.289769736527577759e-01 8.564991224723689234e-01 8.901246741265752549e-01 8.423982328461691038e-01 9.142736233952746261e-01 7.107051328879003815e-01 9.093867643673769763e-01 8.420819792905160917e-01 9.158303946802729412e-01 8.705210683214390510e-01 7.955790230214806469e-01 9.024560748719471226e-01 9.162666427771631872e-01 9.327852214614962278e-01 9.577639894396124953e-01 9.093480101495132750e-01 9.556292540165977067e-01 9.499428141381593971e-01 8.859131910732008786e-01 8.444398624568842937e-01 9.533257224446654021e-01 9.438351494028420774e-01 9.345823645866763174e-01 9.230597308768201392e-01 9.576225604667667479e-01 9.517431150144246566e-01 9.113785397867167903e-01 9.481993527814275291e-01 9.457072173492253597e-01 9.336059496753649212e-01 9.492574864632464804e-01 9.424193286435553762e-01 9.312458656521798162e-01 9.360398102466314096e-01 9.526874739677498871e-01 9.328898100050146969e-01 9.441130314983388061e-01 9.513127039725706169e-01 9.448559642081997278e-01 9.284950816992725287e-01 9.517767976926666540e-01 9.507690923387839277e-01 9.400446041380661200e-01 9.361454513738449723e-01 9.750674128027553289e-01 9.395920888386157799e-01 9.077935354107586896e-01 9.529247837462732074e-01 9.188588693498231930e-01 9.467437252205820331e-01 9.362753976154718494e-01 9.150596163472062283e-01 9.469124256800726114e-01 9.442739811142566442e-01 9.315267141199079504e-01 9.319954009324915578e-01 9.090049635543494544e-01 9.468065931740053953e-01 9.422405807942483280e-01 9.463799140197974857e-01 9.429647583764517726e-01 9.404119558476431440e-01 9.368172868395757691e-01 9.165378266127821583e-01 9.463750338590294353e-01 9.077485613801513642e-01 9.278818081627580039e-01 9.576370095702172458e-01 9.572306165744960404e-01 9.025970253976587365e-01 9.534795910429982868e-01 9.452880019703097103e-01 9.442929276207677747e-01 9.325392996345587271e-01 9.221818760751375743e-01 9.514188235469183130e-01 9.607136160214598819e-01 9.444451694988446055e-01 9.324152861373948831e-01 9.457033897721524029e-01
8.144484995440237629e-01 8.126385340356492293e-01 8.432240325996596120e-01 9.202064635477844590e-01 9.172917636067278169e-01 9.342709911917912446e-01 9.195130979610183219e-01 9.324148076902608606e-01 9.434366029401205500e-01 9.130801848639266138e-01 9.178724070486954378e-01 9.329668399936079659e-01 9.337242218069193855e-01 9.384767328795562413e-01 9.472246602797990134e-01 9.337313985139311656e-01 9.117856026084257826e-01 9.195996012028672117e-01 5.405925845256870366e-01 9.487794220868340789e-01 9.207363915935353749e-01 9.346450411612459153e-01 9.432336456658270141e-01 9.537030258546321804e-01 9.181336391839247657e-01 8.831489149111114711e-01 6.952863606307680966e-01 9.208070103905314774e-01 9.426705133889682342e-01 8.425403316450026381e-01 5.866539340899301624e-01 6.327440383269338220e-01 9.532800785880704009e-01 9.590106312922745957e-01 9.584535274493056756e-01 9.339355040613465109e-01 9.360581826165815800e-01 9.335257619356864822e-01 9.139637810312186694e-01 9.208148569235309333e-01 9.573978816925842183e-01 8.473944648889265574e-01 9.127036469693744491e-01 9.026538649171922390e-01 6.778799754443627368e-01 9.523484463285127877e-01 9.202792832015974644e-01 9.465862204240298450e-01 9.294270010271107330e-01 9.351853036650937812e-01 9.378965678847227538e-01 8.734556716632750906e-01 9.342340550730371396e-01 9.296852667901084333e-01 9.451556634930122769e-01 9.607435668120557493e-01 9.508566481643278001e-01 5.901898976346410253e-01 9.310223351511190959e-01 9.411857005529413733e-01 9.483976212738066680e-01 9.272429855492815287e-01 9.141114298168080410e-01 9.089686015721564205e-01 9.539228244680466595e-01 9.335462394730268398e-01 9.314816443998739093e-01 9.246096125230872653e-01 9.085085268079869936e-01 9.576667689819594598e-01 9.432762274607635611e-01 9.250714096969394618e-01 9.228267271225039092e-01 9.193577940212831479e-01 9.326879053144162546e-01 9.136371930174687073e-01 9.450479171984085269e-01 9.470121340628231410e-01 9.406883069123106456e-01 9.596645728351892446e-01 9.416258719163314028e-01 9.506208694166337070e-01 9.462549436283654858e-01 9.305442707747068054e-01 9.319248778249222820e-01 9.269826146188936411e-01 9.546103529997765902e-01 9.524637520878355135e-01 9.600588132737037927e-01 9.605647232733218743e-01 9.430646581380559557e-01 9.657401816125205096e-01 9.504227923031081104e-01 9.525736035498294507e-01 9.559786161139318672e-01 9.528955984710919536e-01 9.407575860573311743e-01 9.535196849128375618e-01 9.277677463659839141e-01 9.451182489271240383e-01
8.320462635840768506e-01 7.042856163105639666e-01 8.314233254154531627e-01 5.855277652256394294e-01 9.307319177407085142e-01 9.462871909652050828e-01 9.444977029941709068e-01 9.164741931439442935e-01 9.286723942071772875e-01 9.530517636156685679e-01 9.265195734824926976e-01 8.322718035631009315e-01 7.630087822110018791e-01 8.688521490282030690e-01 9.230268137139927553e-01 9.186576344852125375e-01 9.169528316569175441e-01 9.201669438145062552e-01 7.592010128493976717e-01 9.139664603351698169e-01 8.759123063181255553e-01 7.052957139001172493e-01 9.176910755848640688e-01 9.032417807555983558e-01 9.568817329242960135e-01 9.363825697735146392e-01 9.530535817147781641e-01 9.154512731711965667e-01 9.501111318399426686e-01 9.254709130539293671e-01 9.429169136630397574e-01 9.420954199337564505e-01 9.358908218090665754e-01 9.407576817467580010e-01 9.368880970154254140e-01 9.345348069415447823e-01 9.221187210534337320e-01 8.947015951009902324e-01 9.356729369841885191e-01 9.391080917177404563e-01 9.322049607772359137e-01 9.058320935397219387e-01 9.365321323476404336e-01 9.122421368638027328e-01 9.420293942292479183e-01 9.229050967630727520e-01 9.473427410324998243e-01 9.283260941715014702e-01 9.340816218161066553e-01 9.446897516738065326e-01 9.488505193309643149e-01 9.380554123332505156e-01 9.404537721271651884e-01 9.246655908377792166e-01 9.284082913891432698e-01 9.216002757389016864e-01 9.186596439631757871e-01 9.283345148410619974e-01 9.106440277464163957e-01 9.015308538039866759e-01 9.554598837311193416e-01 9.537085758413879066e-01 9.358648899743973182e-01 9.353606066950351794e-01 9.455925814158903098e-01 9.239301219032105550e-01 9.478838647411890195e-01 9.509287979921530187e-01 9.347258030374853144e-01 9.359325423991617932e-01 9.160180416462746500e-01 9.463256581147883040e-01 9.412004367246722403e-01 9.329378460972803655e-01 9.636391288677476075e-01 9.546557097880911114e-01 9.431164261179676433e-01 9.544383990997740153e-01 9.378795351667481572e-01 9.581362213099575698e-01 9.066069865181419773e-01 9.360683256958249876e-01 9.343431410196164633e-01 9.281081136571965873e-01 9.250529416375624647e-01 9.405787425185972994e-01 9.180513462768561395e-01 9.433537358964909636e-01 9.384567337893500172e-01 9.284551792082869071e-01 9.605272130180069201e-01 9.459501728039312329e-01 9.372321005048575016e-01 9.483159025032990019e-01 9.394304693967102660e-01 9.315346563423343440e-01 9.264058944434259146e-01 9.359628759474649673e-01 9.385338594673701129e-01 9.332509419018482077e-01
9.553960588834278234e-01 6.587139573880923527e-01 8.998769577507620410e-01 5.031433790650237103e-01 9.501875876919749775e-01 9.386552893500096362e-01 9.571789442840110684e-01 9.515317370705705935e-01 9.268161150162199657e-01 9.148051781612814848e-01 7.999247583406889905e-01 7.359185791853023462e-01 9.251851844254330715e-01 9.287063639536997650e-01 9.138557476683345504e-01 9.144678729317271548e-01 9.341386527144937002e-01 9.253374263035100133e-01 9.128787586204623050e-01 9.241893445604765223e-01 9.357754203603169119e-01 9.310944849789443145e-01 9.280590249812359360e-01 9.511711793102980428e-01 9.283695371712795685e-01 9.137153712791837856e-01 9.159643598778264284e-01 9.157116441015844543e-01 9.576003605197436208e-01 9.223700971777001323e-01 9.312224217426079420e-01 9.438925630589364291e-01 9.284169034375573393e-01 9.499866398956446911e-01 9.138257011883117453e-01 9.561886544058103565e-01 9.083180091591805949e-01 9.407439024692954010e-01 9.497082793530139400e-01 9.202912443799504683e-01 9.412791891229483898e-01 9.352635776162357972e-01 9.378455654202255687e-01 9.357338911490753475e-01 9.343253427862272531e-01 9.223836850763091899e-01 9.308017710222900032e-01 9.287954508100728646e-01 9.404242040942766279e-01 9.302160560407007894e-01 9.653942643345519992e-01 8.926804430276154001e-01 8.444034047852644331e-01 9.393708548837989003e-01 9.405580736024032884e-01 9.147786721900512674e-01 9.146922646376292043e-01 9.228161055961264791e-01 9.669696950577810757e-01 9.367629352451397606e-01 9.334638508765314979e-01 9.620621671136894149e-01 9.448383573536641711e-01 9.217522305486981482e-01 9.414063603711974038e-01 9.477849218738531034e-01 9.296324462265016519e-01 9.319469820825186934e-01 9.437385030817500020e-01 9.228998338445973948e-01 9.439062466469723134e-01 9.406192191461437702e-01 9.303774841037527610e-01 9.385939524274155010e-01 9.604218589590737265e-01 9.682882953594146302e-01 9.550583708961661866e-01 9.528454572114362087e-01 9.422405807942483280e-01 9.272921699146690067e-01 9.565069174394267293e-01 9.292609798715711911e-01 9.142430984681176875e-01 9.475220630183678328e-01 9.487014352039726539e-01 9.488312857561727043e-01 9.255953093088004069e-01 9.302784455469899072e-01 9.245480842216394768e-01 9.348502949817832919e-01 9.394531477908675265e-01 9.290406071215957517e-01 9.565541880162776733e-01 9.263945074016338710e-01 9.522766792583947648e-01 9.425310938940857364e-01 9.454182352802170675e-01 9.297221072194357117e-01 9.393230101703869961e-01 9.438024236188683469e-01
6.589726059087973598e-01 9.056012906422226116e-01 9.412509607420352920e-01 9.105904416673950008e-01 9.294342734235493397e-01 7.008374956596773453e-01 9.132103224844071443e-01 9.259673498002918279e-01 9.267037756291287565e-01 7.528773292330254163e-01 9.006487886675237364e-01 7.430567712027997818e-01 9.316408716061089779e-01 9.424684173195160275e-01 8.290561603746829933e-01 8.177637554257652930e-01 9.166267220903016044e-01 9.165987807776689866e-01 9.348990965894634630e-01 9.218478242860952410e-01 9.512579696204273016e-01 9.163533373978656194e-01 9.107163689530952677e-01 9.339045006870556609e-01 9.361261221096265350e-01 6.878478473471837384e-01 9.445838234783124898e-01 9.046648739113237747e-01 9.313944713320373436e-01 9.378666170941268865e-01 9.122983065573483374e-01 9.251080587474129757e-01 9.363284095579323951e-01 9.342960618216190616e-01 9.399114044559272463e-01 9.410848438970690344e-01 9.339475609291263414e-01 9.567292039779387025e-01 9.510486011545365992e-01 9.561407140029715146e-01 9.559987108935648070e-01 9.445292805050228280e-01 9.463947458809551794e-01 9.612650741882461380e-01 8.516438409553231947e-01 9.327235017811947859e-01 9.487739677895051793e-01 9.253783813781906176e-01 9.392508603425617775e-01 8.888804245095838219e-01 9.378954196116008335e-01 9.478558277391296860e-01 9.224656909150972250e-01 9.343131902290205959e-01 9.652720689364978623e-01 9.294084372783069092e-01 9.464485233388302277e-01 9.479856782913297364e-01 9.412544055614009419e-01 9.551321474442474591e-01 9.393647307604822139e-01 9.294382923794759499e-01 9.283003537156858664e-01 9.253488133453020570e-01 9.322855312746216594e-01 9.357878599858040491e-01 9.297977018666265803e-01 9.102177313499159039e-01 9.370334492547710559e-01 7.374644897203561644e-01 9.154227577220029888e-01 9.011032177555106104e-01 9.444501453490394827e-01 9.216512782033988715e-01 9.465178024838507564e-01 9.349731602058251045e-01 9.309880783363161383e-01 9.211370432236470895e-01 9.334086380772540492e-01 9.310113308670343590e-01 9.137952719505817445e-01 9.272596355095489296e-01 9.069653434215976251e-01 9.416499856518910638e-01 9.256052610091901611e-01 9.303171040754267818e-01 9.144058661831452328e-01 9.341778853794915349e-01 9.500539095627019703e-01 9.390297220771716136e-01 8.939740683888479644e-01 9.262292517615089427e-01 9.277014335931949018e-01 9.334338043965086928e-01 9.234173222648611734e-01 9.524382987003003898e-01 9.387858097281974734e-01 9.083916900178349296e-01 9.341572164632976349e-01 9.361896598890376842e-01
7.100146379839389343e-01 8.423733535951949403e-01 9.203781303795066648e-01 9.240613121073861791e-01 9.361658332217585032e-01 9.236074571559602653e-01 9.436803239102410368e-01 9.171655492527470699e-01 9.455978443343655560e-01 9.362112856994998511e-01 6.429282161790902395e-01 8.714351894158879341e-01 9.367648490336762945e-01 8.938538824687570772e-01 5.954004739934840584e-01 8.931108540694693287e-01 9.322488822241481454e-01 9.622212029410708301e-01 6.804863162074792360e-01 5.803970895381943551e-01 9.493587258768261261e-01 9.257923338386309098e-01 9.394649175903668770e-01 9.517023513185975947e-01 9.312519897754965026e-01 9.152996054296806960e-01 9.508669826224247501e-01 9.444314859108088323e-01 9.220327919481458023e-01 8.837283143905302341e-01 9.206982115122326338e-01 9.351683666365460113e-01 9.304827424732590169e-01 9.141206160017830706e-01 9.401779951990586470e-01 9.422125437921888835e-01 9.389493429586395212e-01 9.360678472486908541e-01 9.572790354244689048e-01 9.393738212560304168e-01 9.379127393978560212e-01 9.138315382433480627e-01 9.279136727418904051e-01 9.341605655932364582e-01 9.323944258423473297e-01 9.237770188202922839e-01 9.218279208853158435e-01 9.212532101878113666e-01 9.619371967222574149e-01 9.454439757360326713e-01 9.418254800606861155e-01 9.553060151327864569e-01 9.484336004982925061e-01 9.536585302711589884e-01 9.703465749303972210e-01 9.482407863032422668e-01 8.236382250279126183e-01 9.614316694803466401e-01 9.640041840310809018e-01 9.744810279951783283e-01 9.463231701896909209e-01 9.429886807331577803e-01 9.651760924413934628e-01 9.553900304495378526e-01 9.218787319709593753e-01 9.545816461717293588e-01 9.474602476486395641e-01 9.549909098502553650e-01 9.111345317483158235e-01 9.478787932015674267e-01 9.418389722698683464e-01 9.362197063690603782e-01 9.193856396444889389e-01 9.365500262704565815e-01 9.297216287723015782e-01 9.672209754926206493e-01 9.582671244458527138e-01 9.508836325826921509e-01 9.636576926165514312e-01 9.365419883586033611e-01 9.519547800265590887e-01 9.313484447177350356e-01 9.438535217727923587e-01 9.393606161151287770e-01 9.403964541604976635e-01 9.465628722038847975e-01 9.493894421828366070e-01 9.451208325416483591e-01 9.355322735267573853e-01 9.529445914576257781e-01 9.470822744126851100e-01 9.589246064975598394e-01 9.187072016083073223e-01 9.282829382400038520e-01 9.345768145999204801e-01 9.100086499523055705e-01 9.311506546724900302e-01 9.497850222733267289e-01 9.507695707859180612e-01 9.424854500374907351e-01
7.584666443432374061e-01 9.279619002130096161e-01 5.727954736265886693e-01 9.462899659585829459e-01 9.316119733992080931e-01 9.160927750886240784e-01 8.583988446631042324e-01 9.451213109887824926e-01 9.309321957110510137e-01 8.407614652003460032e-01 7.587374932658625948e-01 9.489822836717007881e-01 9.452850355980781938e-01 9.029657167592113343e-01 9.206364918319311919e-01 9.473475255038409371e-01 9.207147657830732079e-01 9.273543680421045821e-01 9.169151300227489365e-01 9.514267657693447067e-01 9.365417969797497078e-01 9.118219645906189275e-01 4.958312715142737526e-01 9.488396107363064047e-01 7.962617670818692428e-01 8.634638774037480813e-01 8.093206945393834895e-01 8.506515415991591222e-01 9.364174964143053836e-01 9.371499989766425287e-01 8.074936963130343592e-01 9.322734744068418289e-01 8.264513027976821968e-01 9.500307527214105763e-01 9.416939070988032956e-01 9.455615780415993488e-01 9.525490113671356562e-01 9.257183659116959840e-01 9.110166423744687769e-01 9.269728542973576513e-01 9.451832220479374769e-01 9.392507646531349508e-01 9.561580337892267023e-01 9.026667829898133988e-01 9.490342430304662402e-01 8.902937573437731400e-01 9.330493242795302455e-01 9.283783405985474024e-01 8.862061920981356700e-01 9.321511833193608654e-01 5.344981249312714677e-01 9.490499360964653741e-01 9.283782449091205757e-01 9.390072350618680064e-01 9.391075175811794962e-01 9.228396451951251800e-01 8.968076236959579006e-01 9.446234389010176313e-01 9.335078680128704454e-01 9.221065684962270748e-01 9.415139152869475003e-01 9.352284595965913994e-01 9.224937279171566695e-01 9.386185446101092955e-01 9.130522435512939960e-01 9.279790286204111505e-01 9.379768513138280195e-01 9.581143084312149227e-01 9.016655845169547767e-01 9.125807817453326365e-01 9.437673055992239490e-01 9.002834464359100730e-01 9.242932632780073154e-01 9.201610110700431111e-01 9.400865161070149911e-01 9.599980504876706178e-01 9.556267660915002127e-01 9.404433419796414118e-01 9.185686433182662647e-01 9.212277568002762429e-01 9.164425199436655456e-01 9.520158298808727437e-01 9.332957245536018798e-01 9.365595952131389179e-01 9.291964851978918860e-01 9.324245680117968504e-01 9.247546776941523161e-01 9.401067065760748687e-01 9.410799637363009840e-01 8.936352321284645184e-01 9.261170080638444491e-01 9.278015247336527382e-01 9.668084583735827575e-01 9.215114759508091780e-01 9.196958647662520914e-01 9.314824099152885228e-01 9.129430619152879567e-01 9.304428399822733953e-01 9.489586483832753716e-01 9.286372761875328896e-01
8.793883204369313811e-01 8.315542285513483067e-01 8.035035429039035781e-01 8.940644948971965267e-01 8.176781133887578434e-01 9.267624332477717441e-01 9.040431797052487228e-01 9.325585332093503377e-01 9.335783911204397212e-01 8.811443171085771020e-01 8.502796924865213546e-01 9.026036279681096675e-01 9.406745276348480456e-01 9.354686400579194094e-01 9.279007546692691344e-01 9.229350475536686194e-01 9.337015434127621250e-01 8.929397613743081941e-01 9.429158610793447748e-01 8.989592961475205701e-01 8.953967787868660766e-01 9.085294827924613736e-01 9.255053612475859781e-01 8.883539412831986670e-01 9.065386642673897155e-01 9.006560610639623432e-01 9.115542255743656064e-01 9.276634448907458141e-01 9.405756804569389562e-01 9.566108361569575225e-01 9.424184674387139360e-01 9.592360755818717388e-01 9.275952183294203790e-01 9.316326423154021041e-01 9.488877425179987890e-01 9.313490188542959958e-01 9.362048745079026846e-01 9.615297511428411159e-01 9.407332809429178599e-01 9.109977915573844731e-01 4.514423817520591409e-01 9.156542304454901027e-01 8.521767353733056272e-01 8.847835773895444955e-01 9.315722622870762359e-01 9.138591924877002004e-01 9.282008367117889902e-01 9.160641639500037847e-01 9.216706074676173088e-01 9.242782400379959684e-01 9.239361503371004147e-01 9.168904421506283153e-01 8.607799803601907662e-01 9.368933599339007712e-01 9.376437564190539531e-01 9.431456113931490082e-01 9.475092406351733887e-01 9.199378633266896976e-01 9.482466233582785842e-01 9.549655521521469570e-01 9.168133164726082196e-01 9.511599836473596525e-01 9.409946087675740145e-01 9.248734282728408029e-01 9.243830199603682019e-01 9.225654949872745814e-01 9.282417917864695944e-01 9.659129010279376981e-01 9.261329881981240630e-01 5.612678640665377250e-01 9.418316041840029129e-01 8.852940804816501474e-01 9.465884212808468590e-01 9.405944355845964333e-01 9.559158438499353316e-01 9.426444858648720393e-01 9.257976924465329827e-01 9.487877470669677793e-01 9.548691928993352507e-01 9.408950917636771383e-01 9.557103029611175860e-01 9.195444840930165897e-01 9.155502160385324828e-01 9.265332570705284709e-01 9.306970867893445964e-01 9.494313541517854782e-01 9.366536579197068946e-01 9.242659917913624845e-01 9.283874310940956054e-01 9.474661803931025972e-01 9.353795532015463099e-01 9.372797538394157524e-01 9.403792300636694135e-01 9.452897243799925908e-01 9.446775034271731597e-01 9.324044732321637996e-01 9.364249601895976438e-01 9.447944359067519393e-01 9.361107161119078812e-01 9.427175925869655249e-01
8.982616245365474539e-01 9.011794822286892659e-01 8.924311720707390760e-01 7.990996284131862692e-01 7.634031183389432540e-01 8.921036271627207359e-01 9.341314760074819201e-01 8.645280395194568923e-01 8.123785458629686484e-01 9.270435687837804695e-01 8.808365799119113326e-01 9.246056892565874819e-01 9.341080320979100460e-01 9.201211085790576005e-01 9.189600130739761230e-01 8.651628431770067573e-01 9.301523268824359869e-01 6.163660752553185018e-01 9.285030239216989223e-01 9.333639511149273149e-01 9.201988083936385454e-01 8.857098510412000358e-01 9.341313803180550934e-01 9.373881699600072892e-01 8.806669225581525984e-01 9.108355979789178880e-01 9.232298666777131180e-01 9.341570250844439816e-01 8.139095766921513597e-01 8.833548385576365236e-01 9.140755462817490296e-01 9.402382795379577995e-01 9.472534627972730714e-01 9.306244585143852444e-01 9.523355282558915169e-01 9.558836922025224503e-01 9.584211844230392519e-01 9.286444528945446697e-01 9.313556214247468157e-01 9.411431187580047153e-01 9.533518456581884237e-01 9.567159031476101250e-01 9.489999862156632826e-01 9.603173661049820842e-01 5.195143568084807928e-01 9.383069798363705694e-01 9.055087589664838621e-01 9.334290199251675801e-01 9.319024864990455015e-01 9.126710168748275454e-01 9.368540315794761097e-01 9.131129106479004554e-01 8.539312010141222320e-01 9.388469552719379552e-01 9.100620446524733120e-01 9.283046597398929567e-01 9.153879267706391820e-01 9.320716654056702133e-01 9.455680849226233420e-01 9.356863335039438123e-01 9.535127952741061508e-01 9.196481157422669028e-01 9.135268631083406365e-01 9.383648719395990545e-01 9.428060096173508375e-01 9.606233808919649730e-01 9.494073361056526439e-01 9.237829515647553169e-01 9.219193999773594994e-01 9.291582094271623182e-01 9.069760606374018819e-01 9.283600639180239478e-01 9.394816632400609935e-01 9.706123044686872925e-01 9.489796043677497517e-01 9.325632219912647347e-01 9.474953656682839620e-01 9.353487412061090023e-01 9.279071658608664119e-01 9.346180567428815644e-01 9.547582888536463308e-01 9.402815311588821334e-01 9.327238845389020927e-01 9.484079557319036180e-01 9.209400186938166977e-01 9.234893764032595653e-01 9.423648813596925411e-01 9.287012924140780612e-01 9.273837446961394892e-01 9.370789017325124037e-01 9.103471034549818208e-01 9.324976747338903360e-01 9.426355867481774897e-01 9.313939928849032102e-01 9.373368804272296240e-01 9.399207820197560403e-01 9.345905938773830801e-01 9.456162167043157263e-01 9.364052481676720108e-01 9.182619587052955890e-01
9.057083671108385747e-01 5.159844695423732031e-01 9.167711174353788683e-01 7.637750631410078483e-01 9.279184572132316289e-01 8.960263195259405844e-01 9.339838272218926596e-01 9.257486994599991581e-01 6.773461719768254508e-01 9.411740264428688496e-01 9.220641780801440701e-01 9.486067983608438281e-01 8.967104989277316918e-01 9.314813573315934292e-01 8.778507827267245656e-01 8.896690010760397449e-01 9.132993136513534171e-01 5.479512928273002625e-01 9.599277187589549953e-01 9.560520099043057218e-01 9.580672292332175211e-01 5.607341084437139633e-01 9.621460867410139839e-01 9.489139614209485263e-01 9.435398518316635563e-01 9.080292184690259560e-01 9.309857817900724086e-01 9.268262580954633734e-01 9.175321354469095914e-01 9.089298473542927193e-01 9.559165136759231185e-01 7.601187222973524449e-01 9.395386941384480384e-01 9.597036141213334259e-01 9.471092588310494609e-01 9.310874039613593611e-01 9.209993461384474722e-01 9.411937384647945937e-01 9.233847878597409853e-01 9.444424901948935691e-01 9.439952378139185862e-01 9.150597120366330550e-01 8.908033992310373517e-01 9.494721178476125401e-01 9.373853949666294261e-01 9.558033130839903579e-01 9.429996850172425171e-01 9.163805131950836236e-01 9.102965794376187691e-01 9.373005184450365901e-01 9.109960691477015926e-01 9.472834135878689388e-01 9.155026583934010587e-01 9.323234242876439204e-01 9.390456065220244009e-01 7.310473653786904169e-01 9.514697303219886715e-01 9.468532896142953792e-01 9.409136555124809620e-01 9.263263765297351515e-01 8.624541625719019944e-01 9.496627311858457654e-01 9.392251198867460626e-01 9.580935438255940850e-01 9.611508210126183949e-01 9.371265550670706546e-01 9.391117279159597597e-01 9.390014936962586267e-01 9.364901246892647357e-01 9.403873636649494605e-01 9.441711149804209446e-01 9.476126809055700484e-01 9.396243361754554879e-01 9.586345718448565645e-01 9.300290789006867564e-01 9.326981440830864889e-01 9.243580450199671006e-01 9.175914628915403659e-01 9.464478535128424408e-01 9.548962730071264282e-01 9.282544227908103851e-01 9.336235565299005890e-01 9.278946305459524480e-01 9.242105876132314934e-01 9.208380137648223274e-01 9.601916301981354707e-01 9.430788201732258624e-01 9.297558855871045358e-01 9.306310610848360643e-01 9.324272473157478869e-01 9.509699444456872763e-01 8.989218815816324426e-01 9.243526864120650277e-01 9.214980794310537737e-01 9.470826571703924168e-01 9.146310234044618959e-01 9.447944359067519393e-01 9.194900368091537546e-01 9.400646989176991708e-01 9.544658619652724996e-01
7.725324637945063522e-01 9.333853855465358285e-01 6.092937175634759450e-01 9.174759657533638757e-01 9.259052473622830792e-01 9.375065377809884692e-01 9.129754049415543804e-01 9.286489502976054133e-01 9.074982378395800575e-01 9.590527346400771203e-01 9.477347806141973585e-01 9.457295129856753135e-01 9.054941184841798218e-01 4.346012818546161061e-01 8.706741714043573221e-01 9.031165232958858757e-01 9.213007678329429018e-01 6.621359069807425390e-01 7.310799476285240184e-01 8.789701576417108253e-01 5.905495941900721357e-01 9.174277382822446647e-01 9.151671712629563249e-01 9.368967090638395945e-01 9.204556388152339563e-01 8.409209794748614408e-01 9.441514029584952006e-01 9.311262538686498891e-01 9.205738152573614830e-01 9.088103312601896189e-01 9.117557475072567419e-01 8.772427721086853980e-01 9.188855666999070637e-01 9.041068131740865876e-01 8.102220889400647552e-01 9.344341416645259857e-01 9.327082871623297855e-01 9.180656996908796996e-01 9.276592345559655506e-01 9.540917163063908912e-01 9.292224170325611432e-01 9.431144166400043938e-01 9.387204538496767281e-01 9.524208832246184864e-01 9.403738714557672296e-01 9.328028283160317846e-01 9.237110888052105784e-01 9.230791558304654032e-01 9.148473771985108360e-01 9.457403258909063970e-01 9.083397306590695885e-01 9.524166728898382228e-01 9.453132639789912917e-01 9.258922336002350928e-01 9.510598925069018161e-01 9.141755417327800393e-01 9.354981124013811433e-01 9.238161557958632919e-01 9.690886417253699037e-01 9.347576676166177156e-01 9.291892128014532792e-01 9.636142496167734439e-01 9.245832022412837636e-01 9.216309920449121673e-01 9.352289380437255328e-01 9.154232361691371223e-01 9.436941988771304635e-01 9.409913553270620179e-01 9.354308427343239751e-01 9.869415137773357438e-01 9.520043471496538734e-01 9.287470319600998891e-01 9.380148400162771072e-01 9.201137404931921671e-01 9.540809990905866345e-01 9.496242640362625442e-01 9.507121571298237095e-01 9.384608484347034540e-01 9.401451737256580898e-01 8.905426455429421573e-01 9.388889629303136530e-01 9.340948269570084062e-01 9.098654985697770536e-01 9.419495892472767862e-01 9.220381505560479862e-01 9.306922066285765460e-01 9.274068058480040566e-01 9.576675344973740733e-01 9.386641884667042968e-01 9.349402430429977207e-01 9.243339312844075506e-01 9.401675650515348703e-01 9.306525912058715155e-01 9.397760039169713586e-01 9.203233003379365229e-01 9.486390456976834251e-01 9.452741270034202836e-01 9.476581333833113963e-01 9.214631527902630292e-01 9.427783553729986998e-01
6.061589319407243437e-01 8.247506146147406403e-01 6.762909568225247137e-01 8.696090523943802442e-01 9.245447350917006535e-01 9.107750265717383664e-01 9.355642337953165022e-01 9.126753228990346356e-01 8.985929013322118131e-01 9.461897791286983939e-01 9.310117136247416658e-01 9.360049792952674919e-01 9.314861418029346529e-01 9.140391842995559957e-01 5.139735083929550807e-01 9.098499011932047464e-01 9.395181209116809651e-01 9.218486854909366812e-01 9.387749011335395632e-01 9.217529003746859351e-01 9.294817353792539372e-01 9.464895741029376586e-01 9.196763441231800007e-01 9.387939433294775204e-01 9.491910780010306414e-01 9.567613556253514728e-01 9.404154006670087940e-01 9.293027004616664088e-01 9.478518087832030758e-01 9.365515573012856976e-01 9.426221902284220855e-01 9.159592883382047246e-01 9.402370355754090525e-01 7.386073085449142983e-01 5.776225746074348244e-01 9.089387464709873798e-01 9.299339636104237972e-01 8.963699402576652542e-01 9.189770457919507196e-01 9.468878334973788169e-01 8.610056160286415627e-01 9.480225187206569037e-01 9.250022262413457597e-01 9.572346355304226506e-01 8.799478165155708576e-01 9.439914102368456295e-01 9.250087331223697529e-01 9.264667529188859163e-01 9.290675915399601026e-01 9.360546421077891033e-01 8.728081413119576082e-01 9.314315988296449911e-01 9.322940476336090132e-01 9.184209945326770042e-01 8.243286242424472388e-01 8.893168639853277213e-01 9.366887759393512924e-01 9.132231448676015884e-01 9.068470712900432718e-01 9.304095400617387046e-01 9.498151644427762497e-01 9.062582942467956038e-01 9.467663079253124669e-01 9.298667896327934557e-01 9.195425703044801669e-01 9.264161332120960379e-01 9.543031899396717810e-01 9.521259684111471611e-01 9.164040527940823244e-01 9.614223876059446727e-01 9.414495163026949109e-01 9.571907140835104189e-01 9.236767363009807941e-01 9.265864603918425590e-01 9.352916146182951307e-01 9.475524922560978336e-01 9.276190449966995599e-01 9.495419711291939180e-01 9.319828656175775938e-01 9.524807848058102211e-01 9.413215795390313945e-01 9.469932832457388372e-01 9.380082374458262873e-01 9.211335027148546128e-01 9.428684948130668930e-01 9.505929281040010892e-01 9.400896738581001610e-01 9.597853328918410920e-01 9.460626078804493799e-01 9.257609477066326420e-01 9.396008922658836138e-01 9.265583277003563989e-01 9.580584258059497982e-01 9.442833586780853272e-01 9.437497944341152190e-01 9.376871994188320514e-01 9.368638875904390373e-01 9.472905902948807189e-01 9.188268133918372493e-01 9.593370279271710155e-01
9.232707260629668955e-01 9.165881592512915566e-01 8.910538184610355961e-01 8.904257130633633777e-01 9.209008817182456896e-01 6.710890882015226877e-01 9.265540216761493086e-01 9.293995381616122486e-01 9.058631926034397264e-01 9.654015367309906059e-01 8.913680625387253587e-01 9.259994057582778826e-01 9.250863372475239821e-01 8.735052387863698753e-01 9.226354439582828970e-01 9.172525309417300932e-01 6.612671426746081771e-01 9.327713464946066901e-01 7.190590112284822588e-01 9.311240530118329861e-01 9.496137381993119408e-01 8.777157649454759847e-01 9.134944243926473861e-01 9.131077434188519248e-01 9.617176851771233048e-01 8.172324877280389144e-01 7.777904064196271561e-01 9.340914778270695829e-01 8.525822671641853923e-01 9.586199313625525242e-01 9.386206497774993718e-01 9.191556979518310522e-01 9.616493629263710430e-01 9.315694872936982618e-01 9.499516175654271199e-01 9.227935228913960453e-01 9.344909811840593772e-01 9.257809467968388661e-01 9.072797788781410411e-01 9.493469560773267757e-01 9.350361238486752935e-01 9.341487001043102811e-01 9.271297849573488792e-01 9.096748852315437173e-01 9.291680654381251347e-01 9.394403254076730825e-01 9.440790617518163286e-01 9.345102147588509878e-01 9.334946628719688055e-01 9.328862694962222202e-01 9.256887978788074234e-01 9.300379780173814170e-01 9.393537264763974770e-01 9.347398693832283945e-01 9.146161915433042022e-01 9.271166755058739550e-01 9.647516141440025672e-01 9.553481184805889814e-01 9.286510554649954896e-01 9.294026002232705919e-01 8.959504378104692357e-01 9.393813807207495037e-01 9.288238705698395048e-01 9.270292153697569093e-01 9.031642723198709533e-01 9.532274494033172729e-01 9.478366898537649021e-01 9.419311211878997891e-01 9.346219800093813479e-01 9.432324017032782670e-01 9.248012784450155843e-01 9.337982854232810270e-01 9.484134100292326286e-01 9.366675328865963213e-01 9.244047414602571955e-01 9.336075763956209750e-01 9.229497837253994863e-01 9.498012894758868230e-01 9.421779042196786191e-01 9.281808376215827661e-01 9.618933709647720098e-01 9.690120901839107681e-01 9.616034320014955616e-01 9.448292668581158571e-01 9.510159710599895844e-01 4.905683051942446582e-01 9.320573119916466531e-01 9.387766235432223327e-01 9.594370233782020252e-01 9.248177370264292207e-01 9.195136720975792821e-01 9.255049784898786713e-01 9.306335490099335583e-01 9.432087664148527395e-01 9.486487103297926993e-01 9.481583020173200982e-01 9.478939121310056004e-01 9.429169136630397574e-01 9.435296130629933220e-01 9.284022629552532990e-01
9.236062131934116293e-01 6.349485313421032728e-01 9.322328064004417048e-01 7.771448377015595099e-01 9.506985692312146519e-01 6.506298753864403484e-01 9.392064604485154122e-01 9.133314652987662985e-01 9.647511356968684337e-01 9.118104818594000571e-01 9.346541316567942292e-01 9.452406357040318285e-01 9.698399951047913525e-01 9.036886503788660319e-01 9.196753872289117338e-01 9.053780472094423715e-01 9.491448600078746800e-01 9.049293594870649882e-01 9.345542318951900462e-01 9.160626329191745576e-01 9.518523923398575226e-01 9.199334616130558917e-01 9.237206577478930258e-01 9.573937670472307815e-01 9.252993419116339879e-01 9.488349219543920077e-01 9.440766695161456612e-01 9.289114263953833772e-01 9.383894641222927380e-01 7.278699022715753308e-01 8.918969380007810699e-01 8.671730866557236794e-01 6.233736990499146868e-01 9.083218367362535517e-01 8.914225098225880828e-01 9.064006801139096181e-01 9.385126164146151417e-01 9.419791572801653468e-01 9.240104053323158206e-01 9.544315094610427153e-01 9.422373273537363314e-01 9.579532631258702580e-01 9.325355677469125970e-01 9.352274070128963057e-01 9.255776067648380234e-01 9.557107814082517194e-01 9.329084694432454583e-01 9.440953289543764226e-01 9.233113940693671307e-01 9.244501939379985433e-01 9.357838410298774390e-01 9.411096274586163712e-01 9.367103060603866327e-01 9.505095826132374803e-01 9.636635296715877486e-01 9.455783236912934653e-01 9.122525670113265095e-01 9.209160006476838634e-01 9.493428414319733388e-01 9.353975428137892845e-01 9.485566571011880832e-01 9.182122958927739775e-01 9.538438806909169676e-01 9.375719893489360413e-01 9.181144056091331551e-01 9.425021956871849627e-01 9.429530842663792489e-01 9.533179716010926619e-01 9.602461731714250215e-01 9.416352494801601969e-01 9.561060744304612502e-01 9.451679117396456498e-01 9.204434862580272991e-01 9.352045372398853917e-01 9.348423527593568982e-01 9.230345645575654956e-01 9.323689724548120950e-01 9.312698836983125394e-01 9.215415224308318720e-01 9.253907253142509282e-01 8.767576267146881541e-01 9.513929874016758825e-01 9.367295396351782433e-01 9.321789332531398298e-01 9.255705257472530700e-01 9.391442623210798368e-01 9.207606967079486893e-01 9.336446082038017957e-01 9.551977903910486845e-01 9.173488901945416885e-01 9.269316121543964559e-01 9.424482268504562610e-01 9.413549751489929118e-01 9.368278126765263725e-01 9.444120609571635683e-01 9.289891262099644331e-01 9.507251708918716959e-01 9.065943555138012977e-01 9.170807684205811716e-01 9.360971282132989346e-01
7.072074929586323888e-01 9.229457647694728761e-01 6.458163144594898375e-01 9.386299316519013392e-01 9.438405080107442613e-01 7.672967211164086754e-01 6.934209909442625719e-01 9.045000010289061532e-01 8.347826941229605779e-01 9.361166488563710253e-01 9.285780444323288307e-01 9.063949387483002385e-01 9.459063470464459389e-01 9.313142835923589047e-01 8.741853035428074348e-01 9.366277260850375264e-01 9.017861531947528597e-01 9.454489515862275484e-01 9.050929884069339737e-01 9.113372019543288793e-01 9.240948990962013498e-01 9.418154326708696455e-01 9.565590681770457238e-01 9.063591509026680537e-01 9.294221208663426825e-01 9.117164191528320805e-01 9.084963742507803364e-01 9.250902605140237656e-01 8.048961111324721696e-01 9.125472904459441814e-01 9.344076356932957683e-01 9.322539537637698492e-01 9.411814902181611098e-01 9.063182915174142762e-01 9.209645151870835544e-01 9.504340836554733274e-01 9.323554802456299750e-01 9.316578086346567478e-01 9.062016461061158656e-01 9.443958894440303009e-01 9.180446480169784929e-01 8.185003726334558749e-01 9.429369127532459816e-01 9.241219792039925274e-01 8.891433790544959193e-01 9.434448322308273127e-01 9.383497530101608808e-01 9.527643125774895028e-01 9.227577350457638605e-01 6.753767878833624172e-01 9.367712602252734611e-01 9.216915634520917999e-01 9.305705853670833694e-01 9.401841193223754445e-01 9.340805692324116727e-01 9.257419055106946848e-01 9.292725582922168881e-01 9.492371046153329495e-01 9.544383034103471886e-01 9.467080330643766750e-01 9.401857460426313873e-01 9.416494115153301037e-01 9.080195538369167929e-01 9.467035356613159314e-01 9.571720546452797684e-01 9.323171087854735806e-01 9.481900709070255617e-01 9.230305456016388854e-01 9.361755935432946041e-01 9.446974068279524461e-01 9.443742636335681340e-01 9.240926025499576202e-01 9.437018540312763770e-01 9.471524147625469681e-01 9.309355448409898370e-01 9.315978113640381864e-01 9.293735106375161648e-01 9.340738709725339151e-01 9.139625370686700334e-01 9.134305995449558679e-01 4.435888155796260945e-01 9.571717675769992884e-01 9.438073994690632240e-01 9.399700620745703450e-01 9.037116158413037725e-01 8.936232709501115146e-01 9.362610442014482892e-01 9.395511337639351757e-01 9.226125741852719830e-01 9.581467471469081731e-01 9.638447654459922909e-01 9.422838324151727729e-01 9.498956392507351687e-01 9.301307010719738200e-01 9.361122471427371083e-01 9.430031298366081671e-01 9.406954836193224256e-01 9.048291726571804361e-01 9.405381702016238910e-01 9.374501767085892112e-01
9.207284493711089812e-01 7.345414169544525196e-01 8.282604071012152902e-01 9.411812988393074564e-01 9.366396872633905302e-01 9.256317669804203785e-01 7.570239348550131808e-01 5.453551908328537756e-01 9.236167390303622327e-01 9.181075159704017441e-01 9.377783914425952272e-01 8.888225324063553368e-01 9.403157879736850910e-01 9.373114270396945003e-01 9.220350884943896430e-01 9.257986493408012496e-01 8.849303649702924268e-01 9.404493704135313825e-01 9.332906530139801760e-01 9.322980665895356234e-01 9.287430130041732790e-01 9.296022083676253045e-01 9.217391210972232241e-01 9.626931431941663231e-01 9.343439065350310768e-01 9.630852784652907950e-01 9.393811893418958503e-01 8.952953479944326665e-01 9.388921206813988229e-01 9.174229538109034410e-01 7.720615761251058418e-01 8.266979901400343111e-01 9.404033437992290745e-01 9.598558559994102568e-01 9.493206414849502117e-01 9.452455158647998790e-01 9.199272418003122676e-01 9.017987841990936504e-01 9.266414818122663544e-01 9.212794290907611039e-01 9.488984597338030458e-01 9.220702065140340409e-01 9.176522256775735409e-01 9.418695928864520006e-01 8.935235625673609849e-01 9.237976877364862949e-01 9.160580398266870983e-01 9.406216113818144375e-01 9.150863136972900991e-01 9.385003681679816578e-01 9.376774390972959505e-01 9.250881553466336893e-01 9.502712202510190664e-01 9.407647627643429544e-01 9.360184715044497228e-01 9.481020366343475558e-01 9.167065270722727366e-01 9.421727369906301996e-01 9.046887962680296713e-01 9.448784512235033350e-01 9.342177878704771565e-01 9.133057248429505837e-01 8.973956352237909551e-01 9.581202411756779558e-01 9.355865294317664560e-01 9.350365066063826003e-01 9.291534249558210945e-01 9.450572947622372100e-01 9.327341233075722160e-01 9.440078688182592659e-01 9.329700934341200735e-01 9.421068069755484942e-01 9.166132298811194845e-01 9.338775162686913101e-01 9.521318054661833674e-01 9.297914820538830671e-01 9.546065254227036334e-01 9.448433332038589372e-01 9.540584163858562006e-01 9.326313528631633432e-01 9.432725912625442577e-01 9.227719927703605940e-01 9.505673790270391388e-01 9.511740499931027326e-01 9.280748137366618966e-01 9.294735060885471745e-01 9.342248688880621099e-01 9.564388822569548365e-01 9.398812622864777255e-01 9.472327938810790604e-01 9.315319770383833076e-01 9.446589396783692250e-01 9.571022013636982795e-01 9.458680712757163711e-01 9.480561057094720745e-01 9.171735871646002902e-01 9.331091301712951536e-01 9.103324629726777806e-01 9.236950129815041377e-01 9.442968508872675582e-01
8.772611444786355683e-01 6.515039026110500675e-01 9.316520672690473681e-01 6.195518633425672883e-01 9.204976464736096542e-01 9.196946208037033443e-01 9.347474288479474813e-01 9.037904639290067488e-01 9.077187062789823235e-01 9.281265817165735843e-01 9.040500693439800228e-01 9.403371267158668889e-01 9.613727247934230613e-01 9.405970191991206431e-01 9.366180614529283632e-01 5.798052504332884549e-01 8.091669216304774315e-01 6.820316047612587917e-01 9.272210726705388817e-01 8.770790474993896968e-01 4.965410956824535815e-01 9.086248851510048130e-01 8.373299466650133693e-01 5.171240349264192293e-01 8.510557337380634246e-01 9.604720959081562981e-01 9.159169936115485466e-01 8.533183102353150140e-01 9.258069743209349500e-01 8.945629411215223481e-01 9.276199062015410002e-01 9.360957885613233609e-01 9.208811696963199456e-01 9.378877644574549199e-01 9.532382623085483564e-01 9.338377094671325152e-01 9.264673270554468765e-01 9.437441487579325550e-01 9.236814250828951911e-01 9.385617050905757930e-01 9.316366612713287143e-01 9.671442325723078604e-01 9.265543087444297887e-01 9.465733980408354009e-01 9.284457059550313973e-01 9.512765333692311254e-01 9.149408657685177415e-01 9.534975806552411504e-01 9.553730934209900827e-01 9.373607070945088049e-01 9.215830516420734364e-01 9.251960930200909816e-01 9.411014938573363242e-01 9.327525913669492130e-01 9.415780272029194986e-01 9.262059035413638952e-01 9.434322012264866331e-01 9.455211014140527670e-01 9.436351585007801690e-01 9.186043354744716227e-01 9.362064055387318007e-01 9.176941376465224121e-01 9.360248826960468893e-01 8.738415871216559383e-01 9.032523065925489592e-01 9.541365946475713899e-01 9.064333102084566329e-01 9.301966310870555255e-01 9.389312576569698310e-01 9.239426572181245190e-01 9.373769742970688990e-01 9.173304221351646914e-01 9.354393590933113289e-01 9.404020998366803274e-01 9.215420008779660055e-01 9.295515886608354261e-01 9.397610763663868383e-01 9.555908825564413123e-01 9.401522547432430432e-01 9.386362471540716790e-01 9.425442033455606605e-01 9.314438470762784750e-01 9.417802189617984210e-01 9.439825111201509689e-01 9.537007293083883397e-01 9.494557549556256193e-01 9.296622056382438659e-01 9.208969584517459062e-01 9.413115321492148135e-01 9.443116827484252518e-01 9.273418327271906181e-01 9.111061119885491832e-01 9.427282141133430660e-01 9.455154557378702140e-01 9.478215709243267284e-01 9.800151303061129804e-01 9.419158108796079620e-01 9.525479587834405626e-01 9.542024289732261577e-01 9.487364575341902251e-01
7.184719565949175824e-01 9.133404601048876748e-01 9.528255538106568112e-01 8.850124664985072886e-01 9.005936715576732254e-01 9.188162875548865349e-01 9.252075757513098520e-01 9.204335345576376559e-01 9.134062944305425535e-01 8.836890817255325103e-01 9.168705387498489179e-01 8.885021642053488877e-01 6.715473927112958208e-01 8.620206894683897225e-01 9.185479744020722537e-01 9.256091842756899446e-01 8.413521560321300941e-01 9.086372290870651236e-01 8.009496399466865535e-01 8.966144267432004655e-01 9.042337930434819482e-01 9.426238169486781393e-01 9.028223739978291640e-01 8.887876057655645923e-01 9.000576193886056231e-01 9.249917004043951563e-01 9.541703730152402141e-01 9.553009435931648641e-01 9.585486427395687459e-01 9.303862875310204839e-01 9.516408230171498062e-01 9.337516846724177588e-01 9.414740127959618787e-01 9.420573355418805361e-01 9.413700940784310855e-01 9.550911923695667438e-01 9.246342047057809488e-01 9.493938438964705240e-01 9.475949783616076649e-01 9.276133993205168959e-01 9.085523525654722876e-01 9.280224716201891377e-01 9.506612503547533510e-01 9.325749917907640851e-01 9.420389631719302548e-01 9.121842447605742477e-01 9.466380840933684704e-01 9.362650631573748994e-01 9.398694924869783751e-01 9.318540676490726371e-01 9.507857422990513285e-01 9.423800002891307148e-01 9.396425171665520049e-01 9.236584596204574504e-01 9.575558649362705399e-01 9.491068713054255923e-01 9.396322783978818816e-01 9.313900696184034267e-01 9.359795259077323681e-01 9.301800768162149513e-01 9.269177371875070293e-01 9.455728693939645657e-01 9.436402300404017618e-01 9.273984808678703562e-01 9.356206905571425869e-01 9.276099545011512459e-01 9.229275837783763592e-01 9.256895633942220369e-01 9.352745819003205341e-01 9.449187364721962634e-01 9.202619634153423878e-01 9.465383757106179408e-01 9.202096212988697399e-01 9.264696236016906061e-01 9.240435138739968579e-01 9.370906715320117542e-01 9.440740859016214515e-01 9.278523358192962700e-01 9.132897447086709697e-01 9.302993058420375716e-01 9.372428177206617583e-01 9.517641666883258633e-01 9.332562048203235650e-01 9.660799747671722226e-01 9.507422992992732302e-01 9.312098864276939780e-01 9.388862836263626166e-01 9.117510587253423449e-01 9.086414394218453872e-01 9.123585908962474900e-01 9.731572604644962432e-01 9.380587614631893389e-01 9.524822201472126215e-01 9.366142338758554065e-01 9.357221213495759971e-01 9.549510073592697434e-01 9.617949065445702272e-01 9.497246422450008607e-01 9.475789982273280510e-01 9.460806931821190702e-01
7.493012718184752785e-01 8.976736130087143994e-01 7.787861027504434652e-01 9.398489192602111908e-01 9.290104649521461200e-01 8.623290964910431677e-01 9.136916403013314314e-01 9.249034747528634970e-01 9.289661607475266925e-01 9.083378168705330546e-01 9.173115713180803876e-01 9.076192849645122740e-01 9.243012055004337091e-01 9.176207438561485574e-01 5.482365430086623137e-01 9.040311228374688923e-01 9.014096153002008061e-01 9.222901008168753467e-01 9.394385073085634863e-01 8.494336065745442532e-01 9.291194552092986170e-01 9.270148619557333491e-01 9.408678202770323074e-01 9.397432781329976281e-01 8.841510702782383602e-01 9.320636274938169930e-01 9.432690507537517810e-01 9.517148866335115587e-01 9.353126662921964485e-01 9.578771900315452559e-01 9.131951078655421439e-01 9.322719433760127128e-01 9.600083849457675678e-01 9.279531924751687200e-01 9.447283145128165804e-01 9.425437248984265270e-01 9.447052533609520131e-01 9.441644167205432980e-01 9.549442134099652701e-01 9.351022452426106524e-01 9.336043229551089784e-01 8.614134443657650575e-01 9.338229732954016482e-01 9.636048720529446499e-01 9.319224855892517256e-01 9.064522567149677634e-01 9.535885813001507838e-01 9.538587125520746612e-01 9.407239033790891769e-01 9.340066013054767469e-01 9.471295449895360541e-01 9.470963407584281901e-01 9.399082467048420764e-01 9.320073621108445616e-01 9.400250834949940293e-01 9.315426942541875643e-01 9.077888466288442926e-01 8.981165593654822921e-01 9.559884721248946837e-01 9.545699720616568351e-01 9.379240307502212382e-01 5.273941418838635764e-01 9.327184302415730821e-01 9.482343751116451003e-01 9.639145230381468421e-01 9.164146743204597545e-01 9.627998369050749794e-01 9.391150770458985830e-01 9.314891081751661694e-01 9.437791710881501261e-01 9.436413783135236821e-01 9.127783804117239885e-01 9.468659206186361699e-01 9.536757543679873494e-01 9.556280100540489597e-01 9.464917749597546726e-01 9.350873176920261320e-01 9.322999803780721573e-01 9.650929383294835073e-01 9.278445849757235298e-01 9.549563659671719273e-01 9.244974645148495984e-01 9.602825351536181664e-01 9.505882393220866922e-01 9.454426360840572086e-01 9.378948454750399844e-01 9.421055630129997471e-01 9.389189137209095204e-01 8.910830994256436766e-01 9.404637238275549427e-01 9.744780616229468118e-01 9.249197419554235911e-01 9.479403215030152152e-01 9.641367138872319886e-01 9.365348116515915811e-01 9.596422771987392908e-01 9.499837692128400013e-01 9.315862329433924893e-01 9.534413152722687190e-01 9.519653058635098031e-01
9.208251913816279943e-01 8.862757583114366788e-01 8.598166749003542941e-01 8.988756635884764812e-01 9.263401558071978625e-01 9.033639761536524926e-01 9.232501528361998222e-01 9.276211501640896362e-01 9.051014090764945008e-01 9.354617504191881094e-01 9.269900783941859013e-01 9.269871120219543847e-01 9.000757046902753133e-01 9.255089017563784548e-01 9.228721796002452571e-01 9.239584459735504796e-01 6.651747639531031542e-01 9.223522032548840954e-01 6.394291887531333707e-01 9.379866116353641203e-01 9.291951455459163123e-01 9.120773596708119380e-01 8.445614837183775814e-01 9.386910771956418209e-01 9.417357233783253401e-01 9.481069167951156063e-01 9.405510882742451617e-01 8.048513284807186086e-01 9.343776849026999010e-01 9.050347135459981818e-01 9.430522185125688184e-01 8.744812709399738537e-01 9.300141513501022361e-01 9.544936118990513529e-01 8.394328175088958677e-01 5.947863392521280934e-01 9.435809025957709872e-01 9.451573859026950464e-01 9.049329956852842916e-01 8.141770286401242007e-01 9.214047822399004106e-01 9.405249650607222511e-01 9.187988720792046315e-01 6.113708479515428396e-01 8.965737587368002304e-01 8.186614179388004287e-01 9.028743333565945051e-01 8.617806046964884281e-01 8.487365091001319861e-01 9.371568886153738287e-01 9.060326585783448072e-01 9.317986634709415350e-01 9.370020631227727881e-01 9.181125875100234479e-01 9.415465453814944041e-01 9.394153504672720922e-01 9.325145160730112792e-01 9.442777130019027743e-01 9.607048125941921590e-01 9.163933355782780676e-01 9.459521822818945935e-01 9.460064381869037753e-01 9.098190891977674388e-01 9.531376927209563865e-01 9.129958824788947380e-01 9.373981216603969324e-01 9.434155512662192322e-01 9.295712049933343435e-01 9.068541523076282251e-01 9.213035428263207649e-01 9.337331209236139351e-01 9.553178806217126340e-01 9.336314030629001559e-01 9.475701948000602171e-01 9.338247913945112444e-01 9.219116491337867592e-01 9.450386353240065596e-01 9.362606614437409824e-01 9.250095943272111931e-01 9.578073367499637669e-01 9.474606304063468709e-01 9.376879649342466649e-01 9.514011210029559296e-01 9.371519127651790626e-01 9.418757170097686870e-01 9.413684673581751428e-01 9.225511415732510212e-01 9.316256569872439774e-01 9.307313436041475541e-01 9.272074847719298241e-01 9.332734289171518149e-01 9.193680327899532712e-01 9.531202772452744831e-01 9.260103143529357927e-01 9.326244632244320432e-01 9.339204808213351638e-01 9.265624423457098358e-01 9.270818445545100372e-01 9.313640420943073428e-01 9.296721573386336201e-01
7.841163387375297278e-01 9.110248716651756506e-01 8.864335501762693470e-01 7.453525519311593461e-01 9.080048176651858149e-01 8.710020033806560313e-01 9.246192771551964285e-01 8.897963637031424122e-01 9.452076228517776180e-01 9.333653864563296043e-01 9.325937469184215622e-01 8.998658577772504774e-01 9.027104173684451505e-01 5.849911867647242802e-01 6.870575005263316326e-01 9.257612347749131221e-01 8.943927096312026537e-01 9.127157038371542797e-01 5.565737235442634878e-01 9.245286592679942128e-01 9.220355669415237765e-01 9.467812354758969873e-01 9.516011119050179490e-01 9.117399587518307813e-01 9.111146283475364260e-01 9.099501837125161252e-01 9.394287469870273855e-01 9.230923609713671540e-01 9.014843487425502344e-01 8.655955507651045266e-01 8.027285542360567128e-01 8.478864042322282746e-01 9.497550714827308616e-01 9.147211628445300891e-01 9.346698247227933631e-01 7.728744578059749681e-01 9.091055331419414243e-01 7.616011428977086384e-01 9.293446124306152800e-01 8.984237224255871013e-01 9.537737403410549986e-01 9.480057730709626762e-01 9.512046706096863868e-01 9.472783420482472350e-01 9.379604884218410987e-01 9.680618941755492202e-01 9.027517552008330615e-01 9.365795943033451421e-01 9.630664276482064912e-01 9.176190214464656769e-01 9.574308945448384289e-01 9.542271168453467789e-01 9.137532642922060466e-01 9.031915438065157842e-01 9.371827247606163702e-01 9.110753956825387023e-01 9.178296338749051264e-01 9.355410769540251081e-01 8.195463537580680580e-01 9.181280891971689284e-01 9.157083906610724577e-01 9.449999767955696850e-01 9.166713133632015120e-01 9.404766419001761024e-01 8.366707422036233632e-01 9.426546289441154469e-01 9.420688182730994065e-01 9.386571074491193434e-01 9.445394235842662356e-01 9.298582732738061019e-01 9.210327417484091006e-01 9.382319593257406609e-01 9.068158765368986574e-01 9.308100003129968769e-01 9.214350200987768691e-01 9.197032328521175248e-01 9.449772984014124244e-01 9.601155571038103576e-01 9.176988264284368091e-01 9.626378347054621587e-01 9.288654954705078959e-01 9.354490237254204921e-01 9.299804686718602387e-01 9.360198111564251855e-01 9.422733065782220585e-01 9.283117407574779101e-01 9.184297022705179003e-01 9.252314981080158596e-01 9.503230839203575808e-01 9.347447495439964449e-01 9.219149982637255825e-01 9.331541042019023680e-01 9.345935602496147077e-01 9.261255244228318029e-01 9.368441755685132932e-01 9.317374222377742266e-01 9.296777073253893464e-01 9.506074728968783027e-01 9.521141986116478106e-01 9.211903422343880043e-01
9.341860189807715820e-01 6.862907889939049433e-01 9.275317762394361676e-01 5.707454233463130633e-01 9.353165895586962320e-01 7.909989921406939128e-01 9.244643559731685611e-01 9.250016521047847995e-01 9.090063988957518548e-01 8.981440222309807764e-01 9.485906268477105607e-01 9.274146523810036236e-01 9.356391586165196950e-01 9.256731048128082895e-01 9.283831250698885151e-01 9.289127660473589509e-01 9.386396919734373290e-01 9.460478717087185130e-01 9.298286095514907146e-01 9.356407853367756378e-01 9.022941683617611286e-01 9.431811121705006018e-01 9.145375348344549904e-01 9.005056372849952195e-01 9.269936189029783780e-01 8.398138528065086650e-01 5.835784280670959223e-01 9.228375400277349927e-01 9.060099801841875466e-01 9.275603873780564612e-01 9.308121054803869532e-01 9.347781451539579622e-01 9.135851379692764285e-01 9.403067931675637148e-01 9.161803309141680618e-01 9.036306625862108310e-01 9.275850752501770824e-01 9.518557414697963459e-01 9.180403419927714026e-01 9.564497908516128577e-01 7.305034188319098343e-01 9.438900751338390460e-01 8.967392057557788121e-01 9.408313626054124468e-01 9.485335959493235158e-01 9.474727829635535281e-01 9.461210741202388252e-01 9.508565524749009734e-01 9.226752507598416919e-01 9.388659974678759124e-01 9.428665810245303591e-01 9.520278867486525742e-01 9.551152104156995781e-01 9.409547062765885039e-01 9.627963920857093294e-01 9.459806020416612338e-01 9.433001498174695687e-01 9.224314341002942674e-01 9.636642951870023621e-01 9.382697566493360952e-01 9.405554899878790787e-01 9.255825826150329005e-01 9.208155267495187202e-01 9.511506060835308585e-01 9.310353489131671934e-01 8.008985417927626527e-01 9.460251933145612524e-01 9.642000602877894844e-01 9.458074041791099118e-01 9.424685130089428542e-01 9.271446168185065728e-01 9.037363994028512204e-01 9.281567238860231051e-01 9.466864072539145081e-01 9.129357895188493499e-01 9.125500654393221556e-01 9.181987079941650309e-01 9.282956649337714694e-01 9.414567886991336287e-01 9.522606034346883241e-01 9.265745949029164930e-01 9.305978568537282003e-01 9.569534043049870986e-01 9.264725899739221227e-01 9.180720151930501505e-01 9.117268493003559682e-01 9.124622225454976920e-01 9.228553382611243139e-01 9.410555629324608429e-01 9.382017214668642024e-01 9.235460245439393034e-01 9.350191868201274126e-01 9.658461098080145524e-01 9.454071353067055039e-01 9.180719195036233238e-01 9.457635784216246178e-01 9.507761733563688811e-01 9.443240266844855624e-01 9.391966044375525957e-01 9.458655833506188770e-01
9.296432591317327354e-01 5.064538504754240167e-01 9.155550005098737065e-01 7.074351859497599593e-01 9.629840390517110382e-01 9.274559902133915346e-01 7.086799618585989391e-01 9.268330520447678467e-01 7.979901095091629371e-01 9.293196374902142898e-01 8.791124478193980130e-01 9.050812186074346233e-01 9.049773955793306568e-01 9.427341468578060990e-01 9.375908401660203451e-01 9.234238291458851666e-01 9.032721143039015299e-01 9.185566821399132609e-01 9.506534995111806108e-01 8.754552936156145826e-01 8.974730479700914199e-01 9.110999878652323858e-01 9.577065757835181437e-01 8.629224666267782951e-01 8.577353341775072471e-01 9.470985416152450931e-01 9.539021555518527595e-01 9.282002625752280300e-01 9.452125987019724951e-01 9.485131184119831582e-01 9.319472691507991735e-01 9.453418751176115853e-01 9.480802194450317355e-01 9.236196097131669225e-01 9.413062692307395674e-01 9.327662749549850973e-01 9.285825418353895744e-01 9.087456452076566604e-01 9.466443039061119835e-01 9.206848149924772295e-01 9.414553533577312283e-01 9.139602405224261927e-01 9.145022254359569391e-01 9.287778439555371968e-01 8.510879810749030216e-01 9.442783828278905611e-01 9.372603288857704884e-01 9.352798448187957803e-01 9.158577618563445988e-01 8.856298546803752503e-01 9.370451233648434686e-01 9.349348844350955368e-01 9.305240803056469279e-01 8.881542374494171277e-01 9.162094204999224889e-01 9.367311663554341861e-01 9.175396949116286782e-01 9.338782817841058126e-01 9.332348660781417671e-01 9.555316508012372534e-01 9.114142319429221484e-01 9.086789496771603414e-01 9.353648170298154430e-01 9.134872476856356061e-01 9.308163158151672167e-01 9.268865424343624149e-01 9.256661194846501628e-01 9.448342427083107342e-01 9.405508968953915083e-01 9.355261494034405878e-01 9.419719805731535667e-01 9.518075139986771349e-01 9.261065779163206724e-01 9.464457483454523645e-01 9.450154784827151655e-01 9.413262683209457915e-01 9.275008685545720333e-01 9.310654910826167141e-01 9.229558121592893460e-01 9.471821741742892931e-01 9.323675371134098055e-01 9.419977210289691705e-01 9.297679424548843663e-01 9.430376737196916048e-01 9.349667490142279380e-01 9.272900647472789304e-01 9.358282409239236932e-01 9.130738693617562740e-01 9.290421381524248678e-01 9.382787514554574715e-01 9.249646202966039787e-01 9.453990973948522836e-01 9.482833680981789248e-01 9.457569758511737978e-01 9.600679994586789334e-01 9.564118978385904857e-01 9.637092692176095765e-01 9.494961358937452633e-01 9.323619871266539683e-01 9.340370305432067477e-01
