1.013017596435260316e+03 6.886842685929342451e+02 0.000000000000000000e+00 2.198094387888461938e+02 1.290887280690888304e+02 0.000000000000000000e+00 4.811578383605987597e+01 6.238022029350926232e+02 1.708719838438438046e+03 1.458530683863347349e+03 1.273148008216111066e+03 9.409356591266830492e+02 7.106041375457592721e+02 1.405199721963517732e+03 1.862733172910969415e+03 1.899026113039846678e+03 0.000000000000000000e+00 1.649813082856868505e+03 1.883609247556307082e+03 1.770283250809123729e+03 1.675344432989704046e+03 1.780269369964352109e+03 1.732407136253413455e+03 1.291903884510094940e+03 1.729860937877694823e+03 1.863602137562440021e+03 1.776451014878703972e+03 1.857686957578102692e+03 1.771591033184807429e+03 1.048899050699894588e+03 1.717073020332128863e+03 1.828919892215952132e+03 1.788776175760634487e+03 1.636555245815398848e+03 1.779317844246212644e+03 2.018836546441094015e+03 1.598086501137297319e+03 1.844723173650796525e+03 1.741228541182733807e+03 1.708719838438438046e+03 1.838603475955646900e+03 1.741669432358393124e+03 1.807810271539557789e+03 1.379963273174982760e+03 1.796050031928876251e+03 1.519650566120169515e+03 1.756204326995028168e+03 1.829727784297557946e+03 1.932381726452050543e+03 1.899895454682489117e+03 1.831196164912515542e+03 1.871309533578486707e+03 1.922463654203369060e+03 1.828153280667680974e+03 2.012371713327974021e+03 2.009295088373245108e+03 1.941763905749727428e+03 1.777982353019386437e+03 1.658224321391047852e+03 1.841532697362122008e+03 1.860430510832365826e+03 1.735753121400539840e+03 1.771920711964725569e+03 1.758724889971050516e+03 1.849253665060361072e+03 1.605830465297028695e+03 1.800833107423683714e+03 1.724695593334474552e+03 1.878597149924506539e+03 1.865175698714386954e+03 1.916111352955092570e+03 1.923791040119996978e+03 1.863377073832753240e+03 1.428914445886256544e+03 2.028318251408180231e+03 2.088904125669857876e+03 1.201897524937389790e+03 1.951035438138421114e+03 2.070623823739357704e+03 1.976364155516304436e+03 2.081653454458694796e+03 2.018315544641383667e+03 1.884527409555724034e+03 1.999996412620167121e+03 1.977511528148300158e+03 2.050513606659947527e+03 2.039877177733011422e+03 2.078528951625120953e+03 1.862581056973065643e+03 1.975630342199997585e+03 1.979796848632991669e+03 1.975868977611876289e+03 2.021047411169314728e+03 2.055318547642731573e+03 1.782712649750113542e+03 1.990779543951414098e+03 1.940169610083320322e+03 1.866465762504986515e+03 2.092546425878179889e+03 2.014672301955131843e+03
2.493021179093124715e+02 0.000000000000000000e+00 1.787637002686629728e+02 8.515621734839803594e+02 0.000000000000000000e+00 1.154556010282782381e+03 0.000000000000000000e+00 1.223643412464334688e+03 9.812833278060550128e+02 7.128128345747409185e+02 1.397142195396471834e+03 1.334064503735636890e+03 1.493933547835121772e+03 1.594631377045875752e+03 1.717188191135176112e+03 1.800026723306766144e+03 1.753799311813225131e+03 1.826267570825314124e+03 2.047519542771887473e+03 5.094216205081232829e+02 0.000000000000000000e+00 1.793210911412510086e+03 1.400199405305842447e+03 1.880524140300207819e+03 1.929899239584400675e+03 1.581395970979140429e+03 1.983782022312251684e+03 2.214894763849361880e+03 1.890982817889543867e+03 2.019596183652683067e+03 1.968282972753215063e+03 2.084011722735169315e+03 2.154613875445835674e+03 2.061507234722358135e+03 2.190934524425855216e+03 2.108256025006781329e+03 2.245964868281288091e+03 2.218289003866504572e+03 2.118073063621365236e+03 2.180263789302266559e+03 2.118921670749547502e+03 1.196115422836769994e+03 2.093845914448079384e+03 2.239446313926157472e+03 1.943974958973534058e+03 1.821599100646795932e+03 1.915146067059174811e+03 2.246448547954969854e+03 1.817691964140140954e+03 2.028237575297371222e+03 2.203123026007934186e+03 1.870686178675577366e+03 2.222209712055352156e+03 1.889706137285550312e+03 1.790384797091577866e+03 2.002215759649757729e+03 2.116235797144601293e+03 2.139806981678599186e+03 2.097076351800986686e+03 1.990860785548981085e+03 2.299699681974127543e+03 2.355328876306289658e+03 1.980286371669839582e+03 2.296325987975858880e+03 2.140448055166592894e+03 2.170187003770171032e+03 2.300119273148568482e+03 2.059426808939650982e+03 2.107111291312989579e+03 2.209458362653470431e+03 2.251311168587070370e+03 2.260764410720670185e+03 2.207807518311262356e+03 2.360843880161543893e+03 2.233838947233762156e+03 2.344948989871902540e+03 2.235391208384490710e+03 2.188453545522893364e+03 2.282939031457977308e+03 2.329253527912251229e+03 2.182925346976618584e+03 2.134312335346633063e+03 2.043276507130976370e+03 2.194713106942856484e+03 2.251924533223922026e+03 2.118776340652739691e+03 2.317340418381321797e+03 2.086672903418349051e+03 2.260517481503007275e+03 2.422002781004668577e+03 2.164814879569106324e+03 2.184880046203462371e+03 2.251669687191646972e+03 2.156679975564006327e+03 2.280387366710264814e+03 2.255071090041057687e+03 2.269579972286824614e+03 2.162620225461282189e+03 2.107653027627160100e+03 2.027138457535392035e+03
2.719787259540918853e+02 1.693084695066307859e+03 3.022586568894966490e+02 0.000000000000000000e+00 1.178260461196083952e+03 1.860253513477109522e+01 0.000000000000000000e+00 1.267757788438790158e+03 1.864605876557902093e+03 9.130437787703409640e+02 1.135795468723044905e+02 1.623838768096927652e+03 1.041431515317035746e+03 2.066527626159942429e+03 1.743093893501812317e+03 1.973080939399316776e+03 1.831578622456514267e+03 1.973685067752453961e+03 1.891877983427468507e+03 2.032382593233561238e+03 1.883018125398603843e+03 1.998357443499877263e+03 1.499582760547609723e+02 1.944761362558335577e+03 1.848961119910885600e+03 1.924150689698089309e+03 1.981579074398643115e+03 1.841502726563947817e+03 1.808827959208384073e+03 2.020826871333691997e+03 1.662116189755236746e+03 1.975127624472129355e+03 1.816655426912714347e+03 2.057270230940198871e+03 1.876272810853512510e+03 1.732786954859207981e+03 1.812709083324170933e+03 1.943326722653272327e+03 2.100286054639433132e+03 2.033266449036325866e+03 2.038131331615458521e+03 1.458580823689223962e+03 2.033315269393100380e+03 1.930809296273619566e+03 2.016729165789588706e+03 2.017544409199048459e+03 2.116291780333644056e+03 2.113721266027331239e+03 2.051184650946115653e+03 2.108800777250327883e+03 1.981399815096355042e+03 2.100515265272012130e+03 2.051170890768337358e+03 1.866099515581384139e+03 2.057412922098802483e+03 2.214847074466103095e+03 2.058214970817242374e+03 2.078853352528631149e+03 2.123036717887563100e+03 2.102836211422457836e+03 0.000000000000000000e+00 2.116870273287085183e+03 2.159796184591796191e+03 2.136060443411218330e+03 2.227278735354124819e+03 2.023547805117634653e+03 2.084633946664562700e+03 2.049628808379252860e+03 2.139824888759269470e+03 2.028068494756727205e+03 2.242401736219087070e+03 2.254073759895519743e+03 2.189863304010604224e+03 2.075913009882581719e+03 2.166317754876302843e+03 2.031685348060938850e+03 1.890458611664871569e+03 1.885540007843728290e+03 2.153548498393750833e+03 2.014988597548443522e+03 2.088371625639401827e+03 2.123610875442526321e+03 1.825219158375969528e+03 1.984920535651705450e+03 2.137149193915967317e+03 2.082613839469376217e+03 2.187889001242816448e+03 1.943634912936386172e+03 2.087894920302401715e+03 2.135148690261725278e+03 2.197854197387998738e+03 2.237921761626571424e+03 2.175239816448548027e+03 1.960519028061367408e+03 1.918156718558803050e+03 1.926717622588268341e+03 2.084206061684337328e+03 1.995718882287017550e+03 2.176072024460748253e+03 2.092918893156120248e+03
0.000000000000000000e+00 0.000000000000000000e+00 2.154379669680227849e+01 1.458783456444176181e+03 1.304252795835861605e+02 0.000000000000000000e+00 2.138429832927266489e+03 2.029557044399387223e+03 2.205452454459750243e+03 2.106925246169605089e+03 1.993791891911316270e+03 2.065600227876811459e+03 1.074083097715521035e+03 1.029093301115774466e+02 1.980509738939252202e+03 2.017061860498882652e+03 2.030752860396985625e+03 0.000000000000000000e+00 9.277568959835413125e+02 2.135979955795995011e+03 2.064626459679523578e+03 1.989921323548345754e+03 9.196934318055360791e+02 2.175088454492988149e+03 1.988750954454857492e+03 2.143127331426029286e+03 2.119900528327657412e+03 1.942386129679121041e+03 1.972842115491851928e+03 2.156456419799008017e+03 2.016062268406312569e+03 1.751252170959576461e+03 2.091680854147257378e+03 2.074091011548283404e+03 2.166181472567623132e+03 1.870017019345269318e+03 2.162034192684401205e+03 2.037969413907082526e+03 2.188573240220004664e+03 1.997966692150094559e+03 1.975548346620086477e+03 1.904362611575156961e+03 1.889000598307143946e+03 2.189296497783495397e+03 2.015071158615112608e+03 2.232194511741478436e+03 2.216084736483794131e+03 2.036535716479949315e+03 2.035199282775193069e+03 2.341209802932375624e+03 2.215501154149530976e+03 2.258718668125787644e+03 2.058953119532027358e+03 2.120312579678658494e+03 2.143758603143550772e+03 2.312650836697171599e+03 2.021114704093517503e+03 2.063993491501727931e+03 2.147767715762233365e+03 1.971755626934134852e+03 2.226173397237807876e+03 2.129341706743753093e+03 2.204684711937962675e+03 1.885599383953318920e+03 2.057876055753610217e+03 1.993741186598681679e+03 2.004610596069916710e+03 2.075618956768418229e+03 1.945493667909954411e+03 2.288405214956457257e+03 2.163401162674089392e+03 2.277069090414280709e+03 2.062580340093468749e+03 2.156079428627003381e+03 1.616019405702795439e+03 1.821881278539041432e+03 2.131125628969678473e+03 2.351726160171028368e+03 2.120250753126449581e+03 2.235725034067300840e+03 2.113942182854125804e+03 2.098034286369049823e+03 2.057278147754811016e+03 2.158508571243814458e+03 2.193551597141910861e+03 2.247684890503559018e+03 0.000000000000000000e+00 2.115555139583547316e+03 0.000000000000000000e+00 2.074556784141295338e+03 2.084533855508395391e+03 2.101256429916172692e+03 2.169985501988734995e+03 4.727789739433153215e+01 2.126623223402428266e+03 2.105658178840497840e+03 2.257878354803389811e+03 2.255716687423115673e+03 2.125089623314714117e+03 0.000000000000000000e+00
0.000000000000000000e+00 1.231640761815549467e+02 0.000000000000000000e+00 3.889882091951384382e+02 0.000000000000000000e+00 0.000000000000000000e+00 1.791592582558887443e+02 4.352785310905076130e+02 0.000000000000000000e+00 2.599364262609061029e+02 3.379081673355551061e+02 2.412792980920390846e+02 4.468901890555229670e+02 1.643047457912385596e+02 6.071901811885055622e+02 6.784001850401328966e+02 8.657557968621583768e+02 6.187206918037469450e+02 1.354235039402567736e+03 0.000000000000000000e+00 0.000000000000000000e+00 1.458787603347068398e+03 1.401453560687308709e+03 1.474050373689051185e+03 1.531410711483058094e+03 1.600375591533708985e+03 1.575594265337576417e+03 1.494823435496638467e+03 1.740814227884700813e+03 1.747734843324774147e+03 1.706819048949191256e+03 1.927403746521316634e+03 1.886080990175554689e+03 1.795365038969343914e+03 1.871638458376060726e+03 1.808240606962400989e+03 1.623967510582167279e+03 1.901699922927288981e+03 1.919547250496741981e+03 1.853190772365190469e+03 2.120253957551411531e+03 1.951232604521379699e+03 2.098879877567856056e+03 2.014806133821193498e+03 1.690548863947819200e+03 1.892482677267363897e+03 1.954227422391783648e+03 1.885625584839773182e+03 1.879386380943098175e+03 2.012170400042123674e+03 1.888174799144868075e+03 2.216501311728859037e+03 2.043850853181525281e+03 2.022490721871334017e+03 2.254598908598122307e+03 1.925591361461904626e+03 2.047158385229107125e+03 2.101175753805363911e+03 2.162440023681063849e+03 2.124479651598410783e+03 1.695929658945840174e+03 1.962267136125952447e+03 1.793352094606425680e+03 2.131776315732558487e+03 2.252938262485442010e+03 2.278085081622833059e+03 2.196391848631792982e+03 2.408736273166242881e+03 2.152131954064943784e+03 2.146239016559754873e+03 2.214529082412517255e+03 2.328706890712845052e+03 2.175089019979746354e+03 2.468156679219668604e+03 2.068472712111899909e+03 2.051503208486459698e+03 2.311768111867922926e+03 2.069827052897326212e+03 2.070991955618820157e+03 2.186759724187076699e+03 2.065938011966927206e+03 2.361369594350904208e+03 2.141433133099040788e+03 2.091007170922885507e+03 2.214572247901711762e+03 2.031182630333070620e+03 2.150585724772967296e+03 2.234609517189339385e+03 2.252931099653173987e+03 2.155887351624866824e+03 2.216309423222308851e+03 2.239544143135292870e+03 2.245420870020085658e+03 1.980218701754464746e+03 1.935988777985789966e+03 2.196215605258880714e+03 2.197128112390717888e+03 2.268418650981464452e+03 1.963320449460533155e+03 2.274687637180727961e+03
0.000000000000000000e+00 1.490153033238363776e+02 0.000000000000000000e+00 1.344924724047054099e+02 0.000000000000000000e+00 0.000000000000000000e+00 1.073416294580037857e+03 1.446257265019774422e+03 1.473093004607745570e+03 2.047725756942973931e+03 1.608074693743971650e+01 2.114868638659326734e+03 1.996018401773175128e+03 1.908661818900696744e+03 2.036816574903092487e+03 0.000000000000000000e+00 2.042451461951044394e+03 1.519496470978612706e+03 2.106329034631080049e+03 1.444317833935396948e+03 2.108301075451835914e+03 2.063489831295929889e+03 2.080388649076619458e+03 1.975017543049904134e+03 2.009635322905979137e+03 2.220810320824871269e+03 2.052438335088616896e+03 2.249109540142564128e+03 2.105502104495288222e+03 1.767591533841011369e+03 1.921781300182040923e+03 2.121745711619033500e+03 1.807651746751729888e+03 2.154355824988598670e+03 2.048510464067501289e+03 2.114095429765545305e+03 2.168962347947914623e+03 1.944829597960468391e+03 1.722381998511882784e+03 1.872430139837270190e+03 2.470712490870273541e+03 1.832070407440394092e+03 2.105911705403671021e+03 2.099359221843059913e+03 2.018225443751274724e+03 1.923663994095031512e+03 2.140646164027481518e+03 2.294792199392558359e+03 2.181450180520565027e+03 2.044868163859179504e+03 2.419402861386939549e+03 2.287072739659007311e+03 2.335049390190649319e+03 2.401121239987337049e+03 2.191137722667565413e+03 2.229094890325256983e+03 2.044426518701176292e+03 2.085244483867623785e+03 2.299980728892856860e+03 2.130705660804065701e+03 2.128054281891357732e+03 2.352139530991131323e+03 1.470813715981806126e+03 2.081218972132959607e+03 1.662862066789047731e+03 2.096318411049671340e+03 1.898074398826121296e+03 2.152167391235112063e+03 2.218009653408049417e+03 2.204385757938563074e+03 2.059989845255039654e+03 2.249827331334060545e+03 2.194991703418967973e+03 2.041274495512046315e+03 2.165460288455578393e+03 2.216202169233873519e+03 2.180904485799088434e+03 2.083987595300161047e+03 2.321995316877647838e+03 2.223725216566810104e+03 2.124793685244690550e+03 2.121493316029376729e+03 2.307006147878747470e+03 1.831593513607808291e+03 2.164425259192839803e+03 2.070807983926882116e+03 2.037425227150293949e+03 2.186327503808373876e+03 2.032667410064010710e+03 2.232075571026710804e+03 2.042038468122113500e+03 2.216770483425670591e+03 2.174769896952644558e+03 1.665404683748632351e+03 1.861382979028435329e+03 0.000000000000000000e+00 2.195543618494782550e+03 2.042768700022286339e+03 1.973666783680611843e+03 2.111220306592253110e+03
1.361553286281312921e+03 1.250678816001778841e+02 0.000000000000000000e+00 4.936789404041786042e+02 0.000000000000000000e+00 5.985396475078963476e+02 3.492528448649465531e+02 1.076408049397169435e+02 0.000000000000000000e+00 1.623945833589776839e+03 1.546788746875881543e+03 1.661097371112894507e+03 1.608947993793920205e+03 1.557212270038427960e+03 1.549360580651296459e+03 1.631118467628335338e+03 1.644491852464024532e+03 3.069316509620789475e+02 1.050054151650916538e+03 1.550026441308849371e+03 1.829617137388574520e+03 1.683165680339696337e+03 1.838037989197639945e+03 1.941244977401463302e+03 2.152002646092946179e+03 2.184329450596749666e+03 2.074686092113292943e+03 2.252362973956963287e+03 2.327834344645240435e+03 1.940264988849837437e+03 1.968680321448507812e+03 2.124126976357000331e+03 2.234719975602736667e+03 1.897377342149084825e+03 1.852482405952993986e+03 2.104617871701351305e+03 2.073222423887985315e+03 2.201500267508040452e+03 2.185801035636669440e+03 1.936008004535562122e+03 2.127123679183264358e+03 2.164451648574879982e+03 2.073511576116912693e+03 2.106619317833523382e+03 2.016541989672688260e+03 1.965322838070635271e+03 2.158318002206366145e+03 1.965025580531509831e+03 2.092183571875125381e+03 2.134785459267498936e+03 2.339515416109801208e+03 1.973575174825814656e+03 2.176345908547209547e+03 2.141161133968439572e+03 1.966100382362894607e+03 2.107246442648152879e+03 2.197417076124059349e+03 2.238994113015337916e+03 2.121226783270769374e+03 1.886079293715280755e+03 2.016965727750021415e+03 2.045753339131046232e+03 1.864817180109810579e+03 2.171366232156201477e+03 2.094767657863630575e+03 2.257692498155591238e+03 2.017326885292801762e+03 2.093579947176230235e+03 1.561667080470212568e+03 2.115677661714448732e+03 2.117268752955893888e+03 2.204230626071283496e+03 1.832949739349094671e+03 2.121642416037904241e+03 1.879921142920586590e+03 1.933048623835326453e+03 1.998041336402151501e+03 2.243872001789904971e+03 1.964250486681868324e+03 2.281828603960838336e+03 2.147441052911691258e+03 2.050001464152779590e+03 1.960893191799581928e+03 2.267220196045662306e+03 2.065995314625072297e+03 2.229116944308819257e+03 1.967949712557162911e+03 2.036916477563673880e+03 1.012991866787771073e+03 2.020878142133084566e+03 2.044227278866771940e+03 2.139411894930338349e+03 2.162146159062486277e+03 2.043966400975744818e+03 2.122700630257721059e+03 2.055173594537095596e+03 2.277102077141831160e+03 2.253810620057460710e+03 2.152423179745317157e+03 2.088647771672895033e+03
4.967244164633208356e+02 1.776242915751757664e+03 5.137831256248367851e+01 1.468649786654500076e+03 5.424492044767866901e+02 4.516277428663110527e+02 0.000000000000000000e+00 1.655037992005265551e+03 0.000000000000000000e+00 2.119527118571787014e+03 1.868163353752522880e+03 1.293625508944846615e+03 0.000000000000000000e+00 2.197268730097875505e+03 1.910100982699824044e+03 2.161008399705376632e+03 2.179936560964966702e+03 2.099773912132265195e+03 2.098575457196462594e+03 2.111605214578869436e+03 2.181771753990284651e+03 2.107015347059714259e+03 1.828456381569972564e+03 1.881097543872826691e+03 1.939885924226386805e+03 2.169629810817948510e+03 1.904004846952924709e+03 2.226254827330960779e+03 1.631289810116011495e+03 1.896655969541454169e+03 1.968287685142865030e+03 1.810823938968562061e+03 2.178821421078177082e+03 1.978930899910897324e+03 1.982011483272932310e+03 2.011529892040887944e+03 1.910315302181108791e+03 2.145927056364921100e+03 2.043646146975126840e+03 1.962168929925645443e+03 2.240710553821474605e+03 2.123973163958822624e+03 2.132215887439115704e+03 2.012567183250658445e+03 2.053617751970232803e+03 2.167140538109202680e+03 2.257467622921490602e+03 2.113806089041032010e+03 2.225302170639305132e+03 2.300702478491659349e+03 2.215413126710868255e+03 2.327896925179793016e+03 2.143725993407172609e+03 2.108645268391876016e+03 2.154002772756016384e+03 2.209297575918610164e+03 2.286265224568573558e+03 2.170892731244163770e+03 2.098534930645472286e+03 2.065536516368742468e+03 1.852085622744459215e+03 2.256658788361954976e+03 2.184497588659463418e+03 2.082493767781092629e+03 2.198804592132622020e+03 1.974928950124482981e+03 2.875379998528563519e+01 2.152665208077743955e+03 2.237073531489560992e+03 2.158116500424929654e+03 2.207042037736507154e+03 2.080487232268098523e+03 2.060385874481230530e+03 2.156270940142381733e+03 2.271606111340763164e+03 2.089663008899103261e+03 2.050821608447475228e+03 2.151909340777875059e+03 2.119710524776967304e+03 2.241855476010852726e+03 2.115329510367102557e+03 2.132443590107006457e+03 2.267186832326939566e+03 2.005333665137821299e+03 2.380666264481128565e+03 2.195431840612283395e+03 2.190042940304064359e+03 2.394813612192943310e+03 2.237702729755636483e+03 2.151574195625963057e+03 2.228374083204384078e+03 2.450794162297413550e+03 2.183859719596432114e+03 2.311595449911144897e+03 2.266320883604845221e+03 2.008334703362563459e+03 2.346288628001620509e+03 2.174651144733462843e+03 2.218042828631185785e+03 2.322314628400336005e+03
0.000000000000000000e+00 0.000000000000000000e+00 7.198371225871155730e+02 1.826415162869154074e+03 0.000000000000000000e+00 1.486003302912523623e+02 4.744096963817175094e+01 1.570698752225718408e+03 1.798479551536859390e+03 1.834048857111073858e+03 1.556536796105988969e+03 1.972808563277543499e+03 1.170300104103622061e+03 5.847144858764562514e+02 1.238160871259264468e+03 1.620811905976903063e+03 1.723090364924079267e+03 1.752410664831146505e+03 1.646454657001066153e+03 1.946984291004060424e+03 1.137498102227506934e+03 1.940065372024261023e+03 1.895848831442192477e+03 0.000000000000000000e+00 1.515055703467985268e+03 1.744173407722847287e+03 1.804060528847214755e+03 1.925053018068282199e+03 1.720922854180639206e+03 1.772501089874026547e+03 1.988040703086800931e+03 1.798860689611756015e+03 1.906759709942347854e+03 1.799907405600826678e+03 1.806150567904807758e+03 1.903234088501761335e+03 1.802205355289780300e+03 1.814921267521493519e+03 1.790414956385338201e+03 1.828159689517605102e+03 1.932522344159208160e+03 1.927873666017220103e+03 1.879825952649655392e+03 1.867653850183558689e+03 1.774475581137400241e+03 1.956318592422892834e+03 1.798127818773379204e+03 1.940833491537220425e+03 1.878683857894067614e+03 1.931634718444723603e+03 1.996894906248085590e+03 1.960497916555735173e+03 1.816232065826553253e+03 1.864434911061397997e+03 2.097395474828088481e+03 1.839114487489298881e+03 1.822879739658095332e+03 1.908516111812717099e+03 1.900086023719937430e+03 1.868362028100169255e+03 1.849559593396442779e+03 1.895438476551465556e+03 1.890558325829866590e+03 2.028355008047450610e+03 1.990660226245474632e+03 1.868830628126970851e+03 1.919852047859307504e+03 1.916657236172155081e+03 1.884347773262263900e+03 1.777704133534447237e+03 1.629350944518391998e+03 2.071886555669987047e+03 1.990725634213817330e+03 2.078022086994360961e+03 2.024916848558769289e+03 2.017236218915934614e+03 2.002386536650675907e+03 1.898713210367082866e+03 2.023372881213824712e+03 1.931911429964974786e+03 2.002587849936526254e+03 1.945364359937956806e+03 1.965187875231057660e+03 2.148459683058447354e+03 2.067602993478085409e+03 1.934928867305699214e+03 2.030441277193323685e+03 1.958147753589458944e+03 1.888491283233765671e+03 2.043222785888965745e+03 2.027732972613643142e+03 2.152734762948979096e+03 1.769678745464814483e+03 1.820421757216625792e+03 2.041199474268817312e+03 1.880428573038104560e+03 1.871931380516708259e+03 2.140054287887434384e+03 1.726482342994190049e+03 2.078611512691790267e+03
0.000000000000000000e+00 0.000000000000000000e+00 2.565150664413271215e+02 0.000000000000000000e+00 0.000000000000000000e+00 0.000000000000000000e+00 1.804803766942821539e+03 4.233334715577507268e+02 1.718273360223791315e+03 1.321631523378513066e+03 0.000000000000000000e+00 0.000000000000000000e+00 1.366597051171561816e+03 1.320124972407390032e+03 1.013465179204222750e+03 1.812320028434662163e+03 1.391817383587493623e+03 1.962338010466289461e+03 1.961619842283620756e+03 1.708229749914832155e+03 1.716526760123894292e+03 1.193116740806852931e+03 1.735579139974659711e+03 1.842877047881490398e+03 1.722033470173364549e+03 1.864198160605379144e+03 1.977778814889251407e+03 1.979681866325530336e+03 1.841039027422382105e+03 1.810397184961853100e+03 2.030052976286159037e+03 2.019021460610962322e+03 2.099875134261948006e+03 1.876116171021544687e+03 1.934858935443292239e+03 1.894275270290245544e+03 2.065710120803450536e+03 2.004307872158796954e+03 2.116433717509903545e+03 1.938902919745385134e+03 1.899793478570461957e+03 1.941765225218829528e+03 2.019541708428328548e+03 2.041480332691960712e+03 2.060662586001481941e+03 1.916191652074729518e+03 1.879081772076118341e+03 2.052916171399132509e+03 2.011010775197037674e+03 2.167164288553038659e+03 2.024582268893615264e+03 1.959510953667427430e+03 2.032126050741012023e+03 2.156394781742385021e+03 2.033268899478943922e+03 1.980663551337430135e+03 1.834251866857198365e+03 2.152428269126139185e+03 1.867937159049320144e+03 1.979950661031169602e+03 2.073350412390880592e+03 2.008102099809436595e+03 2.183943034645445096e+03 2.000943037453070474e+03 1.957206029641791474e+03 1.982211477089680784e+03 2.062803141876123846e+03 2.096171195997003451e+03 2.039207075924773335e+03 2.077066037382157447e+03 1.903248225670711463e+03 2.175329540347485363e+03 2.141544722485954026e+03 2.085363613077977334e+03 2.221440084577704511e+03 5.018813258290674071e+02 2.005228861592004023e+03 2.198546353179798643e+03 2.153034282435136447e+03 2.231739483396868764e+03 2.019108168580523170e+03 2.051550143887373906e+03 2.166707375252569364e+03 2.061397907282476808e+03 2.050016920790831591e+03 2.043775266451538528e+03 2.081070814602361679e+03 2.085308572366864610e+03 1.935264389448783277e+03 2.096766465057598907e+03 2.074243127486187404e+03 2.005952873137838878e+03 2.213064471709279587e+03 2.049319298627037369e+03 2.016979110936627649e+03 2.127519142922697029e+03 2.058825319524717543e+03 2.048864835769185902e+03 1.929539213015136284e+03 2.077907670173657607e+03
2.215934081386681953e+02 8.308334081391036534e+02 0.000000000000000000e+00 9.971038565870186403e+02 0.000000000000000000e+00 5.021349937639299696e+02 1.255876911653067054e+03 1.863778380935352061e+03 1.693462063229484329e+03 5.757477979742247953e+02 1.801466452592651422e+03 2.055489136148063608e+03 1.982775455882999495e+03 1.946929815779705677e+03 2.110215248127688938e+03 1.945587161720611675e+03 1.994238814945727654e+03 1.851443229787363407e+03 2.173094171193084094e+03 2.025993535346014141e+03 2.286668416627032457e+03 2.090010217768519396e+03 2.136343563781393641e+03 2.179635156522949273e+03 1.967116373571446957e+03 2.087878332690833759e+03 2.115876901548852857e+03 2.258116236232924621e+03 2.226757922050000616e+03 1.997694316028321282e+03 1.939746814483917206e+03 2.144004024396525892e+03 2.182499723943425579e+03 1.985639269321132133e+03 2.332138264360430185e+03 2.335132516744076383e+03 2.268148159815551480e+03 2.199938204586839674e+03 2.032707371128243039e+03 2.163447909579418138e+03 2.441005586516315816e+03 2.230095613391342795e+03 2.321053404434394452e+03 2.288028789271210826e+03 2.386886807314789621e+03 2.246585395750407770e+03 2.234919026941554876e+03 2.075767491290187991e+03 2.138383086021938198e+03 2.168709575367085563e+03 2.161286053703558082e+03 2.093705862227679972e+03 2.276992749701949833e+03 2.400733127575758317e+03 2.355386367460020210e+03 2.166007302646156859e+03 2.085252966168994135e+03 2.133324241484809136e+03 2.201742672831639538e+03 2.364138594509277482e+03 2.296815699508292710e+03 2.081048383627627572e+03 2.131977440522823144e+03 2.179469280407266979e+03 1.990130553648808245e+03 2.048681618059591528e+03 2.277448155037731340e+03 2.288647243288884056e+03 2.226622582219250944e+03 2.254487507706794986e+03 2.163562514895707409e+03 2.065047558818652760e+03 2.358240190632094709e+03 2.261589644396188305e+03 2.251025409278690859e+03 2.309684670155839740e+03 2.209804063558198322e+03 2.049800716353687221e+03 2.059724820461120544e+03 2.129613517378768393e+03 2.146720245790818353e+03 2.070904116675743353e+03 1.986913122491335344e+03 2.257727558334587684e+03 2.086949614938600462e+03 0.000000000000000000e+00 2.295295859598356401e+03 2.092913615279712303e+03 1.927538709360894245e+03 2.273501811449187699e+03 2.302551997181513798e+03 2.394640761740578910e+03 0.000000000000000000e+00 5.036206688489033922e+02 2.132221165315524104e+03 0.000000000000000000e+00 2.185204447106972111e+03 2.271427983011990818e+03 2.254189307689739053e+03 2.365372298119662446e+03
1.589751273448173379e+02 1.578873994286223024e+03 2.991448511804286614e+00 1.921979974529687297e+03 0.000000000000000000e+00 6.964076867337912518e+02 1.556523978406140714e+03 1.854050877724118891e+03 1.888150860205445724e+03 2.008808769761359144e+03 2.107117511667327562e+03 2.211070942391719655e+03 0.000000000000000000e+00 1.975212070494658519e+03 0.000000000000000000e+00 2.055071429929482292e+03 1.958622950961770584e+03 2.201437686973487871e+03 1.441120760301212613e+03 2.100527328989516263e+03 2.012454839881401085e+03 2.220403170359106298e+03 2.280845976471008271e+03 2.202182621529368589e+03 2.068335487325290160e+03 1.872949633672292521e+03 1.960932398881470363e+03 2.061998831210652043e+03 1.961999283898243220e+03 2.355360355069151865e+03 2.134999778748783228e+03 2.035561382795903455e+03 2.031666498502338527e+03 1.800681179981366085e+03 2.167479076181662549e+03 2.192533532481912516e+03 2.234037433085822613e+03 1.524286520810102274e+03 2.144239455383442873e+03 2.107036458565346493e+03 2.357945949022345303e+03 2.258655145113305025e+03 2.147382053793272462e+03 2.190108536767993428e+03 2.151251679678312939e+03 1.985125053362517974e+03 2.114944790876071693e+03 2.138249254155876315e+03 2.169120872735742523e+03 2.271503192750805738e+03 2.008715841437460085e+03 2.167462111578922304e+03 2.226602601687134666e+03 1.978244587482262887e+03 1.869110167081012378e+03 2.215008615183307029e+03 2.088930138060726222e+03 2.059242460256540653e+03 2.157926308378653630e+03 0.000000000000000000e+00 2.255572111308651984e+03 2.007312868790845187e+03 2.383842792096439098e+03 0.000000000000000000e+00 2.122971686910392236e+03 2.160443855425299716e+03 2.104526074350968429e+03 2.279746293222271106e+03 2.254009294405107084e+03 2.044831595715495041e+03 2.330438788157033741e+03 2.390789608422966921e+03 2.102934794613936901e+03 2.007790328110188966e+03 2.020689081060324270e+03 2.236726134124558939e+03 2.188226785332932650e+03 2.033244960539521571e+03 3.170937778707368579e+02 3.920236478643260511e+02 2.318254810469019048e+03 2.143424777460740643e+03 2.331135844834070213e+03 2.228221778770894161e+03 2.164218668030581284e+03 2.145401342175560785e+03 2.013937923152067015e+03 2.065748950894167137e+03 2.140721939253054188e+03 2.063403123326369041e+03 2.189044479185010459e+03 2.296800054374654337e+03 2.145872204149394292e+03 2.118814605256698542e+03 2.064494135778149939e+03 2.102539519370090147e+03 4.683271323170102391e+02 2.089736710673229936e+03 2.269426913870990575e+03 0.000000000000000000e+00
3.526845955037038607e+02 1.862949754339286073e+03 0.000000000000000000e+00 0.000000000000000000e+00 1.210975001120294110e+03 2.388172629954704291e+02 4.969430713430834317e+02 1.081081090593648213e+02 7.709030272777487198e+02 1.946792402497510011e+03 1.903910787655509466e+03 1.836505143092269464e+03 1.762926079591869211e+03 1.800202401192920206e+03 2.479161334273860291e+02 1.880854007575711876e+03 1.759780465252663362e+03 1.985026470171038682e+03 1.760355376789970251e+03 2.040458121129070378e+03 2.127926858875220205e+03 2.149219697261208694e+03 1.941797646459622001e+03 2.032011068433550690e+03 2.079803558777668513e+03 2.222795556336646769e+03 1.810732330113765101e+03 2.052439654557718768e+03 2.075205020461557069e+03 2.141269141939219026e+03 2.189888373923542531e+03 1.762966229151687685e+03 2.142052152603472223e+03 1.644206281651230938e+03 2.104827855784157691e+03 2.218762504778542279e+03 2.227041230915762299e+03 1.776114738753276015e+03 2.174782903148078731e+03 2.269577898835378619e+03 2.091552677148776183e+03 2.259481886753510935e+03 2.190488355373787726e+03 1.966551829291370041e+03 2.083230220035603907e+03 2.378511571437536986e+03 2.117954499897769892e+03 2.208880246691201137e+03 2.330900036855981398e+03 2.323459362094127755e+03 2.126833207485235107e+03 2.052790067852096854e+03 2.127562308411891536e+03 2.354225800137004171e+03 1.492321627831423257e+03 2.224640928123609228e+03 2.080306653496708350e+03 2.195544183981540755e+03 2.275846508043470294e+03 2.253769339524126281e+03 2.004694853596859730e+03 2.213083321267879910e+03 2.194476544982424002e+03 2.044559973576065886e+03 2.217663575512149237e+03 2.061395079848686692e+03 1.988035048219220926e+03 2.230319734643099764e+03 2.126157262313830870e+03 2.301859087407369316e+03 2.175582689919486256e+03 2.076592159478947906e+03 2.292438455010148118e+03 2.050960529694359138e+03 2.359954557986785403e+03 2.300912085583293901e+03 2.051051196071226059e+03 2.054623941408312930e+03 2.291165921309046553e+03 1.893048164025370625e+03 2.153473100159349997e+03 2.280746450801599167e+03 2.016387611787752576e+03 2.264668342802363441e+03 2.197644967287536019e+03 2.260248309806196175e+03 2.107762166571455055e+03 2.258653071661859030e+03 2.275989010706487989e+03 2.311350217153755693e+03 2.308857174533289708e+03 2.306363943417237806e+03 2.195606199029335585e+03 2.125694317154609053e+03 2.030729675439907169e+03 2.067081991678375289e+03 2.191777476686457248e+03 2.223853770556463587e+03 2.203308882655732305e+03 2.115033006810320785e+03
1.020154039321306300e+03 3.004711296854889042e+02 1.349723963038361489e+03 0.000000000000000000e+00 2.883498032178716244e+02 0.000000000000000000e+00 0.000000000000000000e+00 4.976269804529961789e+02 1.218186936488534002e+03 1.455793350963422199e+03 1.891842734752886145e+03 2.005018312022439432e+03 2.235531826091648327e+03 0.000000000000000000e+00 1.675776653368407324e+03 2.038320204192632673e+03 1.996040644252323318e+03 0.000000000000000000e+00 2.073414689385707334e+03 2.003978947361222936e+03 1.962248663558524413e+03 2.038425950216379988e+03 2.252224806692423499e+03 2.127154592459368814e+03 2.013493073569101625e+03 2.269413342188798651e+03 2.061243717893126814e+03 2.183569436393988326e+03 2.114877309456283001e+03 2.349100605153602373e+03 2.139129528542507160e+03 2.107334847077987888e+03 2.115723466141846984e+03 1.846266010022225146e+03 2.318828025546051776e+03 2.186190844508521877e+03 2.167054772617571416e+03 2.187556118037936358e+03 2.047925373768550344e+03 2.380204073304251324e+03 2.258656276086820981e+03 2.067166626196490142e+03 2.191516410299844210e+03 2.373260838393857739e+03 2.211777423848056060e+03 2.300447632459384295e+03 2.224169500663017516e+03 2.289449857494082153e+03 2.178047835193223818e+03 2.285475616558810088e+03 2.108142739159593930e+03 2.147247467944866912e+03 2.086645006071620628e+03 2.203133393265164159e+03 2.143599135877792833e+03 1.927549453609296279e+03 2.236977587236285672e+03 2.269002044820141691e+03 2.383815460236468880e+03 2.246504154152840783e+03 2.148646482184175966e+03 1.948255128244887828e+03 2.415331733720462580e+03 2.165042393741411161e+03 2.128037128793031570e+03 2.253334857198391092e+03 2.388396845454253707e+03 2.097179081895357740e+03 2.341593768441061911e+03 2.186243057785844485e+03 2.346154796135559081e+03 2.260182901837853478e+03 2.284298084633053804e+03 2.317091227216626976e+03 2.276009556725362017e+03 2.065617946461895372e+03 2.400104683292026948e+03 2.141105339274982725e+03 2.207821278489040651e+03 2.265785556140599056e+03 2.434728871998026079e+03 2.156404018026099038e+03 1.969523462204695988e+03 2.114232466056569137e+03 2.201930979922055485e+03 2.244529285898294802e+03 2.128816558041150984e+03 2.138916340034738369e+03 2.298918556265733969e+03 2.197153559294828028e+03 2.112107932306737439e+03 2.152084641672857288e+03 2.142981435842463725e+03 2.024314793657077871e+03 2.314132412003149057e+03 2.221180714651365633e+03 2.140762088812872662e+03 2.181490707071555335e+03 1.944653920074314328e+03 2.134840876969783494e+03
9.150518222480231723e-01 1.800610117145443155e+03 5.850560870021888604e+02 0.000000000000000000e+00 0.000000000000000000e+00 2.579471616559793574e+02 0.000000000000000000e+00 1.902981692912104336e+03 1.867988618344298857e+03 2.888502825606558986e+02 1.894477149062853869e+03 1.860210724979086990e+03 1.028072456145882825e+03 1.949702020363041129e+03 1.886892463673294515e+03 1.856082860141223364e+03 2.079925138430639890e+03 1.842230696517088518e+03 1.727083643913537344e+03 9.156839421956817660e+02 1.963139116706799086e+03 1.913404933331271877e+03 1.957654649136477019e+03 1.871400765442111833e+03 1.967115996580274896e+03 1.928335857194097798e+03 1.996768048718706041e+03 2.032245745438123549e+03 1.247504974448569101e+03 1.893473410067391796e+03 1.150786569801701944e+03 1.910317941119312763e+03 1.987328189771712459e+03 2.012281800933450995e+03 1.867589950179904008e+03 2.039965016676088453e+03 1.678155656159342016e+03 1.977147543171729694e+03 1.830134369276564712e+03 2.018513276511100003e+03 1.832353527810569403e+03 2.020170718198818122e+03 2.029856940876716635e+03 1.980657330983092152e+03 2.024307065338051871e+03 2.014060822274140492e+03 2.005307652746952954e+03 1.976288003299559477e+03 1.988406007532473495e+03 2.015815904675407637e+03 2.068849703283904546e+03 2.046017609942621448e+03 2.197175613278390301e+03 2.182912152285598495e+03 1.598073306446277229e+03 2.097093316403726931e+03 1.843431224904336887e+03 2.163187031688391016e+03 2.223609480277004877e+03 2.094232141903798038e+03 2.266153311028889220e+03 1.893401404753538827e+03 1.983094955901273352e+03 1.865878598754589348e+03 1.967067176223500383e+03 2.017827906560395832e+03 2.229724465582504308e+03 1.731708194620517133e+03 1.987722522537629175e+03 1.783886223268563754e+03 2.019440297803059366e+03 1.963825429135433296e+03 1.873088931910348265e+03 2.045978968347490991e+03 2.021871325375730521e+03 1.982088954958779368e+03 1.752382955980004226e+03 2.008967106053601128e+03 1.977387875043882786e+03 1.997174256706540973e+03 1.993134607802926439e+03 2.093577685229198323e+03 2.153684215215672339e+03 1.970078393209886599e+03 1.976249361704429020e+03 1.855390327358250943e+03 2.032811986178474399e+03 1.981043746934396722e+03 2.108580237414705152e+03 2.192667929834732149e+03 2.194422635244827234e+03 2.206111058037241946e+03 2.033044589731601036e+03 2.070909960038909503e+03 2.114286941280923656e+03 2.113066620857145153e+03 2.091642966534471270e+03 2.048508390616055294e+03 2.040338049440787017e+03 1.731196806095692864e+03
0.000000000000000000e+00 0.000000000000000000e+00 9.100444370058728509e+02 0.000000000000000000e+00 8.248696434174743786e+01 0.000000000000000000e+00 2.837128353641639933e+02 9.155149559028308204e+02 7.825658146704672617e+02 6.833771753690402875e+02 9.133963597639582304e+02 5.020477203076109163e+02 1.040927195376686541e+03 8.609617886233626223e+02 1.089979778713229507e+03 1.124355058997912693e+03 1.393141093840194571e+03 1.481157034272508781e+03 1.284662826573817711e+03 4.393997043350682752e+00 1.481541753763539418e+03 1.499005021576512718e+03 1.791595692736056435e+03 1.793438237089228778e+03 0.000000000000000000e+00 0.000000000000000000e+00 1.730494848533420509e+03 1.715573726441066810e+03 1.794681742470085737e+03 1.754579118052516606e+03 1.798066934699100557e+03 1.674358601074912258e+03 1.735104319593519904e+03 1.610179812448445091e+03 1.843550165619104291e+03 0.000000000000000000e+00 1.871373056590969554e+03 1.584911225162496748e+03 1.876253018816982376e+03 1.949471678756946403e+03 1.766124095703983585e+03 1.550870713038553731e+03 1.867542449292231368e+03 1.632036252636580457e+03 1.685172215852690442e+03 1.971254982657712844e+03 1.747837761914731345e+03 2.100098690026946770e+03 1.870840179569341217e+03 1.943359709380822778e+03 1.784740862255497859e+03 2.011517451332211749e+03 1.917505654804751202e+03 2.020729419115728888e+03 2.097069942951062330e+03 2.048585485310730292e+03 1.669759120280870775e+03 1.714596942314402895e+03 2.223114302372576731e+03 1.987274657025287752e+03 2.147759233460863015e+03 2.137930508119946808e+03 1.926685578338647929e+03 1.845522960422204051e+03 1.946294585654878119e+03 1.741466799603440677e+03 2.001971657865884936e+03 1.790747462599046230e+03 2.033337511872248569e+03 1.851794020072913781e+03 1.838721285696898121e+03 2.171097814441734045e+03 2.036893292606595423e+03 2.163141604252164143e+03 1.727091937719321550e+03 1.948769155707915843e+03 2.075182589486822962e+03 2.155022533876288435e+03 1.855240284871793165e+03 2.139943075491692980e+03 2.122606570960306271e+03 2.027231951346049073e+03 2.248222479914837095e+03 2.161362205920303040e+03 2.253962924490950627e+03 2.132208536111261765e+03 2.134612231823962702e+03 2.118771439767504035e+03 2.218484662284774913e+03 2.148102295427387162e+03 2.316365330714932043e+03 2.156336913597482180e+03 2.089794390322546860e+03 2.247460392260630215e+03 2.148496062706546127e+03 2.179283989246226611e+03 2.132006468843067069e+03 2.264406145442234447e+03 2.276822538187789633e+03 2.222847015631625709e+03
0.000000000000000000e+00 2.434260507590707050e+02 1.219177198049596882e+03 2.678652339046608404e+02 3.390325670680069265e+02 1.189750775127610268e+03 0.000000000000000000e+00 1.677053899459158629e+03 1.950327260221810775e+03 2.039319042302858634e+03 1.868256847563179917e+03 1.993172683911298918e+03 2.147805603375019473e+03 2.095270752582670866e+03 2.049739643783822430e+03 2.105843658497124125e+03 2.065437744681677486e+03 0.000000000000000000e+00 2.077931797608665875e+03 2.131545785630877617e+03 2.160037647437464784e+03 2.142168077388863821e+03 2.013432377990408895e+03 1.989378644756245194e+03 2.016190822395966052e+03 1.873389016883263821e+03 2.010363858345877816e+03 1.939492910929572190e+03 2.059725762939050583e+03 2.031165665730330602e+03 2.119784980533438102e+03 1.988007716359250708e+03 2.029027748793892670e+03 1.727459127120853964e+03 2.030240717889817461e+03 2.178917365331452402e+03 2.133164208732293446e+03 2.105868916905648348e+03 2.104935675259351228e+03 2.119398753077719448e+03 2.001395992346233925e+03 1.906020241758460998e+03 2.170490293168048993e+03 2.153743968316435257e+03 2.233134162237699456e+03 2.216238737377558209e+03 2.206467691685958471e+03 2.270859291829021913e+03 2.116663305133654376e+03 2.106975009004309868e+03 2.229958011613561212e+03 2.017810376470897609e+03 2.176919500615414563e+03 2.263535861321661741e+03 2.391005058877767169e+03 2.232740394958540946e+03 1.873091005361794259e+03 2.212363833616109332e+03 2.224816794505349208e+03 2.195422038841811172e+03 2.261244131987046330e+03 2.205636991638446489e+03 2.339403826722887516e+03 2.107305441766571676e+03 2.136352800065107658e+03 2.103645234477579834e+03 2.384844080649283114e+03 2.264726210947266281e+03 2.013910779787682714e+03 2.328888788953337098e+03 2.446206368229704367e+03 2.196797114141697875e+03 2.152643154094181682e+03 2.140484057823519379e+03 2.308231934674520289e+03 2.030150240008536230e+03 2.234734866754030918e+03 2.083377246592685424e+03 2.308213085115919966e+03 2.050351311960399471e+03 2.099709258146266166e+03 2.255081457298288115e+03 2.268990358093809391e+03 2.251880048265625192e+03 2.278078295781736870e+03 0.000000000000000000e+00 2.429648538964092950e+03 2.332399896233801428e+03 2.276628576229793453e+03 2.120933295643364090e+03 2.395387581252320160e+03 2.265010273795371631e+03 2.188301429584989364e+03 2.154095324088743382e+03 2.305117610602590503e+03 0.000000000000000000e+00 2.062243875472454874e+03 2.245501169139722606e+03 2.035079965069253603e+03 2.197464200020559929e+03
1.134576232148885765e+03 1.039631146851231449e+02 0.000000000000000000e+00 3.356014761638006121e+02 0.000000000000000000e+00 0.000000000000000000e+00 0.000000000000000000e+00 1.155968313460904483e+03 1.264805476323029552e+03 1.352659970285932786e+03 8.173002732942776447e+02 1.425363848780524677e+03 0.000000000000000000e+00 6.823295169020396997e+02 0.000000000000000000e+00 1.904305685908184387e+03 2.086783927318504539e+03 1.994254837070537860e+03 2.021156927104781971e+03 2.012799409812613249e+03 0.000000000000000000e+00 1.653238613141287715e+03 2.043572633696586081e+03 1.793071801670040259e+03 1.720554722301176753e+03 2.064102253454851507e+03 2.037030705888791090e+03 2.019638406663947762e+03 2.016159343633103845e+03 2.004759696078444449e+03 1.840291265432711043e+03 1.219724400735761492e+03 2.062335484327251834e+03 1.794933007086226780e+03 2.199113724893665676e+03 2.006685366985043629e+03 2.098360383732834180e+03 2.082205181038923456e+03 2.029975881591484267e+03 1.823572083945481836e+03 1.983708320538124781e+03 2.039875669768323405e+03 1.678041427834224578e+03 2.092577527649870262e+03 2.119167280498108539e+03 1.959535458093607531e+03 2.060142903670873693e+03 1.936725230240300789e+03 1.934375067274024559e+03 1.906490161254364693e+03 2.045092850597694223e+03 2.082317901399352650e+03 2.063316792347980027e+03 1.921952642669716852e+03 2.181353859276117873e+03 2.182122167284663192e+03 2.103358155700097996e+03 2.030256928510213584e+03 1.955502406535503042e+03 2.040085088364372041e+03 2.069362599773416605e+03 2.147792220188413467e+03 1.822230749355489479e+03 2.090747989492132092e+03 1.812657624029192220e+03 2.013789200134711109e+03 2.018537026954936437e+03 2.139605102905990861e+03 1.839510893706661818e+03 2.037114586424562276e+03 2.157700302171037038e+03 2.232053705538734448e+03 1.981051852244594784e+03 1.971755438438548936e+03 2.099259507678064892e+03 1.932611691066973208e+03 1.947332819342578659e+03 2.042182855740991272e+03 2.126540473840173490e+03 1.978844380436922165e+03 2.143428547372460798e+03 2.220110436714044681e+03 2.163211724610157034e+03 1.999639401980278762e+03 2.124995941008470709e+03 2.143857940317373959e+03 2.190470259797531526e+03 2.024855775988904497e+03 2.048521396811489467e+03 2.031438607338861857e+03 2.251924721719507943e+03 2.036839948355756860e+03 2.096629051775403241e+03 2.079282933969130227e+03 2.369035144346858488e+03 2.040574045914461749e+03 2.084600582945840415e+03 2.428992951315976825e+03 2.005665040378013373e+03 2.315220220029968459e+03
0.000000000000000000e+00 2.793747272620630042e+02 1.726894017354019070e+03 0.000000000000000000e+00 1.974673750662984162e+02 1.668361237015077904e+03 8.683588737809532176e+01 1.707769820684986826e+03 1.687318049603740292e+03 1.484199164534999454e+03 0.000000000000000000e+00 2.919719108365429747e+02 0.000000000000000000e+00 1.837637624572971163e+03 1.796943501006526958e+03 0.000000000000000000e+00 1.912339367783601119e+03 2.019157177432883827e+03 2.007997107768033402e+03 1.868495105983886788e+03 1.988768861535527776e+03 5.412907106052166455e+02 2.121806595693312374e+03 2.105169409785994048e+03 2.119282074309984182e+03 2.089377438086309667e+03 1.883717821013844286e+03 2.079473879997750373e+03 1.925268845514254735e+03 2.081414065064471743e+03 1.851964043091487838e+03 1.720503828492956018e+03 2.296437954353943951e+03 0.000000000000000000e+00 2.165337200837918772e+03 2.150643969909041971e+03 2.034862441163007134e+03 2.316209067874136508e+03 2.267547047391789874e+03 2.364139159996035687e+03 2.115081638671509609e+03 1.456862309431641052e+03 2.136529797420363593e+03 2.438600194343340718e+03 2.292983772740452423e+03 1.931636980391755515e+03 2.077803620610184225e+03 2.374988777430740356e+03 2.243853152231304648e+03 2.276883233766482590e+03 2.003121103949326653e+03 2.152150049641199985e+03 2.250374345524639011e+03 2.197823661103066115e+03 2.206469953632990382e+03 2.160458369585422133e+03 2.409174148412526392e+03 1.943182335034394555e+03 2.101521266214505886e+03 2.006213751028866000e+03 2.160290043027122010e+03 2.225497829057575473e+03 2.233629528637713520e+03 2.235844540268826222e+03 2.210870571583799119e+03 2.025520034433976434e+03 2.253250976662619905e+03 2.059466770003883539e+03 2.232152665721385802e+03 2.073074831844145592e+03 2.001290246322486610e+03 2.066830727062234018e+03 2.201908171956149545e+03 2.123304004628514576e+03 2.309626048028592777e+03 2.317199423682992347e+03 1.980080722985511102e+03 2.221350549174353546e+03 2.258559766346787910e+03 2.196109859235133626e+03 2.109885192356598964e+03 2.124291721499166215e+03 2.314293575729181157e+03 2.354406755899566633e+03 2.144566683720742731e+03 2.203594830459697732e+03 2.108392307315461039e+03 2.185933359538043078e+03 2.205218342941935134e+03 2.182424514204610659e+03 2.160556764281315282e+03 2.295749191482691913e+03 2.047945731291838683e+03 2.199590053239493500e+03 1.371015199211869003e+03 2.309319931196925154e+03 2.367970898268290057e+03 2.511869559595939336e+03 2.212808683199074494e+03 2.294557522387985500e+03
0.000000000000000000e+00 8.000472723074898340e+02 8.992039616070892407e+02 0.000000000000000000e+00 8.620806984218720572e+02 0.000000000000000000e+00 0.000000000000000000e+00 1.088828918912892732e+03 8.998048855352645887e+02 0.000000000000000000e+00 0.000000000000000000e+00 8.940581263570203419e+02 1.348643506339396481e+03 1.453431595518606855e+03 1.832143732223348934e+03 1.781396008081887658e+03 1.826798374395496694e+03 1.975339682006381963e+03 1.926937973928304928e+03 1.080449536132747653e+03 1.378275954936883409e+03 1.780026022162823210e+03 1.971128879110677190e+03 1.679538836769426553e+03 1.980136329183381804e+03 1.888971004500141589e+03 1.851167460745042263e+03 1.876888060446224017e+03 1.850260419985199178e+03 1.509114322597193677e+03 1.543891758214612537e+03 1.780218476156131374e+03 2.207839185569710935e+03 1.899770482108969645e+03 2.027124508862027824e+03 2.002339035763003267e+03 1.909819370294336750e+03 2.149436844176283103e+03 2.007244444893126456e+03 1.714995987469969805e+03 1.982007713361212382e+03 1.984581809083659437e+03 1.828659014324925010e+03 1.704961424949138973e+03 1.823055229048663477e+03 1.968674289589755745e+03 2.076430053274985767e+03 1.989082518190635483e+03 8.313779718870641773e+02 2.278390444472156560e+03 1.956703877400681449e+03 2.016505421529003797e+03 2.027849085894620657e+03 1.917722424728654005e+03 1.982520421355138524e+03 1.823297445876676420e+03 2.027609508004811687e+03 1.975786605040793347e+03 1.974022474851398101e+03 1.800532456964010180e+03 1.945054661690155172e+03 1.754600795044906818e+03 2.201122899344863981e+03 1.832460216312246757e+03 2.085144958198214681e+03 2.071549525562214967e+03 1.851594026256165307e+03 1.940364514519246768e+03 2.017302380866621434e+03 2.024539857386764652e+03 2.065750647354441298e+03 2.270603691814402737e+03 1.897344166925948457e+03 2.092120048862642761e+03 2.382049445091213329e+03 2.102298056524421554e+03 1.947433852976675780e+03 2.025025233520720576e+03 2.052863015643879862e+03 2.140740223324896306e+03 2.116448043174440045e+03 2.290377632768384956e+03 2.254698811258703245e+03 2.182502739872801612e+03 2.289570117677951202e+03 2.172405219826246139e+03 2.071154250318368213e+03 2.080499672976774946e+03 2.002758815433030350e+03 2.243310473439204088e+03 2.171269910911754323e+03 2.109508766671352078e+03 1.986227941036217089e+03 2.395790961806364976e+03 2.140990922454279371e+03 2.288708127363162930e+03 2.191962956343083533e+03 2.217606838340762351e+03 2.142014641981857949e+03 2.186630981701837300e+03
1.249721211300990717e+03 7.602124058698369709e+02 1.425604274900470500e+03 0.000000000000000000e+00 0.000000000000000000e+00 9.971336388896070275e+02 1.878206657756154527e+02 1.555854536332453563e+03 1.918938409753954602e+03 5.226988725949512400e+02 2.184018621375431849e+03 1.626214189471728332e+03 0.000000000000000000e+00 2.022019859897500282e+03 2.231577754184078913e+03 2.146492354627341683e+03 0.000000000000000000e+00 2.154409169239437233e+03 2.226174905202495665e+03 2.047364787895779727e+03 5.695933228434575994e+02 2.160517745695012763e+03 2.214496849667310926e+03 2.116200548470018930e+03 2.142491912805615812e+03 2.182596045187872733e+03 2.120886925729207178e+03 1.737690102042299259e+03 2.299396769567421870e+03 2.032920748131597747e+03 2.096127088029878905e+03 2.198036849610834906e+03 1.879522851747363802e+03 6.637266518999931009e+01 2.319773519405439401e+03 1.962981345901315080e+03 2.070132604242236084e+03 2.106789906338855417e+03 2.201567183441071393e+03 2.147305524585355670e+03 2.172887014544067824e+03 2.196438030050363523e+03 2.246922802849351683e+03 2.212193622101949131e+03 1.884075397140490622e+03 2.342801459660578530e+03 2.333214574156503204e+03 1.920255616908938464e+03 2.156914652568579186e+03 2.033957473854610043e+03 2.412022505212606575e+03 2.411775952986115499e+03 2.398797654898687142e+03 2.337082126590097687e+03 1.826394239859107756e+03 2.144542367790148091e+03 2.085464269720902848e+03 2.059535759388360475e+03 2.194384182145282921e+03 2.210997240617592979e+03 1.931385527280028555e+03 2.008905091005806298e+03 2.294835553377338783e+03 2.199479029339338013e+03 2.194626021982123802e+03 2.222581236855362476e+03 2.041638103497444718e+03 1.779821127460838625e+03 2.147016937843186042e+03 2.257660265410384909e+03 2.211767999068756126e+03 2.087716980469215741e+03 5.714427472855188626e+02 2.318986738829465594e+03 2.213941730166534398e+03 2.294267616176714000e+03 2.192833051968069867e+03 2.246654385134884251e+03 2.150684496460032278e+03 2.213519123062717426e+03 2.159420512888893427e+03 2.035792101393170242e+03 2.318666673324433759e+03 2.133200588380391764e+03 1.683455775046553754e+03 1.962640545881823073e+03 1.965109838058452851e+03 2.076591593992189701e+03 2.337935446107930147e+03 2.171445965789080219e+03 2.303853370707273370e+03 2.127065622542775600e+03 2.155769918874787436e+03 2.326778015381283694e+03 1.965066672569258344e+03 2.131833052903945372e+03 2.153163213415962218e+03 2.439738330691622195e+03 1.888656782358275677e+03 2.199427381548773610e+03
0.000000000000000000e+00 1.983556958582564903e+03 5.587118967786150279e+02 8.031047649602396632e+02 0.000000000000000000e+00 0.000000000000000000e+00 1.930044192690036425e+03 1.725231109294307089e+03 2.031910600286211547e+03 1.907076948013589572e+03 2.068928117447681416e+03 1.913006830653635006e+03 2.200308221422162205e+03 0.000000000000000000e+00 8.779846364996416241e+02 2.218757415397720251e+03 2.146000758139047775e+03 2.121379653191017496e+03 1.947340736157190804e+03 1.717602692928795250e+03 2.205866202271025031e+03 1.968423213469200618e+03 2.527927310071886950e+03 2.149253060979930979e+03 2.209307000697910553e+03 2.336102138038471821e+03 1.374960034835724400e+03 2.381771979588618251e+03 2.008056295382038115e+03 2.138870724102926033e+03 2.148824799008533773e+03 2.120219274363587374e+03 2.194803396328551571e+03 0.000000000000000000e+00 2.041530661013423469e+03 2.089958381482368623e+03 2.029724239984171163e+03 2.312599565897779030e+03 2.235499781842027915e+03 2.233261396758251067e+03 2.184785798410461211e+03 2.330607680202091615e+03 2.186605157806554871e+03 2.254888060827049685e+03 2.200450912580765817e+03 6.551260695496745257e+01 2.189313462386235642e+03 6.507148487221528512e+02 2.264761271126262727e+03 2.069886617502502759e+03 2.036073336807485703e+03 2.147841606031945958e+03 2.005925729773454350e+03 2.194543460915454489e+03 1.774883862576681167e+03 2.056645745063773575e+03 2.132576856486310135e+03 2.303304848552006661e+03 0.000000000000000000e+00 2.082470771319600772e+03 2.234114527780497156e+03 2.252643266893348482e+03 2.271978013131945318e+03 2.393389528040695950e+03 2.256287263561944656e+03 2.355222564795784365e+03 2.128016582774157087e+03 1.981336009340493263e+02 2.130185412986699248e+03 1.983850823201142475e+03 2.206027365997057132e+03 2.128688946529427540e+03 2.110911739317967204e+03 1.936815142634823815e+03 1.970150398523739568e+03 2.429539777010969374e+03 2.207838054596194979e+03 2.204574253524565393e+03 0.000000000000000000e+00 2.434891166697574135e+03 2.088960674345658845e+03 2.293812964823276616e+03 2.149129407875513607e+03 2.222324128876055511e+03 2.352896529264516175e+03 2.307178621339939582e+03 2.060366836427044291e+03 2.015109234723485088e+03 0.000000000000000000e+00 2.255017557294633207e+03 1.549574428893615959e+03 2.353400000974728300e+03 2.149760868088621010e+03 2.306418230146006408e+03 2.135754138083964335e+03 2.974044478729214234e+02 2.251012780074428974e+03 2.384220914241959690e+03 2.276320385946679835e+03 1.925048682669804066e+03
1.323451071270192969e+01 1.950921963795647798e+03 5.402391879787030149e+01 2.842207131586988567e+02 1.000241931102784406e+03 3.802268636719081769e+02 1.290991895741119606e+02 1.914532325431151548e+03 1.876001754200841333e+03 1.775792411301212042e+03 1.209688047506863541e+03 1.891776384306613409e+03 1.943750272235019565e+03 1.736987202002096637e+03 1.821045300615121278e+03 1.497291973690924124e+03 1.608787207059060393e+03 5.440966558984464427e+02 0.000000000000000000e+00 1.811866319559154817e+03 1.831762217157280475e+03 1.602669205824184701e+03 1.725619787192643798e+03 2.271746163561162575e+03 2.045622523194360610e+03 1.917841930930179387e+03 2.163759681278665994e+03 1.913344426248165064e+03 2.144941978432473206e+03 2.054510655561125532e+03 2.163412283913663487e+03 1.832524304811487582e+03 2.189017524316212075e+03 2.088211781382471599e+03 1.990693778459783061e+03 2.044983900148984958e+03 1.984347509070258411e+03 1.969257494932846839e+03 2.028508820445628544e+03 2.006153997928103308e+03 2.057669464591351698e+03 2.277605360356457368e+03 2.009024785702917825e+03 2.121593218689957666e+03 2.074577330160169367e+03 2.065326155294764249e+03 2.076271905478329700e+03 2.817020115765882906e+02 1.755433380048278877e+03 1.895358177431828608e+03 2.013604474460428946e+03 1.944822246632614451e+03 1.900439641439277693e+03 2.067108946547173673e+03 2.093064034757342142e+03 2.007127954620976880e+03 2.032048767550751109e+03 2.240717528158156711e+03 2.052627396161376964e+03 2.083206281096181556e+03 2.117410690132153377e+03 2.123414274546325942e+03 2.159837653620716537e+03 2.107379143540698806e+03 2.204005750837182859e+03 1.902890272552893293e+03 2.090951753220600949e+03 2.156132395886670110e+03 1.934222951336120786e+03 2.003983659750873130e+03 2.088204053063445826e+03 2.009563317592126168e+03 2.180381410547931864e+03 5.368871238489281268e+02 2.090501060274469182e+03 2.170732698491647625e+03 2.012511577052787743e+03 2.064119218057591297e+03 2.212016813242279113e+03 1.990357879325526937e+03 2.195321193703300196e+03 2.010351040646029787e+03 2.249924406560851821e+03 2.159176599600606551e+03 2.309388732085816173e+03 2.035179679234248852e+03 2.075588985970243812e+03 2.124564663107697470e+03 2.237361364249386497e+03 2.058446443396853283e+03 2.060332530230391967e+03 2.065105238467969230e+03 1.937281103723421438e+03 1.316665230174111301e+01 2.148490407838965893e+03 3.334892888748521500e+02 2.011259589370560661e+03 2.092347563034947598e+03 7.015081887954266904e+02 2.255736667955231951e+03
7.508509610866201278e+00 1.818552446490241209e+03 1.238514960217569794e+01 0.000000000000000000e+00 0.000000000000000000e+00 0.000000000000000000e+00 0.000000000000000000e+00 1.612044410785179480e+03 1.485140228748115760e+03 1.652732879484043679e+03 1.553991068969235130e+03 1.882733874054912349e+03 1.686435701765663680e+03 1.681527653697336518e+03 3.019174091929878045e+02 1.578167889821058452e+03 1.854549071557922844e+03 1.729091875886805610e+03 1.915739262668324045e+03 1.748450561064824797e+03 1.787494594271405049e+03 1.799261242732010942e+03 1.661574830432238286e+03 1.641022968194824671e+03 1.887375389364632383e+03 1.626002508928647785e+03 1.570150230070451926e+03 1.966227239892274156e+03 1.825797085842652450e+03 1.972660405746945798e+03 1.913699363436607428e+03 1.846243202056318751e+03 1.894930103956017319e+03 1.908952102103140305e+03 1.702472152240392916e+03 2.091297077134157007e+03 1.857587620404279505e+03 1.910303615454776491e+03 1.633071281899318819e+03 2.187101843675670807e+03 1.822317834316222616e+03 2.024036197180966610e+03 2.047583631271128297e+03 1.583237761349968423e+03 2.119841529209238615e+03 2.123834808198696919e+03 1.910741113709887713e+03 1.933113654812497316e+03 2.006119126244692779e+03 1.980171200866792105e+03 1.921897790454190272e+03 2.025054261840964955e+03 1.961634167948156801e+03 1.955093182618292076e+03 2.062474028582963456e+03 2.102238114928072719e+03 2.108992100270119863e+03 1.941604061492797655e+03 1.920305379743643016e+03 1.960672840459545341e+03 1.890235244395458722e+03 1.981023389411108383e+03 1.958034467742271545e+03 2.000919098513648123e+03 2.034318819892976535e+03 2.017160443690361717e+03 1.855935645088555702e+03 1.895415857081145305e+03 1.959240085510342169e+03 1.976303082946439645e+03 2.033187280890204875e+03 2.032143203839338184e+03 2.109337801174848209e+03 2.095807588011605276e+03 1.875071528483920019e+03 2.039216877695245557e+03 1.871085035335558132e+03 2.037110628017256204e+03 1.917527897283899620e+03 1.987162502151616536e+03 1.763427100859463280e+03 1.857756135458165545e+03 2.021921842192779195e+03 1.954639285247198586e+03 1.875927675435542369e+03 2.062500417965004090e+03 1.977234816628048748e+03 2.146084827170404878e+03 1.967906547067968404e+03 2.079118377322550259e+03 2.056857237111268205e+03 0.000000000000000000e+00 1.865449582800848248e+03 1.880343184537645584e+03 2.033828919864956561e+03 1.952900413466327791e+03 2.153589401935913429e+03 1.962611517561578694e+03 1.998864119635051338e+03 1.968830175439379673e+03
0.000000000000000000e+00 0.000000000000000000e+00 1.581196731144735850e+03 0.000000000000000000e+00 5.208745651897247342e+01 1.362597834571144631e+03 0.000000000000000000e+00 1.786624310150832571e+03 1.741166526134938977e+03 1.903105911503279913e+03 2.049619949086710676e+03 2.152309328411372007e+03 1.421965367612696809e+03 1.600981981833878308e+03 2.047454511794716836e+03 0.000000000000000000e+00 2.206457135933142126e+03 2.192172186443546252e+03 2.149283597264863602e+03 1.953438568364364073e+03 1.857401575260895243e+03 1.731534967176980899e+03 2.223536155494050035e+03 2.033853235795550972e+03 2.109583787914581080e+03 2.160822354561992597e+03 0.000000000000000000e+00 1.791293345816108967e+03 2.212290131841982657e+03 1.946305329903280153e+03 1.979853962795550387e+03 2.315535761640936016e+03 2.105262903596651086e+03 2.160868158989390849e+03 1.724654312801140122e+03 2.076618360365402168e+03 2.027219887628544939e+03 1.898413125394167309e+03 1.987687650854218646e+03 1.854528337043462670e+03 2.166203715046771322e+03 2.181441886714780594e+03 2.106327149675219971e+03 1.818820110222364519e+03 1.991012524495712796e+03 2.125528441038927213e+03 2.012123276145623095e+03 2.100456643144765167e+03 2.095607594194857029e+03 1.305028455172261147e+03 2.103455607918061560e+03 2.004671668639781274e+03 2.102425668036144998e+03 2.147640292746095838e+03 2.095771585354678791e+03 2.155566720633077239e+03 2.169538013467565634e+03 2.273413218523766773e+03 2.071069427304667443e+03 2.259951994745000775e+03 2.111181099510364220e+03 2.221219544742081780e+03 2.289581804404283503e+03 2.089569515088446224e+03 2.031359250697154948e+03 1.938808860447969892e+03 2.109709514470444901e+03 2.087947887562068445e+03 2.210186332606610904e+03 2.198516759372796514e+03 2.229079999173962733e+03 2.167083989433401712e+03 2.441318866180251462e+03 2.210008958260183135e+03 2.252504534142050943e+03 2.259343154002213396e+03 2.279503510907500186e+03 2.199548018723814948e+03 2.232165106430061769e+03 2.020778050976917484e+03 2.208423144895145924e+03 2.055858587496627933e+03 2.185074385152630384e+03 2.211937645096158121e+03 2.445531365536230169e+03 2.283773878408381734e+03 2.147407123706210768e+03 2.231652021444963793e+03 2.323717978038122965e+03 2.270578621901464430e+03 2.358900490669860574e+03 2.362476251936323479e+03 2.442685647674353731e+03 2.290925966428065749e+03 2.053956478538279043e+03 2.154074024087525231e+03 2.071317110504674019e+03 2.017969655241069631e+03 2.419378733951931281e+03 1.998442266513578261e+03
0.000000000000000000e+00 6.455731132510794623e+01 1.789093225336290288e+03 9.169955887308785805e+02 0.000000000000000000e+00 2.152678968255522250e+03 1.304763383254445444e+02 2.222243075774074441e+03 2.338982350592586499e+03 2.068971094441290006e+03 1.765912415160903038e+03 2.153803721417197721e+03 2.110943783567587616e+03 2.235026657921162496e+03 0.000000000000000000e+00 2.178634810448034841e+03 2.200256196640425514e+03 2.071138793680316212e+03 1.969313478121889375e+03 2.205842640322774969e+03 2.005261848319554474e+03 2.247853028566272769e+03 2.036970575796856338e+03 2.205843582800704553e+03 2.213204335434093537e+03 2.183146640794585437e+03 1.791658273270609243e+03 1.760941786558023296e+03 2.062341704681590272e+03 2.210812514943310816e+03 2.228251561073482662e+03 2.262583958612350216e+03 2.012197354910922058e+03 2.121073724854935790e+03 1.921885726736686138e+03 2.129038794337047420e+03 2.103979814142733630e+03 2.047352724178275594e+03 2.261629039973662657e+03 2.256142875943066883e+03 2.074275925718151939e+03 2.231925905531425087e+03 2.050892482787812241e+03 1.987606597752237803e+03 2.433653504679883099e+03 2.072395870743365322e+03 2.185283615253093103e+03 2.095335972055427646e+03 2.078801139251308541e+03 2.118280785757140166e+03 2.412957820310349689e+03 2.243613385845909761e+03 2.210124694549988362e+03 2.102184582181648238e+03 2.252199548283899276e+03 2.063187295880396050e+03 2.335908176080475641e+03 2.182394543406436242e+03 2.154110780726795383e+03 2.213199434548857425e+03 2.361784897250763890e+02 2.132163297170621263e+03 2.039462487443806367e+03 2.146972829876061496e+03 1.991539558154175211e+03 2.080716254405091604e+03 2.278451328546435434e+03 2.118194643274337068e+03 3.294879281371441948e+02 0.000000000000000000e+00 8.349662681099964630e+02 2.159377724390871208e+03 2.205796458904204428e+03 2.168066993914403611e+03 2.067154562478986009e+03 2.137863969178087700e+03 0.000000000000000000e+00 2.176721580250111856e+03 2.167107362886066312e+03 2.137194809847779652e+03 2.143831739430919697e+03 2.347535337807439646e+03 2.308537486019429707e+03 2.026529993783776717e+03 2.333335211331544542e+03 2.137774622270322652e+03 2.159046726141851195e+03 2.201469731223108283e+03 2.051525262470021971e+03 2.182065430113276307e+03 2.162805139631150269e+03 2.201601301142137800e+03 1.983256119627305452e+03 2.114569684659927134e+03 2.202415790569253659e+03 2.234147891499219895e+03 2.155577653377065417e+03 2.054904045849112663e+03 0.000000000000000000e+00 2.215754115225945952e+03
0.000000000000000000e+00 1.378064651384974923e+03 1.889790771803665592e+01 0.000000000000000000e+00 2.131437589164512246e+03 1.378670146331110686e+02 0.000000000000000000e+00 1.162085466465643094e+03 2.232782617969805415e+03 6.585761042602740645e+02 1.007286293895068297e+03 1.862641187065000395e+03 2.066075236753536956e+03 9.701285831415091820e+01 2.163016443183058982e+03 1.932533088407610421e+03 1.907004000221806791e+03 2.089710132795603840e+03 1.986360076442004811e+03 2.170375310860587433e+03 2.187101278188913057e+03 2.222313196132067333e+03 2.171292907373246635e+03 2.029356296600294627e+03 2.125506198559779023e+03 2.184247078025666724e+03 2.069598596247091336e+03 2.112276635856209396e+03 2.073653890284344470e+03 2.249503307421722639e+03 2.057676250432447887e+03 2.260202882369969757e+03 2.143071725228158812e+03 2.212019263684897396e+03 2.211107510535404344e+03 2.209739409572199747e+03 2.098140220888383283e+03 2.118947871636001764e+03 2.263942446300668507e+03 2.157072611869649336e+03 2.199239451449529042e+03 2.016643023306785608e+03 1.998610404576292240e+03 2.259508276135551114e+03 1.927150031462557536e+03 2.040274903419476232e+03 2.171311756931846958e+03 2.353088983257824566e+03 1.992842439644622800e+03 2.170500471929693049e+03 2.298067121703761586e+03 2.292480866516998503e+03 2.366114593737339419e+03 2.227743188478034426e+03 2.123479117027910434e+03 1.970261610919480745e+03 2.151210022153806676e+03 2.132646788348717109e+03 2.195114602541041677e+03 8.854317201114193949e+02 2.348249924573974113e+03 2.257224086624375559e+03 2.032421988811035590e+03 1.835835606770789354e+03 2.370043218740798693e+03 2.252592750076300035e+03 1.934050100883756613e+03 2.479408169243730299e+03 1.857964046089525937e+03 2.220830678348159381e+03 2.259429861971774244e+03 2.158209240253243024e+03 2.196166219415348223e+03 1.960252872293932342e+03 2.270283814804957274e+03 0.000000000000000000e+00 2.237238276631726876e+03 2.352669769074555461e+03 1.922863076350107804e+03 2.201481417949440129e+03 2.081680786318665014e+03 0.000000000000000000e+00 0.000000000000000000e+00 2.160490602330628462e+03 1.969039971026600142e+03 2.175121064229366766e+03 2.091876135574355885e+03 2.118143372474944499e+03 1.848567164136140946e+03 2.197621593834871874e+03 2.048467864065064987e+03 2.041746676954981922e+03 2.217832656052793027e+03 2.302339562656089129e+03 1.977445931684371317e+03 0.000000000000000000e+00 2.214426917804903951e+03 5.094170494901626967e+02 1.883646004195577461e+03 2.145088816493968807e+03
3.541766323147048752e+02 1.832249855238268310e+03 0.000000000000000000e+00 8.994995226859408888e+01 0.000000000000000000e+00 3.073621277566116419e+02 0.000000000000000000e+00 1.704109801891580673e+03 1.896635423522579913e+03 1.904460440784292132e+03 1.200420379277682969e+03 9.938097077260429160e+02 1.959666274030293152e+03 0.000000000000000000e+00 1.867028233333617209e+03 2.006397722720804040e+03 1.735153139950294644e+03 2.027583872605115403e+03 1.967354820487739744e+03 1.916707564493617610e+03 2.057617816800787296e+03 2.037731720973133633e+03 1.897256139487285282e+03 2.042202082290763428e+03 2.252088901374916077e+03 2.203725269405211293e+03 2.077239641816865515e+03 2.158014335817316805e+03 2.224482968822539533e+03 2.251746781886321969e+03 2.103596037129633260e+03 2.371078248003537283e+03 1.498708800763110276e+03 2.179397463589000381e+03 2.283176724391926200e+03 2.205411550917587647e+03 2.183975455886237341e+03 2.428591455717792087e+03 2.209573910447689741e+03 2.011908579673166514e+03 2.299530412937897381e+03 1.905173331090552665e+03 2.183733050562638255e+03 2.214987503677674795e+03 2.413967025677805850e+03 2.257488168940365085e+03 2.278044366576256380e+03 2.189753976570722898e+03 1.927008659773055797e+03 2.253264359849225912e+03 2.216813837410451015e+03 2.219864072983139522e+03 2.390067858824163977e+03 1.998991731146775010e+03 2.027824392972854184e+03 2.182376259334594124e+03 2.202302316226480343e+03 2.375191598681278720e+03 2.133275609623620767e+03 2.109570404727975074e+03 2.130240453697811972e+03 2.296565942856839683e+03 2.272752164503656786e+03 2.292009250560820874e+03 2.123143217893654310e+03 2.203371274694698968e+03 2.208478562597430482e+03 2.309521055987189811e+03 2.323797900166587624e+03 2.225162872401249388e+03 2.309293918806056809e+03 2.025069906974603100e+03 2.228319419484443642e+03 2.055403936143190549e+03 2.154316994897882068e+03 2.319143190165847500e+03 2.217359720627513525e+03 2.015102448882388899e+03 2.217805135697236892e+03 2.055791106076839242e+03 2.176431862534426273e+03 2.167061369963081688e+03 2.128762459807968298e+03 2.329395842079683007e+03 2.307070990360332416e+03 2.076624580719740152e+03 2.246457595743097954e+03 2.401522735585522241e+03 2.241409872445543442e+03 2.335013387533722835e+03 2.271001040509695486e+03 2.291226051400981305e+03 2.138354811684037941e+03 2.178411254683036532e+03 2.342194692369237146e+03 2.425042083833369361e+03 2.219322713660141289e+03 2.313734874812270391e+03 2.259286228335240594e+03 2.167161084128076709e+03
0.000000000000000000e+00 2.068085353682665300e+03 0.000000000000000000e+00 1.945953220148627906e+03 1.181494291469538894e+03 7.347140895884483314e+01 0.000000000000000000e+00 1.732435599086899856e+03 0.000000000000000000e+00 1.767859574564306513e+03 1.377207373459836617e+03 2.020331316438092017e+03 2.045955029408068640e+03 0.000000000000000000e+00 2.041022853904733211e+03 2.074979014253940477e+03 2.069224244013290900e+03 2.099755251069250789e+03 2.185219338258266362e+03 2.228093224781240679e+03 2.305138439364844061e+01 2.016898623321404557e+03 2.037259539530198026e+03 2.138782319673091024e+03 2.088672464594661051e+03 1.917412349489680082e+03 2.065316165028706109e+03 2.312160748173565480e+03 2.124165994943302849e+03 2.234921477384173158e+03 2.266482235826463238e+03 1.931419079494336984e+03 2.176576061657718128e+03 2.093571087883688506e+03 1.947978416724636418e+03 2.209658921956976883e+03 2.188507078269317844e+03 2.266662437606681578e+03 2.170571534765615979e+03 2.159529274842017003e+03 9.384759802249393488e+02 2.053012869634751496e+03 2.241790822024853696e+03 2.204504133166572501e+03 2.158634674790850113e+03 2.183731542597950465e+03 2.340896523268439523e+03 2.140045805586064034e+03 2.068319842191652242e+03 2.292475211649418270e+03 2.123541697562463469e+03 1.997145982368640716e+03 2.169853555078533191e+03 2.006054472258693977e+03 2.208556034283277313e+03 2.325039332095998816e+03 2.201499513525696329e+03 2.174969513778220971e+03 2.212573252212157968e+03 1.518355130205368823e+03 2.153952632930139771e+03 2.174137117270434828e+03 2.019102325217357247e+03 2.198798183282698119e+03 2.417753902000591552e+03 2.262388111698493958e+03 1.819653449208080474e+03 1.988226559734599277e+03 2.201256165724167658e+03 2.114055280205726831e+03 1.977467420181175612e+03 2.256539282160429593e+03 2.329116114630055563e+03 2.189997889859009774e+03 1.961604008654396466e+03 2.188685583589262023e+03 2.112966152709806011e+03 2.270266284715458823e+03 2.342932841084022130e+03 2.330159814689750419e+03 2.076877353300569212e+03 2.092631814378638865e+03 2.251734152682059630e+03 2.208343599757853099e+03 2.372066341865361210e+03 2.358106924252791032e+03 2.222020839478177550e+03 2.314460582818379407e+03 2.463803373660946363e+03 1.807499253822654055e+03 2.220735299581642266e+03 2.266159342887641287e+03 2.035682585457702999e+03 2.088660589372743289e+03 2.287942458292821811e+03 2.201016776329944605e+03 2.061944544481883440e+03 2.136895667352794135e+03 2.162316747567818311e+03 2.390165688033299375e+03
0.000000000000000000e+00 0.000000000000000000e+00 9.638513502603581173e+02 2.705720540816017206e+02 0.000000000000000000e+00 1.680474528858341955e+03 6.117854208318618703e+02 1.862441193248251921e+03 1.982734363845250982e+03 1.264650250207956560e+03 1.836136068734876972e+03 1.918091876077218330e+03 1.818463099582476161e+03 2.232259165727477011e+03 2.065682034961136196e+03 1.911605931458466330e+03 1.887874714171952292e+03 2.142520564134687902e+03 1.920577190378658315e+03 2.042503109741609023e+03 2.106480585082225844e+03 2.150761779650293192e+03 2.196850458392536439e+03 2.252423858031241707e+03 2.097471438549247068e+03 1.709095698636926727e+03 2.339749150636444028e+03 2.157381744630692992e+03 2.281315707471325823e+03 2.136433664671502811e+03 2.125333725098586910e+03 2.146420726304661002e+03 2.306342831911605572e+03 1.894349537551130425e+03 2.095810792436567226e+03 2.158718743822207216e+03 2.007289872329352875e+03 2.146828630752769641e+03 2.187087706506720679e+03 2.059105989452275026e+03 2.465948641925238007e+03 2.099818020099389742e+03 2.086023159133399531e+03 2.247375946238101278e+03 2.212092776963438155e+03 2.289551833606109085e+03 2.174950664219620649e+03 2.241070957381911285e+03 2.155483782575236091e+03 2.296397050811781810e+03 2.108385144483192562e+03 2.235489226089212025e+03 2.063172404729102254e+03 2.298436573052326366e+03 2.056051795472280446e+03 2.158580576557667428e+03 2.146113478499477424e+03 2.128136088975682469e+03 2.253292257195954335e+03 2.161297928925476299e+03 1.800234822433712679e+03 1.870894089306937758e+03 2.246377485119046924e+03 2.285866556404178937e+03 2.210998560086694852e+03 2.163836587477754620e+03 2.263340579894563234e+03 2.184372804581530090e+03 1.967074716046940466e+03 2.138260375395450410e+03 2.078781158719192263e+03 2.150300153960173702e+03 0.000000000000000000e+00 2.067013379285070187e+03 2.246609900176587871e+03 2.215459119633852424e+03 2.193148405083451962e+03 2.559492733779930518e+02 2.308578389561592303e+03 2.203468726912662078e+03 2.420706685355316949e+03 2.255817532561626649e+03 2.260228140778493980e+03 2.289029135346124804e+03 8.715476064854570950e+02 0.000000000000000000e+00 2.052328630657563281e+03 2.162467921027792272e+03 2.040132400756458537e+03 1.516508061958132657e+03 2.170207926780217349e+03 2.281386770307248753e+03 2.160791441285888141e+03 2.230738006348438830e+03 2.309932164860260855e+03 8.715534498486232451e+02 2.319134519368891688e+03 2.190184688984737932e+03 1.892819330383963916e+03 2.222280209404516881e+03
