8.626684276590272020e+02 5.643546063933860069e+01 1.512694984748892750e+02 1.092560566028979565e+03 9.205551865008419554e+01 6.386678130773686917e+02 1.466137894475433995e+03 1.434838296667549912e+03 0.000000000000000000e+00 0.000000000000000000e+00 1.553020693692495570e+03 1.461160197288078962e+03 0.000000000000000000e+00 1.466192181204202598e+03 1.105360641539842845e+03 0.000000000000000000e+00 0.000000000000000000e+00 6.223684112601663401e+02 0.000000000000000000e+00 0.000000000000000000e+00 1.178146609862138575e+03 1.472260042613201676e+03 8.780171519882269848e+00 1.338101042462082432e+03 3.751235106145344389e+02 9.748484654911095504e+02 1.113277361904145209e+03 1.445095849466621303e+03 1.571343030138674294e+03 1.573063806343288888e+03 9.961531790990161426e+02 2.043493088559293028e+03 1.994473114959128452e+03 1.132094687759165708e+03 1.849211253553510687e+03 1.894580067652811067e+03 1.272335874983820304e+03 1.865660132370412839e+03 1.736852993144863149e+03 2.118523568071910859e+02 2.110819187985240205e+03 2.066935342112465605e+03 2.218449979096950756e+03 2.075411234632643300e+03 1.799034859533222061e+03 2.006413744845614247e+03 2.191124527976545323e+03 2.053715769674954117e+03 2.106136580637771658e+03 2.069789730771297855e+03 2.039098690962822047e+03 2.170799237433506732e+03 2.034282063253706156e+03 2.067618450116137865e+03 1.880028019917849861e+03 1.933991290260923961e+03 2.141365651679252096e+03 2.212714246910487418e+03 2.017236972898278736e+03 2.185412734729504791e+03 1.988096309284671634e+03 2.202072728602729512e+03 2.273947038023325149e+03 2.137015362049905434e+03 2.242058862748148840e+03 2.001726425108495960e+03 2.079303668483590627e+03 2.154638191376429859e+03 2.272122400750823090e+03 2.262990732086943353e+03 2.180543705247479920e+03 2.151870133695986624e+03 2.166481746036124605e+03 1.898704728065712743e+03 1.931173469745775947e+03 1.977743377719082901e+03 2.171028825057257563e+03 2.042797162855772740e+03 1.979059830891722868e+03 1.995926227431619964e+03 2.344967273943744658e+03 2.133967576919834755e+03 2.198110928376133415e+03 2.086093844978150173e+03 1.932370605212476448e+03 2.270048760809212126e+03 2.130730542221418091e+03 1.999120096640842576e+03 2.035627921737762335e+03 2.181540469906260114e+03 2.127670693373843278e+03 2.179396521111070342e+03 2.219773218110686685e+03 1.897938493508613647e+03 1.992209848457999215e+03 2.265245516286702241e+03 2.274629580540239203e+03 2.143043262394672183e+03 2.375262096030443900e+03 2.257901916751639874e+03
0.000000000000000000e+00 3.159766116563979494e+02 3.829959345161262974e+01 0.000000000000000000e+00 1.623913742216259948e+02 3.660795866459384911e+02 6.368806393025847257e+01 3.411534251539114848e+02 4.377518759222364224e+02 2.063460237488927476e+02 3.001277142897409931e+02 3.867620998863998807e+02 4.498724248455613974e+02 1.287504727400077513e+02 1.471963680428109456e+02 2.511149035218445533e+02 6.839466205343532010e+02 1.468008995909885471e+03 1.296266049361359592e+03 1.310794912139242570e+03 1.299585173887480551e+03 1.475666157852262586e+03 1.322109736680200740e+03 1.158127718894146483e+03 1.016031358112057660e+03 1.346306255320761238e+03 1.476600813215454991e+03 1.174217984858679301e+03 1.469666154854224487e+03 1.525987693473772879e+03 1.658028097486019533e+03 1.760345952010670089e+03 1.803640560681601528e+03 1.875126003708274766e+03 1.510856964289784628e+03 1.840011726478669743e+03 1.863837757044942691e+03 2.032188819771150747e+03 2.251717753566077590e+03 2.030404143562881245e+03 1.945085386470673484e+03 1.997179346087363001e+03 1.796403272657044454e+03 1.988968289865518273e+03 2.168721639084589697e+03 2.078408879936837820e+03 1.798832226778269614e+03 2.068102129789819628e+03 2.054699528138300138e+03 1.964744345117194371e+03 1.910231044654165771e+03 2.172021254317559396e+03 2.208453869675664009e+03 2.079254848126815887e+03 2.269750560792156648e+03 2.068914922756661326e+03 2.025848205249206558e+03 1.889266565578993095e+03 1.789079088167340160e+03 1.896881787253484845e+03 2.059033041660492017e+03 2.066477863325238104e+03 2.029249231107445439e+03 2.272852444155410012e+03 2.061086324078814869e+03 1.927419014663782718e+03 2.108200795800082687e+03 1.710506965089325604e+03 1.978042897205240479e+03 2.335587733584271518e+03 2.055863111390692211e+03 2.117337553844784452e+03 1.722161458676260054e+03 1.651543283840783488e+03 1.857473015087990007e+03 2.055923806969384714e+03 2.027180680546656504e+03 2.277308668304089679e+03 2.088260224748074506e+03 1.961372159083613724e+03 2.110823334888132194e+03 2.037856882042239022e+03 2.061347390465427907e+03 1.994895156576187674e+03 2.065694098678640330e+03 1.732673480516434665e+03 1.950899532820913691e+03 2.025893632685432976e+03 2.066027170379106337e+03 1.756789417293979341e+03 1.843053102758816522e+03 2.095325604798197219e+03 2.143765200489061044e+03 2.151433389423219523e+03 2.180270952134534582e+03 2.104314393807887882e+03 2.175755540371850202e+03 2.125069831278183756e+03 2.102141039701281443e+03 2.001117207374536520e+03
0.000000000000000000e+00 6.754692200494871201e+01 3.874184886407563226e+02 1.255247996130370439e+03 1.813694915238962722e+03 0.000000000000000000e+00 1.435551752460568423e+03 1.804962480226235584e+03 2.123275918786200236e+03 2.059245099194744853e+03 2.223423058142448554e+03 2.312194488883460053e+03 2.281136071177865688e+03 1.894528796853418498e+03 2.054347229888061975e+03 2.114602671387477585e+03 2.289722610607027036e+03 2.034815128770920410e+03 1.792850507852073633e+03 2.014569760356346478e+03 2.239336986486276146e+03 2.301897540506914083e+03 2.159103086322065792e+03 2.122534565646453302e+03 2.293315524971816558e+03 2.100303396233345211e+03 2.043862539907857354e+03 2.059674492139658014e+03 2.100520731644005991e+03 2.207541928030585041e+03 2.068964308600193817e+03 1.847196424234732376e+03 1.883456754627231021e+03 1.798530256849493981e+03 1.929980481181967662e+03 1.991157477601348546e+03 2.039420075936955982e+03 1.986244340152199356e+03 2.027514694725052550e+03 2.314211014662512298e+03 2.088173328282927287e+03 1.847345901234432176e+03 2.053356685583619765e+03 2.214913613407962202e+03 2.092630494909536992e+03 2.054704806014708083e+03 1.981771339896365589e+03 2.106161273559538131e+03 2.306248961109776246e+03 2.121578327538663871e+03 2.004507865975545428e+03 1.954615346307776235e+03 1.991865278526787051e+03 2.091580762991090523e+03 2.189749075685486787e+03 1.886320002578605681e+03 2.188147994177983492e+03 1.912842085511469122e+03 2.116383577684026932e+03 1.942351069500124595e+03 2.014645347086333459e+03 2.200686909054440548e+03 2.122002819598340920e+03 2.110272173794661285e+03 2.162891470609539283e+03 2.405323183590499866e+03 2.117975611403402127e+03 1.888415884999364835e+03 1.975785285571691475e+03 2.234004069367099873e+03 2.213079551356159755e+03 2.122851049735350898e+03 2.165734361037625604e+03 2.081800858006948602e+03 2.179720168032235961e+03 1.974713499669682506e+03 2.225283509576291181e+03 2.193200618360774570e+03 2.160397297015557342e+03 2.209381644949967267e+03 2.054713288316077978e+03 1.912868097902337468e+03 2.026177884029124471e+03 1.856828171688276370e+03 2.187479023343261360e+03 1.997709584170787593e+03 2.130477581145002659e+03 2.035712179264705355e+03 2.077782320608966074e+03 2.107344837344046027e+03 2.202969402105341942e+03 2.264486633057457311e+03 2.225450328169903059e+03 2.045127910776690669e+03 1.997726548773527611e+03 2.200448273642561617e+03 1.940496272933862201e+03 2.167630438137222427e+03 1.997461523979608501e+03 2.069362788269002522e+03
8.791194741751683068e+02 1.936357852343182458e+03 2.723554343827174193e+02 2.045426157917642911e+02 1.847791881790913521e+03 8.263605963788558029e+02 1.928552438622414456e+03 0.000000000000000000e+00 4.672363554847115665e+02 1.957940219949270386e+03 0.000000000000000000e+00 2.012231472611988465e+03 1.494829561603183492e+03 1.860242392237535569e+03 0.000000000000000000e+00 1.882709181133146103e+03 0.000000000000000000e+00 0.000000000000000000e+00 2.120804364662538319e+03 1.818617288971825928e+03 1.455852161586255079e+03 0.000000000000000000e+00 1.711574415592856440e+03 6.267268061997108362e+02 1.886499638872065816e+03 1.943726898782355192e+03 1.254041058893197942e+03 1.044939983659295876e+03 1.881575757174514365e+03 1.116049754983066578e+03 1.915871209578525622e+03 1.349859962603662098e+03 0.000000000000000000e+00 2.080748675645883850e+03 0.000000000000000000e+00 0.000000000000000000e+00 1.649061550955477514e+03 1.910235568548229821e+03 0.000000000000000000e+00 0.000000000000000000e+00 2.938938825172668885e+02 1.694193803094345185e+03 0.000000000000000000e+00 0.000000000000000000e+00 1.770147533987202223e+03 1.907697098491537190e+03 2.027190859308300560e+03 1.924522591489271917e+03 1.943690142143084813e+03 1.832671708359741388e+03 2.108934797611975227e+03 0.000000000000000000e+00 2.159475553600006151e+03 1.810597555769773408e+03 0.000000000000000000e+00 1.946981275074684390e+03 9.862386882664687846e+02 0.000000000000000000e+00 8.367135279444445359e+02 2.288078552105915605e+03 2.291013616875556636e+03 2.215185235547391130e+03 0.000000000000000000e+00 1.925856386255823963e+03 0.000000000000000000e+00 1.966554468229574240e+03 0.000000000000000000e+00 1.486759405831875256e+02 5.790447271450939297e+02 2.335260128255799827e+03 1.688667112512758649e+03 2.201877258680045088e+03 2.665687612641372084e+02 2.161131298827450337e+03 1.106711023917963075e+03 1.926738734093900575e+03 2.030684813490438728e+03 8.405043626745361962e+02 1.260563760151220322e+03 0.000000000000000000e+00 2.353798669139122921e+03 2.117616527312067774e+03 1.010439542305507302e+03 1.954113194066666210e+03 2.040135416685834571e+03 1.709917727887482670e+03 0.000000000000000000e+00 0.000000000000000000e+00 0.000000000000000000e+00 2.078442432151146022e+03 2.018436747303183211e+03 2.299977335972308538e+03 2.217002709987625167e+03 2.230908783349356781e+03 2.322264111583287104e+03 2.151267890298709517e+03 1.620034550180229871e+03 0.000000000000000000e+00 1.526495217839084034e+03 2.372514961360046527e+03
4.638610121500654060e+01 1.501451223043857226e+03 0.000000000000000000e+00 0.000000000000000000e+00 8.412578737795802226e+02 1.796394036373330437e+03 0.000000000000000000e+00 3.141950456252974391e+02 1.738066527727545690e+03 5.735681292654875278e+02 1.488901752414584053e+03 1.283376909686110245e+01 1.890275393955277195e+03 7.099138667098189899e+02 1.189251073329118299e+03 0.000000000000000000e+00 0.000000000000000000e+00 1.352048207861562560e+03 1.436494513133958890e+03 1.530427895497642339e+03 1.029851477486572094e+03 8.283409310053956460e+02 1.718872399196106471e+03 0.000000000000000000e+00 2.724683903626292931e+02 0.000000000000000000e+00 0.000000000000000000e+00 1.059093363229862462e+03 5.865435527952292887e+02 0.000000000000000000e+00 1.689744364786761480e+03 0.000000000000000000e+00 5.746925996837840103e+02 0.000000000000000000e+00 1.709974842050041389e+03 0.000000000000000000e+00 0.000000000000000000e+00 0.000000000000000000e+00 0.000000000000000000e+00 1.224979374930125687e+03 1.800807660519573574e+03 0.000000000000000000e+00 0.000000000000000000e+00 0.000000000000000000e+00 0.000000000000000000e+00 1.240564849715344508e+03 2.058581029245258833e+03 0.000000000000000000e+00 1.880601988977226711e+03 1.905843055907618918e+03 1.937309566556907839e+03 1.839241722009850491e+03 1.951490277987444642e+03 2.011167603524591641e+03 1.893893566728590940e+03 1.838469455593999101e+03 1.948816845091174400e+03 2.046440405542024564e+03 1.983165641746024221e+03 2.063074764015552773e+03 2.004710875721669936e+03 2.126004957880340953e+03 2.103041106124442194e+03 2.072023780456596796e+03 2.132367437890261499e+03 1.951446547011492157e+03 1.880598784552264760e+03 2.122234480673537746e+03 1.827407969120627968e+03 0.000000000000000000e+00 1.881215353614078140e+03 1.881248528837214508e+03 1.981740238124675216e+03 1.885465175096085432e+03 2.012582074401952696e+03 1.681951957261427651e+03 1.892535833022616544e+03 1.964188660129659638e+03 2.026208231818470722e+03 1.895567596027877016e+03 1.912449449205826340e+03 2.095735582697752307e+03 2.071387607853839199e+03 1.765081338122219222e+03 1.917615736226976651e+03 1.914646742251854903e+03 2.057173532704579884e+03 1.893189724210458280e+03 2.012742295650054530e+03 1.860358882509684918e+03 1.985990625093440258e+03 1.836043705897735890e+03 1.897585441276031361e+03 2.001641413599208818e+03 1.994144378657140578e+03 1.697273255482864215e+03 2.100022914801374100e+03 1.970528897660431994e+03 2.152570394797985045e+03 1.942388391626152952e+03
2.942014601897261059e+02 3.628109318129696135e+02 6.017178244595841079e+02 0.000000000000000000e+00 1.783251888497769642e+02 4.985658769668734749e+02 3.491376033760544146e+02 3.323267187862348919e+02 0.000000000000000000e+00 3.154833658317264735e+02 5.412323712213490126e+02 7.816908181602447030e+02 1.044694562406320983e+03 0.000000000000000000e+00 3.044582590064536589e+02 3.610914750774568915e+02 1.017629612185770952e+03 1.662266467861176977e+02 1.511315479802735126e+03 1.342817202023859409e+03 1.441646851481744761e+03 1.487651838183802965e+03 1.432567773086359466e+03 1.238309028789862396e+03 1.398194377757536358e+03 1.152909689834638584e+03 1.241960094042933406e+03 1.308515812008889043e+03 1.410777589096703878e+03 1.535630373671305051e+03 1.149941826833032792e+03 1.341037897939790810e+03 1.442877916153925753e+03 1.416755915102351992e+03 1.358139159979846909e+03 1.253554834529104937e+03 1.269153880996515909e+03 1.299758872569981577e+03 1.459691533929742263e+03 1.500036092431945235e+03 1.331534610228107340e+03 1.328115583041405216e+03 1.391933308372884994e+03 1.572330652761533202e+03 1.416292215960786507e+03 1.349651957724508520e+03 1.284070007955840538e+03 1.394840475795798056e+03 1.294931783355842526e+03 1.355755162055883147e+03 1.308996381505401814e+03 1.371531677117515301e+03 1.367583071581939748e+03 1.218858640509253064e+03 1.286282003657577206e+03 1.383669284891373536e+03 1.411236104609654603e+03 1.457643058148862565e+03 1.343708314906685018e+03 1.400721255335689875e+03 1.487179091254109380e+03 1.398253659619334030e+03 1.437159996800339741e+03 1.283578788458718691e+03 1.258020389209291807e+03 1.488756328069983283e+03 1.243979635751361684e+03 1.406341628223519592e+03 1.274484913159832104e+03 1.352672693737988084e+03 1.251893434434080973e+03 1.303898518381970462e+03 1.461237480478339876e+03 1.344849278688756840e+03 1.314230621185305836e+03 1.582838904689987658e+03 1.459867023320310409e+03 1.440408718225088933e+03 1.645988130425710551e+03 1.413928104321145838e+03 1.193093084610809683e+03 1.342542092716088973e+03 1.390292454296735286e+03 1.496062134240052274e+03 1.289467579061015613e+03 1.379668277582889232e+03 1.281117036105528996e+03 1.291249333587702040e+03 1.307805654888625440e+03 1.324590998326541694e+03 1.440578458500283887e+03 1.471591825760823667e+03 1.236110887513696753e+03 1.192462849619010967e+03 1.548202086779726415e+03 1.437737170284678768e+03 1.247768020038835175e+03 1.383230561414953172e+03 1.500780084509896142e+03 1.327181304669384872e+03
0.000000000000000000e+00 2.108890501149264765e+03 0.000000000000000000e+00 1.719931626579698047e+02 6.532661364786936247e+02 1.916333400755403090e+03 1.414858424285860110e+03 1.938395489627866937e+03 1.925521806590669939e+03 2.204037983582389188e+03 0.000000000000000000e+00 2.148412747657533146e+03 1.580660743945938520e+03 0.000000000000000000e+00 0.000000000000000000e+00 2.103912144227359022e+03 9.023800179834345272e+02 0.000000000000000000e+00 0.000000000000000000e+00 6.722213468548749233e+02 1.755196629592260024e+03 0.000000000000000000e+00 0.000000000000000000e+00 2.169979470129982928e+03 2.036025647424227145e+03 2.172044816265809459e+03 2.831866734977868987e+02 4.615491137877475580e+02 0.000000000000000000e+00 1.793913245965954502e+03 2.119702230971182871e+03 0.000000000000000000e+00 1.174288010968879007e+03 2.198353333699732502e+03 1.921479330253265061e+03 2.144990421798075658e+03 1.531820123895855204e+03 1.912088668654218054e+03 1.945436742242981836e+03 4.867306632368594137e+02 1.495152360294212485e+03 0.000000000000000000e+00 1.799033163072948128e+03 2.246306045291952159e+03 2.129355089930359554e+03 1.118507077689985181e+03 1.663823771268831251e+03 1.999364952407059491e+03 1.800344149873594006e+03 1.787311942048568881e+03 1.237009445972169715e+03 1.359783312728751753e+03 1.600529804485007048e+02 0.000000000000000000e+00 2.164072772447015723e+03 0.000000000000000000e+00 2.317292352006891178e+03 2.103383414108622674e+03 2.388609656970850665e+03 0.000000000000000000e+00 2.287565844111989463e+03 2.265849079153081675e+03 2.245200707175634761e+03 2.202096667542151863e+03 2.216946538302996487e+03 2.296080189731711926e+03 2.224143111280977337e+03 2.391800133259524955e+03 2.381893936232761462e+03 2.231350805498531827e+03 2.283126584566049587e+03 2.188239226041608617e+03 2.254734248428871524e+03 2.050969577482487239e+03 2.295741274668079768e+03 2.279675607377520009e+03 2.105523969983264124e+03 2.135711538081528033e+03 2.168136548785638752e+03 2.194052429913918786e+03 2.262627878083888845e+03 2.264428576416968554e+03 2.244573959352177553e+03 2.223436064337882726e+03 2.278104873659363420e+03 2.113421746541173434e+03 2.133590208756658285e+03 2.335226199050319337e+03 2.245808416944906185e+03 2.345079240321830184e+03 2.184444998390968976e+03 2.244587719529955393e+03 2.094173331280965613e+03 2.255885390972587629e+03 2.224631126353137006e+03 2.177925501557908319e+03 2.208156046649780819e+03 1.928100426207181044e+03 2.161616297970233973e+03 2.273339328254053726e+03
0.000000000000000000e+00 0.000000000000000000e+00 0.000000000000000000e+00 0.000000000000000000e+00 0.000000000000000000e+00 0.000000000000000000e+00 0.000000000000000000e+00 0.000000000000000000e+00 0.000000000000000000e+00 0.000000000000000000e+00 0.000000000000000000e+00 0.000000000000000000e+00 0.000000000000000000e+00 0.000000000000000000e+00 0.000000000000000000e+00 0.000000000000000000e+00 0.000000000000000000e+00 0.000000000000000000e+00 0.000000000000000000e+00 0.000000000000000000e+00 0.000000000000000000e+00 0.000000000000000000e+00 0.000000000000000000e+00 0.000000000000000000e+00 0.000000000000000000e+00 0.000000000000000000e+00 0.000000000000000000e+00 0.000000000000000000e+00 0.000000000000000000e+00 0.000000000000000000e+00 0.000000000000000000e+00 0.000000000000000000e+00 0.000000000000000000e+00 0.000000000000000000e+00 0.000000000000000000e+00 0.000000000000000000e+00 0.000000000000000000e+00 0.000000000000000000e+00 0.000000000000000000e+00 0.000000000000000000e+00 0.000000000000000000e+00 0.000000000000000000e+00 0.000000000000000000e+00 0.000000000000000000e+00 0.000000000000000000e+00 0.000000000000000000e+00 0.000000000000000000e+00 0.000000000000000000e+00 0.000000000000000000e+00 0.000000000000000000e+00 0.000000000000000000e+00 0.000000000000000000e+00 0.000000000000000000e+00 0.000000000000000000e+00 0.000000000000000000e+00 0.000000000000000000e+00 0.000000000000000000e+00 0.000000000000000000e+00 0.000000000000000000e+00 3.908102546533329225e+00 0.000000000000000000e+00 0.000000000000000000e+00 0.000000000000000000e+00 0.000000000000000000e+00 0.000000000000000000e+00 0.000000000000000000e+00 0.000000000000000000e+00 0.000000000000000000e+00 7.932985177179540415e+01 0.000000000000000000e+00 0.000000000000000000e+00 0.000000000000000000e+00 0.000000000000000000e+00 0.000000000000000000e+00 0.000000000000000000e+00 0.000000000000000000e+00 0.000000000000000000e+00 0.000000000000000000e+00 0.000000000000000000e+00 0.000000000000000000e+00 0.000000000000000000e+00 0.000000000000000000e+00 0.000000000000000000e+00 0.000000000000000000e+00 1.489056224547312901e+01 1.409229050733798942e+02 0.000000000000000000e+00 0.000000000000000000e+00 0.000000000000000000e+00 0.000000000000000000e+00 0.000000000000000000e+00 0.000000000000000000e+00 0.000000000000000000e+00 0.000000000000000000e+00 0.000000000000000000e+00 0.000000000000000000e+00 0.000000000000000000e+00 0.000000000000000000e+00 0.000000000000000000e+00 0.000000000000000000e+00
0.000000000000000000e+00 1.361050191562272857e+03 0.000000000000000000e+00 4.650973075747577923e+01 0.000000000000000000e+00 1.594108301794719409e+03 1.015769914734272561e+03 7.685489059041663040e+02 1.663277134069424619e+03 1.520442530324758081e+03 0.000000000000000000e+00 0.000000000000000000e+00 1.890139300142183629e+03 1.621901410463996399e+03 0.000000000000000000e+00 2.199622851471458034e+03 4.255778413763832191e+02 0.000000000000000000e+00 0.000000000000000000e+00 0.000000000000000000e+00 1.809602299075681458e+03 0.000000000000000000e+00 1.792622616688596963e+03 0.000000000000000000e+00 6.133469182663046695e+02 0.000000000000000000e+00 1.900084515755249413e+03 2.064544841090784757e+03 1.922587684298958493e+03 1.237484831840067443e+02 0.000000000000000000e+00 0.000000000000000000e+00 0.000000000000000000e+00 7.879947702907115854e+02 1.963906105246242305e+03 2.062319650698027999e+03 2.232310248031283663e+03 1.985689032155836685e+03 2.064177840184838260e+03 1.942879045636517048e+03 0.000000000000000000e+00 2.101250586553006997e+03 1.965392958428628162e+03 2.255002854638924873e+03 2.216851159536479372e+03 1.988767542066425676e+03 2.170262590500158240e+03 2.217826624194040960e+03 2.235598742024679268e+03 2.216667376340127248e+03 2.370753658604441171e+03 2.070896388356717125e+03 2.197741854018741378e+03 1.975254293505922988e+03 2.095036641064855758e+03 1.910415204841689956e+03 2.158105944672113765e+03 2.226147573342525448e+03 2.140430336581508982e+03 2.033509419846682704e+03 1.906611552411750154e+03 1.891777892271301425e+03 2.005092956274496373e+03 1.984423849782589514e+03 2.027848520407862452e+03 2.106314897462129920e+03 2.069802359975559739e+03 2.200486726742106384e+03 1.941187109256560689e+03 2.235843597790896183e+03 2.206891618258877315e+03 2.032198810037208887e+03 2.152964350572729927e+03 2.062961666663951746e+03 2.023807363539559901e+03 2.124748446304050049e+03 2.204396125195793502e+03 2.138009864761653716e+03 2.219737026958174283e+03 2.296020059639777173e+03 2.151681826605570222e+03 2.350849844191703596e+03 2.205956868647891952e+03 2.183424860279524637e+03 2.163126147614112142e+03 2.090631687715568660e+03 2.196378088454014687e+03 2.135274793808760478e+03 2.119459637151998322e+03 2.179655702541823302e+03 2.168410621367685962e+03 2.362940516564647169e+03 2.318900407851076579e+03 2.030980563064876378e+03 2.015466245363373446e+03 2.385101377124175997e+03 2.265795546406657195e+03 2.089889580593478058e+03 2.365181540586628216e+03 2.200212277168886885e+03
1.610491584147692947e+03 6.172880782262332104e+02 0.000000000000000000e+00 0.000000000000000000e+00 0.000000000000000000e+00 1.500532589805475254e+03 0.000000000000000000e+00 4.915355099718502743e+02 1.540086503572191759e+03 0.000000000000000000e+00 8.702743188020117486e+02 1.263640008114777402e+03 3.561863722526610445e+02 3.846139099405249908e+02 1.103129702031712895e+03 1.359609048559492521e+03 9.989810841280152545e+02 1.435807540970773516e+03 1.337640641993271856e+03 1.056557626359166761e+03 4.095636805046988229e+02 1.667318102442141480e+03 1.615482758769446946e+03 1.619803831582963085e+03 1.667732415740174474e+03 1.580115991702391966e+03 1.650431913865714023e+03 1.341111222722745651e+03 1.643688861267654829e+03 1.509189249592629494e+03 2.022340679384876239e+03 1.998649423162594758e+03 1.913223789073123726e+03 1.965124352218575041e+03 2.051586712031058596e+03 1.376274603052504290e+03 1.671618063750025158e+03 1.752572205548350439e+03 1.846632068450241604e+03 1.168470660193677077e+03 1.566537429421339311e+03 6.925498418228758055e+02 1.754868458777030128e+03 1.906062087778553405e+03 7.992292957120329220e+02 1.869956889253334566e+03 4.416663637567455680e+02 1.915015628113661251e+03 1.768190195822154465e+03 1.445834940659336326e+03 1.858739516930339278e+03 1.875071716979506164e+03 1.581339422303339688e+03 1.719452211618649471e+03 1.578212657522733934e+03 1.839240402540748391e+03 1.609570783210071795e+03 1.430247203927085593e+03 1.359022638791439476e+03 1.616057858802339979e+03 1.606731474198119486e+03 1.109336955926560677e+03 1.616442766788956533e+03 1.345523904391058977e+03 1.790370659922627738e+03 1.481123670553786496e+03 1.768146087855030146e+03 1.122407711098923073e+03 1.716073239743972636e+03 1.984879820605128998e+03 1.930723719277574446e+03 2.006129870493094813e+03 1.847004347232596047e+03 2.015115078086651238e+03 2.038656103326888797e+03 1.851513538640942215e+03 2.245644614280670339e+03 1.981445619523753521e+03 2.164241852987659513e+03 1.729385363514211122e+03 1.681762896188667355e+03 2.087678904360843262e+03 1.568488547232048859e+03 1.873649706278705025e+03 1.766469042626367809e+03 1.861028418831165027e+03 6.543626153024688392e+02 1.741791389002536562e+03 2.117041238783589051e+03 1.799378486986504186e+03 1.845477344490391715e+03 1.805610528050911398e+03 9.801690361494025865e+02 1.998508616959850997e+03 1.661476812727516972e+03 1.437762805684375053e+03 1.712325570503075596e+03 2.062716245410976626e+03 2.010879393773594074e+03 1.818051990709405118e+03
0.000000000000000000e+00 1.782495667768676526e+02 0.000000000000000000e+00 1.165437483471521546e+03 8.181934596285493626e+02 1.121500293347908155e+03 0.000000000000000000e+00 1.012752006154583114e+03 2.793465471719556490e+02 9.019099099919448292e+01 1.457273135561332992e+03 1.233086947075255466e+03 1.532296075250510967e+03 0.000000000000000000e+00 1.305707793264213251e+03 1.485869800913737663e+03 1.741673202270113052e+03 0.000000000000000000e+00 1.101327495733945170e+03 3.904744497668698386e+02 1.725870486322026863e+03 1.946933962682597894e+03 1.759507523644131879e+03 1.623446131791284870e+03 1.899325821021590400e+03 1.732531731835761093e+03 1.810038477861690808e+03 1.681929714782279461e+03 1.849077233191862888e+03 1.873594100080834323e+03 2.170071455975951721e+03 1.850556735046394806e+03 1.787666879237011244e+03 1.858150468224082260e+03 1.881559735049704386e+03 2.122282547047968364e+03 1.988391681867937223e+03 2.058921452273578780e+03 2.149187653011588282e+03 2.399460782370243123e+03 2.115937220136373526e+03 2.155786317990769930e+03 1.697117181137654370e+03 1.918021001736881544e+03 2.139372876344035831e+03 1.785854682673185380e+03 1.986833765849628435e+03 1.979015345933426261e+03 1.981074283219329118e+03 1.638702776026722631e+03 2.115628275870915786e+03 2.153915310804111414e+03 2.048492179995659171e+03 2.233421052519594923e+03 2.073228078755565093e+03 2.200865979861142932e+03 1.744643892705508961e+03 1.937084879818393119e+03 1.914377005068285598e+03 1.897529835078160659e+03 2.079889512764885239e+03 2.040612876005178350e+03 1.970217125961184365e+03 2.258683796442377115e+03 2.234680580025262316e+03 2.145778898834323172e+03 1.939354743665032402e+03 1.870839614082583239e+03 2.068569221851932980e+03 1.951957370049558222e+03 2.069407838714057107e+03 2.106394631095008663e+03 2.013646320480521354e+03 2.094814027777787032e+03 2.294309273701220263e+03 2.063015199410376226e+03 2.042242231850581902e+03 2.047649604726229200e+03 1.863768956156051900e+03 2.196199960125242796e+03 2.061894970142764578e+03 2.068922274084515266e+03 2.044037463811667521e+03 2.081254974789886091e+03 1.892975027738001700e+03 2.142226699516110330e+03 2.194324994531278207e+03 2.016636802952447397e+03 2.107799488697483866e+03 1.950171562867772764e+03 1.823704219351269330e+03 2.247426274559563808e+03 2.027789144298271822e+03 1.812939236434679742e+03 1.913639044849086758e+03 2.130613863453682370e+03 2.021636082884399684e+03 2.138330495753443302e+03 2.186535791430906102e+03 1.983177139976770377e+03
1.682580990593865522e+02 0.000000000000000000e+00 0.000000000000000000e+00 1.983419733795955381e+03 3.973296101147039394e+02 1.714215804239506269e+03 2.064109416287119529e+03 8.067458399472525343e+02 1.891474225882251631e+03 1.863763678279643955e+03 1.800140763136297437e+03 0.000000000000000000e+00 0.000000000000000000e+00 2.243429225658385633e+02 1.601381026989444990e+03 1.669449422033069141e+03 2.064747096854564916e+03 1.512863028563813714e+03 0.000000000000000000e+00 2.074009769950716418e+03 2.050419735858118656e+03 1.928487973132001571e+03 1.579452958478628943e+03 2.174401199586423900e+03 1.644272066610745696e+03 1.946804654710600289e+03 2.263363576356055546e+03 1.391905316778363613e+03 2.214005064683431101e+03 1.566519239597290152e+03 1.883958906868341273e+03 2.208661403315852567e+03 0.000000000000000000e+00 1.834862781051431739e+03 1.245005334482593071e+03 5.561255017191814431e+02 6.076060495751230519e+02 1.278170190361762479e+03 2.234367300361326215e+03 2.161628550183324023e+03 2.027522423044078550e+03 1.079568319268186997e+03 1.591910443261933096e+03 1.980999073480514198e+03 0.000000000000000000e+00 4.777110551988577640e+02 1.861912863682635759e+02 0.000000000000000000e+00 1.642613305453925705e+03 1.652257682111732038e+03 2.387284721496840575e+03 2.296612689762168429e+03 2.206330466899348721e+03 0.000000000000000000e+00 0.000000000000000000e+00 0.000000000000000000e+00 2.312006935775387774e+03 2.341813365798754603e+03 2.191307934181725614e+03 2.103114053916225203e+03 2.266765544692224466e+03 2.337696245209293011e+03 2.199202317819086602e+03 1.996817434562238759e+03 2.158486328764666268e+03 2.416065735532355120e+03 2.244313458452322266e+03 2.341567379059021732e+03 2.328501996010860239e+03 2.174306197811079073e+03 2.195502714952620408e+03 2.204753135835681860e+03 2.175732732405944262e+03 2.127091069446886195e+03 2.129003734158050975e+03 2.121157228399534688e+03 2.141295154330087371e+03 1.922548854208242119e+03 2.406194033197830322e+03 2.350664553030663228e+03 2.202571864914463276e+03 2.347278418323718597e+03 2.435906780914954197e+03 2.376935936834143831e+03 2.221237828813924352e+03 2.153447841750825773e+03 2.184668365660381824e+03 2.250620143768785965e+03 2.390944174803488750e+03 2.271223842292350582e+03 2.141709090636948076e+03 2.362978404177433731e+03 2.338269648781912110e+03 2.272925014956020732e+03 2.276737526678502945e+03 2.318150195418787462e+03 2.234345434873350314e+03 2.134343248622737519e+03 2.180910140666668212e+03 2.303869015840911743e+03
0.000000000000000000e+00 0.000000000000000000e+00 4.220800701586285868e+02 1.740648116149536406e+02 8.866075555769015182e+02 5.972850208874651798e+02 0.000000000000000000e+00 2.132773127515235103e+02 0.000000000000000000e+00 1.512808176348287134e+03 1.383005120694094330e+03 1.345064634895764357e+03 1.508465332294587824e+03 1.563593222615776995e+03 1.550826887814808060e+03 1.619828524504729330e+03 1.561628344627289152e+03 1.593622925660763713e+03 1.554136304818249982e+03 1.689472554151746181e+03 1.682321031618820143e+03 1.759646821882187623e+03 1.613866409119477566e+03 1.641655370885862339e+03 1.720439928489301337e+03 1.747104137094010639e+03 1.583175934797759737e+03 1.652043928117205496e+03 1.740081545541909918e+03 1.515716663240302069e+03 1.592707968086308711e+03 1.663309366814631176e+03 1.693347269417608913e+03 1.576875941074598813e+03 1.626322574433679620e+03 1.613788183451286613e+03 1.489457908641083804e+03 1.553792300373795797e+03 1.721743375466507132e+03 1.535353096664295663e+03 1.599233308282535290e+03 1.645359120655220977e+03 1.639663726524162257e+03 1.670333089340247625e+03 1.667044972338024081e+03 1.579820147880161358e+03 1.649241375744523566e+03 1.890897806380256725e+03 1.616109318097318464e+03 1.779521607974681046e+03 1.654060642391843658e+03 1.575199555580487640e+03 1.687419837220181535e+03 1.716305089314755605e+03 1.639710661925076920e+03 1.616771503090944407e+03 1.537223726859782118e+03 1.672545650528742271e+03 1.587213133258756443e+03 1.499401239298289511e+03 1.492033512328218876e+03 1.791358188297693687e+03 1.650031549241045241e+03 1.777902242395335634e+03 1.782281371849340303e+03 1.749541385021020005e+03 1.755550812798358265e+03 1.686797801786374066e+03 1.803983622648125674e+03 1.683212050253852794e+03 1.784263025944982246e+03 1.967499396602203660e+03 1.140868874544192522e+03 1.793733798168080284e+03 1.877383615341823997e+03 1.834484658905911147e+03 1.816509342833562641e+03 1.697634224530058646e+03 1.810518387623652416e+03 1.608453569871836407e+03 1.707233739238396311e+03 1.781167928422824843e+03 1.715686446801496004e+03 1.908452400304648336e+03 1.896187181019066429e+03 1.776952601633056020e+03 1.806274974991569252e+03 1.789523183767961655e+03 1.705074710796326144e+03 1.811593943437381540e+03 1.785761377358114260e+03 1.529127747193191681e+03 1.925248864982138684e+03 1.764605198271977315e+03 1.610183770855751163e+03 1.759196128936056311e+03 1.656080372595858080e+03 1.664635056270985160e+03 1.795954276171187075e+03 1.788290988122264707e+03
5.584656744193995337e+02 3.604734451748519746e+02 0.000000000000000000e+00 2.332678115718740628e+02 0.000000000000000000e+00 5.238670268653037283e+02 8.727825353171509732e+02 1.248392694410846843e+03 1.476597137551527794e+03 1.766955361238253772e+03 1.878684046389653531e+03 2.011845433651855728e+03 0.000000000000000000e+00 1.892913201185793014e+03 2.031953388784233994e+03 2.307237431962772007e+03 2.272908050353280487e+03 2.110881957015378703e+03 1.768428454242861335e+03 2.117091755600637498e+03 2.172101176446024510e+03 2.159404867755255509e+03 2.155388780799890810e+03 2.003206303954199711e+03 2.092305717014854963e+03 2.087669291085957411e+03 2.186164832117653532e+03 2.089921247851926182e+03 2.188816588021533789e+03 2.114177425345456413e+03 2.237006238565358217e+03 2.315761956344138980e+03 2.125246640137853774e+03 2.213346084114767109e+03 2.260504852298745391e+03 2.203498132224078745e+03 2.087807458350496745e+03 2.226089893693208523e+03 2.164860872492090948e+03 2.278742742722395178e+03 2.180449457454478761e+03 2.245965245272459924e+03 2.518215075003119637e+03 2.114120499678483611e+03 2.085068994477055639e+03 2.200317457705876222e+03 2.249413583522785757e+03 2.367168661054264248e+03 2.151042449577850675e+03 2.135616724801768669e+03 2.437965529705270910e+03 2.192984225428043828e+03 2.216966895826284599e+03 2.252552600516481561e+03 2.205061514614381394e+03 2.176349866954515619e+03 1.953601240055084190e+03 2.227755817682296765e+03 2.135834814194773571e+03 2.350703194625793913e+03 2.250288014546249997e+03 2.301508108626233025e+03 2.215923761253348403e+03 2.130643645756270871e+03 2.300172240408235211e+03 2.278876951579628440e+03 2.244105924812133708e+03 2.154347154191642403e+03 2.257388266279783693e+03 2.232394694053812600e+03 2.181636414159534979e+03 2.250386409242143145e+03 2.247817025909346285e+03 2.189289900437985580e+03 2.194742512254273151e+03 2.319595391076667056e+03 2.305345878757239461e+03 2.068605601500031753e+03 2.336306467253698429e+03 2.298545900492207693e+03 2.394852253788073540e+03 2.374286819868467774e+03 2.250798083601972394e+03 2.167789905402980366e+03 2.497484330454590236e+03 2.133708960975840000e+03 2.091897812566746325e+03 2.231867094908592208e+03 2.345988731524290870e+03 2.300061405003665641e+03 2.193363667042666293e+03 2.201170588728122311e+03 2.122759629376139856e+03 2.190118904025223401e+03 2.249774364074393816e+03 2.271714873293886285e+03 2.173940704869820365e+03 2.348225608643379928e+03 1.942164835861154415e+03 2.267528763319947757e+03
1.502248559372646923e+03 1.142651288805429886e+03 1.086018496849495278e+02 0.000000000000000000e+00 1.616105548185598536e+03 0.000000000000000000e+00 1.500936630094071006e+03 1.498727556073917413e+03 5.735687418761419849e+02 1.818200902222346940e+03 1.912109403168678227e+03 0.000000000000000000e+00 0.000000000000000000e+00 2.115491616571064242e+03 0.000000000000000000e+00 1.626475067362755453e+03 1.461649814572719833e+03 1.907593614414821786e+03 0.000000000000000000e+00 4.305481872358841429e+02 1.711969690836703194e+03 0.000000000000000000e+00 0.000000000000000000e+00 4.094380953205248375e+02 0.000000000000000000e+00 2.035531600493315182e+03 6.585093296989327882e+00 2.000664063985787152e+03 0.000000000000000000e+00 0.000000000000000000e+00 1.281426168866572652e+03 2.135819357556721116e+03 1.328220480835015451e+03 2.327013257872614304e+03 1.907137078105524324e+03 1.110866220615797147e+03 2.050574679229812318e+03 2.186146359550225498e+03 2.065904648248204921e+03 2.197934685003221603e+03 2.125849826013060920e+03 2.273624710571261403e+03 2.174581401366642240e+03 2.141079138388528463e+03 2.050948842968026838e+03 2.133439412287856612e+03 1.976288945777489516e+03 2.113938035951233815e+03 2.162685633429624886e+03 2.090259220437628301e+03 2.130636859915174682e+03 1.977676084794880126e+03 2.076332224065850824e+03 1.983299285116499959e+03 2.173188418986085253e+03 2.340612460420334173e+03 2.233376756056884460e+03 2.347477846653709094e+03 2.115846742255092522e+03 2.184554514326436220e+03 0.000000000000000000e+00 2.059260367337210937e+03 2.143575008442784565e+03 2.209630082132318421e+03 2.121504060277778990e+03 2.198947848777983836e+03 2.125983657879122802e+03 2.282856847382480737e+03 2.171505153403084933e+03 2.205982692543174380e+03 2.134899310601444085e+03 2.111070452601381021e+03 2.021631558990335634e+03 2.202791273776570051e+03 2.246760131158631793e+03 2.226235789276774540e+03 2.214545481528499749e+03 2.156123725089713844e+03 2.186975363137463319e+03 2.201596965743659439e+03 2.187786271148445394e+03 2.035672972182816920e+03 2.160467040382377945e+03 2.146650125432825917e+03 2.241235325532905335e+03 2.304315373388565149e+03 2.136157707133595522e+03 2.123490426763070900e+03 2.146157020979843765e+03 2.362483037777419668e+03 2.206399833274997491e+03 2.234983115440795700e+03 2.255341958198142947e+03 2.136144700938161350e+03 2.278681293161358099e+03 2.118065146806753546e+03 2.096507849113603697e+03 2.096735551781494451e+03 1.994880453920479340e+03 2.211699952162209229e+03
1.227171767090918138e+03 3.311625700470848415e+02 1.865935830726889435e+02 0.000000000000000000e+00 8.678108699885481201e+02 1.178818973617408574e+03 0.000000000000000000e+00 2.010863560144370012e+03 0.000000000000000000e+00 2.170986225054820807e+03 1.953376741812155387e+03 1.640988473502586203e+03 1.874362408089379642e+03 2.029979274512032134e+03 1.850328089900574014e+03 2.038488907742104630e+03 1.792055998957074053e+03 2.099625566106081351e+03 2.083035504095263150e+03 2.026332450409646299e+03 1.915913998076548069e+03 1.963784337097684784e+03 1.979103373372089436e+03 2.040898823809143778e+03 2.124114724143910280e+03 1.859726856809819310e+03 1.909458024255970258e+03 2.135520403557321515e+03 2.028863192147312702e+03 2.053240572302642249e+03 2.102639045039499706e+03 2.148610102536077193e+03 1.931350090109860048e+03 2.178524352034637559e+03 1.969111787844866967e+03 2.151867683253368341e+03 1.948479249496644343e+03 2.070021957333252431e+03 2.231002088664427902e+03 1.943921049235937517e+03 2.081382209310437247e+03 1.962705199867821875e+03 2.002272119829972553e+03 2.052852836882235806e+03 1.824217681327539594e+03 1.813176175386284513e+03 2.062121918828311209e+03 1.853105949351489471e+03 1.869197252041745287e+03 2.005390967795965935e+03 1.880228767716942230e+03 1.865173436767354815e+03 2.155749184360327490e+03 1.935182016877700335e+03 1.876893338322631962e+03 1.849520574810140261e+03 2.098313071340747229e+03 2.071059625534195220e+03 2.112561452686658868e+03 1.920600186840150627e+03 1.913359317399459314e+03 1.966770484171132694e+03 2.048270697682106402e+03 2.107036458565346493e+03 2.048800747269945077e+03 1.976353976754660152e+03 1.914888205097523723e+03 2.096539893363224110e+03 2.047179873725911420e+03 1.929771628072677004e+03 1.926921386316736744e+03 2.021169933300216144e+03 2.079604695934436222e+03 2.137320159412471185e+03 2.115678038705620565e+03 1.983708132042538864e+03 2.034188003956290913e+03 1.848239935798840861e+03 2.055004137005279517e+03 2.100500562616303796e+03 2.032876451668887057e+03 1.883275610369082870e+03 2.012879331941078135e+03 2.088228557489625928e+03 2.116757552926655535e+03 2.013575446140184567e+03 2.288934510561951811e+03 2.027380297372232917e+03 2.073306681414928335e+03 2.121689539934404820e+03 2.281263682689589132e+03 1.987824687145242478e+03 2.212570236282781934e+03 1.976846892712056160e+03 2.196684393781268227e+03 2.307680396589877546e+03 2.240543546732276809e+03 2.092032209919565958e+03 2.263907197626086145e+03 2.303201741466463773e+03
2.093477923940306766e+02 8.551696020088918715e+01 1.680840210295186353e+03 1.762228975790936261e+02 6.380432329531502091e+02 1.417475968240880775e+03 1.203752886990410161e+03 8.363099588948136898e+02 1.657622454984942578e+03 1.527315550629365816e+03 0.000000000000000000e+00 1.276664770364155402e+03 0.000000000000000000e+00 1.444551097223074748e+03 1.575120198938780732e+03 1.271179360315903295e+03 1.266863565378795329e+03 1.337513313224927515e+03 1.466974155142733025e+03 1.481298311714217562e+03 1.808356531747792360e+03 1.552281696747573733e+03 1.433386597911953459e+03 1.539775391607495067e+03 1.976488562603065930e+03 0.000000000000000000e+00 1.433746907224596725e+03 1.956144987988184766e+03 1.769998245483088340e+03 0.000000000000000000e+00 1.728999513049664529e+03 1.239428786818508797e+03 1.629914734816124792e+03 1.771039495100164913e+03 2.829339951647508542e+02 1.473958859082047184e+03 0.000000000000000000e+00 2.193876940523350640e+03 1.641055389435617144e+03 1.569124060100255520e+03 1.768439763978021574e+03 0.000000000000000000e+00 1.985796663135444078e+03 0.000000000000000000e+00 1.970614663152063031e+03 1.916723398122841900e+03 2.073054662816442999e+02 1.980982862860118075e+03 2.071861674252634657e+03 1.965957502708705078e+03 2.220329091593807334e+03 2.122641254148130429e+03 2.001283648976976565e+03 1.968163278056103536e+03 1.898145650157630143e+03 1.977745639666115039e+03 2.230866183346920025e+03 1.939932294140543490e+03 1.848105161454849167e+03 2.031302890516940124e+03 1.798065238238826396e+03 2.127852214623163036e+03 2.156386487936601043e+03 1.733268561081443977e+03 1.912015155375677068e+03 1.554856829195743558e+03 1.744839739619365218e+03 1.946755645858239632e+03 2.007553389158583968e+03 1.931376856483072515e+03 2.021350889062778379e+03 1.726075192528425305e+03 1.813781434712937880e+03 2.202821810061502219e+03 1.674351438242644235e+03 1.921854624964995764e+03 1.912615702312680469e+03 2.014601993101553035e+03 2.127691050897131390e+03 2.165318162783732532e+03 1.850321115563891908e+03 2.146369644000854350e+03 1.979362743298428541e+03 1.920247888589912236e+03 1.800229356061718590e+03 1.908643534828854627e+03 1.778310335339030416e+03 2.028367071764954744e+03 1.902310271634764149e+03 1.806346791809836304e+03 1.971168274688151769e+03 1.836802023640223069e+03 0.000000000000000000e+00 2.084144235132128870e+03 2.151320857558375792e+03 1.909389223367079467e+03 2.060200206329018329e+03 2.109564184373637090e+03 1.940052177333240934e+03 2.102705960972530193e+03
3.804194825988542448e+02 0.000000000000000000e+00 0.000000000000000000e+00 0.000000000000000000e+00 0.000000000000000000e+00 7.946871175761361883e+02 0.000000000000000000e+00 1.526513124919754091e+03 1.760974961781159664e+03 1.318436994434739518e+03 1.832649277385007053e+03 1.719498016046047951e+03 1.669657709655601593e+03 1.692569536629763661e+03 1.715395975103466526e+03 1.827391758500231845e+03 1.816878605686541050e+03 1.833589870359158340e+03 1.908669924210894806e+03 1.671534371709840116e+03 1.843038965589866166e+03 1.887716189384124391e+03 1.729555386532785178e+03 1.815320124181474284e+03 1.776729234363643400e+03 1.834016247374695467e+03 1.917892070756056000e+03 1.973832471300707766e+03 1.731538548593115138e+03 1.818905310227237578e+03 1.912279991674010262e+03 1.865903103180769676e+03 1.967248131986062617e+03 1.779509355761590996e+03 2.000396023262491781e+03 1.911310747370786657e+03 1.965546582331219952e+03 1.926285967696323041e+03 1.720210906352308484e+03 1.816157421574496311e+03 1.726123824389613901e+03 1.624332815027839615e+03 1.825326977851162837e+03 1.906089985125281828e+03 1.797021538179131994e+03 1.991011959008954818e+03 1.877066942757340257e+03 1.851982327163329956e+03 1.968353847093551849e+03 1.875995722342089266e+03 1.844838532949429919e+03 1.916931874240960497e+03 1.680312422654380043e+03 1.980731221252804971e+03 1.661224605633446117e+03 1.949562533629399468e+03 1.920496891259021368e+03 1.818946779256157924e+03 1.772511457131256520e+03 1.768967363123241967e+03 1.899427043151273438e+03 1.762903648617134877e+03 1.807062886541058788e+03 1.906030043528932993e+03 1.859314239972060250e+03 1.836942641347380686e+03 2.011977757553229367e+03 1.898493801504976318e+03 1.825848356642045246e+03 1.820328828892726733e+03 1.917839668983147249e+03 1.817776975649427868e+03 1.932384365390254516e+03 1.826992901840250852e+03 1.912152191666700901e+03 1.831474572893040886e+03 1.772227394283151170e+03 1.816106339270689887e+03 1.818268949128893837e+03 1.839731245046698405e+03 1.762202256541620500e+03 1.988848218177234685e+03 1.816819418072536337e+03 1.757193551830368051e+03 1.853769830805389574e+03 1.847975287996093812e+03 1.935864370899028472e+03 1.891151144447843762e+03 1.927759626187688809e+03 1.837784462634466990e+03 1.746605943260206459e+03 1.860679325005888813e+03 1.905311121363920392e+03 1.880140363287107220e+03 1.737570030354015671e+03 1.669367426453158032e+03 1.912230417334891854e+03 1.899207445793580973e+03 1.951445604533562118e+03 1.890955297533987505e+03
9.442840004686343036e+02 0.000000000000000000e+00 2.941793826442155932e+02 0.000000000000000000e+00 5.012447762351377492e+02 1.176677946503801877e+03 1.194103797942953861e+03 0.000000000000000000e+00 1.274386612711731914e+03 4.903005811401563960e+02 1.302748129820598706e+03 7.459067218657806109e+01 0.000000000000000000e+00 1.148503228520663470e+03 1.359172115791139277e+03 3.445177179348282266e+02 1.206335936253192131e+03 4.744709103232717098e+02 9.389813368910114377e+02 8.870659768420590581e+02 1.172889562216328159e+03 1.486128416857732645e+03 1.796547848771508143e+03 1.612030650607401412e+03 1.550117484676888580e+03 1.863214967628791328e+03 1.781652927565608707e+03 1.733909446073851541e+03 1.794202021203709819e+03 1.672747152310178762e+03 1.829830891383101061e+03 1.805809767885315750e+03 1.672126624841059311e+03 1.724599649081199459e+03 1.668989869794395645e+03 1.921723997523896060e+03 1.657829988625131136e+03 1.866869897041375225e+03 1.559173283867402688e+03 1.872839929241239133e+03 1.840573066333784482e+03 1.821677514810572802e+03 1.565420027587517779e+03 1.776209929024207213e+03 1.629105146274245044e+03 1.561316101689076504e+03 1.640433542497395592e+03 1.763661777864035912e+03 1.702096480537490379e+03 1.822973610459924430e+03 1.844637219663579572e+03 1.663803036754371078e+03 1.907182128550578909e+03 1.718811326626241680e+03 1.986333121573206427e+03 1.858581557629269582e+03 1.715779563620981207e+03 1.729819657344360394e+03 1.765767273559681371e+03 1.775293274989478050e+03 1.716054201689786623e+03 1.586059728768008426e+03 1.803512572178706023e+03 1.766575542632459019e+03 1.844158629370719837e+03 1.686590079650599591e+03 1.838758042336168728e+03 1.706866926828035730e+03 1.704973488666643107e+03 1.762805442416827646e+03 1.714579789216076733e+03 1.999364763911473347e+03 1.566219248872167555e+03 1.773629612947422174e+03 1.966182566438391632e+03 1.664354386343427677e+03 1.764236500905756884e+03 1.867738484701673769e+03 1.757591654508004922e+03 1.822862586559769170e+03 1.726949812047475689e+03 1.558471514800716250e+03 1.660309082572232910e+03 1.680863395252264581e+03 1.680249653624241091e+03 1.762520060099620196e+03 1.738328159600916933e+03 1.738420522438058015e+03 1.769199966676368831e+03 1.767621693134771704e+03 1.884261442283874885e+03 1.746473619358833048e+03 1.677089148133741219e+03 1.669678444170061766e+03 1.699551790126459764e+03 1.725845227913502413e+03 1.614486559597424957e+03 1.879406926961972431e+03 1.715164502523855845e+03 1.823283120212140147e+03
9.975184055045340870e+01 0.000000000000000000e+00 2.097547590765992027e+03 2.742945827237157914e+02 0.000000000000000000e+00 1.791421334319004472e+03 1.518416485518612717e+03 2.052354077561673876e+03 1.842410898297306630e+03 0.000000000000000000e+00 2.184734716106654560e+03 8.424885614605890396e+02 1.804126690797901574e+03 0.000000000000000000e+00 2.126487695076092677e+03 6.154179192697116605e+02 1.055805528971017793e+03 0.000000000000000000e+00 1.702110806202026652e+03 2.399798377964773408e+03 1.818632180123120179e+03 1.657833193050093087e+03 2.286615072376193893e+03 0.000000000000000000e+00 1.971197679999568209e+03 1.966213479714496088e+03 1.936540504566018512e+02 1.962001357349689215e+03 2.010880901738282091e+03 1.780871990352801276e+03 2.333999658272202396e+03 1.979488281358705990e+03 1.548457686794345591e+03 0.000000000000000000e+00 1.741047585420171572e+03 1.986140856075484180e+03 2.287668762701946434e+03 2.258488892006450897e+03 2.088986498240941273e+03 1.164812337860544858e+03 0.000000000000000000e+00 1.090171855715365837e+03 4.633127256142813053e+02 5.006267934564293114e+02 0.000000000000000000e+00 1.685450435337629870e+03 2.441675122837795698e+03 0.000000000000000000e+00 0.000000000000000000e+00 6.744199593700054720e+02 3.503719195970937790e+02 0.000000000000000000e+00 0.000000000000000000e+00 0.000000000000000000e+00 0.000000000000000000e+00 2.173544298652457655e+03 1.786007741089019191e+03 1.165892323320545074e+03 1.145527354456652574e+03 2.178562805134182327e+03 2.218416426882642099e+03 0.000000000000000000e+00 1.883489175868023494e+03 6.898706598112325992e+02 0.000000000000000000e+00 2.142068363223868346e+03 1.726892132398158992e+03 0.000000000000000000e+00 2.352767598283690859e+03 0.000000000000000000e+00 2.168159922238302897e+03 2.234939007473671154e+03 2.164756068946273899e+03 2.235240506163481768e+02 2.295401794117689860e+03 1.050544570041797954e+02 2.327070560530758939e+03 2.294842339218434972e+03 2.160366195243866969e+03 2.429427999128470219e+03 2.194120099829293395e+03 2.456156296232420118e+03 2.124329043625195027e+03 2.187350280858021961e+03 2.377321033316346529e+03 2.453622161574205620e+03 2.224788520167448951e+03 2.190998612925096040e+03 2.308289048837079008e+03 2.380631015806546202e+03 2.251762804011131720e+03 2.151767969088373320e+03 2.445542675271390181e+03 2.215120770056978472e+03 2.368550522195246685e+03 2.053508424530351476e+03 2.329628068641638038e+03 2.434135110902118868e+03 2.286415267055031563e+03 2.259758409778176429e+03
1.790580832501020225e+01 2.807011471388127006e+02 5.628098850660974222e+02 0.000000000000000000e+00 0.000000000000000000e+00 6.940538481035879386e+02 9.478948219140938818e+02 0.000000000000000000e+00 0.000000000000000000e+00 0.000000000000000000e+00 0.000000000000000000e+00 4.833279409183464281e+02 1.500754072119027796e+03 1.611758651476800196e+03 1.656198559328281362e+03 1.735556897495511521e+03 1.735707128477555216e+03 1.780031111543645238e+03 1.626570634624858485e+03 1.946829347632366535e+03 1.441807826712190717e+03 2.364739329941866799e+03 5.649841345267370798e+02 2.253747662531735841e+03 2.591576803092859336e+03 2.321825482354659925e+03 2.243161373430676122e+03 2.537523243364090376e+03 2.356774071964168797e+03 2.348284230770626891e+03 2.309267906415188463e+03 2.342897780905025684e+03 2.280246749003107197e+03 2.294343579897873042e+03 2.185059870992508422e+03 2.166284768148752391e+03 2.262479343562119084e+03 2.244878002732399182e+03 2.024915529089667189e+03 2.154731873682673267e+03 2.162094322776335957e+03 2.146596969677573270e+03 2.545266453541477858e+03 2.383025098244361288e+03 2.005064116449838139e+03 2.200637334715322140e+03 2.234929959685543054e+03 2.063151293223470020e+03 2.017292956087321500e+03 2.337226137217803625e+03 2.321042848681578562e+03 2.221499460687295596e+03 2.266140493329040964e+03 2.234914314551905136e+03 2.168385928445919490e+03 2.106897914309634871e+03 2.435120754321324966e+03 2.426790380393540545e+03 2.455100909446393416e+03 1.940471203020923895e+03 1.832141093285144962e+03 2.372604873754569780e+03 2.217385733018381870e+03 2.394017595333255485e+03 2.319694916746076160e+03 2.072326692863302469e+03 2.477574672678686056e+03 2.214769225789084430e+03 2.220752829671140262e+03 2.302221564419251990e+03 2.151784368204355360e+03 2.378705344899947249e+03 2.301223291795783553e+03 1.885885708748456409e+03 2.056214278667414419e+03 2.120966659362086375e+03 2.152944558536199565e+03 2.429226497347033728e+03 2.162569331653061454e+03 2.008794067105651038e+03 2.296956882702208532e+03 2.111821984502772011e+03 2.195899875152326786e+03 2.338056271778557402e+03 2.087940347738628589e+03 2.309851865740623907e+03 2.062349809991788334e+03 2.289325073416148371e+03 2.215770325846342530e+03 2.097513661560511991e+03 2.073706669048424828e+03 2.276602563838925107e+03 2.305296869904878804e+03 2.180151257437423283e+03 2.330961863408189856e+03 2.340694832991417115e+03 2.411417811372711185e+03 2.380146205159348483e+03 2.077407968375165638e+03 2.184153018728251482e+03
1.639052176157326244e+02 0.000000000000000000e+00 0.000000000000000000e+00 0.000000000000000000e+00 0.000000000000000000e+00 2.343677304400938226e+02 1.761394882822876298e+02 8.067699673822608020e+02 6.594764063029174395e+02 7.588538239337256073e+02 6.908272749101940917e+02 6.587637987400357815e+02 7.512304027012427241e+02 7.089798710811777482e+02 5.896115069530022765e+02 7.233670794261801120e+02 5.744785629458784797e+02 6.796486855540189254e+02 6.631935863827786761e+02 7.310075595091960849e+02 6.700319234995620263e+02 6.024857554769573653e+02 6.679833534708893694e+02 6.062509076834562620e+02 6.659169234854430215e+02 6.333424829055290957e+02 7.491119950579561646e+02 6.535345541931608295e+02 6.458904926940107316e+02 6.823858770822544102e+02 6.590450812782477215e+02 5.408884139007913063e+02 5.729251708216337420e+02 6.353288965147174849e+02 5.431274587191193177e+02 5.692964894194005865e+02 6.864955520960688773e+02 6.875324663146674311e+02 8.248949489498951380e+02 7.320620509411893408e+02 8.082752931320749212e+02 8.565762503194338251e+02 9.546889568159597275e+02 8.290290341420969753e+02 8.211488819214789601e+02 9.932749457485545008e+02 9.097115538009928741e+02 8.552832648472511892e+02 1.016810881607970032e+03 8.987126478621743217e+02 7.115539668036248031e+02 8.377340430470608226e+02 9.014421581952802853e+02 7.975750584492769804e+02 8.331265511906142365e+02 9.431108981891492249e+02 9.048549650276444254e+02 8.366403916570756110e+02 8.432147407056628481e+02 8.578602822512812054e+02 8.268335318041355322e+02 8.572164755772904527e+02 7.885434809415642121e+02 9.317086116962858569e+02 8.931602276330985433e+02 9.397223130395864246e+02 9.471799524041801988e+02 9.292778668669935769e+02 9.336221246375879446e+02 8.077739891211018630e+02 8.542842382414391977e+02 9.918089213284218886e+02 9.434743176789615973e+02 8.813365592577270036e+02 1.010399204250102798e+03 8.093697927521970996e+02 8.596031124394581866e+02 7.007187221573527722e+02 9.071039058642375039e+02 8.253184042838491905e+02 1.042082013584329388e+03 8.637246626751908707e+02 9.655395167285944353e+02 9.908297810069331035e+02 9.090554949139119572e+02 7.801585375416321995e+02 8.553117276807375902e+02 8.455819625224722813e+02 8.713486493944317317e+02 9.102960786131859550e+02 8.993017908162245249e+02 8.781452347389156330e+02 9.313742205267178633e+02 8.469579803002889093e+02 8.869585343580378094e+02 8.259615512232890069e+02 7.835817116312264261e+02 8.282657212665807265e+02 8.405991759542953332e+02 7.940238016089942903e+02
3.190315124948402286e+02 2.072176980244120159e+02 1.008444882014431300e+03 1.570404699111554919e+03 0.000000000000000000e+00 1.326331095328721631e+03 2.024111029928609469e+03 1.936380094822330648e+03 3.892951978188913813e+02 0.000000000000000000e+00 4.442912590396201722e+02 1.436130622405181384e+03 1.698121485619874420e+03 1.944121420043857825e+03 1.522395533091327707e+03 0.000000000000000000e+00 2.111985221680250106e+03 1.951044485926549442e+03 1.611783532894152358e+03 1.434756018344259928e+03 1.205605987096398394e+03 0.000000000000000000e+00 0.000000000000000000e+00 1.751106463871596816e+03 1.643573313473435292e+03 2.141548115406502347e+03 2.299996562522081149e+03 2.054727613980614478e+03 1.708421449925796651e+03 2.159053134991775096e+03 2.209495684779498788e+03 2.032789178212568004e+03 2.024589431725883287e+03 2.314807226201037338e+03 2.396807706997261448e+03 2.268862935077671864e+03 2.089911446081454415e+03 2.199808896614842070e+03 2.217384036558107709e+03 2.383354023041935307e+03 2.294302676355710446e+03 2.424421179373077848e+03 2.434894559618122003e+03 2.262499701085407196e+03 2.492883341695860508e+03 2.071569506094331246e+03 2.093434051592664673e+03 2.327689768530776746e+03 2.169393060361929656e+03 2.293163974520670763e+03 2.335155701701154612e+03 2.157680321638920759e+03 2.107948777201597295e+03 2.334466750334316202e+03 2.163539706929801014e+03 2.063697176440532530e+03 2.416387120506489282e+03 2.119548230077419248e+03 2.526216712628915957e+03 2.128032039412209542e+03 2.134487636241615292e+03 2.254392128940277416e+03 2.218212286163001863e+03 2.208966200678418318e+03 2.173481529622318703e+03 2.426501228164612712e+03 2.242658844198394490e+03 2.309358949783227672e+03 2.149071916721783055e+03 2.184437647063115037e+03 2.445314030125569388e+03 2.182660133687113557e+03 2.280695368497792515e+03 2.498868265047018667e+03 2.298481058010622746e+03 2.323776977156541307e+03 2.298100862413656159e+03 2.202275361357681959e+03 2.300445370512352383e+03 2.294032939172141141e+03 2.239811618371829809e+03 2.200548741789901214e+03 2.151444322167207247e+03 2.147164341391439848e+03 2.520641955672898803e+03 2.284619281111601595e+03 2.372649358712866160e+03 2.159971673982364337e+03 2.164883114971239138e+03 2.211444163652004136e+03 2.482212229581100019e+03 2.339416644422735772e+03 2.273631496412357592e+03 2.403071603815702474e+03 2.120447919509408166e+03 2.125806095037108662e+03 2.106506031986335984e+03 2.284975349273559914e+03 2.311872349926982224e+03 2.249580779107569469e+03
0.000000000000000000e+00 1.856276822099219771e+03 0.000000000000000000e+00 6.794901136422945456e+02 6.206146012041047015e+02 1.491580651682848384e+03 1.835246935055704398e+03 1.722693393219958580e+03 1.906238519647051589e+03 1.999917621465218190e+03 0.000000000000000000e+00 0.000000000000000000e+00 2.049154930476043319e+03 8.081047988745358452e+02 2.169319924074560731e+03 7.617706988793177061e+02 1.680837382861396236e+03 1.550953839591980568e+03 2.040403457409129715e+03 1.903358495588522828e+03 1.630943732220111315e+03 1.025778841855407109e+03 1.261529800029482118e+02 1.184923874409057134e+03 2.386379377197271424e+03 2.070563693647422951e+03 1.623392976036032223e+03 0.000000000000000000e+00 3.399509882488547419e+02 1.162832333101280540e+02 1.236338307438208631e+03 0.000000000000000000e+00 0.000000000000000000e+00 1.751989000205259345e+03 0.000000000000000000e+00 4.683095079797190010e+02 1.239709645241652197e+03 2.130974078518532679e+03 3.242456538328867737e+02 0.000000000000000000e+00 0.000000000000000000e+00 0.000000000000000000e+00 4.992841865212316179e+02 0.000000000000000000e+00 2.050997851820387496e+03 0.000000000000000000e+00 1.870639620265834765e+03 2.125417040147599891e+03 1.952696461242273244e+03 1.758126416485493337e+03 1.955004212701699089e+03 1.984944097599955739e+03 2.043336825718497039e+03 2.167616300968272299e+03 2.016166883456543928e+03 2.270686441376657967e+03 1.964016940650811648e+03 2.167818745227638829e+03 2.008984259151927290e+03 2.104520230987802279e+03 1.979471128260379828e+03 1.946881749405275286e+03 2.079490656104904701e+03 1.835671238619795531e+03 0.000000000000000000e+00 2.196688540684160671e+03 2.025905507907351193e+03 2.074386195635963304e+03 2.040560851223441659e+03 2.237918557201609019e+03 1.954080395834701903e+03 2.155399902039464905e+03 1.818468188963298189e+03 2.144899566925622821e+03 1.604712874967621246e+03 1.755063928699714552e+03 2.018334959686741968e+03 2.010631710573587043e+03 2.066381542080790950e+03 1.926636569486287272e+03 2.214181873543101119e+03 1.947784266271054094e+03 2.262309697534717088e+03 2.101302988325915521e+03 2.153899665670473041e+03 2.159900611146441406e+03 2.296608731354862357e+03 1.909663672940298738e+03 1.874117929314334560e+03 2.166844223048006825e+03 2.028866773563446714e+03 2.274204522993804403e+03 1.906846983398666907e+03 2.174187257096311441e+03 2.074589205382087584e+03 1.991999298888434623e+03 1.815157829481926456e+03 1.710718268641234317e+03 1.873263101831814311e+03 1.953882098478227590e+03
1.404052066588142907e+03 1.264315670542802536e+03 2.552696761046101130e+02 0.000000000000000000e+00 9.724636193370088222e+02 1.091335250472171765e+03 1.540492711560026692e+03 0.000000000000000000e+00 1.770767118978391636e+03 2.708987640560401360e+02 0.000000000000000000e+00 0.000000000000000000e+00 1.747168037097665319e+03 7.845702767320153725e+02 1.644118631203739824e+03 1.856520735387506647e+03 0.000000000000000000e+00 1.787421457984036351e+03 1.960663604175831097e+03 2.043723335917594852e+02 1.784767440133124182e+03 1.714583182136624828e+03 1.514346771569030579e+03 1.748305419463603130e+03 1.959531876677473520e+03 3.014704154727316876e+01 1.470824742973587263e+03 1.300769208910953694e+03 1.993067691869895498e+03 1.338946633660888665e+03 1.392120390241992254e+03 3.251225824228658325e+02 2.090231323090899878e+03 2.100745229886934794e+03 1.666339810350789548e+03 1.163575618320784088e+03 1.245007502181832024e+03 5.699264887917166789e+02 1.698478684755348695e+03 0.000000000000000000e+00 2.057320936252833690e+03 0.000000000000000000e+00 1.682275038695835519e+03 1.824060664504399710e+03 2.008958623752231006e+03 0.000000000000000000e+00 1.818107408411689903e+03 0.000000000000000000e+00 1.385363577466154766e+03 2.053392122753788044e+03 2.029268646152803740e+03 0.000000000000000000e+00 1.846520102072156078e+03 2.300935082044786213e+03 2.315904647502742591e+03 2.085978674175102697e+03 2.228955026600443034e+03 2.038738098906799678e+03 1.966249670867008490e+03 2.261995663888437321e+03 2.198008009786176444e+03 2.212450918576842469e+03 2.215938652404642198e+03 2.141045586174220261e+03 2.346778151038468422e+03 2.155586701165193517e+03 2.238102905884719348e+03 2.117809735287720287e+03 2.170703481675817329e+03 2.246914886034739538e+03 2.232045977219708220e+03 2.036212258054369386e+03 2.052376131545236149e+03 2.207148160751426531e+03 2.187118431287239218e+03 2.121043000074417250e+03 2.086342470656087244e+03 2.179774454761004563e+03 2.369235703650364940e+03 2.098773377561764846e+03 2.394264147559746561e+03 2.161236290868853303e+03 2.013201093906384131e+03 2.282985966858891970e+03 1.977017669712974111e+03 2.189198103087602249e+03 2.009451539709627014e+03 2.145656942190179961e+03 2.170488596707774832e+03 2.115277862576537700e+03 1.958294591650954771e+03 2.142978042921915403e+03 2.194963806072239549e+03 2.094370120672751909e+03 2.194034145842076668e+03 2.084755903308705911e+03 2.124821205600246685e+03 2.059556305407234504e+03 2.213059382328457559e+03 2.076917125869215852e+03
2.469580810495812386e+02 1.106930432780069680e+02 3.022098365327220790e+02 1.076009145613292276e+03 0.000000000000000000e+00 8.400188922927873136e+02 1.194759856830034778e+03 0.000000000000000000e+00 1.211619656024421829e+03 1.917754091987102356e+02 0.000000000000000000e+00 1.308678860690780994e+03 1.618521873102561585e+03 0.000000000000000000e+00 1.377058084955722734e+03 0.000000000000000000e+00 1.546232402153795647e+03 1.264936009516336071e+03 0.000000000000000000e+00 1.917542976930779787e+03 1.711867149237918056e+03 1.834005880117465495e+03 1.754405325122222621e+03 1.627539501936910256e+03 1.831568632190456128e+03 1.816835440197346543e+03 1.631550122520280638e+03 1.595198937255328701e+03 1.676065617101748785e+03 1.674922768363817113e+03 1.778058882227303457e+03 1.788304182813284797e+03 1.721728295819626965e+03 1.917088137081756258e+03 1.636838554681160304e+03 1.773135566016510211e+03 1.747639276062671115e+03 1.662817770326337268e+03 1.593487774325599958e+03 1.780116688539690131e+03 1.797677125827247892e+03 1.989741875750471536e+03 1.814619674583889946e+03 1.691612544539630107e+03 1.877359676402401647e+03 1.745362249383763583e+03 1.750526274457881755e+03 1.766912007253473121e+03 1.922486085178103394e+03 1.854683280415156560e+03 1.829706861287511629e+03 1.821109200618775958e+03 1.780240153148521813e+03 1.696365460740677236e+03 2.047077897613884261e+03 1.850683592575774355e+03 1.712613026271729041e+03 1.925761761471650743e+03 1.878928713660284529e+03 1.732149839778520345e+03 2.070421190984405257e+03 1.658591699288166183e+03 1.903164345134940504e+03 1.812643486860242092e+03 1.726822389031338162e+03 1.796313171766935284e+03 1.891833121478000066e+03 1.698646257331304696e+03 1.832366910997175637e+03 1.540520043419996910e+03 1.618474937701646923e+03 1.553832072942442210e+03 1.791222848466944015e+03 1.790043997072085858e+03 1.716850030053888077e+03 1.799160209097913594e+03 1.641288746971087903e+03 1.917580676047980205e+03 1.738057102948245529e+03 1.534578097062447341e+03 1.814188019691944646e+03 1.674961975445705548e+03 1.722903754293937027e+03 1.734189927505822880e+03 1.799482536549977567e+03 1.787774321721032493e+03 1.745369789207203667e+03 1.860431453310295865e+03 1.717779690284051185e+03 1.715057625526592574e+03 1.679283048259221459e+03 1.862771249019341894e+03 1.744287259056792664e+03 1.683945486578987811e+03 1.725435061518361408e+03 1.730345937020478686e+03 1.702465743390468788e+03 1.909400910093411767e+03 1.661188979967691466e+03 1.618202750075459790e+03
0.000000000000000000e+00 2.380562120669862622e+02 0.000000000000000000e+00 0.000000000000000000e+00 1.334602234518604860e+02 0.000000000000000000e+00 3.311111107521062422e+02 4.348609662436160761e+02 6.842877975450172698e+02 7.547277498039288730e+02 8.113087525976094412e+02 9.308552921784536238e+02 1.009572085618724827e+03 1.570642297797710853e+03 1.728087382908999416e+03 1.887833999125375840e+03 2.115447508603939696e+03 2.145551007670846502e+03 1.962774754739056561e+03 2.278215332072760702e+03 2.021140716484385848e+03 2.429153361059664803e+03 2.110587715405629297e+03 2.032578628643003640e+03 2.034118637580642144e+03 2.266254344662986568e+03 2.183342676204027612e+03 2.095548218085265944e+03 2.241022137025136544e+03 2.111382224300628877e+03 2.181279969006404826e+03 2.012891207162996352e+03 2.339577431157595583e+03 2.366105168958039485e+03 1.806220122776042672e+03 1.993553444995023483e+03 2.037266136875708071e+03 2.195575851239988879e+03 2.212029253950955081e+03 2.078314443648250290e+03 2.305375095573069757e+03 2.343557892447205631e+03 1.882036251891118127e+03 2.212925550462396131e+03 1.882605885552016844e+03 2.094519974663623543e+03 2.104695154891612219e+03 2.266149541117169065e+03 2.357449263153228912e+03 2.223081504140612651e+03 2.305284994682960587e+03 2.298477476594488508e+03 2.224622455556181194e+03 2.096070162362906558e+03 2.188205296836128127e+03 2.283078518191618969e+03 2.169969102872752501e+03 2.312168664988177625e+03 2.210037609589255226e+03 2.278534832091034332e+03 2.261443937308208660e+03 2.200652037371030019e+03 2.306418230146006408e+03 2.265341272044391644e+03 2.270450444902983236e+03 2.216183696666445485e+03 2.130773519215026226e+03 2.405434772977413104e+03 2.305740777009914382e+03 2.274503288497618087e+03 2.103760782271799144e+03 2.328725551775859003e+03 2.480484856030975152e+03 2.251371675670177410e+03 2.286427142276949326e+03 2.236428122603089378e+03 1.997226281488277664e+03 2.281080087988822925e+03 2.279268268416169121e+03 2.256275199844440522e+03 2.287647085709556450e+03 2.137576701905020400e+03 2.406697881899214281e+03 2.400776481560539196e+03 2.254295242209072512e+03 2.273488993749339443e+03 2.104980348713233525e+03 2.130716028061295674e+03 2.149731651272790714e+03 2.145122557203863380e+03 2.133330084847975286e+03 2.225746077744340710e+03 2.349373546762133628e+03 2.214541146130021389e+03 1.893332980855820097e+03 2.264548459609665770e+03 2.301713568814975588e+03 2.179467206955820984e+03 2.196671010594662221e+03 2.072279380471215973e+03
5.926793668629822065e+01 0.000000000000000000e+00 3.632130871457054866e+01 6.515312231051287029e+01 1.356434311652249335e+03 1.589090737790925004e+03 1.632915961536453096e+03 6.194110568874802993e+02 1.309883158989749518e+03 1.631407808352848861e+03 1.699918037050062139e+03 1.865565319090653702e+03 1.999721586055775788e+03 1.825431969892566030e+03 1.876197601114697591e+03 1.844689809932074013e+03 1.839632473359633195e+03 1.921463873615213060e+03 2.008425181243844463e+03 2.271309796279567308e+03 1.991397432482329350e+03 1.925858648202855875e+03 2.076111118743469888e+03 2.038292683837076311e+03 1.954547110905643422e+03 2.042351936281635290e+03 2.174732574826616201e+03 1.865115380126866285e+03 1.881730512050622337e+03 1.960958599767924852e+03 1.971955809246469244e+03 1.935572014245138917e+03 1.941712069463576881e+03 1.819097198733787764e+03 2.005539690813321840e+03 2.062833112674297809e+03 1.920695000119909764e+03 2.028979682419462279e+03 1.984378610841948785e+03 2.036755313837641779e+03 1.910926970357686059e+03 2.223663578510187563e+03 2.147642554693127749e+03 2.044026531067679343e+03 1.969386237418086239e+03 1.919742154932668200e+03 2.080860076537211171e+03 1.973551989868736428e+03 2.033776329596461892e+03 1.942727495185371026e+03 2.246137341742480203e+03 1.995529444223085193e+03 1.882396843947140269e+03 2.012746065561774685e+03 1.933143060123913756e+03 2.036317438591358496e+03 1.896252400491823209e+03 2.029463739084316103e+03 1.981543260237302775e+03 2.056508897268335659e+03 1.970825966703971517e+03 1.899519028997242685e+03 2.066931383705159533e+03 1.945617886501129988e+03 2.112786327920759959e+03 2.044091185053678146e+03 2.008694352940655790e+03 1.759583675860876838e+03 2.087395972486253868e+03 2.013597311628160924e+03 1.992399663513103405e+03 2.029309926686138169e+03 1.892399173722764772e+03 2.049542100409692011e+03 1.960049862547807834e+03 2.268600360726370582e+03 1.864443016371596059e+03 2.186332781684781821e+03 1.980351214151424301e+03 1.984579547136627298e+03 2.064378210992758795e+03 1.950931954061705937e+03 2.017128964927499510e+03 1.958844621770909271e+03 2.203735071175683515e+03 1.947475887492354332e+03 2.007232946662380300e+03 2.044275533736788475e+03 2.047445464006588736e+03 2.014827433822411649e+03 2.048465036631274870e+03 1.924690541056399752e+03 2.021735043067050810e+03 2.022574036920346998e+03 1.935775777973607319e+03 1.994853876042853017e+03 1.818884575712777178e+03 1.983826884261720352e+03 2.029100319594503617e+03 1.968890494026900342e+03
1.379538215628547732e+03 0.000000000000000000e+00 3.970660461615762529e+02 0.000000000000000000e+00 1.893755022472879091e+03 0.000000000000000000e+00 0.000000000000000000e+00 1.174923618084878711e+02 0.000000000000000000e+00 0.000000000000000000e+00 1.616808259730215013e+03 0.000000000000000000e+00 0.000000000000000000e+00 0.000000000000000000e+00 1.700085044139260162e+03 0.000000000000000000e+00 1.319978134345894205e+03 2.241380278638540915e+02 0.000000000000000000e+00 1.956966828743154565e+03 1.797378548819020125e+03 1.921897036471846150e+03 0.000000000000000000e+00 1.993300059803539739e+02 3.220374987287149224e+02 2.028489405400270243e+03 0.000000000000000000e+00 0.000000000000000000e+00 1.787518721706413316e+03 2.278273011722077172e+03 2.225208676828648095e+03 2.303248488371792064e+03 1.901610764515109850e+03 2.185570317039402653e+03 2.338034029299409212e+03 2.039009155559471083e+03 1.931297688336951524e+03 2.096601531419846651e+03 1.779534237178943158e+03 2.039250052918381925e+03 1.873137375275950717e+03 1.894584780042461261e+03 2.125006119770114765e+03 2.244088206227049341e+03 2.183554356747108159e+03 2.185057609045476511e+03 2.009971976022579156e+03 2.263664226815729307e+03 2.013048412481722153e+03 2.271566904258874729e+03 2.117690229086194904e+03 2.007126635151875007e+03 2.161127528915730181e+03 2.152576238161151196e+03 2.385289307223420565e+03 2.003364451750855551e+03 2.195927395507883375e+03 2.235429661484035023e+03 2.226006767139781459e+03 2.115027351942740552e+03 2.022612678515477455e+03 1.914364564359609403e+03 2.165409206151771741e+03 2.078897083504583406e+03 2.050677032333011539e+03 2.092413159498876212e+03 2.159753019102601684e+03 2.172099668481336266e+03 2.119109412353206153e+03 2.126430957904706247e+03 2.350452495496410847e+03 2.345092246517264357e+03 2.486989838703913392e+03 2.096427361498380833e+03 1.638868275151232638e+03 2.279681073749514326e+03 1.964013359234677637e+03 1.876740091411212234e+03 2.187349149884506005e+03 2.241211386593482985e+03 1.976463304194541479e+03 2.237919122688367224e+03 2.309981550703793346e+03 2.252204260673549470e+03 2.278694299356792271e+03 2.057399350416610559e+03 2.177509680295187536e+03 2.355476279854543463e+03 2.350084363616948394e+03 2.019565458872164754e+03 1.918692611509807648e+03 2.299142112030732733e+03 2.416741680703759357e+03 2.177953210409050826e+03 2.241950477786197553e+03 2.027898660233739065e+03 2.139118972789690815e+03 2.213931551404890342e+03 2.319774084892197152e+03 2.078710849865613454e+03
0.000000000000000000e+00 0.000000000000000000e+00 4.610184515892546528e+02 6.766621143655024753e+02 4.205353488313400021e+02 4.416867212800337938e+02 6.114111628458543919e+02 3.130193750934530499e+02 7.528893523536487464e+02 0.000000000000000000e+00 0.000000000000000000e+00 1.678300962694201530e+02 4.467446233392327031e+02 8.280089902784455944e+02 7.835931156141796237e+02 8.930791745311174736e+02 0.000000000000000000e+00 1.190602869424133587e+03 1.406371787517279927e+03 1.631318272949497668e+03 2.104631443383543683e+03 1.882367627131309973e+03 1.818640473928904385e+03 1.778521073404180925e+03 1.802708826999992425e+03 2.013099683281114949e+03 1.919865619541499655e+03 2.028251146979563373e+03 1.985528245420976646e+03 2.030843526773852545e+03 2.321240203560123064e+03 1.694328011951578674e+03 1.942994593430736359e+03 1.910438389798768185e+03 1.927324201384023581e+03 2.182247516849354724e+03 2.032639512717282287e+03 2.060503307231309918e+03 2.065919350903913255e+03 1.980014372539238366e+03 2.025811448609935951e+03 1.849101926113629361e+03 2.001296466676824593e+03 2.007520402431033745e+03 2.089913896524072243e+03 1.980899359315518950e+03 1.981813562907630057e+03 1.963546267172563830e+03 1.973713719081526506e+03 2.061848411733022203e+03 2.015063995782844586e+03 1.993033385673243174e+03 2.131037224539843464e+03 2.094747677331514296e+03 2.070241743186531039e+03 2.159981475752836104e+03 2.241763490164883478e+03 1.963328366275145299e+03 2.219115368515538648e+03 2.212020583153999269e+03 2.080404105714671459e+03 1.986915195942781338e+03 1.911652112877036870e+03 1.930084530745440816e+03 2.120120125685350104e+03 2.047398340110088157e+03 2.082720716466639715e+03 2.072460713224949814e+03 2.117584671558033733e+03 1.873605221320408418e+03 1.998521623155285170e+03 2.045640053283858833e+03 2.019635579230157646e+03 1.986726511861193103e+03 2.086825773338597173e+03 1.967945377158685005e+03 2.012389431913058388e+03 1.989976741250630312e+03 1.773310678415906295e+03 2.092309863917746952e+03 2.066402088099664979e+03 2.110365667605318777e+03 1.951072383273277637e+03 2.100987635210533426e+03 2.015066069234290580e+03 2.220629930549067012e+03 1.954731836579925812e+03 1.952235966525669710e+03 2.176272206773082416e+03 2.034002712795250773e+03 2.003725232302463837e+03 2.137231566487050259e+03 2.143228742051298468e+03 1.999531959496257514e+03 2.025630115856201883e+03 2.046776116180694544e+03 1.965022187610961737e+03 2.180709958354334049e+03 2.111211070308538638e+03 2.009043823757104064e+03
