5.492222787029405708e+02 1.133642849639628366e+03 1.301296264340479922e+02 0.000000000000000000e+00 6.027048187212512858e+02 1.282382223569987445e+03 1.414823781559008921e+03 1.879782758213785655e+03 0.000000000000000000e+00 2.345859228156274696e+02 0.000000000000000000e+00 1.521520437768774627e+03 2.149666008281840845e+02 1.441219491712772651e+03 8.647151310804832747e+02 5.885085416378584569e+02 1.242854188141912346e+03 0.000000000000000000e+00 1.472644566451572928e+03 1.524828546504660835e+03 1.535895345655092797e+03 1.356604372954890096e+03 1.953790359586190561e+03 1.961335075135200441e+03 2.527603317612907176e+03 2.053533023715016498e+03 2.233221282783864353e+03 2.223540448510247188e+03 1.013141375721008671e+03 1.853936695995867922e+03 2.176444580605724695e+03 2.327854341753077279e+03 2.001635903716038001e+03 1.979771111340003699e+03 2.105700860128695240e+03 2.191545665691956401e+03 2.053684716610762734e+03 0.000000000000000000e+00 2.467843958648382340e+03 0.000000000000000000e+00 2.350652026333052163e+03 2.427937455176890126e+03 2.350449323357754110e+03 2.221551246456708668e+03 2.272882097257964233e+03 0.000000000000000000e+00 2.338714330374989004e+03 2.238154549728396887e+03 0.000000000000000000e+00 2.350788626358818419e+03 2.264472885042390772e+03 2.339162722347679392e+03 2.214776649374642147e+03 8.582485049655992952e+02 2.177440518975403393e+03 3.327013033158254984e+01 2.358337927083518480e+03 2.430456053973643520e+03 0.000000000000000000e+00 1.773813807595829985e+03 0.000000000000000000e+00 1.058134367424676299e+02 2.513313044427868135e+03 2.162685232555797484e+03 2.355782837930231381e+03 2.357170235674449032e+03 0.000000000000000000e+00 2.509939883511879088e+03 2.398155019629054550e+03 0.000000000000000000e+00 2.426374674462527310e+03 1.913458963167419370e+03 2.304330097875214960e+03 0.000000000000000000e+00 0.000000000000000000e+00 2.478822970789248302e+03 0.000000000000000000e+00 2.397684657022849024e+03 2.025170655288190346e+03 1.892399251222964949e+03 2.444537319566810766e+03 0.000000000000000000e+00 0.000000000000000000e+00 0.000000000000000000e+00 2.302890352708535374e+03 2.435885475137638423e+03 0.000000000000000000e+00 2.344112610554088405e+03 0.000000000000000000e+00 2.407292701632386525e+03 2.308992839454033401e+03 2.352836671500379452e+03 2.502126744136013713e+03 2.154636720827842055e+03 2.174108051493663879e+03 2.208258057935270699e+03 2.542155710008228198e+03 1.895852843762517068e+03 2.454788817164853754e+03 2.342948740124761116e+03
0.000000000000000000e+00 1.616589661575504806e+02 1.365379348456239541e+03 0.000000000000000000e+00 5.187578460334549391e+02 1.951219604415962522e+03 1.978828666686709084e+03 2.118001549162221636e+03 0.000000000000000000e+00 0.000000000000000000e+00 0.000000000000000000e+00 2.064313727007287071e+03 1.641818826614121917e+03 5.587711936509750785e+02 2.052760612660228162e+03 8.803761807478637138e+02 2.161827040505807418e+03 2.464581128522435733e+02 2.156081051170211595e+03 0.000000000000000000e+00 2.194599965848498869e+03 1.981804636758546167e+03 5.239785939413048936e+02 2.231005878729616143e+03 2.295159364397116860e+03 2.219310623936165030e+03 2.138257709066992902e+03 2.314766721941743981e+03 1.952458939195189032e+03 2.068323654197233282e+03 2.110073398296130563e+03 2.221929714500125556e+03 2.257869467852753132e+03 2.273796457710157483e+03 2.006444224623016225e+03 2.237500589045601828e+03 2.228017490473618182e+03 2.383333057112955430e+03 2.088983118513742738e+03 2.088080794147736015e+03 2.420458651528424980e+03 2.069307174382751782e+03 2.184342354682869427e+03 2.320255559340722357e+03 2.443570420643169200e+03 2.508743343705760253e+03 2.538337404952329052e+03 2.419501687152111572e+03 0.000000000000000000e+00 2.292712982117481715e+03 1.699990377446975799e+03 1.979747230216617936e+03 2.044762537864863361e+03 2.501590469629263680e+03 1.847864586039316464e+03 2.552648311427973567e+03 1.433594917687160887e+03 2.244733703696674183e+03 1.947386970686032100e+03 2.318346024714798659e+03 9.878270983586447755e+02 2.504265919644414680e+03 2.268660296741339607e+03 0.000000000000000000e+00 2.290566737796558755e+03 2.086374344595084494e+03 9.707130256199823179e+02 2.194047452177846480e+03 7.400215647627310318e+02 7.628180075242896692e+02 0.000000000000000000e+00 1.105078064810984642e+03 1.584808901384997171e+02 2.051227826636837563e+03 2.317204507016960179e+03 0.000000000000000000e+00 2.305609552941729362e+03 2.257338351668654468e+03 2.166428837457745885e+03 0.000000000000000000e+00 0.000000000000000000e+00 2.517805943457167359e+03 2.377540833922484580e+03 0.000000000000000000e+00 1.760900233411731961e+03 2.236284371193812603e+03 1.825022960192311984e+03 1.869331423375250779e+03 2.152507861964743825e+03 1.631106518859227890e+03 2.447112659912728759e+03 2.399751233916157162e+03 2.385424088276610291e+03 0.000000000000000000e+00 2.422759836577874921e+03 0.000000000000000000e+00 2.284618809681613129e+03 0.000000000000000000e+00 2.398383323168622155e+03 2.426579861074657401e+03
0.000000000000000000e+00 0.000000000000000000e+00 5.469955072339607796e+02 8.614562174587717891e+02 0.000000000000000000e+00 1.747497573820694015e+03 1.028966154370321874e+03 1.974033719208826824e+03 1.655143347169441768e+03 1.856412117721540199e+03 1.698750087422813976e+03 2.095476682535805594e+03 1.796271042880817731e+03 2.014259083439765448e+02 7.096592000145960810e+02 1.535268800501944725e+03 1.722479708961793904e+03 7.289836140093489121e+02 1.019113471532820768e+03 7.126651647774057210e+02 2.122229272197445880e+03 2.145145789247388166e+03 2.114660102378089050e+03 2.024704686808687711e+03 0.000000000000000000e+00 2.066079974892896644e+03 1.856587118593710784e+03 2.081439740307642751e+03 2.041774913804813878e+03 2.209432053960913890e+03 1.012876104202439933e+03 2.234366621461444538e+03 1.749411311524333541e+03 2.243520542628678868e+03 2.131041406726783862e+03 2.213970231600152601e+03 2.214181722828856437e+03 2.257496158131987158e+03 2.197269111247076125e+03 2.174623883758796183e+03 2.231646274934328176e+03 2.168691430611804208e+03 2.216898057327243805e+03 2.300926178072304992e+03 2.065668264325726341e+03 2.204509867857632344e+03 2.115053663291486373e+03 2.215786343271391161e+03 2.299474587868426170e+03 1.684463826266503702e+03 2.116853535798822577e+03 2.077267421478673441e+03 2.305948282795832711e+03 2.222999970925780872e+03 2.391510909005167832e+03 2.082722252157950152e+03 1.493964200542957542e+03 2.246216434885448052e+03 5.912575455130377122e+02 2.348949015662168222e+03 2.346153395834140156e+03 2.328499132084492430e+03 2.315486212427109422e+03 2.326705946291704095e+03 2.043085318807236263e+03 2.275603399030015680e+03 2.194336318246320388e+03 2.313147963874165271e+03 2.306329425525068928e+03 2.283091181980873898e+03 2.171767319303887234e+03 2.030802588378495784e+03 2.060011303818112538e+03 2.169648777086091741e+03 2.493643213864464087e+03 2.346422010709982715e+03 2.261550790784911442e+03 2.330264806823140134e+03 2.189298547505852184e+03 1.491576852400331973e+03 2.034529380969580643e+03 2.108754778187263582e+03 2.323734752444543574e+03 2.055283032436723261e+02 2.380094585732862015e+03 2.040986454635110249e+03 2.217970224242770200e+03 2.388756173660375680e+03 2.114874268292612669e+03 2.251903007986060402e+03 0.000000000000000000e+00 1.872483922711155401e+03 1.879561332437752981e+03 1.176288231389984276e+03 2.359271583483407085e+03 0.000000000000000000e+00 0.000000000000000000e+00 7.742461758337947231e+02 2.327958654500026114e+03 2.252724136532555349e+03
0.000000000000000000e+00 3.016083194788272337e+01 2.554697502863457146e+02 2.727370443126510509e+02 1.473630379224936405e+03 0.000000000000000000e+00 1.006561648605769847e+03 6.371222937447782897e+02 1.894288343607270463e+03 1.953123216523286601e+03 1.948984522316044604e+03 1.926174610600896358e+03 1.867307832504036924e+03 1.960035368876054918e+03 1.578921583561204670e+03 1.898754495778377986e+03 1.260693864933527038e+03 2.057443987529652077e+03 1.916465310028203248e+03 1.748196239966467147e+03 2.232468167676771827e+03 2.171821386167232959e+03 2.189415278436961671e+03 1.923361032168082147e+03 2.123052502282799196e+03 2.273245281382414305e+03 1.910383265524323178e+03 2.380034405301929837e+03 2.193781320938835961e+03 2.254073515528343250e+03 2.342334517631279596e+03 2.226961753770981431e+03 2.222010337172675918e+03 2.063774777814717709e+03 2.271580289459960568e+03 2.273117278561066996e+03 2.177268192789052137e+03 2.272393011851024312e+03 1.878819680269885566e+03 2.186799053607806854e+03 2.133835307113928138e+03 0.000000000000000000e+00 1.662281510473932713e+03 2.096985778484797265e+03 1.210917579740189467e+03 2.290758933077567235e+03 2.362759182742660414e+03 2.173880130052070399e+03 2.122564372120794815e+03 2.137218784675219467e+03 2.123562794127305551e+03 2.365094947658772981e+03 2.290059884833819524e+03 2.055146241361969714e+03 2.280166413037575694e+03 2.162939709806595602e+03 2.353337792993505900e+03 1.509765098068884981e+03 0.000000000000000000e+00 2.359866892127166921e+03 2.159824082925198582e+03 2.339708167205809787e+03 2.265094749495355245e+03 2.288940528818483472e+03 2.468280887681848071e+03 2.019260745921674697e+03 2.279009038273809438e+03 2.367693022834153908e+03 2.200030151208441566e+03 1.918946845321461979e+03 2.137821162131501296e+03 7.258376581012519182e+02 1.531390171728373275e+02 2.254714866977990823e+03 2.307514502391962651e+03 2.341618848125655859e+03 2.252291028478831777e+03 2.279441573180572050e+03 2.474960724466319789e+03 2.678181060421500661e+03 1.087197503536133581e+03 0.000000000000000000e+00 0.000000000000000000e+00 2.460878694677204294e+03 2.522965603451396873e+03 2.047704310168012171e+03 2.300798557348931809e+03 2.438415727922604219e+03 2.538339506491186967e+03 0.000000000000000000e+00 2.017855962719631862e+03 0.000000000000000000e+00 2.349729832872388215e+03 0.000000000000000000e+00 0.000000000000000000e+00 0.000000000000000000e+00 2.300201147166314115e+02 7.015306387610517049e+02 2.283501173107160412e+03 2.387345467939733680e+03
2.170353174701477656e+03 5.593729979602957201e+02 0.000000000000000000e+00 1.290017448576629135e+02 7.338401747855662904e+01 0.000000000000000000e+00 4.721053550657123310e+02 0.000000000000000000e+00 1.126592282295716132e+03 1.955849867666976706e+03 0.000000000000000000e+00 1.364236779988972330e+03 1.964583672111609303e+03 1.816330422328890108e+03 1.762804991812978642e+03 2.027647987503733248e+03 1.613195294221949325e+03 4.969786913658819572e+02 1.988013728838838460e+03 1.306642865768572619e+03 1.898605477568450851e+03 2.012503725346420197e+03 2.082649080395896362e+03 0.000000000000000000e+00 7.588158178183205109e+02 1.931875512375539984e+03 1.940595179195127912e+03 2.167590988446189385e+03 2.153932514261443430e+03 2.099863549377272648e+03 1.544845035455132347e+03 2.037056959068727338e+03 2.014583102521863111e+03 2.056227005481914603e+03 2.120369983455125748e+03 1.589803065194163310e+03 1.455658401009764475e+03 1.938575791401629886e+03 1.928145471951674608e+03 2.076717391444853092e+03 2.042530512548738670e+03 2.230302436359165767e+03 2.205407989145923239e+03 2.227256924456029083e+03 2.194523355204677500e+03 1.903360686857019118e+03 2.150399827441237903e+03 2.047654446382382957e+03 2.120789144932792169e+03 2.130392413317652881e+03 2.116489205380449675e+03 2.216922320548604148e+03 2.388818646679153062e+03 2.462354930200417130e+03 2.379848896735469225e+03 2.288265361698121978e+03 2.288661597297338176e+03 2.220248483413769463e+03 2.386940253038124411e+03 2.420328356119232467e+03 2.461876352487766781e+03 2.282537904114273260e+03 2.252809917527757079e+03 2.478833860581512454e+03 2.445137404435247845e+03 1.618631784198466221e+03 2.444765049959417411e+03 2.443345747034356009e+03 2.307982954508297553e+03 2.326225267040195831e+03 0.000000000000000000e+00 2.142747742361485962e+03 1.223386678455832225e+03 2.396721579078948707e+03 2.181760900769364525e+03 2.450357818007370042e+03 2.189984795467464664e+03 2.276151518573965404e+03 1.901541709450974167e+03 1.450924398158762870e+03 2.169968593090473405e+03 6.659456633774426848e+01 2.262287666728102067e+03 2.228002206554651366e+03 2.172108914892797202e+03 2.260502122894797139e+03 1.812731823608139848e+03 4.321751615198213585e+02 2.034329734778076045e+03 5.757142775461956035e+02 2.306865317933844835e+03 0.000000000000000000e+00 2.161840987081864569e+03 2.277566045274349563e+03 2.341057737250584523e+03 2.296893325003908558e+03 0.000000000000000000e+00 2.260918418637657396e+03 2.440058940260530107e+03 2.433505386856521909e+03
7.639134346539935905e+02 1.161092768104132119e+03 1.213936010449406524e+02 0.000000000000000000e+00 5.241990167101553197e+02 1.646494177426088299e+03 9.286480506923933262e+02 6.156314797609647940e+02 4.386471370063437121e+02 1.053945618382817750e+00 7.367313668693841464e+02 0.000000000000000000e+00 0.000000000000000000e+00 1.785425191883950447e+03 2.191129369949096144e+03 1.850620849776004889e+03 1.850419866241590626e+03 1.712659791025577988e+03 2.011728639605812532e+03 0.000000000000000000e+00 2.092702651243318087e+03 2.090704278838399659e+03 1.601073235991348383e+03 3.656506385169674331e+02 1.978807269200155361e+03 1.880279294531221922e+03 2.112146470854999734e+03 1.951404348786474657e+03 2.108520552129096359e+03 2.137719524070371790e+03 2.158446237630334963e+03 2.230023504838020472e+03 2.191489879387727342e+03 0.000000000000000000e+00 2.094315104694323509e+03 2.049405983495986675e+03 1.507476235679102274e+03 0.000000000000000000e+00 5.029815460646148608e+02 2.076112530351738769e+03 2.198987023738952757e+03 2.213806502618219838e+03 2.202620393375352705e+03 2.180898314592671341e+03 2.091797270093518364e+03 2.113159794682503616e+03 2.131632130194853289e+03 2.171017452029575452e+03 1.603790716783658354e+03 1.765456178606769754e+03 2.198418461953384849e+03 2.206702537082417166e+03 2.321299642055146705e+03 1.942648764757314439e+03 1.006759575356390883e+03 2.347401136768798096e+03 2.033557323723287482e+03 2.213044981355695199e+03 1.766556238674410451e+03 2.113862854954979866e+03 7.871171460937725897e+02 1.873567934663880806e+03 2.150605969298303535e+03 1.151141503989294733e+03 2.190640093493169388e+03 2.335806755840528240e+03 7.060914557052601594e+02 1.431508758272676459e+03 1.651988173147718044e+03 1.553523531218003427e+03 2.020298332970538240e+03 1.939455571987160511e+03 2.081883165006669060e+03 1.407839985836083315e+03 2.282533127889596017e+03 2.327260752550201232e+03 2.176340841005737275e+03 2.088685464191863048e+03 2.479916726240315256e+03 2.306412340785464039e+03 2.229378523457618485e+03 2.028050145621549063e+03 2.219941467691522575e+03 2.024476574318107168e+03 1.922963077127982160e+03 2.011000360867041081e+03 2.428945238583768514e+03 2.455588548224795431e+03 2.191080652457389533e+03 2.457262328400654951e+03 2.307041847197912375e+03 2.311293642405509217e+03 2.228298523533621847e+03 2.284254861361214353e+03 2.161605805778761805e+03 1.804660959148695611e+03 2.307084642171019368e+03 2.142766465162220356e+03 1.685944838014393781e+03 1.770878913056216334e+03
1.614330984925681491e+02 1.960245713810836605e+03 2.043849705804566952e+02 2.302681345116663579e+03 8.183053200885864271e+02 2.206735970655157416e+03 2.236119878015931590e+03 2.079037490344024263e+03 0.000000000000000000e+00 2.130713566664944210e+03 1.295293791739721200e+03 2.305880651454403960e+03 1.654872057607779880e+03 1.376307446042047104e+03 2.367977494775925152e+03 2.035124498564353416e+03 2.008156787743254426e+03 2.265270705612461370e+03 2.111532057312531379e+03 2.452008290206805214e+03 2.283998282571557866e+03 2.264595347443112587e+03 2.150868279557572350e+03 2.491454174570433679e+03 2.192553067000860665e+03 2.307916660509778467e+03 2.298231050011484058e+03 2.352767511767054202e+03 2.356647907743756150e+03 2.348207745592274932e+03 2.789752236012270146e+02 2.116393680886906623e+03 2.189965690568756145e+03 2.064379256809857907e+03 2.373353040125561165e+03 1.922205376845199453e+03 1.589756353716820740e+03 0.000000000000000000e+00 2.282028185416727865e+03 2.190853304162757013e+03 2.635827983621386011e+03 2.065855683382057578e+03 1.272390170496407336e+03 2.101550894031215194e+03 2.439584565625595587e+03 9.615564297669287726e+02 2.354745441930354900e+03 7.105877936163270761e+02 4.142931673775671015e+02 0.000000000000000000e+00 9.242004302730333620e+02 1.027646292443038874e+03 0.000000000000000000e+00 0.000000000000000000e+00 0.000000000000000000e+00 8.551286750064863327e+02 2.462986347102736090e+03 3.609218656319870888e+01 2.400625091983088168e+03 7.734708990442001664e+01 2.508603113749239128e+03 2.391227201259345293e+03 0.000000000000000000e+00 0.000000000000000000e+00 1.480243253339434432e+03 0.000000000000000000e+00 7.825387526427523426e+02 2.384078148162590423e+03 2.284821321607923892e+03 2.397211046583862753e+03 2.551995305990114048e+03 0.000000000000000000e+00 0.000000000000000000e+00 2.377344053465786146e+03 0.000000000000000000e+00 0.000000000000000000e+00 2.467203562443670307e+03 0.000000000000000000e+00 2.320971228846346094e+03 2.534472674992568500e+03 2.443800825721594720e+03 2.468003484552599275e+03 2.574557236120024754e+03 2.236071733671185939e+03 1.831965489334026870e+03 2.357236911770942243e+03 2.302742098694556717e+03 2.412557820667487249e+03 2.425223413266347507e+03 0.000000000000000000e+00 2.386852752602038890e+03 2.454794548634466537e+03 2.488465022118487468e+03 1.955196289082155772e+03 2.285528011811155011e+03 2.294065417897063071e+03 2.268324241573055588e+03 2.489059757615285889e+03 2.556027585911549068e+03 2.300838486587232637e+03
0.000000000000000000e+00 1.474466648403657985e+02 1.492792497105159782e+03 0.000000000000000000e+00 0.000000000000000000e+00 1.295824716874832802e+03 5.143586087700743974e+02 1.201486542017187048e+03 6.742664199119953992e+02 1.177051949715860246e+03 1.301896635782397425e+03 1.328963787601274589e+03 1.227644587231015976e+03 1.205781132197891111e+03 0.000000000000000000e+00 1.537974913879523001e+03 1.383908903140221355e+03 1.605498503679219311e+03 2.960285666431195182e+02 1.636517981418436193e+03 1.381764664833662664e+03 1.478382531729711218e+03 1.859336695615851340e+03 1.451670062355359050e+03 1.798283743959767889e+03 8.440333140324848955e+02 1.259073673998545019e+03 1.718348465665048252e+03 1.720460512217282940e+03 1.788065297836490799e+03 1.622960572147858784e+03 1.530655922708755270e+03 1.375723409288525545e+03 1.508381712353395869e+03 1.952747423165688588e+03 1.866019207086142387e+03 2.269833910669008219e+03 2.237766338186638222e+03 1.567601931076364281e+03 2.185114001541709058e+03 1.983497521833114433e+03 1.978501208722843785e+03 2.317425168597044376e+03 2.098279371176356108e+03 2.347467621816304018e+03 2.253457764642965230e+03 2.033204265195152857e+03 2.152210971838812384e+03 7.532970334906165135e+02 2.100507384463751805e+03 1.801411406927351209e+03 0.000000000000000000e+00 2.093564473224063022e+03 6.174033635916930507e+02 1.589343496855728063e+03 2.295417089480695722e+03 1.944966188970666508e+03 6.332018730052818682e+02 2.078117016324244560e+03 3.480270858919936359e+02 2.255275022608126619e+03 1.783379821428208743e+03 7.035044613711298211e+01 2.282765443457892616e+03 2.019439376724599924e+03 1.755642565287127809e+03 2.472225667167198026e+03 2.281938965539759010e+03 2.006593815979904548e+03 2.015063017577422897e+03 2.288577153645046110e+03 1.674722238414993171e+03 2.107565880340628155e+03 2.296184724310806814e+03 2.119448554190410505e+03 2.212238181483231529e+03 2.306030815958253697e+03 2.093068510053587943e+03 2.003080616156381666e+03 1.955932209780410858e+03 1.515777505216972258e+03 4.791766512247231731e+02 2.207279696072404022e+03 2.441324257702000068e+03 1.850856413177081777e+03 2.422483388693561665e+03 2.310157474079309395e+03 1.987895851613806371e+03 2.307332241658282783e+03 2.429504438968968770e+03 2.451712164276822023e+03 2.435479496040080448e+03 1.696792408452144628e+03 2.495309161031852909e+03 1.817259493553088987e+03 1.857721185381052919e+03 2.340469115321373010e+03 2.439743327333863817e+03 2.536603062247563230e+03 1.263082550419062272e+03
8.449522596603682132e+02 1.245418973031294030e+02 0.000000000000000000e+00 3.410152298490899057e+02 1.399440517118851233e+02 3.229615304296921749e+02 4.345295059499277954e+02 1.594309242128065080e+03 2.090453240469368666e+03 3.096382039305416356e+02 2.016765264052358361e+03 2.487308029452695337e+03 2.185823175381772216e+03 1.927258049406660575e+03 2.355172627465478854e+03 1.976760370352516929e+03 2.324098318666968225e+03 1.855207553857963603e+03 2.315286566235604823e+03 1.144149588684417949e+03 2.357218380019194683e+03 1.823385479323998652e+03 1.957984840097661845e+03 1.748296731733674505e+03 2.165904216939207799e+03 2.373665787317420836e+03 2.356182512411215157e+03 1.953780042940888052e+03 2.369294586492895178e+03 2.391529631805902227e+03 2.493607296654891798e+03 2.407797070958293261e+03 2.192648400445416428e+03 2.465957731998883446e+03 2.494803263314049673e+03 2.276930425294314773e+03 2.357699059270702946e+03 2.238385336904796532e+03 2.375324474623300830e+03 0.000000000000000000e+00 1.838904006447012989e+03 2.264857275604407732e+03 2.412636341801179242e+03 2.307869853507942480e+03 2.370898442739481652e+03 2.425754720499433461e+03 2.264982221641961587e+03 2.475460699665523407e+03 2.029003862165081955e+03 2.438182266060385246e+03 2.272016072199503924e+03 2.203658935669151560e+03 2.618770556907394621e+03 0.000000000000000000e+00 9.389077633968810233e+02 0.000000000000000000e+00 5.420427532927455871e+01 2.262247355391826659e+03 8.580885969634083494e+02 2.102163206034825635e+03 0.000000000000000000e+00 0.000000000000000000e+00 2.455199190389114392e+03 0.000000000000000000e+00 0.000000000000000000e+00 2.099791141811167108e+03 2.341163005242468898e+03 2.235240861626349670e+03 9.683606872042402358e+01 2.022791522252009372e+03 0.000000000000000000e+00 1.905206411121256224e+03 2.343915447999415846e+03 1.541378642633445679e+03 2.393615695695893010e+03 2.305985728397301500e+03 9.077002934543714900e+02 0.000000000000000000e+00 2.550115001859214317e+03 0.000000000000000000e+00 2.519585373722885834e+03 2.167617926353368603e+03 0.000000000000000000e+00 2.459114548330453090e+03 2.478998353759393467e+03 2.478806540576359112e+03 2.274809208390699951e+03 2.415248554601605065e+03 2.306954728859800980e+03 2.521204895986412794e+03 2.390915982459382121e+03 2.116196327283247228e+03 0.000000000000000000e+00 0.000000000000000000e+00 2.423139450915214638e+03 2.462411862798568563e+03 2.504232103973700760e+03 2.190215964741838434e+03 2.377214713301528718e+03 2.359728381611529585e+03
0.000000000000000000e+00 0.000000000000000000e+00 1.756815988165809358e+03 2.478931534376160073e+02 9.836577407889753886e+02 1.444454715260085550e+03 1.999881309818641057e+03 2.209599221824613778e+03 7.663667424594105171e+01 0.000000000000000000e+00 2.194585446125480303e+03 3.863234285003259174e+02 2.365342165048061815e+03 2.319106972830361883e+03 0.000000000000000000e+00 2.313342069645044376e+03 2.484243221601862842e+03 0.000000000000000000e+00 1.697762173110592812e+03 2.192466712858697520e+03 2.237704629363809545e+03 1.142478960816845301e+03 2.301099459503592243e+03 1.528307261986014510e+03 1.869147252151700059e+03 2.282796584442787662e+03 2.346763606298892682e+03 2.392971860609413852e+03 1.993992033742730655e+03 2.411740895198707676e+03 2.296946245573331453e+03 2.191882485056189125e+03 2.247114365124751657e+03 1.982717086720868565e+03 2.413289729337013341e+03 2.438371786655574397e+03 2.343584742202770030e+03 2.077925203141210204e+03 2.087548149571740396e+03 2.395519116754230254e+03 2.373701704526993126e+03 2.384018349829632371e+03 2.233553516972406669e+03 1.093377556170388516e+03 2.128963748992224282e+03 2.281205146380361839e+03 2.279074568076379819e+03 2.207101447367452693e+03 1.437035423371097522e+03 2.311124946149912375e+03 2.385339835673305515e+03 1.610997275625526072e+03 2.296619169707440506e+03 1.545218822798366091e+03 0.000000000000000000e+00 2.074495682774031138e+03 2.432083600294628468e+03 2.273459256247950634e+03 2.428958229914890126e+03 2.120271020079815571e+03 2.242037811439904999e+03 2.562278135622038917e+03 2.304318061789028434e+03 2.180428716182414519e+03 2.246419328909733395e+03 1.989895370312647401e+03 2.174172243953325051e+03 2.459712913758005925e+03 0.000000000000000000e+00 2.506201627981569345e+03 2.348693965264408689e+03 2.328610895741937384e+03 1.937426822793295287e+03 6.570053349777704170e+02 2.095985828086389574e+03 1.038000669920627388e+03 2.419631409414343125e+03 1.634020971157223357e+03 1.259302264111593331e+03 1.472849370965729122e+03 2.023137320918634941e+03 2.148705796072747034e+03 0.000000000000000000e+00 2.092991708360779285e+03 2.325856351446132976e+03 2.234100299173446729e+03 2.266638807408983666e+03 0.000000000000000000e+00 2.305658270433435973e+03 2.176558445802028018e+03 2.132354868512999474e+03 2.024427283679438915e+03 2.013582005829533045e+03 1.886549713336368541e+03 1.604411243893713390e+03 9.734160822137673676e+02 2.463154279162384682e+03 3.063278981313040390e+02 1.235303263500822368e+03 1.921587906518937643e+03
0.000000000000000000e+00 0.000000000000000000e+00 1.296501890009559020e+03 4.155934467836738122e+02 9.419382779545312587e+02 2.824055798077246777e+02 1.642053434770263493e+03 1.725409063080782289e+03 1.631855239839617525e+03 1.664181301601515088e+03 7.281999310643225272e+02 0.000000000000000000e+00 1.585924866280812921e+03 1.718197345916263203e+03 1.911712393327479958e+03 7.217295794941903750e+02 1.679255448780567576e+03 6.824607975415908641e+02 1.609678082369697904e+03 1.919161393333959495e+03 1.612970047466175174e+03 1.658958213343573334e+03 1.982736191619577085e+03 1.590596587162024662e+03 1.788231319406268312e+03 2.090844890892894909e+03 2.117175453342062156e+03 2.232517076217465728e+03 2.044000825553351888e+03 2.077254048049577250e+03 2.332312278817739752e+03 2.124494157939349407e+03 2.239254991894011710e+03 2.514331717627010221e+03 2.390487650630335338e+03 2.392476852683873858e+03 2.334721406544893398e+03 2.366401913779427559e+03 2.352073812894945604e+03 2.099487947068661470e+03 2.538987353606395573e+03 1.710294413516467330e+03 1.825824983840098639e+03 2.363558722753614802e+03 1.804090486873257078e+03 2.137299789445743954e+03 0.000000000000000000e+00 2.136522793215265665e+03 2.449773972302835773e+03 2.090407006614494094e+03 1.139049727023146716e+03 2.292819205354301630e+03 2.236104785145952064e+03 1.225443798424279748e+03 2.134313120630629783e+03 1.935827933820373119e+03 2.436781303838084114e+03 2.249072808291369711e+03 2.339515971924801306e+03 6.614238204265998320e+02 2.416790893074349697e+03 2.330539344217582766e+03 1.612748239592168375e+03 2.022650528099539997e+03 1.898521989161094325e+03 1.815350914172100602e+03 2.254219094856502579e+03 2.190345687004069987e+03 2.172744534872831991e+03 2.137012260720179711e+03 2.010223364636562792e+03 2.372851918632435172e+03 2.312083438918122283e+03 1.921538424831282555e+03 2.346031315531392011e+03 2.153616137138829345e+03 2.270653128725632996e+03 1.829281251065469860e+03 1.686582368484299366e+02 2.195769376698451651e+03 2.210194530468373614e+03 1.716290294927171544e+03 2.387499071325350542e+03 2.167774777571766208e+03 2.388294217209602266e+03 2.217531384719433845e+03 2.163436055075044806e+03 2.282976934686596451e+03 2.201845498683732330e+03 1.979017232036962696e+03 2.489455993214502087e+03 2.359320683073088276e+03 2.423842129089716309e+03 2.045449550022424319e+03 2.263116628283067712e+03 2.333422846579670477e+03 2.085143607020277159e+03 2.188288662560115881e+03 2.308091661381949507e+03 2.082119301554707363e+03
8.995980014365514990e+02 3.305315599694908428e+02 0.000000000000000000e+00 0.000000000000000000e+00 1.162348819669728300e+03 1.814253910888253358e+03 0.000000000000000000e+00 0.000000000000000000e+00 8.679107119629757108e+02 2.023874770008786527e+03 1.814369877623414368e+03 1.994104370547137250e+03 2.198750314043953495e+03 2.036439870840439710e+02 1.783306076519193539e+03 2.213045363453669324e+03 2.096447211390202028e+03 1.568266112879968432e+03 2.093287834290762476e+03 2.106959872953591457e+03 2.249456816755412092e+03 2.215577335679518910e+03 2.300784037625913243e+03 2.141293477471787810e+03 2.073026325014353006e+03 1.940374708664030777e+03 2.094475394794488693e+03 2.179964849241769571e+03 2.254546743869354941e+03 2.336436071203989286e+03 2.326127832056781699e+03 2.377626614917686311e+03 2.332521668507586128e+03 2.457602204548680675e+03 2.173798552134584952e+03 2.334137560840358674e+03 2.184779474765321993e+03 2.462712956002216288e+03 2.362790896874516875e+03 2.329647718594852904e+03 2.301984207362786947e+03 2.336093902468118358e+03 2.252210787904255540e+03 2.266371529876050317e+03 2.453043393618836944e+03 2.418362462042118295e+03 2.335457327243148029e+03 2.375218442435468205e+03 2.353194506253191321e+03 2.462674937253786084e+03 2.306336303288604086e+03 2.448159990459933852e+03 2.416295694099822867e+03 2.446200783097368003e+03 2.441672157907483324e+03 2.419647839627232315e+03 2.421836496823288599e+03 2.404285781624641459e+03 2.105478861205701378e+03 2.427364499264619553e+03 2.485596803675366573e+03 2.175417310202163662e+03 2.387276117157421140e+03 2.555498571266308318e+03 1.996491336591788695e+03 2.479990662198317750e+03 2.058813426669084038e+03 2.166837109143148609e+03 0.000000000000000000e+00 2.254788229789031448e+03 0.000000000000000000e+00 2.326442871836486574e+03 2.495225099477535423e+03 0.000000000000000000e+00 2.153489662709378081e+03 0.000000000000000000e+00 0.000000000000000000e+00 2.587098455828292117e+03 2.427080409420822889e+03 2.335856046479196721e+03 2.226413252129058037e+03 0.000000000000000000e+00 0.000000000000000000e+00 2.259072503324433001e+03 1.314767892615855772e+03 2.420801966558218282e+03 2.265307387017981910e+03 2.425462033451217849e+03 2.212927868326611588e+03 2.355075001433077887e+03 2.372011112040269836e+03 2.370805019784796514e+03 2.369698081953620658e+03 2.511825537014417023e+03 2.116728398712281432e+03 2.458466319117270359e+03 2.077250991265783796e+03 1.284919736216462525e+03 2.367126944685418493e+03 2.310922243174614323e+03
1.210232048212278499e+02 0.000000000000000000e+00 4.303731874736270129e+02 5.598903586173242957e+02 0.000000000000000000e+00 0.000000000000000000e+00 2.022224679907325481e+03 2.042465937991103601e+03 2.150308888123384804e+03 2.182111093562692986e+03 7.555399485990051289e+02 2.113088533410320451e+03 2.300957701155174163e+03 2.151358320209447811e+03 2.218189739528932023e+03 8.150085787674320272e+02 1.946238384175671627e+03 2.041903298724135539e+03 2.304294180665642671e+03 2.257483548898839672e+03 2.114343916304462255e+03 2.254486563438422763e+03 2.089162895610590567e+03 0.000000000000000000e+00 2.261614410097611199e+03 0.000000000000000000e+00 2.120742146881969347e+03 2.107570847614292234e+03 2.265939950214223245e+03 2.213737151835907753e+03 2.216969127550440135e+03 2.233098247236181123e+03 2.043157917422328865e+03 2.229753361570280958e+03 1.876947400196443596e+03 1.907896954006387205e+03 1.672909374576534901e+03 2.008959193489015206e+03 2.184046419801873071e+03 1.549362006656804624e+03 2.335879927602582484e+03 1.025437479578845114e+03 2.439496874140523232e+03 1.892950045452733775e+03 2.050673211427327260e+03 2.121012099100721571e+03 2.111796278061671273e+03 1.840247653973188335e+03 2.082168783242362224e+03 1.929612728172494371e+03 2.308928646994372684e+03 2.310233320527182514e+03 2.261718149697599074e+03 2.280290021732220339e+03 2.241934262888904414e+03 2.333503278203233549e+03 2.301852956708658894e+03 2.069313287950338690e+03 2.417128476634530671e+03 2.415616132852758255e+03 2.385798544291299095e+03 2.318029838641171409e+03 1.899387250023606384e+03 2.073452746353528710e+03 2.429093110499772592e+03 2.152470225314287745e+03 1.920481541834723203e+03 2.326750651754682167e+03 2.070582999518511315e+03 7.019073396013384354e+02 1.101845802522971553e+03 2.417830581662071381e+03 2.376199096886180087e+03 2.447816293332166424e+03 2.170814175907315985e+03 1.230040962438281298e+02 2.395261200621664102e+03 2.453102809853820418e+03 2.237486451420557387e+03 2.267745554191172232e+03 1.938622216305491747e+03 2.098668920061024437e+03 2.482145885821633783e+03 2.299322894972680388e+03 2.432742528251088061e+03 2.435616096065847159e+03 1.957142123015625884e+03 2.388558437958742161e+03 1.298628551809305691e+03 2.633574751867694886e+03 1.650528558886381688e+03 2.116094116075156307e+03 2.062526081635124228e+03 2.371875085161464540e+03 2.149571439033233219e+03 1.961228469800406401e+03 2.139931680291839257e+03 2.029099004560650656e+03 2.242279106310594671e+03 9.231897811313488091e+02
3.664083387997501404e+02 1.325348663143141266e+03 0.000000000000000000e+00 1.891296134371531025e+03 0.000000000000000000e+00 1.517022475941317452e+03 0.000000000000000000e+00 2.261897735745459613e+03 1.998063860804492833e+03 1.553596989553537924e+02 2.166739674159734477e+03 2.029361505868906761e+03 2.239765283738518065e+03 4.635409633103782880e+02 1.914224687507659610e+03 2.095536862966737772e+03 1.934421431177446721e+03 1.926045843583600345e+03 2.133649034351519276e+03 2.226064969825600201e+03 2.152110289022617962e+03 2.148446924695245798e+03 2.314493330841224179e+03 2.316291866005650718e+03 2.335887951660040017e+03 2.132426320834169474e+03 2.255254389317521145e+03 2.144322941260008974e+03 1.559384532043825175e+03 2.313703916426585238e+03 2.411752358137932788e+03 2.351769662907504426e+03 2.366867500160955842e+03 2.291362456827771439e+03 2.133242291058013507e+03 2.361532648245568907e+03 2.353697156138214268e+03 2.458750600010054313e+03 0.000000000000000000e+00 2.366631936759878954e+03 2.383364962293798726e+03 1.454542197302715067e+03 0.000000000000000000e+00 2.124128299129080006e+03 1.848825562444358638e+03 2.007160085177627252e+03 1.417843215275408284e+03 2.294240991916195071e+03 2.202203524485531034e+03 0.000000000000000000e+00 2.291319661854664446e+03 8.957169367883947189e+02 2.088778696097560896e+03 1.981729745555608588e+03 2.260969810815183337e+03 2.257411141332734132e+03 2.126231557427908683e+03 2.342351903089104781e+03 2.029324060267437972e+03 2.182502361888244650e+03 1.638260539229646838e+03 2.070864605725475940e+03 1.761423134489386257e+03 2.394220938886981457e+03 2.016419847483707144e+03 1.959456681494171789e+03 1.993804232588425293e+03 1.797023966938923195e+03 2.293637277117003578e+03 2.399305707678272938e+03 2.215124740629112694e+03 2.342080995625417017e+03 2.306795776102545460e+03 2.453347734655264503e+03 2.394490126909785431e+03 2.233566508303528735e+03 2.326856110795553377e+03 2.460634343022721168e+03 1.926276057613038802e+03 1.912792775349450721e+03 1.437491743876752253e+03 2.524291292372785847e+03 2.086407396069850620e+03 2.334577164559643279e+03 1.424204000251446587e+03 2.255311321915673034e+03 2.496067625510584094e+03 2.246964200620902375e+03 1.648384989251277602e+03 2.148724900971455554e+03 6.496990485646439311e+02 2.353113119384692709e+03 2.089887926516581501e+03 2.254266283956313146e+03 2.088849384222782646e+03 2.088771436236051613e+03 1.989444112605150622e+03 2.583879471444881801e+03 2.692350208548727437e+02 2.396825700776910708e+03
1.648090391713191138e+03 0.000000000000000000e+00 4.672846159745735122e+02 6.239253939128318827e+00 0.000000000000000000e+00 2.544755313575506364e+02 1.589151397099213227e+03 1.399363810950536390e+03 1.750111506062003400e+03 3.451836799360706323e+02 1.526405942466535635e+03 1.859724334010648590e+03 0.000000000000000000e+00 1.800135581791591449e+03 1.672923894299553467e+03 8.453863229590273249e+02 1.620328681301763254e+03 1.825304566399276609e+03 1.721421106524350762e+03 2.065483711004201268e+03 1.732738466421346175e+03 1.988566624607464973e+03 1.675804339877847724e+03 2.126129728317791887e+03 2.070512502442276855e+03 2.109139168749280543e+03 1.413233776363986408e+03 1.132239976927456382e+03 1.836772090800121305e+03 2.102757750482636766e+03 4.191042584948580725e+02 1.660483930554441486e+03 1.909933345159735836e+03 1.562571324672911715e+03 2.011962101468031506e+03 1.974283420234948153e+03 1.821375643979854885e+03 1.808612807446567558e+03 1.525390039477706296e+03 2.161978351303579529e+03 1.882156923976302323e+03 1.990547802603545961e+03 1.993180266596602678e+03 1.986078020501683795e+03 2.101390412882063174e+03 2.102129963511072674e+03 1.481605814715331235e+03 2.020323933534807793e+03 2.164601453896269049e+03 1.208239837137193263e+03 2.013942133170189891e+03 2.103940152663711615e+03 1.948205615595695235e+03 2.008518634524795061e+03 2.166771770389565063e+03 1.965358566803229678e+03 2.090652695611886429e+03 1.858429977123141498e+03 1.954557803367314818e+03 2.029158420795634584e+03 1.991858207605968119e+03 1.295317481814119901e+03 2.151245028160105903e+03 1.845185315044423760e+03 2.218858984130693898e+03 5.837310273800478626e+02 1.581028758364268754e+02 2.049687780751938135e+03 0.000000000000000000e+00 2.161708781182801431e+03 2.036284548013939002e+03 2.259682904838172817e+03 0.000000000000000000e+00 1.881259566883959678e+03 2.106832443279205108e+03 2.185940861557817243e+03 2.320935693734747929e+03 2.433672172622248127e+03 2.189841508727150085e+03 1.956336278388097526e+03 1.707691562116408932e+03 2.429275944380413875e+03 2.139092019993596750e+03 2.136907565875256751e+03 1.861464790283001321e+03 2.499527904764684081e+03 0.000000000000000000e+00 2.487509395085083725e+03 0.000000000000000000e+00 6.692078725941814810e+02 2.430672130378037764e+03 1.528953103086858619e+03 2.076473421888344092e+03 2.543209154123019744e+03 2.353986213255675466e+03 2.285410898782070944e+03 2.296022332671784170e+03 2.356393621541944867e+03 2.132398236633067881e+03 1.951797336552910338e+03
6.057379124402273192e+02 3.222869603374152234e+02 0.000000000000000000e+00 0.000000000000000000e+00 7.361251684333606136e+02 1.437182483328907097e+02 1.709575687227050139e+03 1.144353820051612729e+03 0.000000000000000000e+00 1.714351720855210942e+03 1.594682074226363284e+03 1.720195718321181857e+03 1.758527404992124957e+03 1.819912399787763889e+03 1.176770439033389039e+03 1.863770369459154153e+03 0.000000000000000000e+00 1.713220901900649324e+03 8.643137371586157087e+02 1.866199557329951404e+03 1.519980391883875200e+03 1.703442059496657066e+03 1.892197885590576561e+03 1.877333128101369994e+03 1.857150331007640261e+03 1.892381865765140219e+03 1.318403363791113634e+03 1.251289191970742536e+02 1.958578811398512016e+03 1.947558532676435334e+03 2.049958879264613188e+03 1.875939616789565434e+03 2.176477632080490821e+03 2.202861688246041922e+03 2.153128198025811798e+03 2.298602067144404828e+03 2.020207393652685369e+03 2.194683263206868560e+03 1.823744460370733123e+03 2.036125404207696420e+03 2.164487588699965727e+03 1.495023185078374809e+03 1.735964710666266001e+03 2.103606390083272345e+03 2.207839087506591568e+03 2.286846631920021991e+03 2.252342229607370882e+03 1.858366930957403156e+03 2.281768549843278379e+03 2.426894327707400862e+03 2.024786264726173385e+03 2.088852823104550225e+03 2.326943993329613022e+03 2.276226409776902983e+03 2.312332566797282198e+03 2.317030843487699258e+03 2.170991278318344484e+03 2.328211221260953607e+03 2.348703899811736846e+03 1.399824047960426242e+03 2.285745043460484339e+03 2.047928028531889822e+03 1.712630751579541084e+03 2.233338777910922090e+03 2.269571600409739403e+03 2.266358156446954581e+03 2.094958175584854416e+03 1.540625718575339988e+03 1.859740573174550946e+03 2.347022286627406629e+03 2.175392282784855524e+03 1.714388975407692669e+03 2.201004118944605580e+03 1.047625335792041597e+03 2.295618646162071400e+03 2.455880853175036918e+03 2.381954829720117232e+03 2.028878725078540811e+03 2.282304251203066997e+03 2.243230721315269420e+03 1.911672081991204777e+03 2.090564813077826784e+03 2.301776728162811651e+03 2.071455138144558532e+03 2.218384418446772543e+03 2.049303581238908464e+03 2.326265387327483950e+03 2.279254727271201773e+03 2.275653071766658286e+03 2.108129474852531530e+03 2.101479441710045194e+03 2.241541084073481670e+03 1.122661544910917200e+03 2.106528484340751675e+03 2.138186829892783862e+03 2.183263310003807874e+03 2.153334339882877430e+03 2.277195219190415628e+03 2.254353402294424086e+03 2.117887397392437947e+02
1.017201883130285864e+02 0.000000000000000000e+00 7.920112479959524876e+01 0.000000000000000000e+00 9.645483046669409077e+01 0.000000000000000000e+00 1.481437309508721398e+02 1.956716083774424249e+02 2.311332616398874791e+02 3.264659897620558695e+02 4.787066707164918284e+02 1.034224395641887440e+03 1.837190297032852413e+03 2.140772486884004593e+03 2.425798470717476448e+03 2.268930631058066410e+03 9.764389548119341953e+02 2.322666597557746627e+03 2.396876328758488398e+03 0.000000000000000000e+00 1.925857469282333568e+03 1.994617528126449997e+03 2.287498300014971846e+03 0.000000000000000000e+00 2.425669703700180435e+03 2.410849651673951939e+03 2.028753587991999439e+03 2.390334620391679891e+03 2.278634582259121089e+03 2.346283118096371254e+03 2.201596561853559251e+03 1.838562984005064664e+03 0.000000000000000000e+00 2.379461067291685140e+03 2.138231344306774645e+03 2.220085136529811280e+03 2.416818213079503039e+03 2.023167315609607385e+03 2.325767704716125081e+03 0.000000000000000000e+00 2.416895205821298532e+03 2.370021909986731316e+03 2.408081160802089926e+03 2.227380915248647852e+03 2.234768397481286229e+03 0.000000000000000000e+00 2.559144741184843042e+03 0.000000000000000000e+00 2.249268633503132605e+03 1.612898786193992009e+03 2.422873319676203664e+03 2.193637652100547257e+03 2.349764412739050840e+03 2.289370771137400880e+03 2.020852757131061480e+03 2.188870979872753651e+03 2.539910311263007316e+03 2.332566373970564200e+03 2.028561392710990958e+03 0.000000000000000000e+00 2.215910143015022641e+03 2.316483488139698238e+03 2.540295657069959816e+03 2.304189867918693835e+03 2.284230980237828589e+03 2.305355075690930789e+03 2.380110824896764370e+03 2.448592334317709174e+03 2.447263397563539456e+03 2.306311084822308658e+03 2.393701476691094740e+03 2.267705433903884114e+03 2.444207951113074614e+03 2.541835129807898284e+03 2.465273585576128426e+03 2.320614922485430725e+03 2.540584332089446434e+03 2.373854352667674902e+03 2.522783151668729715e+03 2.361581365737275974e+03 2.457996720707013083e+03 2.489479301190926435e+03 2.463156380701242597e+03 2.405422332048815406e+03 2.431897709630194186e+03 2.463133645871779208e+03 2.529017080117343085e+03 2.480431221162537895e+03 2.255028187316811454e+03 1.520542840101855973e+03 2.390443136216344556e+03 2.339974107395833471e+03 2.384572773990155838e+03 2.409286488861614998e+03 2.486963186031005080e+03 2.503216105460377548e+03 2.554580771932347488e+03 2.408396391630781636e+03 2.403176551205620399e+03 2.330418792306731575e+03
9.860638117323353526e+02 1.042276728349584346e+03 0.000000000000000000e+00 0.000000000000000000e+00 2.163006385903088812e+03 0.000000000000000000e+00 2.103158571257543372e+03 1.644696024359635885e+03 1.842124137124346134e+03 2.115442447980205998e+03 1.721937129838469900e+03 2.128824092182664572e+03 1.598747501147058074e+03 1.920125426522795124e+03 0.000000000000000000e+00 1.227846430485872133e+03 1.959668172722875852e+03 2.185413184255485703e+03 1.881626954086125806e+03 2.050467451668235753e+03 2.276037462328675247e+03 2.216802914931675332e+03 2.112243905838413866e+03 2.339729564692363510e+03 1.731565998787599938e+03 1.573682256139360561e+03 1.811616097523558210e+03 1.752311626197284795e+03 1.727232434613530131e+03 1.662666092084936736e+03 2.081025928201614533e+03 1.576974412284824894e+03 2.145438667344591067e+03 1.019717759478973448e+03 9.897684426409182379e+02 1.171313697864241249e+03 2.046565276107005957e+03 2.020430920967575958e+03 0.000000000000000000e+00 1.963113932253957273e+03 7.007553142092103826e+02 0.000000000000000000e+00 1.663958156384598624e+03 2.397315932477773003e+03 2.278982291415617510e+03 2.335842673050100530e+03 2.349465803172235610e+03 2.080483731176264428e+03 2.205346471372081396e+03 2.302152330471422374e+03 2.535947573172871671e+03 2.439180497017909147e+03 1.029484470272285989e+03 2.410562122948387696e+03 2.451135769482783871e+03 2.230469222124891985e+03 2.335871712496137661e+03 1.977221753656329383e+03 2.347541748823293347e+03 2.462774855874031800e+03 2.389395805669139463e+03 2.284230216041880340e+03 1.631502181311482673e+03 2.544145485208728132e+03 2.412482547366575091e+03 2.311454123554661237e+03 5.467657230647431561e+02 1.435410742784918966e+03 1.374544732562698982e+03 1.501098638392200257e+02 1.823494186197650606e+03 2.409642604173543077e+03 2.360478248885841822e+03 2.463714434792520478e+03 2.565150557142875641e+03 2.424788585771740145e+03 2.485653163126557047e+03 2.271842599719229838e+03 3.804143310920054546e+02 2.498012695248105956e+03 2.279299814832153970e+03 2.370806739225680303e+03 1.233114033157804897e+03 2.308334675693522513e+03 2.461612704885588300e+03 2.061412648138387794e+03 2.305468367740272697e+03 1.561065189983219852e+03 2.146267246801582587e+03 2.228471613915921353e+03 1.857390097486432978e+03 1.650330058988799237e+03 0.000000000000000000e+00 2.461736695678207070e+03 2.245459689847600657e+03 2.127758229883712374e+03 1.890952437243763370e+03 2.392839845759337095e+03 2.523557091115414551e+03 2.294213098764080314e+03
8.279055316896535999e+01 1.974133255731098416e+03 2.089688566898557553e+02 1.603528979671350726e+03 2.636267539578424248e+02 5.733614137457390143e+02 2.109580109811474813e+03 1.775406774050152308e+03 2.047135175235483302e+03 0.000000000000000000e+00 2.115212998146716018e+03 2.041663532245342822e+03 2.202607210995243804e+03 2.110548346078026043e+03 2.296740867912214071e+03 2.221084895879231681e+03 2.200341561057392028e+03 2.163104011935489780e+03 2.194213282698637158e+03 2.002185742700871288e+03 2.125556581356534025e+03 1.933867007016923480e+03 2.080957150566263408e+03 1.976511051424369725e+03 2.210483969683808482e+03 2.088106203663018277e+03 2.094943464812849015e+03 2.104926729633023115e+03 1.707782692483248866e+03 2.155666474868235127e+03 1.313535340075671058e+02 2.017978616169341194e+03 2.007243573584983778e+03 2.201220195348999823e+03 2.058892520949737445e+03 2.174984393197426925e+03 2.204730338388729251e+03 1.558176815871961480e+03 2.202761196478834790e+03 1.815053259850220684e+03 2.041983730347698838e+03 2.141959856338743521e+03 1.052887971190310054e+03 1.898302091776958378e+03 2.012466088695964118e+03 1.993698009351605378e+03 1.417733839730301497e+03 1.859953019648190548e+03 2.116139967832056755e+03 2.149191442597919377e+03 1.887757716081712715e+03 1.700301405197951681e+03 1.968852852777031103e+03 1.704094300738568336e+03 2.082936800170447896e+03 2.037836629985024956e+03 2.088004565601888771e+03 7.510023441067276906e+01 2.174121424922760070e+03 1.982417904007091920e+03 1.929817341637663276e+03 2.212253465402198344e+03 1.898138935941987029e+03 1.990221108835628911e+03 2.134366041200052678e+03 2.226570294396442478e+03 1.800802724854495636e+03 2.066047114467117808e+03 2.227997812427948247e+03 2.132332515781510210e+03 2.253572967182178218e+03 2.318502111737247560e+03 2.292499007251945386e+03 2.176159535516992491e+03 2.296221978863288768e+03 1.903776982599879375e+03 2.291012837181404393e+03 2.173034738284215564e+03 2.206523906279491712e+03 2.264495046724892745e+03 1.657197505878589482e+03 2.352430501353834643e+03 2.329575119979760075e+03 2.121819090022172531e+03 2.296210133826089532e+03 2.379683639361639962e+03 2.386069260705999568e+03 1.610273391013457513e+03 2.383064824335086541e+03 1.902770536535910878e+03 2.391613120213258753e+03 1.780421045765209101e+03 2.506294477789293069e+03 2.110082950745485050e+03 2.403332447179082465e+03 2.055458988553829386e+03 2.171428589449784340e+03 2.445054871272826404e+03 1.756807008863416286e+03 2.299299969094229709e+03
0.000000000000000000e+00 0.000000000000000000e+00 2.748769840170003320e+01 1.596738429998862557e+03 1.410693875605172707e+03 1.406503598171417480e+03 4.184282316540545708e+02 2.025302670138266649e+03 1.803686991412531597e+03 9.265244456764398819e+02 1.903275861106753155e+03 0.000000000000000000e+00 1.757604447335512987e+03 1.615035095967586813e+03 2.140794839615493402e+03 2.230790375472183314e+03 2.332467983742214983e+03 1.189288541814219343e+03 1.850349560214343001e+03 2.314409842433867652e+03 2.388259637342939641e+03 2.090606461757011857e+03 2.155604192898445035e+03 2.163695117501533332e+03 2.150182795791908120e+03 2.195301879827052744e+03 2.026876722742867514e+03 6.667894312289076879e+02 2.120532566143136137e+03 1.744520457454934331e+03 1.153948873330028619e+03 2.185650658146433670e+03 2.154144196539134555e+03 1.548931095666432384e+03 2.378506586552203771e+03 2.364982228756392033e+03 2.382816269602888042e+03 2.376084085395954389e+03 2.279824244301704766e+03 2.230474762545517478e+03 2.116530089863686044e+03 2.279818321783105148e+03 2.322002511278635666e+03 4.658383273800864117e+02 2.145425676013469001e+03 2.317871459030877304e+03 2.375870683677379475e+03 2.332134985357724418e+03 2.397690579541448642e+03 2.465967475497224768e+03 2.343789164618951872e+03 2.298125399921625558e+03 2.410759285503060255e+03 2.297793547831057367e+03 1.171803547467129647e+03 2.362012372252141631e+03 2.317883304068076541e+03 2.297060492867608900e+03 2.614595754441593272e+03 1.768180155064640758e+03 2.334755604313581898e+03 2.424300264560748474e+03 2.284641544511076063e+03 2.416627737239378348e+03 0.000000000000000000e+00 2.345311251899065610e+03 0.000000000000000000e+00 2.304238776459387736e+03 2.317112994552146120e+03 2.441184791941427193e+03 6.832860336413084497e+02 2.045706319861067868e+03 0.000000000000000000e+00 1.295422176659042862e+03 2.305085505570152691e+03 2.102000623346815246e+03 2.336477337785199779e+03 2.363450589026924263e+03 2.237022584479912894e+03 2.266785150933091245e+03 2.298305177018473387e+03 2.254992843254200579e+03 2.000199024284164807e+03 1.935198809505899362e+03 2.210818114362221877e+03 2.329858636676595779e+03 2.064780459682738183e+03 2.367363081233456796e+03 1.302569510314913941e+03 2.296672281325850236e+03 2.039260709134763374e+03 2.436664572906974627e+03 0.000000000000000000e+00 8.255070071812834840e+02 7.931430221954493618e+02 2.203685491478356653e+03 2.310955485698367283e+03 2.071756231348206256e+03 2.236042121078187847e+03 2.329896464376038693e+03
1.297611168190826447e+02 0.000000000000000000e+00 3.214067737727870622e+02 2.048806949396978609e+02 3.589505983021113025e+02 0.000000000000000000e+00 4.620992121293344894e+02 7.610012749438429864e+02 1.771107789742745126e+03 2.592088846419963375e+03 0.000000000000000000e+00 2.365171940400568474e+03 2.308711042198081941e+03 0.000000000000000000e+00 2.256958164184353336e+03 2.398368039249655340e+03 1.757381111069609460e+03 1.622063979251464616e+03 1.737008411282716224e+03 1.406488218727957019e+03 2.296209751728115407e+03 0.000000000000000000e+00 1.899476278851588404e+03 2.530865479067399065e+03 0.000000000000000000e+00 2.450896576150952569e+03 1.838541586518511167e+03 2.487549515372371843e+03 0.000000000000000000e+00 0.000000000000000000e+00 0.000000000000000000e+00 2.927737366935069829e+01 1.949414573585974949e+03 2.433328666543467534e+03 2.090463939212645528e+03 2.294424016845823189e+03 2.297184865758201795e+03 2.154518652553822903e+03 2.302418652759420183e+03 0.000000000000000000e+00 2.456133228886977122e+03 1.785386026841597868e+03 2.241662973327242526e+03 2.328228033571817377e+03 0.000000000000000000e+00 1.673472395941477089e+03 3.866930366469670162e+02 2.103278167923459023e+03 2.186787590668581743e+03 2.239648552807408578e+03 2.075142192546329625e+03 2.205312082554406061e+03 3.401918564769964064e+02 2.150887193407294035e+03 2.178632855703806854e+03 2.222299967437098076e+03 2.374771387805687027e+03 2.386087792457747128e+03 1.209352601962475319e+03 2.177831214153994097e+03 1.841760379852934648e+03 0.000000000000000000e+00 0.000000000000000000e+00 2.061579816002087682e+03 2.390150258119141654e+03 2.250771424835550533e+03 2.299815037163413308e+03 2.121309562373614426e+03 2.425743830707169764e+03 6.772677517368683766e+02 0.000000000000000000e+00 2.151706984610879772e+03 2.299185912848939552e+03 2.384880171810376851e+03 2.292544285861884873e+03 1.482826140120342416e+03 2.530240175732667012e+03 2.424166721318775672e+03 1.978188437649860703e+02 2.178373411179344203e+03 1.900069677005477388e+03 1.929056775620074404e+03 2.204205908919178455e+03 2.388042032546648898e+03 2.112821255877387102e+03 1.213058570213967869e+03 7.322495009190889732e+02 2.167858457028109569e+03 3.198187507110055776e+02 2.069557066457859946e+03 0.000000000000000000e+00 2.093651973660148087e+03 2.192234588339388210e+03 2.246512751864418078e+03 1.194739073891286807e+03 2.212624482535119114e+03 2.312131201164893810e+03 2.340918462538998938e+03 2.335726324216965168e+03 1.872038587522258240e+03
0.000000000000000000e+00 2.866968027500315088e+02 4.657161037905981971e+02 0.000000000000000000e+00 5.494004796456449640e+02 1.118905856160535564e+02 2.569984526376370013e+02 1.193982137804452350e+03 5.008088414589803392e+02 1.077983592986954136e+03 5.769886698145521677e+02 7.903678446090394800e+02 1.358422299591506089e+03 1.450962703480673554e+03 1.055258124924097842e+02 1.531983426595521678e+03 0.000000000000000000e+00 1.665525713323638684e+03 1.532140564387399991e+03 1.898617895752611503e+03 0.000000000000000000e+00 2.076247793034595816e+03 1.299807133010638836e+03 1.893495108212889818e+03 2.383595749470198371e+03 2.001457463962099837e+03 2.253057325966033204e+03 2.563765643035490029e+03 2.409783216228038327e+03 0.000000000000000000e+00 2.469280455982281183e+03 2.445479000024157358e+03 2.362773511416691690e+03 2.424921364817764697e+03 2.218627050660371424e+03 2.466531261058114978e+03 2.290988191862070380e+03 2.430050456974060126e+03 2.252171240763928836e+03 1.953818443787292381e+03 0.000000000000000000e+00 1.930823787701632000e+03 2.262227295248183054e+03 2.510053939757169701e+03 0.000000000000000000e+00 2.177355884274124492e+03 2.476078743138746631e+03 0.000000000000000000e+00 2.243508888640466466e+03 0.000000000000000000e+00 0.000000000000000000e+00 1.577823433983434676e+01 2.444702385891653194e+03 0.000000000000000000e+00 0.000000000000000000e+00 0.000000000000000000e+00 2.044444441301365259e+03 2.015091292827511779e+03 0.000000000000000000e+00 2.130091893260966572e+03 1.987893176927987042e+03 0.000000000000000000e+00 2.276092675485942891e+03 0.000000000000000000e+00 2.840248871411414910e+01 2.404363347513398367e+03 2.440032766549299140e+03 2.112960530588973143e+03 2.458340990981741925e+03 2.423615353942045658e+03 2.383592310588430792e+03 2.515535708343625629e+03 2.446968035829504970e+03 2.409890585758780617e+03 2.296485244367493124e+03 2.322375629950414805e+03 2.617750546365342871e+03 2.522284322763448472e+03 2.307526729527136467e+03 2.294495087069019064e+03 0.000000000000000000e+00 0.000000000000000000e+00 2.357461967477729559e+03 2.507944758939740950e+03 2.442524618487860607e+03 2.540576116983002066e+03 2.229071125637397017e+03 2.494063521636052883e+03 2.447771587869188352e+03 2.487124431376105349e+03 2.532453669297044598e+03 2.559107868730335213e+03 2.514174675359625780e+03 2.393730134039157747e+03 2.404662339178187722e+03 2.485174012266945283e+03 2.366323774743709237e+03 2.474805401639818683e+03 2.507344865120291161e+03 2.552007342076300574e+03
0.000000000000000000e+00 1.661215600412733693e+02 0.000000000000000000e+00 3.802865670818917465e+02 1.969195881233343641e+02 3.364487291975156609e+02 4.764190501451251407e+02 2.839955850027471911e+02 2.553800050246620970e+02 3.257439439964880421e+02 4.310922958610183855e+02 9.986976901993396041e+02 1.255072344013017755e+03 1.246872903585264567e+03 1.073291525388617629e+03 1.215482026615152563e+03 1.416941941678830290e+03 0.000000000000000000e+00 0.000000000000000000e+00 0.000000000000000000e+00 1.722382656076354351e+03 2.290547059750888820e+03 0.000000000000000000e+00 1.675640228797940836e+03 2.033621134084974301e+03 0.000000000000000000e+00 1.051929669471087209e+03 2.262090313124442218e+03 1.820667807482701619e+03 2.141517768982626876e+03 2.306292170972586973e+03 2.313656727326774671e+03 2.127164449631849038e+03 2.311405023964980501e+03 2.221180038274800609e+03 2.266109983812729752e+03 2.074979227760345566e+03 1.870414480083040871e+03 2.232699719049119722e+03 2.257506283728303060e+03 2.196050600807442152e+03 2.224715972927786424e+03 2.299014159809549255e+03 2.335512922498390253e+03 2.256069213247442804e+03 0.000000000000000000e+00 2.544742704342358593e+03 2.096723277176541160e+03 1.989390236790792414e+03 2.363608395490257408e+03 2.425730648327060862e+03 2.215610387154285036e+03 2.144081646389319758e+03 2.599966369304476757e+03 2.486168613293714770e+03 2.471398234004128881e+03 1.952964645864005433e+03 2.364380997594032578e+03 2.420341729548328203e+03 2.256451884368575975e+03 2.326039949522722509e+03 2.094933912363494528e+03 2.198262948077896908e+03 2.349572981653991064e+03 2.401619693009857201e+03 2.562017735852640726e+03 2.414160721669137729e+03 2.327047159782639483e+03 0.000000000000000000e+00 2.224589880596309740e+03 2.062300452781375952e+03 2.396393930066096345e+03 2.474587987892515230e+03 2.692850995706126014e+02 1.596668888167563182e+03 2.954693662579190345e+02 2.193404190238328283e+03 2.259894013968902527e+03 2.088934783120009797e+03 2.304545410083660499e+03 1.776991334349042972e+03 1.985103097520584470e+03 1.975011890022706666e+03 2.251167660434766731e+03 2.087704045545202462e+03 2.028436637722423939e+03 2.438210732359460962e+03 2.559607079733591036e+03 2.424696882257938796e+03 1.332945344016638501e+03 2.339929019834881274e+03 2.160278779514463167e+03 2.336650046069525615e+03 2.335411475486247582e+03 2.304896749170911789e+03 1.962827358773328342e+03 2.044350731773199570e+01 2.255044617529701100e+03 0.000000000000000000e+00 2.423331264098248994e+03
0.000000000000000000e+00 1.598147702852101872e+02 1.376538519791927683e+03 2.656231442295200509e+02 5.525815885673656567e+02 1.793687487428454915e+03 0.000000000000000000e+00 0.000000000000000000e+00 0.000000000000000000e+00 2.007350561017751716e+03 2.269405578839961890e+03 2.132052246917455250e+03 1.992869047796639734e+03 2.074787987724272170e+03 7.873827041858220355e+02 2.185970665199802625e+03 1.982199343965865637e+03 2.314947072185553225e+03 2.225119659437499195e+03 2.166267018965684201e+03 1.995692369727795267e+03 2.081910485011822402e+03 7.675116035145228466e+01 1.952319855532590282e+03 2.250296668102641888e+03 1.917004259220772610e+03 2.053739738719043089e+03 2.161714703701401049e+03 2.281229409601721727e+03 1.844158426738836852e+03 2.285387399756659761e+03 2.097696098618782798e+03 2.218767471665879839e+03 1.743484589846954577e+03 2.002789266451075719e+03 1.918886282792555903e+03 2.175639309125157524e+03 2.084079846260182876e+03 2.162506219654897905e+03 2.268847333699696719e+03 2.197859261568184593e+03 2.256789658977743784e+03 2.304864270843107079e+03 2.248937354559525374e+03 2.309663421398704941e+03 2.225148889932523161e+03 2.390828864121271181e+03 2.243314973918574196e+03 1.509021630935640133e+03 2.317327542564643409e+03 2.287621908709616491e+03 2.231372119637859669e+03 2.287803787345322235e+03 2.169816327047766208e+03 2.026250082065225570e+03 2.094378532958035976e+03 2.263672198737513554e+03 2.053869460981274642e+03 2.243794506876160085e+03 2.135127371413590026e+03 2.265206322103813363e+03 2.269108879763017285e+03 1.947529302181411140e+03 1.824159418770683715e+03 2.268435241034552291e+03 1.711829683176689741e+03 2.113369566470324116e+03 1.917919574917901173e+03 2.243997591949432262e+03 2.254793579160670106e+03 2.262171699992940830e+03 2.129997132963372223e+03 2.358749637650688328e+03 2.270297013413704462e+03 2.264880774629818916e+03 2.292029790939662689e+03 2.316412991063463323e+03 2.287113145257006636e+03 2.255237194908683705e+03 2.181750393075074498e+03 2.294068856778830650e+03 2.075553521015525803e+03 2.319201351029982106e+03 2.131517118704627592e+03 2.016399978389050148e+03 2.093350116260552568e+03 2.289738349388554070e+03 2.222926226016765668e+03 2.165994583110099484e+03 2.009283594669087051e+03 2.099917807289604752e+03 2.206446340390735259e+03 2.274193839603296055e+03 2.208073886711719751e+03 2.246369083026129829e+03 2.206536324463652363e+03 1.961792828508258253e+03 2.222859932018247036e+03 1.687540479154535205e+03 1.737701345958876800e+03
0.000000000000000000e+00 2.793523543017345787e+02 1.799138497127990149e+03 4.120974413689886973e+01 1.480390552108477777e+03 0.000000000000000000e+00 2.034677252885585176e+03 1.705232570603626073e+03 2.239599644266714677e+03 1.437645824884837111e+03 1.986308234531122480e+03 1.910049885041858261e+03 3.907657473102943300e+02 0.000000000000000000e+00 1.538208853364209745e+03 2.263157703815291370e+03 2.115020802865707537e+03 2.113828275088317241e+03 2.121141248215991709e+03 2.140205835588307764e+03 2.436788754748580232e+03 2.418427991844688677e+03 2.473034568578519611e+03 2.432921350103000350e+03 2.385540819207720233e+03 2.375986650412540712e+03 1.948992164275528012e+03 2.298067129980564459e+03 2.301499516082550144e+03 2.450735139756865010e+03 2.429096167283566047e+03 2.403460258951442938e+03 2.494911779138714337e+03 1.857486768273898406e+03 2.269463657732036154e+03 2.621546689738740042e+03 1.965882423125819287e+03 1.800318606721219794e+03 2.360830925316002322e+03 1.909212899429434856e+03 2.029736343981569462e+03 1.174916690711694400e+03 1.014874094509384349e+03 1.768447050499599754e+03 2.017236772952486490e+03 1.912973698740221153e+03 2.174013482245056366e+03 2.394286850787525964e+03 2.368948023630321586e+03 1.729982011635670460e+03 2.298161317131197848e+03 2.373124736585993560e+03 2.149417453549642232e+03 2.250987310190957487e+03 2.419093606515696138e+03 2.294489355599406736e+03 2.145791725872725692e+03 2.029150587787163886e+03 2.236560819078125860e+03 2.127205716213059986e+03 0.000000000000000000e+00 2.222697540379223938e+03 2.298631106590441959e+03 2.330712816697856852e+03 2.306078769254012286e+02 0.000000000000000000e+00 2.511006127908805865e+03 2.342327257769770767e+03 2.111351133921761232e+02 2.471466438492518591e+03 2.220743109241334878e+03 2.364539568253313973e+03 0.000000000000000000e+00 0.000000000000000000e+00 1.667590570776063032e+03 0.000000000000000000e+00 3.052652597840088333e+02 1.495121861880204733e+03 0.000000000000000000e+00 0.000000000000000000e+00 2.223335835045078056e+03 2.186038105492243631e+03 1.249057739801578919e+03 1.859705802258901258e+03 5.766755405247183717e+02 1.845377128227457888e+03 2.090797510744097508e+03 2.008689432319249818e+03 0.000000000000000000e+00 1.879772823666457043e+03 1.477495204709190830e+03 2.033824028109259416e+03 2.231984049543495985e+03 1.873784011068275049e+03 1.886331535393116383e+03 1.523799747709203075e+03 2.228418502297511623e+03 1.275737348750152478e+03 2.809784677553163306e+02 2.131585132144030013e+03
1.893510033915005977e+02 0.000000000000000000e+00 2.305423948850775275e+02 0.000000000000000000e+00 7.981169348119843221e+01 0.000000000000000000e+00 9.125571885663163130e+01 5.825686375803703640e+02 8.277161066189578378e+02 1.211307797296312401e+03 1.726818622507502141e+03 0.000000000000000000e+00 0.000000000000000000e+00 1.461407447129153752e+03 1.021978346618667501e+03 8.729214492717715075e+02 1.125666172330817290e+03 1.769608628341082067e+03 1.599650112086545278e+03 1.591232875813514283e+03 0.000000000000000000e+00 1.467095644146156246e+03 0.000000000000000000e+00 1.692091839173883045e+03 1.697770961363998822e+03 1.023097511585016832e+03 1.567505164764405208e+03 0.000000000000000000e+00 1.981055724729169469e+03 0.000000000000000000e+00 1.410464521296176144e+03 1.307104249072385073e+03 1.969956136796328678e+02 1.583350576704323657e+03 1.722076213501068423e+03 0.000000000000000000e+00 1.877155070445405954e+03 1.776987704418288331e+03 2.180193152781337631e+03 2.204300478167785968e+03 1.122906278663374223e+03 2.139233014146066125e+03 2.268995205615701252e+03 1.976345029854592212e+03 2.222576224272424497e+03 2.044647526374637664e+03 2.346142506041876004e+03 2.094775150655226298e+03 2.412323212511345446e+03 2.082271949695388685e+03 2.444582789225737088e+03 2.320365221459309396e+03 2.300119760297815446e+03 1.935795073394594510e+03 2.359725515876723421e+03 0.000000000000000000e+00 2.231184509532541597e+03 1.659933518422646785e+03 2.255780729276943021e+03 2.290708687193963669e+03 2.375423437998611462e+03 0.000000000000000000e+00 2.026875194350970787e+03 2.168667358439431609e+03 0.000000000000000000e+00 2.320109406865601613e+03 2.324836531953068061e+03 2.499683227591185187e+03 2.183160907746730118e+03 2.531455247290533407e+03 2.364583700569331086e+03 2.231643409199521557e+03 2.347860800631726761e+03 0.000000000000000000e+00 2.292108694171329262e+03 2.127918711032864394e+03 2.196558217966129632e+03 1.756427012428102444e+03 2.122236914156929288e+03 2.389687346423432700e+03 2.167332117068688149e+03 2.453915532244884162e+03 2.358624309515159894e+03 2.242714506952163447e+03 2.475598828083186618e+03 2.331120133138324036e+03 2.229890343694021340e+03 2.381908213767268535e+03 2.386762004333173081e+03 2.434345620301725830e+03 2.013188635965123012e+03 2.462008176288856248e+03 2.409536954083684577e+03 2.373682599628284606e+03 1.839899753767704851e+03 0.000000000000000000e+00 2.333270580536962825e+03 2.103110809010771845e+03 2.237732331466937012e+03 2.298506160552888105e+03
5.606056460249740212e+02 6.825939109233429747e+01 1.637620572885155923e+02 2.183854606618838716e+03 0.000000000000000000e+00 2.274039472021730489e+03 4.131330224034878711e+02 2.156890143630520470e+03 7.204582440096271512e+02 1.193973254026552922e+03 2.389615512004288121e+03 2.347755341590855551e+03 2.307901185541824816e+03 2.300195224647714440e+03 2.479977479818208849e+03 2.251028767821155270e+03 6.060368085805231431e+02 2.317332891936282067e+03 8.617386833861783089e+02 1.660801645019965235e+03 7.095011069777824559e+02 1.885321268349406182e+03 2.414180208665820828e+03 2.180244353909876281e+03 2.289015993168382465e+03 2.178268334236446663e+03 1.908320700659743579e+03 2.005992011670583906e+03 2.299321366580783433e+03 2.503380216540284437e+03 2.066223834780172183e+03 2.473193330286787841e+03 2.198273646821173770e+03 2.092518288970780304e+03 2.211003813977669324e+03 2.454509503545734333e+03 2.073493439787778243e+03 2.305674509597338329e+03 2.013753185721961927e+03 2.184788454067715065e+03 2.225842588804632214e+03 2.357585385123386914e+03 1.949809662891268545e+03 2.385595459218026463e+03 1.804480991002860492e+03 1.181891698181213997e+03 1.218836273681419925e+03 2.389294740754970917e+03 2.047817220119379954e+03 0.000000000000000000e+00 1.987644622195788315e+03 1.685598084102832900e+03 2.597384724341985020e+03 9.085064246553804423e+02 0.000000000000000000e+00 0.000000000000000000e+00 2.324567534979251377e+03 2.426379068589230428e+03 0.000000000000000000e+00 2.208884698612912416e+03 0.000000000000000000e+00 2.351693816459631762e+03 2.490691315964999376e+03 2.098211166687966397e+03 2.378330248337123521e+03 0.000000000000000000e+00 2.337755455508804516e+03 1.330802252004002185e+03 2.248735797878150152e+03 1.405725455647016588e+03 2.166217728327015720e+03 2.328197465733883746e+03 0.000000000000000000e+00 1.798404104821632018e+03 2.377677624997238127e+03 2.162013886415177694e+03 2.227179167518285340e+03 2.225248235405807918e+03 1.974651953731036883e+03 2.320370570830948054e+03 1.668117483882446095e+03 4.390346798766474308e+02 2.034727880867162867e+03 4.536360285749091759e+02 1.786584477137587783e+03 1.236757528390520292e+03 0.000000000000000000e+00 1.961902872724819645e+03 1.269748631676463901e+03 2.356495641701048953e+03 2.390602280022586910e+03 2.210058503589568318e+03 1.236185432198691615e+03 0.000000000000000000e+00 1.984622418269076434e+03 9.168520175582543743e+02 1.343970972110353614e+03 2.318445561237070251e+03 2.064335124493840794e+03 1.944692224723185291e+03
4.795818183640856205e+02 2.933182501878251855e+02 1.338144551151194491e+03 0.000000000000000000e+00 1.324186321105710704e+03 1.620551826518679491e+03 2.266011498059887117e+02 1.981834440400531548e+03 0.000000000000000000e+00 2.050151838741569918e+03 0.000000000000000000e+00 1.614710885836502030e+03 2.145850186862774081e+03 2.221095403573521708e+03 2.095961373816042851e+03 8.561156340737721848e+02 2.161791314345222418e+03 1.124750092437740250e+03 2.051251134613262366e+03 1.836207732092269680e+03 1.745239183744351521e+03 1.900889850307037023e+03 1.797818348627226442e+03 2.146966103996342554e+03 2.023295318430954921e+03 1.378162722755638470e+03 1.595211757543059093e+03 1.199452347927189749e+03 2.117391911844430524e+03 2.062574034930883045e+03 2.121818325826224282e+03 1.765270478991322307e+03 2.123949668326154551e+03 2.134681654126718513e+03 1.875929491193249760e+03 1.110861977370517025e+03 2.023732629562394550e+03 2.125295226342200749e+03 2.119656415488359926e+03 1.717170075512702169e+03 1.963033882728368326e+03 1.968884757957874399e+03 2.036502917006178222e+03 1.891918954069431038e+03 2.567052067711341806e+03 1.845142137973342187e+03 2.401440489059970787e+03 1.038703539144116576e+03 2.351877796634195420e+03 2.267402812308340344e+03 2.010759639143312825e+03 2.098740372382194437e+03 1.129684792249675866e+03 2.342029412398903787e+03 0.000000000000000000e+00 1.773431709621658229e+03 0.000000000000000000e+00 2.238213965963380360e+03 2.210716094203118246e+03 4.482703222481078456e+02 2.200069889397755560e+03 2.106516639303552438e+03 2.266285939929835877e+03 2.218917063022768161e+03 1.544852390841135275e+03 1.756844263415898013e+03 1.890965619623872271e+03 2.048234471107175523e+03 1.384878285700695244e+02 1.042293540660447889e+03 2.213522603823410009e+03 2.471143565704343018e+03 1.542497616550807834e+03 0.000000000000000000e+00 2.311377321861853034e+03 2.300272790536471348e+03 2.410900852802491045e+03 1.305304089991568162e+03 0.000000000000000000e+00 1.978660925676047455e+01 2.328549951115056956e+03 2.229957019790514551e+03 2.496624342258952311e+03 2.080318855900409289e+03 1.931460362926602102e+03 1.580629943603726815e+03 1.963790627766215721e+03 2.008306570149129811e+03 2.189090877256889598e+03 2.246692528961265907e+03 1.974225914489835304e+03 2.258572337076242093e+03 2.257880548694004119e+03 0.000000000000000000e+00 0.000000000000000000e+00 2.577938994240432294e+03 2.072843109035737598e+03 0.000000000000000000e+00 2.223670361821465576e+03 2.125636821931110262e+03
0.000000000000000000e+00 7.776302265420474669e+02 1.355382996780449730e+03 1.880326459749908850e+02 0.000000000000000000e+00 2.739505397163739531e+02 8.148880268565807228e+02 1.682196456887768136e+03 0.000000000000000000e+00 0.000000000000000000e+00 1.819506420690206369e+03 1.949599700054461209e+03 1.719941241070383285e+03 2.040705803673081164e+03 2.008589322650016811e+03 7.307377302842782001e+02 1.938017546261364942e+03 1.903289616633823243e+03 2.092814414900763495e+03 1.471520816309533757e+03 2.057804688017270109e+03 2.003742027749673071e+03 1.970148738056434695e+03 1.931344587240428154e+03 2.055664939361908182e+03 1.919497639551230804e+03 2.030686621643334774e+03 1.908066414457932297e+03 2.091710915951355219e+03 2.179749537033324032e+03 1.123573803824252309e+03 1.988345771978393714e+03 1.950369436423430216e+03 2.120195364680929288e+03 1.828513043088397353e+03 2.233438696531168262e+03 2.168812555669616813e+03 2.161981025989398859e+03 2.202210593298053482e+03 2.194187300036393481e+03 1.977159280637552229e+03 2.151782448960778765e+03 1.857172492690142008e+03 2.412789180990848308e+03 1.579228217185477433e+03 2.023056698246084579e+03 2.379111447645317639e+03 2.234916651495264887e+03 2.322606035028840324e+03 2.326441916591551035e+03 2.399406963641428320e+03 2.027760133259152781e+03 2.437689932820664581e+03 2.057483916767952906e+03 2.295526369501309091e+03 2.332906441167577213e+03 1.930430035739247842e+03 2.483617536169156665e+03 2.305502756557948032e+03 2.332263943424007266e+03 2.254970108424737646e+03 1.697487826765137470e+03 2.134997267053384348e+03 2.236065811152586321e+03 1.247846393698960810e+03 2.353105477425209301e+03 1.074103197010252188e+03 2.151594838855460239e+03 2.316070631278605561e+03 2.304745247324152388e+03 2.356654785507291308e+03 2.474302369656821611e+03 2.241562863658009519e+03 0.000000000000000000e+00 2.437044760391275304e+03 1.552232804261250976e+03 2.400338900600433590e+03 2.346788633716200820e+03 1.014096716180931821e+03 1.576104184148648756e+03 2.494886369623432074e+03 2.340975395137150826e+03 2.363337105928595520e+03 2.468236182218869999e+03 2.189466288516513487e+03 2.362924440116489677e+03 2.558327051520115219e+03 2.455875694852385550e+03 1.994281664007153040e+03 1.319661039273100187e+03 1.607022883547177798e+03 2.284400822787347806e+03 1.980937656455150318e+03 9.315320306769486933e+02 2.216510992079407970e+03 2.349099562263992084e+03 1.271864403683946875e+03 2.047694375620683786e+03 1.937335501377468063e+03 2.413198981068147532e+03
0.000000000000000000e+00 8.774638777509728982e+01 1.067687580974920138e+03 5.118579685781069202e+02 0.000000000000000000e+00 3.566070959020219675e+02 0.000000000000000000e+00 1.559531830812868293e+03 5.411415752206613661e+02 1.354087398074526618e+03 9.795912630988517549e+02 0.000000000000000000e+00 1.651555829289942494e+03 1.736813159217914517e+03 1.696488067415716841e+03 0.000000000000000000e+00 1.670664931076249559e+03 1.797328307975351208e+03 1.832523925523279104e+03 1.701562519561705813e+03 1.656055223984802751e+03 1.631487661588464107e+03 1.791991927668067547e+03 1.673249441773547915e+03 5.151394737425413268e+02 1.991119994319868283e+03 1.768586516260172402e+03 1.726031691729695240e+03 1.946687540344310719e+03 1.852869687402993122e+03 2.053033430613786550e+03 2.076557292393675198e+03 2.137718186727462125e+03 1.886381781276720176e+03 2.066272170173905124e+03 2.132188655894234671e+03 2.252731396394064632e+03 2.360257205207783500e+03 2.344034280469383248e+03 2.576450913680020221e+03 2.054417580525223912e+03 2.484835473461829224e+03 2.516105034325141787e+03 2.373201538278802218e+03 2.482174161071722665e+03 2.411032676603580512e+03 2.360263127726383118e+03 2.486305595417455152e+03 2.311189711756534507e+03 2.496175950286261923e+03 2.446128184482275174e+03 2.339979074669497550e+03 2.541496782051769060e+03 2.334540865252097319e+03 2.441995221744645733e+03 1.571109494954768024e+03 2.103651668693211832e+03 2.238053293765241051e+03 2.259095238153896389e+03 2.305587391259227388e+03 2.427613436094792178e+03 2.328573641189455884e+03 2.614529078345100515e+03 2.491455702962330179e+03 2.380468277551602114e+03 2.592665050165014691e+03 2.349837775550091919e+03 2.142573314636276336e+03 2.128552611572015394e+03 2.285250799730893050e+03 2.331707035626651759e+03 2.360197215825838612e+03 1.708679094330655971e+03 2.465320392577964412e+03 2.207781390712491429e+03 1.947480393640717239e+03 2.439828535182104133e+03 2.135674153614630086e+03 2.322237883630725719e+03 0.000000000000000000e+00 2.113160367829465031e+03 0.000000000000000000e+00 2.473110032928418605e+03 2.472503261345433657e+03 2.292540464882143169e+03 2.419901552682082638e+03 2.299596286073200190e+03 2.398888265641490307e+03 1.037434687296385391e+03 0.000000000000000000e+00 2.275006753043346635e+03 1.810186286904207236e+03 0.000000000000000000e+00 5.971476813093898954e+02 1.287163319996305972e+03 2.257278935433670540e+03 0.000000000000000000e+00 2.282436839200104714e+03 0.000000000000000000e+00 2.255363096191173099e+03
