2.619933784008026123e-01 2.001397311687469482e-01 3.211409747600555420e-01 2.880416512489318848e-01 2.158934175968170166e-01 2.119432985782623291e-01 2.065977454185485840e-01 1.922667920589447021e-01 2.094198465347290039e-01 2.114378809928894043e-01 1.887514293193817139e-01 2.021827697753906250e-01 1.841492950916290283e-01 1.597259938716888428e-01 2.029136121273040771e-01 1.815891265869140625e-01 1.841076016426086426e-01 1.765097677707672119e-01 1.809306442737579346e-01 1.698945164680480957e-01 1.773428916931152344e-01 1.562792658805847168e-01 1.594995558261871338e-01 1.485690474510192871e-01 1.783144772052764893e-01 1.581512391567230225e-01 1.419956386089324951e-01 1.691249608993530273e-01 1.849108934402465820e-01 1.676442921161651611e-01 1.493688821792602539e-01 1.436389088630676270e-01 1.497296988964080811e-01 1.491652131080627441e-01 1.359794139862060547e-01 1.454506218433380127e-01 1.341423094272613525e-01 1.691422760486602783e-01 1.606732904911041260e-01 1.266627609729766846e-01 9.865602850914001465e-02 8.692842721939086914e-02 1.025391221046447754e-01 3.868477940559387207e-01 1.372812688350677490e-01 3.713020086288452148e-01 1.116963326930999756e-01 3.657076656818389893e-01 3.831536173820495605e-01 2.448807358741760254e-01 1.126348972320556641e-01 3.275574743747711182e-01 4.809471368789672852e-01 1.008201539516448975e-01 8.622935414314270020e-02 8.348107337951660156e-02 1.001956760883331299e-01 8.422577381134033203e-02 9.965208172798156738e-02 1.107405126094818115e-01 3.654224872589111328e-01 2.982095479965209961e-01 9.029331803321838379e-02 1.018289029598236084e-01 2.600020766258239746e-01 2.278850972652435303e-01 2.155514061450958252e-01 1.730434298515319824e-01 1.504440903663635254e-01 1.743418276309967041e-01 1.813760995864868164e-01 1.790895164012908936e-01 1.878995299339294434e-01 1.681061983108520508e-01 1.751785576343536377e-01 1.805372834205627441e-01 3.685833811759948730e-01 2.435516119003295898e-01 2.565669417381286621e-01 2.677191495895385742e-01 3.269208371639251709e-01 1.656415760517120361e-01 1.792225539684295654e-01 1.944803893566131592e-01 1.614280343055725098e-01 1.761317551136016846e-01 1.721916794776916504e-01 1.557354032993316650e-01 1.717853546142578125e-01 1.574366986751556396e-01 1.920845806598663330e-01 1.782208979129791260e-01 1.658148765563964844e-01 4.272474646568298340e-01 1.695794165134429932e-01 3.100108206272125244e-01 1.549398005008697510e-01 1.804953217506408691e-01 1.788057386875152588e-01 2.336808741092681885e-01
3.545882105827331543e-01 2.065232098102569580e-01 2.768499851226806641e-01 1.901498436927795410e-01 1.668529510498046875e-01 1.577879190444946289e-01 1.665455102920532227e-01 1.726356744766235352e-01 1.674857437610626221e-01 1.647345721721649170e-01 1.580380499362945557e-01 1.554116308689117432e-01 1.687791049480438232e-01 1.635405123233795166e-01 1.871899068355560303e-01 1.835322082042694092e-01 2.018299698829650879e-01 1.980364024639129639e-01 2.114582061767578125e-01 1.989061832427978516e-01 1.935610473155975342e-01 2.067196071147918701e-01 2.725075781345367432e-01 1.655348241329193115e-01 1.512528061866760254e-01 1.663566231727600098e-01 3.963147997856140137e-01 1.649194061756134033e-01 2.470250129699707031e-01 1.864160597324371338e-01 2.029187977313995361e-01 2.436686754226684570e-01 1.834766566753387451e-01 1.697487533092498779e-01 8.509147167205810547e-02 1.493816375732421875e-01 2.297331988811492920e-01 4.313916862010955811e-01 2.016008794307708740e-01 2.378369271755218506e-01 1.079287230968475342e-01 3.107011616230010986e-01 2.516962289810180664e-01 1.998194754123687744e-01 2.155598104000091553e-01 3.113277554512023926e-01 9.544953703880310059e-02 1.024456620216369629e-01 3.640965223312377930e-01 3.502393662929534912e-01 1.861347854137420654e-01 3.747413158416748047e-01 9.442383050918579102e-02 7.624465227127075195e-02 2.514292597770690918e-01 1.820271313190460205e-01 1.712947487831115723e-01 1.787348389625549316e-01 2.586801052093505859e-01 2.081627845764160156e-01 3.607223927974700928e-01 1.576121747493743896e-01 1.650178730487823486e-01 1.758233904838562012e-01 1.555303037166595459e-01 1.633526384830474854e-01 1.659488379955291748e-01 1.790367364883422852e-01 1.661668717861175537e-01 4.878956675529479980e-01 1.767603754997253418e-01 3.078847527503967285e-01 1.695586740970611572e-01 1.639972925186157227e-01 1.817922890186309814e-01 2.472307384014129639e-01 2.004494071006774902e-01 3.751873075962066650e-01 1.600306034088134766e-01 1.005983054637908936e-01 3.586979508399963379e-01 1.870125234127044678e-01 1.921539306640625000e-01 3.642789721488952637e-01 9.833791851997375488e-02 3.411945700645446777e-01 1.795623898506164551e-01 3.777438998222351074e-01 1.710266768932342529e-01 1.515839397907257080e-01 9.599664807319641113e-02 3.620084524154663086e-01 1.027297079563140869e-01 1.259620785713195801e-01 1.618868112564086914e-01 1.715859174728393555e-01 4.470704495906829834e-01 2.709379196166992188e-01 1.792369484901428223e-01 2.791991233825683594e-01
2.939667701721191406e-01 1.724691390991210938e-01 3.746685385704040527e-01 1.972229778766632080e-01 1.870793104171752930e-01 1.836310327053070068e-01 1.795495152473449707e-01 1.525007188320159912e-01 1.904371380805969238e-01 1.574160158634185791e-01 1.942769587039947510e-01 1.764211356639862061e-01 1.738114058971405029e-01 1.653971970081329346e-01 1.682884395122528076e-01 1.694434583187103271e-01 1.698080301284790039e-01 1.768694818019866943e-01 3.851421475410461426e-01 3.498438000679016113e-01 3.623891770839691162e-01 3.683789074420928955e-01 3.539306521415710449e-01 1.630986630916595459e-01 1.627111732959747314e-01 2.289130389690399170e-01 1.959649324417114258e-01 1.561653614044189453e-01 1.568549871444702148e-01 1.761624813079833984e-01 1.659986674785614014e-01 1.815982460975646973e-01 1.787287592887878418e-01 1.624055802822113037e-01 1.727764308452606201e-01 1.747056245803833008e-01 1.687719821929931641e-01 1.720795035362243652e-01 1.599999964237213135e-01 1.713133752346038818e-01 1.567047834396362305e-01 1.785168051719665527e-01 1.755274534225463867e-01 1.605229973793029785e-01 1.691152155399322510e-01 1.818061172962188721e-01 1.487257480621337891e-01 4.822269976139068604e-01 4.353103041648864746e-01 3.154792785644531250e-01 1.635166108608245850e-01 2.558183073997497559e-01 1.762585043907165527e-01 1.619469225406646729e-01 1.642988622188568115e-01 8.843570947647094727e-02 1.645302176475524902e-01 9.948927164077758789e-02 2.552337944507598877e-01 2.187513113021850586e-01 2.306774556636810303e-01 9.271505475044250488e-02 8.506911993026733398e-02 1.101816296577453613e-01 1.797562837600708008e-01 1.698228418827056885e-01 1.573776900768280029e-01 2.564073801040649414e-01 2.766399383544921875e-01 1.983801126480102539e-01 2.956911027431488037e-01 9.192973375320434570e-02 3.760922849178314209e-01 2.136143147945404053e-01 9.710010886192321777e-02 2.895194888114929199e-01 1.418054997920989990e-01 1.758728027343750000e-01 1.711948812007904053e-01 3.338664770126342773e-01 9.743908047676086426e-02 1.440290510654449463e-01 9.057998657226562500e-02 9.227314591407775879e-02 1.065799593925476074e-01 1.923735141754150391e-01 1.721117198467254639e-01 1.689815223217010498e-01 9.293127059936523438e-02 3.491689562797546387e-01 9.723088145256042480e-02 1.887632012367248535e-01 7.502943277359008789e-02 1.913027167320251465e-01 4.548906087875366211e-01 1.771688163280487061e-01 4.577176272869110107e-01 1.753584742546081543e-01 1.964912116527557373e-01 1.615206599235534668e-01
1.850588619709014893e-01 2.589621841907501221e-01 2.350935339927673340e-01 3.622465133666992188e-01 2.000588178634643555e-01 1.811936199665069580e-01 1.915724277496337891e-01 1.916575133800506592e-01 1.826756000518798828e-01 1.883951425552368164e-01 1.890158951282501221e-01 1.751983761787414551e-01 1.891386508941650391e-01 1.890801489353179932e-01 2.075290977954864502e-01 2.152763605117797852e-01 2.168890833854675293e-01 1.879884302616119385e-01 1.978187561035156250e-01 1.927984356880187988e-01 1.659491062164306641e-01 1.791141927242279053e-01 1.710887849330902100e-01 1.832069456577301025e-01 1.755877733230590820e-01 1.929555833339691162e-01 1.657153964042663574e-01 1.819028258323669434e-01 1.096530556678771973e-01 8.169934153556823730e-02 1.041409969329833984e-01 9.502041339874267578e-02 9.253996610641479492e-02 1.315453052520751953e-01 1.005209386348724365e-01 1.272802054882049561e-01 9.662050008773803711e-02 1.786911785602569580e-01 1.029298901557922363e-01 4.249063730239868164e-01 3.465280830860137939e-01 1.668387055397033691e-01 3.333291411399841309e-01 1.155406534671783447e-01 4.520140290260314941e-01 1.834895908832550049e-01 3.739933371543884277e-01 2.649757862091064453e-01 8.376181125640869141e-02 3.603412508964538574e-01 8.185899257659912109e-02 8.544236421585083008e-02 1.239204704761505127e-01 1.844977736473083496e-01 9.536206722259521484e-02 9.204807877540588379e-02 8.805522322654724121e-02 1.850863695144653320e-01 1.076149940490722656e-01 1.685851216316223145e-01 2.840445637702941895e-01 1.038755774497985840e-01 3.800306022167205811e-01 9.937581419944763184e-02 3.494501411914825439e-01 1.711940765380859375e-01 1.718405783176422119e-01 2.402332425117492676e-01 1.902075707912445068e-01 8.405554294586181641e-02 2.623198628425598145e-01 1.064673364162445068e-01 1.181600987911224365e-01 1.712554097175598145e-01 1.683401465415954590e-01 1.771865785121917725e-01 1.932381093502044678e-01 2.532247602939605713e-01 1.556284725666046143e-01 2.591775059700012207e-01 2.647638916969299316e-01 1.599830985069274902e-01 1.796435713768005371e-01 3.054463267326354980e-01 1.805197298526763916e-01 1.665421426296234131e-01 1.625229716300964355e-01 1.865076124668121338e-01 9.346213936805725098e-02 2.536138594150543213e-01 8.198082447052001953e-02 9.918758273124694824e-02 8.369740843772888184e-02 1.582965552806854248e-01 1.624416410923004150e-01 8.516979217529296875e-02 8.352917432785034180e-02 7.878309488296508789e-02 1.634522378444671631e-01 1.083898842334747314e-01
2.252190411090850830e-01 3.494691848754882812e-01 1.960842609405517578e-01 2.062894999980926514e-01 1.806712448596954346e-01 1.837609410285949707e-01 1.606901884078979492e-01 1.696847379207611084e-01 1.787274479866027832e-01 1.862139403820037842e-01 1.737416684627532959e-01 1.638067364692687988e-01 1.938497722148895264e-01 1.788700819015502930e-01 1.757454276084899902e-01 1.559104025363922119e-01 1.790753304958343506e-01 1.625314354896545410e-01 1.624175608158111572e-01 1.633100807666778564e-01 2.431141436100006104e-01 2.560800313949584961e-01 2.212291359901428223e-01 2.351019382476806641e-01 2.256428301334381104e-01 2.361206412315368652e-01 2.450118660926818848e-01 2.432126402854919434e-01 1.872770488262176514e-01 1.635470092296600342e-01 1.754398047924041748e-01 1.622226834297180176e-01 2.121366262435913086e-01 1.860026121139526367e-01 1.992558538913726807e-01 2.241656780242919922e-01 1.526808440685272217e-01 1.842016875743865967e-01 1.933761537075042725e-01 1.930872797966003418e-01 1.737180054187774658e-01 1.660666763782501221e-01 1.505898237228393555e-01 1.650792956352233887e-01 1.724347770214080811e-01 1.641612946987152100e-01 1.649723052978515625e-01 1.815981268882751465e-01 1.669259071350097656e-01 1.572690606117248535e-01 1.570926010608673096e-01 1.581557989120483398e-01 1.710406243801116943e-01 1.631407439708709717e-01 1.633430421352386475e-01 1.491176486015319824e-01 1.827227771282196045e-01 1.527273058891296387e-01 1.692704260349273682e-01 1.696750223636627197e-01 1.669212579727172852e-01 1.640480756759643555e-01 1.637229025363922119e-01 1.598828732967376709e-01 1.636640131473541260e-01 1.483695805072784424e-01 1.701451838016510010e-01 1.695264577865600586e-01 1.584782600402832031e-01 1.692152023315429688e-01 1.746782958507537842e-01 1.661399304866790771e-01 1.687973141670227051e-01 1.745253801345825195e-01 1.832181513309478760e-01 1.669633984565734863e-01 1.645553410053253174e-01 1.707274317741394043e-01 1.699196398258209229e-01 1.786065697669982910e-01 1.709254086017608643e-01 1.979669928550720215e-01 1.900742948055267334e-01 1.546235680580139160e-01 1.806394159793853760e-01 1.866573989391326904e-01 1.762893199920654297e-01 1.853865683078765869e-01 1.907972097396850586e-01 1.541873812675476074e-01 1.790305674076080322e-01 1.525482237339019775e-01 1.745554208755493164e-01 1.651483774185180664e-01 1.763071119785308838e-01 1.570174396038055420e-01 1.797349750995635986e-01 1.749664545059204102e-01 1.861302554607391357e-01 1.571482717990875244e-01
2.636998295783996582e-01 2.834733128547668457e-01 2.168038785457611084e-01 2.673014402389526367e-01 1.965615749359130859e-01 2.010597884654998779e-01 1.997726261615753174e-01 2.290997505187988281e-01 2.016869485378265381e-01 2.007958292961120605e-01 2.181589007377624512e-01 2.316506803035736084e-01 1.722850799560546875e-01 1.775544583797454834e-01 1.655131578445434570e-01 1.814902424812316895e-01 1.824283599853515625e-01 1.651048064231872559e-01 1.671288907527923584e-01 1.671077013015747070e-01 1.707959771156311035e-01 1.775910258293151855e-01 1.754585504531860352e-01 1.700726747512817383e-01 1.807083487510681152e-01 1.566649377346038818e-01 1.721422672271728516e-01 1.671700179576873779e-01 1.719819605350494385e-01 1.679900586605072021e-01 1.606235802173614502e-01 1.783802509307861328e-01 1.713541150093078613e-01 1.707592010498046875e-01 1.742909550666809082e-01 1.730842292308807373e-01 1.811668574810028076e-01 1.654913723468780518e-01 1.795531213283538818e-01 1.588130295276641846e-01 1.818264424800872803e-01 4.531232416629791260e-01 1.739352941513061523e-01 3.558603525161743164e-01 1.793235540390014648e-01 1.748884618282318115e-01 1.927552223205566406e-01 1.825215518474578857e-01 1.950052976608276367e-01 1.669622957706451416e-01 1.867281794548034668e-01 1.690258979797363281e-01 1.696291863918304443e-01 1.553569436073303223e-01 1.811791956424713135e-01 2.424298524856567383e-01 1.793476641178131104e-01 2.294228374958038330e-01 3.955312669277191162e-01 2.355101108551025391e-01 2.284729182720184326e-01 1.820608079433441162e-01 1.805954575538635254e-01 1.562068164348602295e-01 1.750954389572143555e-01 1.730692684650421143e-01 1.707033812999725342e-01 1.787809431552886963e-01 1.659066677093505859e-01 1.720770895481109619e-01 1.794704496860504150e-01 1.757664680480957031e-01 1.785238087177276611e-01 1.626166105270385742e-01 1.607218384742736816e-01 1.712478995323181152e-01 1.690389811992645264e-01 1.656586527824401855e-01 1.805295348167419434e-01 1.942939162254333496e-01 1.944194734096527100e-01 1.840079724788665771e-01 1.769554913043975830e-01 1.753669381141662598e-01 1.658900976181030273e-01 2.024498283863067627e-01 1.710156202316284180e-01 1.684377193450927734e-01 1.827505528926849365e-01 1.760429143905639648e-01 1.854281723499298096e-01 1.799435317516326904e-01 1.825619935989379883e-01 1.705330014228820801e-01 1.637525856494903564e-01 1.840535402297973633e-01 1.605823040008544922e-01 1.867385208606719971e-01 1.604952812194824219e-01 1.695176661014556885e-01
4.163309335708618164e-01 1.723470687866210938e-01 2.710520625114440918e-01 2.063654065132141113e-01 1.665912568569183350e-01 1.897844970226287842e-01 1.968638598918914795e-01 1.802744865417480469e-01 1.856973767280578613e-01 2.029703855514526367e-01 1.874336004257202148e-01 1.638305485248565674e-01 1.633840799331665039e-01 1.763095855712890625e-01 1.582038998603820801e-01 1.668847501277923584e-01 1.597709059715270996e-01 1.381636261940002441e-01 1.804249584674835205e-01 1.892975866794586182e-01 1.494640707969665527e-01 1.649087071418762207e-01 1.922538876533508301e-01 1.872475445270538330e-01 1.802618801593780518e-01 1.692243516445159912e-01 1.733881533145904541e-01 1.923289895057678223e-01 1.745419502258300781e-01 1.472847163677215576e-01 1.531359255313873291e-01 1.554130315780639648e-01 1.437086760997772217e-01 1.104764342308044434e-01 8.839327096939086914e-02 1.277067661285400391e-01 1.112638115882873535e-01 1.305635869503021240e-01 1.054453253746032715e-01 1.368972659111022949e-01 1.214884221553802490e-01 7.746022939682006836e-02 8.772757649421691895e-02 9.624180197715759277e-02 3.624262809753417969e-01 3.474678993225097656e-01 9.269922971725463867e-02 1.715064048767089844e-01 7.954558730125427246e-02 9.593084454536437988e-02 4.556400775909423828e-01 8.799004554748535156e-02 1.793964803218841553e-01 8.771589398384094238e-02 1.020595133304595947e-01 2.583802938461303711e-01 1.618612706661224365e-01 2.675510644912719727e-01 2.149205803871154785e-01 1.782342195510864258e-01 1.966277658939361572e-01 1.780971288681030273e-01 9.495574235916137695e-02 2.611389756202697754e-01 2.677376270294189453e-01 9.437337517738342285e-02 2.846424281597137451e-01 1.775808632373809814e-01 1.465235054492950439e-01 3.622897863388061523e-01 1.691971123218536377e-01 1.495458483695983887e-01 1.924233436584472656e-01 1.480051279067993164e-01 2.654312551021575928e-01 1.690596044063568115e-01 1.687071919441223145e-01 1.738908588886260986e-01 1.733624935150146484e-01 4.106389880180358887e-01 2.503818869590759277e-01 1.577449440956115723e-01 1.687642335891723633e-01 3.684055805206298828e-01 1.525371670722961426e-01 4.735476970672607422e-01 2.980402112007141113e-01 8.648091554641723633e-02 1.828633844852447510e-01 8.788776397705078125e-02 2.561199367046356201e-01 2.821431756019592285e-01 1.036545634269714355e-01 9.239953756332397461e-02 1.798922419548034668e-01 8.433890342712402344e-02 1.874409914016723633e-01 9.904089570045471191e-02 1.681623160839080811e-01 1.070502102375030518e-01
2.582224011421203613e-01 2.467898726463317871e-01 2.101294398307800293e-01 3.424764573574066162e-01 2.152406275272369385e-01 1.890940964221954346e-01 2.150073647499084473e-01 2.122030556201934814e-01 2.066192924976348877e-01 2.458001971244812012e-01 2.000232934951782227e-01 2.274459600448608398e-01 1.856300830841064453e-01 1.851722896099090576e-01 1.771009564399719238e-01 1.798411607742309570e-01 1.640073657035827637e-01 1.675209999084472656e-01 1.811510324478149414e-01 1.744613647460937500e-01 1.610934436321258545e-01 1.473011970520019531e-01 1.712015867233276367e-01 1.625663340091705322e-01 1.738373339176177979e-01 1.816073358058929443e-01 1.705921292304992676e-01 1.560474634170532227e-01 1.763054728507995605e-01 1.727032959461212158e-01 1.544073224067687988e-01 1.693724691867828369e-01 1.863039433956146240e-01 1.628346145153045654e-01 1.800216436386108398e-01 1.758324205875396729e-01 2.640566229820251465e-01 2.294345796108245850e-01 2.458411455154418945e-01 1.747555434703826904e-01 1.937952637672424316e-01 1.858713030815124512e-01 1.582720577716827393e-01 2.665425539016723633e-01 4.436441659927368164e-01 1.663168370723724365e-01 2.853526771068572998e-01 1.931484639644622803e-01 1.913424730300903320e-01 2.222664356231689453e-01 1.725671589374542236e-01 1.724559366703033447e-01 1.802571117877960205e-01 1.850312352180480957e-01 1.663089692592620850e-01 1.645022332668304443e-01 1.693593561649322510e-01 1.831588447093963623e-01 3.728059232234954834e-01 1.754375994205474854e-01 1.690519452095031738e-01 3.193477690219879150e-01 1.814987659454345703e-01 1.613645255565643311e-01 1.671526134014129639e-01 1.882072091102600098e-01 1.769116520881652832e-01 1.770829558372497559e-01 9.128391742706298828e-02 2.586746811866760254e-01 2.463822960853576660e-01 2.514074444770812988e-01 2.449527680873870850e-01 3.009852766990661621e-01 2.450397908687591553e-01 2.474305331707000732e-01 2.426742911338806152e-01 8.583632111549377441e-02 1.031001806259155273e-01 2.541186213493347168e-01 2.521254420280456543e-01 2.037484943866729736e-01 2.183555364608764648e-01 1.035314500331878662e-01 3.258534073829650879e-01 1.035024821758270264e-01 4.512160122394561768e-01 9.606018662452697754e-02 1.026287376880645752e-01 4.660004675388336182e-01 1.050736010074615479e-01 2.618238627910614014e-01 3.033850789070129395e-01 8.059948682785034180e-02 3.263878822326660156e-01 3.573668003082275391e-01 1.114538609981536865e-01 1.605275869369506836e-01 1.771631240844726562e-01 9.462499618530273438e-02
2.530813515186309814e-01 2.938413321971893311e-01 2.624874114990234375e-01 1.735838055610656738e-01 1.504120528697967529e-01 1.659171879291534424e-01 1.649625897407531738e-01 1.910910606384277344e-01 1.736134588718414307e-01 1.574522852897644043e-01 1.607300341129302979e-01 1.646265089511871338e-01 1.590781509876251221e-01 1.558685898780822754e-01 1.761587560176849365e-01 1.706126034259796143e-01 1.586683690547943115e-01 4.475592672824859619e-01 2.220073938369750977e-01 1.295228004455566406e-01 1.767810285091400146e-01 9.861579537391662598e-02 1.140069961547851562e-01 1.568541228771209717e-01 9.756419062614440918e-02 1.553264856338500977e-01 1.290976107120513916e-01 8.492875099182128906e-02 2.481296062469482422e-01 9.732055664062500000e-02 2.808304727077484131e-01 1.046209633350372314e-01 3.522172868251800537e-01 2.613781094551086426e-01 1.573329269886016846e-01 4.852908849716186523e-01 2.433913350105285645e-01 1.661798059940338135e-01 3.707077801227569580e-01 3.851851224899291992e-01 3.867408633232116699e-01 1.980571150779724121e-01 1.729920208454132080e-01 2.151579558849334717e-01 1.594349443912506104e-01 2.854691147804260254e-01 9.296479821205139160e-02 9.666705131530761719e-02 2.540730834007263184e-01 1.656120717525482178e-01 1.647674441337585449e-01 1.724600791931152344e-01 3.647437691688537598e-01 9.197059273719787598e-02 1.722944080829620361e-01 1.657152175903320312e-01 1.987357437610626221e-01 2.108627259731292725e-01 1.711196601390838623e-01 1.187666952610015869e-01 2.704755365848541260e-01 1.748060882091522217e-01 1.941518187522888184e-01 1.734979152679443359e-01 8.784675598144531250e-02 4.314922392368316650e-01 1.710407435894012451e-01 1.824063658714294434e-01 1.027744114398956299e-01 9.717425704002380371e-02 2.414419054985046387e-01 1.696234047412872314e-01 1.929116547107696533e-01 1.784158051013946533e-01 3.586191534996032715e-01 1.629438996315002441e-01 2.597643733024597168e-01 2.978649735450744629e-01 2.553118765354156494e-01 2.555364370346069336e-01 8.019116520881652832e-02 2.645913362503051758e-01 3.661495447158813477e-01 1.719601750373840332e-01 1.788548231124877930e-01 2.652887701988220215e-01 1.821512579917907715e-01 1.088860332965850830e-01 3.835390508174896240e-01 3.720209896564483643e-01 1.407622694969177246e-01 1.677817702293395996e-01 1.519898772239685059e-01 1.756364703178405762e-01 1.970465779304504395e-01 1.811380982398986816e-01 9.096646308898925781e-02 2.471650540828704834e-01 4.828598499298095703e-01 7.591086626052856445e-02
2.736826837062835693e-01 1.706875860691070557e-01 3.343449234962463379e-01 1.778968572616577148e-01 1.616345942020416260e-01 1.545844674110412598e-01 1.650353968143463135e-01 1.494132578372955322e-01 1.584004759788513184e-01 1.631597578525543213e-01 1.577940583229064941e-01 1.397769749164581299e-01 1.937446594238281250e-01 1.923939585685729980e-01 1.498173773288726807e-01 1.554886400699615479e-01 1.612668037414550781e-01 1.385893225669860840e-01 1.878470480442047119e-01 1.843586862087249756e-01 1.223255693912506104e-01 1.026620268821716309e-01 1.108573079109191895e-01 9.108516573905944824e-02 9.698030352592468262e-02 9.100341796875000000e-02 1.130756437778472900e-01 2.536437809467315674e-01 1.666968762874603271e-01 3.994536399841308594e-01 1.729632616043090820e-01 9.502321481704711914e-02 8.340367674827575684e-02 1.750363707542419434e-01 1.772697269916534424e-01 1.768369078636169434e-01 4.446670711040496826e-01 1.813788115978240967e-01 3.655675649642944336e-01 1.723102629184722900e-01 2.071813642978668213e-01 2.888680696487426758e-01 1.006549894809722900e-01 1.784305572509765625e-01 8.538562059402465820e-02 2.500857412815093994e-01 2.056634128093719482e-01 2.533554136753082275e-01 1.069081127643585205e-01 1.627452075481414795e-01 1.539464294910430908e-01 1.742860376834869385e-01 3.031144440174102783e-01 9.127110242843627930e-02 2.054550051689147949e-01 1.463166773319244385e-01 1.849307417869567871e-01 1.739450991153717041e-01 4.388824701309204102e-01 1.645406186580657959e-01 2.796705365180969238e-01 1.887453198432922363e-01 2.929299771785736084e-01 2.108500003814697266e-01 4.553356170654296875e-01 1.030344367027282715e-01 1.570621132850646973e-01 2.565703094005584717e-01 9.688231348991394043e-02 1.608966588973999023e-01 9.669914841651916504e-02 8.863249421119689941e-02 9.027448296546936035e-02 1.731970012187957764e-01 9.875008463859558105e-02 1.528952717781066895e-01 1.654300689697265625e-01 1.011402904987335205e-01 1.684497594833374023e-01 1.776873171329498291e-01 1.151387691497802734e-01 9.708333015441894531e-02 1.655400097370147705e-01 4.313542842864990234e-01 1.176660060882568359e-01 2.416969239711761475e-01 2.262772619724273682e-01 2.893049716949462891e-01 1.931309700012207031e-01 3.557146191596984863e-01 3.803896009922027588e-01 3.898856043815612793e-01 1.802300512790679932e-01 2.346761822700500488e-01 1.984383165836334229e-01 2.836007475852966309e-01 2.557066679000854492e-01 1.894102692604064941e-01 1.595277488231658936e-01 3.606503605842590332e-01
4.362527430057525635e-01 1.653192639350891113e-01 2.546485364437103271e-01 2.133289575576782227e-01 1.629321277141571045e-01 1.605175137519836426e-01 1.610961854457855225e-01 1.570681929588317871e-01 1.686087250709533691e-01 1.445913612842559814e-01 1.541252434253692627e-01 1.525520980358123779e-01 1.612614691257476807e-01 1.666066944599151611e-01 1.628219485282897949e-01 1.684440374374389648e-01 1.628940701484680176e-01 1.559749245643615723e-01 1.262390017509460449e-01 1.112106442451477051e-01 1.069015860557556152e-01 1.342968046665191650e-01 1.143071353435516357e-01 1.160354316234588623e-01 1.267096996307373047e-01 9.036970138549804688e-02 9.256255626678466797e-02 7.839080691337585449e-02 9.831786155700683594e-02 1.065215468406677246e-01 3.768122196197509766e-01 4.307055771350860596e-01 1.081487536430358887e-01 2.498547136783599854e-01 3.855442702770233154e-01 2.064535617828369141e-01 2.646616995334625244e-01 2.039646208286285400e-01 2.652415633201599121e-01 2.692209482192993164e-01 2.623937427997589111e-01 2.569009065628051758e-01 2.646920084953308105e-01 9.448906779289245605e-02 3.503693640232086182e-01 2.686088383197784424e-01 3.216601610183715820e-01 2.672013342380523682e-01 3.688466250896453857e-01 1.673455536365509033e-01 1.687663495540618896e-01 1.669988930225372314e-01 1.763355731964111328e-01 1.421729326248168945e-01 1.780534684658050537e-01 1.641064286231994629e-01 1.813736259937286377e-01 1.592902541160583496e-01 2.013121545314788818e-01 4.455380439758300781e-01 1.779089570045471191e-01 1.730388998985290527e-01 1.862010955810546875e-01 1.944713592529296875e-01 1.601411998271942139e-01 1.685602962970733643e-01 1.597242355346679688e-01 1.746400892734527588e-01 1.691014468669891357e-01 3.105977177619934082e-01 9.932252764701843262e-02 1.919495463371276855e-01 2.661845088005065918e-01 8.603921532630920410e-02 2.322974801063537598e-01 8.164450526237487793e-02 2.148896455764770508e-01 3.654386997222900391e-01 2.651176750659942627e-01 8.638715744018554688e-02 9.379902482032775879e-02 2.513092756271362305e-01 1.742482185363769531e-01 1.830496788024902344e-01 1.882948279380798340e-01 2.146303653717041016e-01 2.652118206024169922e-01 1.948956549167633057e-01 1.900444924831390381e-01 1.028809547424316406e-01 1.798970699310302734e-01 3.807601630687713623e-01 1.583740413188934326e-01 3.394572138786315918e-01 1.031181812286376953e-01 3.294470906257629395e-01 1.662297844886779785e-01 2.172087132930755615e-01 1.920978128910064697e-01 3.712348639965057373e-01
2.052711248397827148e-01 2.977887392044067383e-01 4.420003592967987061e-01 2.221508026123046875e-01 1.980621218681335449e-01 1.924152076244354248e-01 2.024970352649688721e-01 1.879892647266387939e-01 2.050903141498565674e-01 1.832421123981475830e-01 2.067048847675323486e-01 2.290633916854858398e-01 1.575623154640197754e-01 1.742359101772308350e-01 1.793969571590423584e-01 1.683354079723358154e-01 1.796200871467590332e-01 1.723795235157012939e-01 1.676265597343444824e-01 1.551778614521026611e-01 1.806682646274566650e-01 1.701855361461639404e-01 1.823194622993469238e-01 1.551609337329864502e-01 1.747826039791107178e-01 1.665338277816772461e-01 1.734065413475036621e-01 1.855518519878387451e-01 1.670985519886016846e-01 1.824428737163543701e-01 2.317405641078948975e-01 2.725888490676879883e-01 2.900546193122863770e-01 2.523237466812133789e-01 2.343715131282806396e-01 2.095991373062133789e-01 2.078023254871368408e-01 2.207547426223754883e-01 1.832664012908935547e-01 1.982269585132598877e-01 1.696087121963500977e-01 1.605399847030639648e-01 1.830419003963470459e-01 1.724940538406372070e-01 1.406317949295043945e-01 1.727185249328613281e-01 1.637044250965118408e-01 1.685961186885833740e-01 1.604758203029632568e-01 3.719586730003356934e-01 3.514884114265441895e-01 3.674401044845581055e-01 1.665988266468048096e-01 1.821899116039276123e-01 1.906854808330535889e-01 9.896022081375122070e-02 1.057565212249755859e-01 2.424579560756683350e-01 8.465072512626647949e-02 1.268706321716308594e-01 4.233356714248657227e-01 2.547473907470703125e-01 1.806496083736419678e-01 8.453512191772460938e-02 3.801353871822357178e-01 1.781135201454162598e-01 1.761057674884796143e-01 1.263709664344787598e-01 2.367452085018157959e-01 1.610610187053680420e-01 8.755549788475036621e-02 3.587085902690887451e-01 2.564026415348052979e-01 9.721449017524719238e-02 9.370416402816772461e-02 1.010881662368774414e-01 1.346004009246826172e-01 1.709433495998382568e-01 1.476968526840209961e-01 1.453068554401397705e-01 2.710379362106323242e-01 3.085089325904846191e-01 1.448636054992675781e-01 1.698938310146331787e-01 1.751344799995422363e-01 2.783118784427642822e-01 3.490701317787170410e-01 1.153028905391693115e-01 1.953586637973785400e-01 1.326968967914581299e-01 2.944725751876831055e-01 1.711282432079315186e-01 1.685628592967987061e-01 1.844450533390045166e-01 2.646884322166442871e-01 1.007180213928222656e-01 9.443008899688720703e-02 9.062761068344116211e-02 8.253267407417297363e-02 1.629506349563598633e-01
3.423256874084472656e-01 1.999607980251312256e-01 3.757446408271789551e-01 1.684728562831878662e-01 1.772404611110687256e-01 1.613228321075439453e-01 1.733229756355285645e-01 1.683241724967956543e-01 1.693418323993682861e-01 1.871362924575805664e-01 1.543951928615570068e-01 1.725497543811798096e-01 2.373496592044830322e-01 2.043280601501464844e-01 2.256876826286315918e-01 1.896185874938964844e-01 2.044886648654937744e-01 2.053002119064331055e-01 1.732083857059478760e-01 1.934981346130371094e-01 1.897784769535064697e-01 1.672796308994293213e-01 1.617513597011566162e-01 1.713244616985321045e-01 1.636681556701660156e-01 1.686508655548095703e-01 1.394368708133697510e-01 1.561447978019714355e-01 3.341607451438903809e-01 2.693833112716674805e-01 2.014666497707366943e-01 3.341537714004516602e-01 1.529605090618133545e-01 1.834705471992492676e-01 1.615344882011413574e-01 1.679788529872894287e-01 4.175720810890197754e-01 1.565531194210052490e-01 1.828794479370117188e-01 1.555048823356628418e-01 3.666341304779052734e-01 3.540491163730621338e-01 3.647922873497009277e-01 1.623029708862304688e-01 1.860262155532836914e-01 1.698244512081146240e-01 2.686732411384582520e-01 1.595137417316436768e-01 2.606914341449737549e-01 1.781347990036010742e-01 1.780307888984680176e-01 1.774594485759735107e-01 1.636800169944763184e-01 1.867872476577758789e-01 1.512622237205505371e-01 1.825213432312011719e-01 1.807241439819335938e-01 1.686585843563079834e-01 1.667463779449462891e-01 1.771250367164611816e-01 1.545472145080566406e-01 1.523580849170684814e-01 1.548905372619628906e-01 1.637051999568939209e-01 2.104384899139404297e-01 2.550928890705108643e-01 1.638056337833404541e-01 1.638581454753875732e-01 2.700700759887695312e-01 1.672542393207550049e-01 1.968975365161895752e-01 1.743969023227691650e-01 1.881054639816284180e-01 1.898984909057617188e-01 1.672420501708984375e-01 1.778226196765899658e-01 1.485495865345001221e-01 1.663335263729095459e-01 2.360009849071502686e-01 1.438242197036743164e-01 1.659964919090270996e-01 1.612973809242248535e-01 2.239888310432434082e-01 2.176025807857513428e-01 2.272177934646606445e-01 2.285643219947814941e-01 1.576142609119415283e-01 1.477660238742828369e-01 1.714553236961364746e-01 1.769745647907257080e-01 1.654924154281616211e-01 1.668890118598937988e-01 1.690541207790374756e-01 1.693724691867828369e-01 1.744368970394134521e-01 1.661496162414550781e-01 1.799791455268859863e-01 1.548064053058624268e-01 1.777051389217376709e-01 1.824259459972381592e-01
3.687927126884460449e-01 2.088637948036193848e-01 2.823104262351989746e-01 2.397741973400115967e-01 1.639111340045928955e-01 1.855534613132476807e-01 1.748340725898742676e-01 1.810202598571777344e-01 1.750056445598602295e-01 1.819615960121154785e-01 1.788496375083923340e-01 1.996780633926391602e-01 1.685345470905303955e-01 1.450989246368408203e-01 1.367194950580596924e-01 1.611904203891754150e-01 1.600240170955657959e-01 1.318113207817077637e-01 1.479077041149139404e-01 1.525664031505584717e-01 7.928800582885742188e-02 9.653571248054504395e-02 7.732626795768737793e-02 1.057337820529937744e-01 9.244531393051147461e-02 2.419056594371795654e-01 8.207443356513977051e-02 2.019960582256317139e-01 4.318544864654541016e-01 3.671257793903350830e-01 7.697263360023498535e-02 1.401647329330444336e-01 8.551761507987976074e-02 9.687235951423645020e-02 2.108968794345855713e-01 3.253095746040344238e-01 3.478793799877166748e-01 2.686461806297302246e-01 1.008314490318298340e-01 2.030526697635650635e-01 1.671484708786010742e-01 1.939226984977722168e-01 1.594132184982299805e-01 1.729115247726440430e-01 1.608819961547851562e-01 1.781002581119537354e-01 1.840271353721618652e-01 2.370281815528869629e-01 1.793290972709655762e-01 3.486395478248596191e-01 2.747428119182586670e-01 3.846611082553863525e-01 1.662845611572265625e-01 3.657699227333068848e-01 1.783331930637359619e-01 1.694602966308593750e-01 1.821249425411224365e-01 1.201149225234985352e-01 2.386726140975952148e-01 2.275939583778381348e-01 2.662135958671569824e-01 2.670680880546569824e-01 1.608782410621643066e-01 1.731573045253753662e-01 3.255033493041992188e-01 7.307010889053344727e-02 1.776465773582458496e-01 1.716834008693695068e-01 4.154959917068481445e-01 2.719755768775939941e-01 1.743551194667816162e-01 2.732603251934051514e-01 2.726977467536926270e-01 2.403468489646911621e-01 1.536253094673156738e-01 1.919502615928649902e-01 2.437717914581298828e-01 8.877375721931457520e-02 3.653136789798736572e-01 3.421011269092559814e-01 2.189170718193054199e-01 3.832795023918151855e-01 1.759724915027618408e-01 2.480888962745666504e-01 9.229922294616699219e-02 1.560996770858764648e-01 1.668755710124969482e-01 3.584416806697845459e-01 1.536320745944976807e-01 1.811097562313079834e-01 2.708246409893035889e-01 1.702400743961334229e-01 8.053788542747497559e-02 1.746034026145935059e-01 8.606848120689392090e-02 1.017117798328399658e-01 2.617419958114624023e-01 9.539252519607543945e-02 3.564442396163940430e-01 1.695595383644104004e-01
3.359676003456115723e-01 2.354566156864166260e-01 4.068333804607391357e-01 2.216055691242218018e-01 1.989786922931671143e-01 2.021902203559875488e-01 2.090818583965301514e-01 1.956185400485992432e-01 1.961535215377807617e-01 2.162313461303710938e-01 1.855888962745666504e-01 1.991892755031585693e-01 1.412055790424346924e-01 1.428420245647430420e-01 1.590031385421752930e-01 1.565122902393341064e-01 1.357448399066925049e-01 1.522085368633270264e-01 1.341670155525207520e-01 1.417804956436157227e-01 1.656174659729003906e-01 1.359772980213165283e-01 1.293503940105438232e-01 1.573359966278076172e-01 1.540237665176391602e-01 1.543553173542022705e-01 1.292479932308197021e-01 1.270047426223754883e-01 1.551521122455596924e-01 1.546978652477264404e-01 1.610272526741027832e-01 1.267678141593933105e-01 1.152938008308410645e-01 1.064184010028839111e-01 1.100709736347198486e-01 9.296143054962158203e-02 1.085454523563385010e-01 2.210389971733093262e-01 1.066432595252990723e-01 1.127421259880065918e-01 1.259953975677490234e-01 1.021263599395751953e-01 2.117691338062286377e-01 3.441937565803527832e-01 1.662541627883911133e-01 1.614205837249755859e-01 1.647071242332458496e-01 1.719977259635925293e-01 1.634743511676788330e-01 1.812902092933654785e-01 1.915890872478485107e-01 4.144166111946105957e-01 1.761933267116546631e-01 1.460805535316467285e-01 1.883603036403656006e-01 1.678747534751892090e-01 9.519553184509277344e-02 1.057317852973937988e-01 9.161528944969177246e-02 1.056960523128509521e-01 8.841720223426818848e-02 1.830865144729614258e-01 1.679950952529907227e-01 1.034589707851409912e-01 9.209439158439636230e-02 8.876991271972656250e-02 9.539976716041564941e-02 1.047144234180450439e-01 4.460353553295135498e-01 8.938834071159362793e-02 1.541592776775360107e-01 9.101876616477966309e-02 1.044784784317016602e-01 1.005229055881500244e-01 1.681460440158843994e-01 9.646403789520263672e-02 8.182755112648010254e-02 1.618529260158538818e-01 1.764808595180511475e-01 2.549730539321899414e-01 2.507670521736145020e-01 2.587388753890991211e-01 1.805614233016967773e-01 3.636649847030639648e-01 3.801386654376983643e-01 1.687832176685333252e-01 1.633455157279968262e-01 1.863629817962646484e-01 1.723075211048126221e-01 2.543326020240783691e-01 1.925150156021118164e-01 4.036307036876678467e-01 1.555362045764923096e-01 1.731514632701873779e-01 1.822394430637359619e-01 1.698576509952545166e-01 1.709060370922088623e-01 3.071350455284118652e-01 2.630046606063842773e-01 2.191916108131408691e-01
2.194153964519500732e-01 3.063607215881347656e-01 2.599592804908752441e-01 2.698354423046112061e-01 4.414510428905487061e-01 4.679718017578125000e-01 4.617074728012084961e-01 2.527043819427490234e-01 2.697542607784271240e-01 2.680592536926269531e-01 4.058723151683807373e-01 3.205620050430297852e-01 1.681524813175201416e-01 2.141927182674407959e-01 2.096281349658966064e-01 1.807201802730560303e-01 1.848123967647552490e-01 1.768735349178314209e-01 1.546219885349273682e-01 2.010841369628906250e-01 1.680751740932464600e-01 1.860286593437194824e-01 1.995450258255004883e-01 1.961219310760498047e-01 1.834300160408020020e-01 1.977064907550811768e-01 2.150480747222900391e-01 1.725333333015441895e-01 1.862454712390899658e-01 1.814600229263305664e-01 1.735441088676452637e-01 1.660680472850799561e-01 1.699366867542266846e-01 1.563856601715087891e-01 1.592084467411041260e-01 1.739682853221893311e-01 1.692083179950714111e-01 1.722708642482757568e-01 1.498962640762329102e-01 1.613432168960571289e-01 1.595956683158874512e-01 1.785868704319000244e-01 1.718798279762268066e-01 1.570592820644378662e-01 1.705500185489654541e-01 1.740083694458007812e-01 2.784587144851684570e-01 3.272221088409423828e-01 2.708764076232910156e-01 1.687518656253814697e-01 8.087864518165588379e-02 9.168663620948791504e-02 8.871704339981079102e-02 4.659608900547027588e-01 1.021715998649597168e-01 8.724230527877807617e-02 7.432898879051208496e-02 8.888486027717590332e-02 3.677191138267517090e-01 2.132046818733215332e-01 8.984637260437011719e-02 1.032846570014953613e-01 8.725032210350036621e-02 3.806046843528747559e-01 1.065933406352996826e-01 1.915879845619201660e-01 2.629404067993164062e-01 4.301815032958984375e-01 2.639742791652679443e-01 2.601446211338043213e-01 4.156315922737121582e-01 1.991941630840301514e-01 2.508290410041809082e-01 1.955312788486480713e-01 1.796333491802215576e-01 3.758730888366699219e-01 1.652400791645050049e-01 1.679444611072540283e-01 3.035983145236968994e-01 1.820813715457916260e-01 1.403422355651855469e-01 1.800921857357025146e-01 2.037318050861358643e-01 2.395639419555664062e-01 3.285456299781799316e-01 3.185076713562011719e-01 1.613996326923370361e-01 1.736719906330108643e-01 2.724571824073791504e-01 1.725423336029052734e-01 9.129106998443603516e-02 1.648461818695068359e-01 8.674874901771545410e-02 1.491869986057281494e-01 2.661903500556945801e-01 1.512049436569213867e-01 1.634704768657684326e-01 2.673068344593048096e-01 9.984633326530456543e-02 2.701095342636108398e-01
2.341547608375549316e-01 3.663090765476226807e-01 1.563709080219268799e-01 3.743804097175598145e-01 1.630329191684722900e-01 1.662947237491607666e-01 1.682030260562896729e-01 1.561439037322998047e-01 1.656968891620635986e-01 1.760913133621215820e-01 1.646314263343811035e-01 1.676667034626007080e-01 1.790130436420440674e-01 1.816830039024353027e-01 1.651856899261474609e-01 1.589912474155426025e-01 1.781941652297973633e-01 1.721542179584503174e-01 1.744079887866973877e-01 1.687002778053283691e-01 1.561181247234344482e-01 1.743103861808776855e-01 1.484691798686981201e-01 1.630898118019104004e-01 1.630108952522277832e-01 1.605765819549560547e-01 3.742761611938476562e-01 9.025374054908752441e-02 2.057630419731140137e-01 1.848456561565399170e-01 1.119254529476165771e-01 1.756874024868011475e-01 2.680602073669433594e-01 2.452991306781768799e-01 2.492288053035736084e-01 2.683346569538116455e-01 2.416888773441314697e-01 1.042046844959259033e-01 4.450670480728149414e-01 1.657906472682952881e-01 1.984838247299194336e-01 2.565898299217224121e-01 4.543184638023376465e-01 1.305011510848999023e-01 1.563293337821960449e-01 1.597104966640472412e-01 1.731411814689636230e-01 1.792672276496887207e-01 1.661085188388824463e-01 1.683820188045501709e-01 3.572274446487426758e-01 4.426547288894653320e-01 2.787470221519470215e-01 1.450605690479278564e-01 4.266244173049926758e-01 1.691485643386840820e-01 1.729429364204406738e-01 1.883174777030944824e-01 8.204624056816101074e-02 3.781185746192932129e-01 9.653413295745849609e-02 1.113336384296417236e-01 2.848739027976989746e-01 1.045102179050445557e-01 1.767374873161315918e-01 9.209913015365600586e-02 1.051988303661346436e-01 9.685781598091125488e-02 1.267512440681457520e-01 2.145228981971740723e-01 1.065535545349121094e-01 2.424753308296203613e-01 2.244615554809570312e-01 2.890108227729797363e-01 2.064458429813385010e-01 2.750987112522125244e-01 3.432559370994567871e-01 2.001190781593322754e-01 2.260497212409973145e-01 2.753539085388183594e-01 8.450561761856079102e-02 9.730675816535949707e-02 1.077667474746704102e-01 4.405554831027984619e-01 1.998308002948760986e-01 2.562423348426818848e-01 3.986332118511199951e-01 1.927292048931121826e-01 2.102462947368621826e-01 1.816252171993255615e-01 3.337440788745880127e-01 1.001709103584289551e-01 1.728102266788482666e-01 3.480832576751708984e-01 2.262271046638488770e-01 3.999768197536468506e-01 2.131376862525939941e-01 8.282110095024108887e-02 9.728914499282836914e-02 8.822724223136901855e-02
2.604788541793823242e-01 3.687708973884582520e-01 2.038470804691314697e-01 3.653704524040222168e-01 1.776323616504669189e-01 1.814679503440856934e-01 1.699872314929962158e-01 1.751380264759063721e-01 1.823725998401641846e-01 1.781373620033264160e-01 1.883752942085266113e-01 1.933503448963165283e-01 1.840335130691528320e-01 1.736293733119964600e-01 2.016630768775939941e-01 1.683709323406219482e-01 1.939863264560699463e-01 1.517913043498992920e-01 1.845462620258331299e-01 1.663768291473388672e-01 1.492087244987487793e-01 1.371029317378997803e-01 1.356276273727416992e-01 1.142986118793487549e-01 1.162157058715820312e-01 1.458131074905395508e-01 1.442847251892089844e-01 1.293052732944488525e-01 8.342984318733215332e-02 1.630176007747650146e-01 8.839169144630432129e-02 1.161171197891235352e-01 1.850376427173614502e-01 1.179943382740020752e-01 3.615520596504211426e-01 1.997423171997070312e-01 2.387728393077850342e-01 1.461884975433349609e-01 3.758202195167541504e-01 1.506530642509460449e-01 9.931021928787231445e-02 2.503437399864196777e-01 1.669040322303771973e-01 2.476851046085357666e-01 4.220925271511077881e-01 2.441730499267578125e-01 1.860834062099456787e-01 1.690188944339752197e-01 2.674946486949920654e-01 1.686746478080749512e-01 1.609252691268920898e-01 1.685464382171630859e-01 9.932094812393188477e-02 2.638637125492095947e-01 1.575528383255004883e-01 2.501370906829833984e-01 1.811899244785308838e-01 8.908519148826599121e-02 8.574557304382324219e-02 1.017203032970428467e-01 3.585010766983032227e-01 1.558296680450439453e-01 1.741561591625213623e-01 1.537976861000061035e-01 1.616584360599517822e-01 1.409105658531188965e-01 1.742649674415588379e-01 1.757922768592834473e-01 1.854089498519897461e-01 1.573567688465118408e-01 2.567541599273681641e-01 1.025072038173675537e-01 1.708151102066040039e-01 1.699945330619812012e-01 2.559280395507812500e-01 2.612584233283996582e-01 7.896697521209716797e-02 1.732187867164611816e-01 1.705738306045532227e-01 1.959836781024932861e-01 4.333816170692443848e-01 2.097575962543487549e-01 9.738418459892272949e-02 1.620398759841918945e-01 1.772059202194213867e-01 9.337103366851806641e-02 1.754094064235687256e-01 1.886117458343505859e-01 9.412708878517150879e-02 8.541619777679443359e-02 8.374309539794921875e-02 1.958519220352172852e-01 9.730961918830871582e-02 4.167256653308868408e-01 7.259124517440795898e-02 2.389129400253295898e-01 1.809659600257873535e-01 2.603322565555572510e-01 1.799249947071075439e-01 4.535296261310577393e-01
3.019820451736450195e-01 2.419004142284393311e-01 2.837595939636230469e-01 2.324104607105255127e-01 2.191853225231170654e-01 2.205935418605804443e-01 2.007969915866851807e-01 2.121919989585876465e-01 2.040286958217620850e-01 2.313768267631530762e-01 2.250352203845977783e-01 2.087129056453704834e-01 1.572387218475341797e-01 1.721014082431793213e-01 1.779227256774902344e-01 1.806592047214508057e-01 1.785245239734649658e-01 1.668515503406524658e-01 1.723572909832000732e-01 1.758629083633422852e-01 1.698180139064788818e-01 1.610475182533264160e-01 2.134360671043395996e-01 1.612173914909362793e-01 1.640648245811462402e-01 1.671519875526428223e-01 1.739406883716583252e-01 1.857666969299316406e-01 1.733897924423217773e-01 1.571894884109497070e-01 1.746169328689575195e-01 1.693931519985198975e-01 1.575681567192077637e-01 1.640256941318511963e-01 1.495361924171447754e-01 2.017359733581542969e-01 1.625723242759704590e-01 1.883836090564727783e-01 1.738318502902984619e-01 1.734609603881835938e-01 1.524965465068817139e-01 1.722597479820251465e-01 1.739169657230377197e-01 1.829239130020141602e-01 1.348759531974792480e-01 1.857822239398956299e-01 1.646073758602142334e-01 2.849490046501159668e-01 4.533393383026123047e-01 1.782338917255401611e-01 2.277660667896270752e-01 1.535763740539550781e-01 1.808019578456878662e-01 1.527495682239532471e-01 2.152873277664184570e-01 1.480229496955871582e-01 1.684129536151885986e-01 1.752488017082214355e-01 1.588552594184875488e-01 1.631361544132232666e-01 1.870623528957366943e-01 4.152716994285583496e-01 2.597602009773254395e-01 1.806031167507171631e-01 1.604182720184326172e-01 1.761589050292968750e-01 1.746110916137695312e-01 1.725069284439086914e-01 1.852032542228698730e-01 1.881908774375915527e-01 1.755849421024322510e-01 4.479393362998962402e-01 2.531446218490600586e-01 1.737267971038818359e-01 1.571504175662994385e-01 1.730346381664276123e-01 1.753644347190856934e-01 2.531435489654541016e-01 1.860818564891815186e-01 1.801194250583648682e-01 2.548749446868896484e-01 1.758516430854797363e-01 2.478713095188140869e-01 2.105070054531097412e-01 2.189802229404449463e-01 1.617024540901184082e-01 1.536565124988555908e-01 1.634176075458526611e-01 1.700235307216644287e-01 1.579131782054901123e-01 1.703104972839355469e-01 1.650527417659759521e-01 1.684853136539459229e-01 1.591276824474334717e-01 2.523568272590637207e-01 1.600965559482574463e-01 3.721070289611816406e-01 1.857950389385223389e-01 2.422922849655151367e-01 1.671901643276214600e-01
2.777431607246398926e-01 3.453180193901062012e-01 1.772661507129669189e-01 2.776361703872680664e-01 1.574993729591369629e-01 1.550652384757995605e-01 1.633117496967315674e-01 1.620974242687225342e-01 1.604546606540679932e-01 1.630694568157196045e-01 1.570317149162292480e-01 1.533111333847045898e-01 1.781825423240661621e-01 1.755302846431732178e-01 1.734378039836883545e-01 1.893456876277923584e-01 1.701560318470001221e-01 1.885226964950561523e-01 1.814801990985870361e-01 1.630061864852905273e-01 1.830886602401733398e-01 1.612103581428527832e-01 1.749366521835327148e-01 1.599631011486053467e-01 1.497344672679901123e-01 1.842285990715026855e-01 1.974090635776519775e-01 1.633781492710113525e-01 1.858085691928863525e-01 3.177389502525329590e-01 2.349609434604644775e-01 1.854485869407653809e-01 1.790184974670410156e-01 2.044238448143005371e-01 1.804012656211853027e-01 1.685285568237304688e-01 1.428296864032745361e-01 1.906975507736206055e-01 1.724923551082611084e-01 1.597845256328582764e-01 1.611331403255462646e-01 1.797553896903991699e-01 1.677674055099487305e-01 1.804400384426116943e-01 2.566905021667480469e-01 2.257803678512573242e-01 1.004635095596313477e-01 1.000538468360900879e-01 1.751945912837982178e-01 3.615306615829467773e-01 3.046120405197143555e-01 1.002770364284515381e-01 9.852722287178039551e-02 1.093027889728546143e-01 1.057233512401580811e-01 8.202394843101501465e-02 2.471530735492706299e-01 1.570334136486053467e-01 1.608897149562835693e-01 1.448803246021270752e-01 2.488669753074645996e-01 3.579211235046386719e-01 3.489804267883300781e-01 3.595124483108520508e-01 2.633149623870849609e-01 4.427051246166229248e-01 4.524253904819488525e-01 2.267465293407440186e-01 2.705957889556884766e-01 3.528236746788024902e-01 2.568734884262084961e-01 1.670656800270080566e-01 1.876159012317657471e-01 1.002941429615020752e-01 1.643805503845214844e-01 1.524101495742797852e-01 2.628625631332397461e-01 1.795209646224975586e-01 2.568427324295043945e-01 1.181851327419281006e-01 1.972080469131469727e-01 8.944728970527648926e-02 1.043856739997863770e-01 9.472605586051940918e-02 1.071025729179382324e-01 3.577230572700500488e-01 4.244056642055511475e-01 2.641565203666687012e-01 2.625501751899719238e-01 4.156572520732879639e-01 4.502160847187042236e-01 2.006231248378753662e-01 1.764479577541351318e-01 1.537740826606750488e-01 1.537231206893920898e-01 1.776425242424011230e-01 2.497648000717163086e-01 2.703064084053039551e-01 3.031746745109558105e-01 1.654197573661804199e-01
3.149162530899047852e-01 3.632610440254211426e-01 2.057199776172637939e-01 2.395037710666656494e-01 1.954378783702850342e-01 2.142541110515594482e-01 1.893097758293151855e-01 2.028895616531372070e-01 1.983948945999145508e-01 2.009336352348327637e-01 2.073848843574523926e-01 2.069131135940551758e-01 1.668680310249328613e-01 1.669576168060302734e-01 1.606265604496002197e-01 1.544369161128997803e-01 1.550977230072021484e-01 1.783757209777832031e-01 1.733049750328063965e-01 1.679611504077911377e-01 9.245437383651733398e-02 1.064741313457489014e-01 1.226330697536468506e-01 9.528854489326477051e-02 8.355259895324707031e-02 1.112979352474212646e-01 1.047999262809753418e-01 1.131879687309265137e-01 8.655446767807006836e-02 9.035357832908630371e-02 2.306424379348754883e-01 2.593185305595397949e-01 7.686847448348999023e-02 9.567645192146301270e-02 1.110801994800567627e-01 1.709353029727935791e-01 9.577587246894836426e-02 4.053642153739929199e-01 1.038801074028015137e-01 2.672834396362304688e-01 1.590230762958526611e-01 2.386329770088195801e-01 1.666589677333831787e-01 1.670897006988525391e-01 4.362770318984985352e-01 2.689130306243896484e-01 4.263121783733367920e-01 1.948020756244659424e-01 9.144237637519836426e-02 1.818141937255859375e-01 3.635467290878295898e-01 3.797359764575958252e-01 4.387279748916625977e-01 1.759731471538543701e-01 1.953862905502319336e-01 4.357410669326782227e-01 4.486546516418457031e-01 1.630782783031463623e-01 1.597925424575805664e-01 1.749889254570007324e-01 1.836366057395935059e-01 2.623825669288635254e-01 1.537877619266510010e-01 1.797879636287689209e-01 1.521634757518768311e-01 1.652563512325286865e-01 1.795091331005096436e-01 1.719564795494079590e-01 1.619027554988861084e-01 1.739467680454254150e-01 2.192403376102447510e-01 3.790262341499328613e-01 1.986234188079833984e-01 1.573613882064819336e-01 2.803553640842437744e-01 1.721855103969573975e-01 1.574110388755798340e-01 1.848400235176086426e-01 2.655063569545745850e-01 1.145289540290832520e-01 2.389149069786071777e-01 2.306413054466247559e-01 2.547810673713684082e-01 2.759825587272644043e-01 2.178168892860412598e-01 3.535299599170684814e-01 1.730067431926727295e-01 1.674288511276245117e-01 2.982105612754821777e-01 1.958924829959869385e-01 1.847108304500579834e-01 1.663390100002288818e-01 3.295675516128540039e-01 4.564439952373504639e-01 1.610779464244842529e-01 3.730334639549255371e-01 8.075439929962158203e-02 2.541163265705108643e-01 8.240237832069396973e-02 9.108260273933410645e-02
2.276309132575988770e-01 4.207708835601806641e-01 1.770791411399841309e-01 2.567266225814819336e-01 1.687458455562591553e-01 1.827714443206787109e-01 1.748028099536895752e-01 1.681653857231140137e-01 1.776520609855651855e-01 1.843616366386413574e-01 1.506792008876800537e-01 1.681023538112640381e-01 1.598586142063140869e-01 1.741824150085449219e-01 1.843426227569580078e-01 1.742705106735229492e-01 1.809691190719604492e-01 1.683944165706634521e-01 2.024390101432800293e-01 1.831509470939636230e-01 2.913298606872558594e-01 1.627299487590789795e-01 3.044927120208740234e-01 3.054380118846893311e-01 3.293490111827850342e-01 3.376842439174652100e-01 2.367131710052490234e-01 3.051185607910156250e-01 1.810060441493988037e-01 1.695022284984588623e-01 2.276672124862670898e-01 2.700869441032409668e-01 1.757489442825317383e-01 1.490107178688049316e-01 1.693842709064483643e-01 1.693877875804901123e-01 1.525713801383972168e-01 1.507197022438049316e-01 1.626722216606140137e-01 9.974572062492370605e-02 1.073502302169799805e-01 8.136340975761413574e-02 2.570924758911132812e-01 3.401761353015899658e-01 3.633974790573120117e-01 1.865299940109252930e-01 4.730911552906036377e-01 3.054274916648864746e-01 2.103405594825744629e-01 2.728045284748077393e-01 2.672474682331085205e-01 2.519142329692840576e-01 1.548337936401367188e-01 1.592808961868286133e-01 2.854343056678771973e-01 9.407559037208557129e-02 3.897364437580108643e-01 1.822684109210968018e-01 2.525907754898071289e-01 2.678480744361877441e-01 8.232817053794860840e-02 2.531909346580505371e-01 1.735884249210357666e-01 1.176692545413970947e-01 1.796859204769134521e-01 1.804144680500030518e-01 7.918015122413635254e-02 1.521657407283782959e-01 2.688776254653930664e-01 1.463533639907836914e-01 1.819653809070587158e-01 1.800635159015655518e-01 1.965409219264984131e-01 2.741055488586425781e-01 1.005890071392059326e-01 3.748347759246826172e-01 9.248986840248107910e-02 1.622963547706604004e-01 1.652984619140625000e-01 8.877944946289062500e-02 3.765834569931030273e-01 3.833543360233306885e-01 9.769061207771301270e-02 1.886485219001770020e-01 2.718493044376373291e-01 1.654205918312072754e-01 1.587874591350555420e-01 9.643399715423583984e-02 1.229798793792724609e-01 2.155934572219848633e-01 1.838189363479614258e-01 2.303571999073028564e-01 2.333995699882507324e-01 1.610169112682342529e-01 2.826827764511108398e-01 8.127927780151367188e-02 3.608225286006927490e-01 3.589466214179992676e-01 1.022958755493164062e-01 1.038188934326171875e-01
2.878518402576446533e-01 2.461238503456115723e-01 2.503844499588012695e-01 2.128212749958038330e-01 2.041284143924713135e-01 2.627165317535400391e-01 2.248866260051727295e-01 1.866448223590850830e-01 2.534244358539581299e-01 2.395789623260498047e-01 2.399164140224456787e-01 2.253158092498779297e-01 1.821335256099700928e-01 1.814389228820800781e-01 1.735383570194244385e-01 1.660019457340240479e-01 1.791970133781433105e-01 1.748138666152954102e-01 1.787872314453125000e-01 1.738541424274444580e-01 1.779759526252746582e-01 1.948237717151641846e-01 1.652399897575378418e-01 1.673856675624847412e-01 1.552975177764892578e-01 1.715019047260284424e-01 1.847386658191680908e-01 1.712543368339538574e-01 1.915989816188812256e-01 1.929298937320709229e-01 1.804228127002716064e-01 1.987113654613494873e-01 1.992887556552886963e-01 2.195971310138702393e-01 2.473738193511962891e-01 1.795060336589813232e-01 2.528451681137084961e-01 3.203556835651397705e-01 1.819573938846588135e-01 1.759201884269714355e-01 1.414963304996490479e-01 1.572266221046447754e-01 1.555042564868927002e-01 1.661858260631561279e-01 1.638042330741882324e-01 1.763862371444702148e-01 1.821395754814147949e-01 1.732473075389862061e-01 1.948395669460296631e-01 1.972313225269317627e-01 1.856428682804107666e-01 1.730313301086425781e-01 1.703782677650451660e-01 1.548562347888946533e-01 1.627742350101470947e-01 1.672575175762176514e-01 4.246320724487304688e-01 1.327562034130096436e-01 1.268556714057922363e-01 1.256965994834899902e-01 1.419907212257385254e-01 1.252343654632568359e-01 1.233857274055480957e-01 1.422632038593292236e-01 1.579332053661346436e-01 1.362027227878570557e-01 1.215656697750091553e-01 1.332902014255523682e-01 1.433524191379547119e-01 1.526751816272735596e-01 1.588304638862609863e-01 1.301639378070831299e-01 1.287352740764617920e-01 1.304805576801300049e-01 1.129463315010070801e-01 1.238377094268798828e-01 1.490640938282012939e-01 1.125685274600982666e-01 1.306060254573822021e-01 9.668216109275817871e-02 1.004311442375183105e-01 1.024614572525024414e-01 1.024942696094512939e-01 1.163420081138610840e-01 1.254035532474517822e-01 1.066973507404327393e-01 9.560641646385192871e-02 1.083132028579711914e-01 9.602507948875427246e-02 1.079823970794677734e-01 9.488072991371154785e-02 9.986591339111328125e-02 1.088249981403350830e-01 9.666851162910461426e-02 9.207576513290405273e-02 1.179655492305755615e-01 1.708853244781494141e-01 1.712310612201690674e-01 1.176140606403350830e-01 1.142440438270568848e-01
2.327252626419067383e-01 2.744485437870025635e-01 1.671649813652038574e-01 2.710033655166625977e-01 1.702716052532196045e-01 1.795061826705932617e-01 1.737620830535888672e-01 1.529389619827270508e-01 1.470169126987457275e-01 1.757093966007232666e-01 1.550457179546356201e-01 1.427258849143981934e-01 1.029816269874572754e-01 9.269797801971435547e-02 1.085676550865173340e-01 1.161184012889862061e-01 8.870273828506469727e-02 9.712514281272888184e-02 1.062478125095367432e-01 1.006893217563629150e-01 1.633027195930480957e-01 1.194196045398712158e-01 1.205477118492126465e-01 1.590120792388916016e-01 8.085602521896362305e-02 9.402284026145935059e-02 9.756815433502197266e-02 3.321265578269958496e-01 4.464915394783020020e-01 3.858014941215515137e-01 1.486322879791259766e-01 1.901546120643615723e-01 1.819699704647064209e-01 1.005770862102508545e-01 3.915961384773254395e-01 9.126600623130798340e-02 2.362167239189147949e-01 2.950330376625061035e-01 9.460353851318359375e-02 1.522760689258575439e-01 4.593427181243896484e-01 2.361552119255065918e-01 1.692974567413330078e-01 1.579158902168273926e-01 1.799361109733581543e-01 1.983743906021118164e-01 1.806337535381317139e-01 8.892580866813659668e-02 1.632114350795745850e-01 1.672754585742950439e-01 1.602708399295806885e-01 1.638004779815673828e-01 1.574555933475494385e-01 3.940446376800537109e-01 1.644056439399719238e-01 1.815362572669982910e-01 1.903662681579589844e-01 1.849687993526458740e-01 2.633153498172760010e-01 2.363958358764648438e-01 1.868147850036621094e-01 3.689994513988494873e-01 9.203121066093444824e-02 1.574240028858184814e-01 9.125325083732604980e-02 4.286850988864898682e-01 2.405795753002166748e-01 1.738942563533782959e-01 9.400218725204467773e-02 1.601674854755401611e-01 8.408159017562866211e-02 2.101732790470123291e-01 8.592453598976135254e-02 1.065855622291564941e-01 2.095719873905181885e-01 2.829208970069885254e-01 9.753796458244323730e-02 1.026829183101654053e-01 9.535637497901916504e-02 1.931462287902832031e-01 9.286504983901977539e-02 2.674536705017089844e-01 1.038499474525451660e-01 2.486371994018554688e-01 1.892104148864746094e-01 2.305141091346740723e-01 4.620152711868286133e-01 2.808402776718139648e-01 2.138953804969787598e-01 2.931888699531555176e-01 1.692592799663543701e-01 1.000676155090332031e-01 3.363621532917022705e-01 3.950247168540954590e-01 1.000511646270751953e-01 2.613613009452819824e-01 4.041063189506530762e-01 2.185708284378051758e-01 4.750436246395111084e-01 2.707241177558898926e-01
3.647466897964477539e-01 2.342984676361083984e-01 2.175347805023193359e-01 3.621801733970642090e-01 2.621460556983947754e-01 2.197705507278442383e-01 2.418259084224700928e-01 2.398909330368041992e-01 2.554742395877838135e-01 2.463697195053100586e-01 2.139381468296051025e-01 2.453908622264862061e-01 1.917372047901153564e-01 1.886486411094665527e-01 1.843552887439727783e-01 1.950916647911071777e-01 1.863118708133697510e-01 2.079445719718933105e-01 1.920975446701049805e-01 2.088977694511413574e-01 1.673513948917388916e-01 1.772779226303100586e-01 1.709391176700592041e-01 1.729862093925476074e-01 1.686459183692932129e-01 1.765313744544982910e-01 1.814364790916442871e-01 1.769213378429412842e-01 1.825444996356964111e-01 1.611337363719940186e-01 1.659579277038574219e-01 1.657623350620269775e-01 1.822404563426971436e-01 1.648607552051544189e-01 1.601967811584472656e-01 1.663597524166107178e-01 2.278530597686767578e-01 2.454705238342285156e-01 2.511969804763793945e-01 1.948882639408111572e-01 2.477645576000213623e-01 2.168999016284942627e-01 2.051239311695098877e-01 3.248008787631988525e-01 1.170985698699951172e-01 1.062969267368316650e-01 1.583031415939331055e-01 2.046221792697906494e-01 1.063985824584960938e-01 1.028604507446289062e-01 9.392410516738891602e-02 1.033935248851776123e-01 1.038993597030639648e-01 1.297260820865631104e-01 1.445398330688476562e-01 1.204031705856323242e-01 1.550875008106231689e-01 1.053149700164794922e-01 1.285242140293121338e-01 1.473684310913085938e-01 4.312326312065124512e-01 6.674706935882568359e-02 3.789904117584228516e-01 1.560432612895965576e-01 4.623502194881439209e-01 1.752778291702270508e-01 1.707570254802703857e-01 1.621038913726806641e-01 1.734187602996826172e-01 2.289476990699768066e-01 9.291490912437438965e-02 3.571571111679077148e-01 4.614070355892181396e-01 1.556563973426818848e-01 3.391582071781158447e-01 2.769518196582794189e-01 1.552390456199645996e-01 1.870340704917907715e-01 1.616476178169250488e-01 3.710725903511047363e-01 1.852079331874847412e-01 2.040933072566986084e-01 1.063642203807830811e-01 2.064960896968841553e-01 4.592755436897277832e-01 1.825309991836547852e-01 2.061407864093780518e-01 1.726166307926177979e-01 2.865197658538818359e-01 1.480853259563446045e-01 1.620856821537017822e-01 1.596928536891937256e-01 1.767418384552001953e-01 2.151688933372497559e-01 1.989713013172149658e-01 3.435910046100616455e-01 3.293239176273345947e-01 1.132484674453735352e-01 1.950289011001586914e-01 1.661538183689117432e-01
3.668073415756225586e-01 1.552454829216003418e-01 3.398469090461730957e-01 2.338900566101074219e-01 1.662391722202301025e-01 1.480156183242797852e-01 1.401734352111816406e-01 1.621488332748413086e-01 1.687808930873870850e-01 1.655763089656829834e-01 1.739006638526916504e-01 1.541908085346221924e-01 3.260835707187652588e-01 1.786451637744903564e-01 1.558101773262023926e-01 2.095386981964111328e-01 1.578294336795806885e-01 2.343533039093017578e-01 2.567379474639892578e-01 1.721681952476501465e-01 2.069073021411895752e-01 2.014108598232269287e-01 2.366887629032135010e-01 2.556306123733520508e-01 2.419646680355072021e-01 1.505635678768157959e-01 1.722273826599121094e-01 1.506510376930236816e-01 1.634869277477264404e-01 1.788630783557891846e-01 1.649976670742034912e-01 1.782386600971221924e-01 1.003923714160919189e-01 9.310433268547058105e-02 8.777835965156555176e-02 2.342374920845031738e-01 8.283782005310058594e-02 4.393894374370574951e-01 4.532552361488342285e-01 9.835439920425415039e-02 1.251276433467864990e-01 3.729218244552612305e-01 8.578085899353027344e-02 1.201123893260955811e-01 3.746365904808044434e-01 4.365054368972778320e-01 4.447065293788909912e-01 1.107354760169982910e-01 1.700053513050079346e-01 1.665771603584289551e-01 1.976461410522460938e-01 1.687598228454589844e-01 7.564762234687805176e-02 2.576828002929687500e-01 4.307528436183929443e-01 2.461275756359100342e-01 2.953243851661682129e-01 1.812443137168884277e-01 1.872186064720153809e-01 3.747542500495910645e-01 2.843807935714721680e-01 9.839504957199096680e-02 2.676993906497955322e-01 2.680466175079345703e-01 1.560553312301635742e-01 1.766568720340728760e-01 3.798894584178924561e-01 1.589199602603912354e-01 3.300731182098388672e-01 3.341613113880157471e-01 2.529656887054443359e-01 2.707786858081817627e-01 1.653182506561279297e-01 1.643450558185577393e-01 3.613263070583343506e-01 1.668520867824554443e-01 2.353504896163940430e-01 1.780432164669036865e-01 2.599034011363983154e-01 2.557764351367950439e-01 2.886555194854736328e-01 1.663389205932617188e-01 3.070124387741088867e-01 2.778142094612121582e-01 3.675828576087951660e-01 1.881114840507507324e-01 2.502111196517944336e-01 2.280831336975097656e-01 1.187583208084106445e-01 1.640629470348358154e-01 1.504954695701599121e-01 1.709910929203033447e-01 1.832776963710784912e-01 1.066894531250000000e-01 1.499913334846496582e-01 2.736264467239379883e-01 3.108831644058227539e-01 1.631473600864410400e-01 2.665915787220001221e-01 9.495615959167480469e-02
1.780744493007659912e-01 2.837785482406616211e-01 2.397570013999938965e-01 3.414320349693298340e-01 1.750074326992034912e-01 1.781057417392730713e-01 1.489672958850860596e-01 1.642316579818725586e-01 1.776724159717559814e-01 1.803176701068878174e-01 1.736472249031066895e-01 1.850118339061737061e-01 1.418634653091430664e-01 1.323325634002685547e-01 1.552562713623046875e-01 1.424144804477691650e-01 2.516813874244689941e-01 2.644172906875610352e-01 2.615861892700195312e-01 1.642088890075683594e-01 1.709426343441009521e-01 1.553947627544403076e-01 3.699575364589691162e-01 9.971204400062561035e-02 3.545579016208648682e-01 1.488967239856719971e-01 1.674411296844482422e-01 9.697923064231872559e-02 1.656786501407623291e-01 9.466305375099182129e-02 1.018488109111785889e-01 3.665721416473388672e-01 9.846344590187072754e-02 4.262401163578033447e-01 4.211477339267730713e-01 8.595383167266845703e-02 1.998141407966613770e-01 1.851528882980346680e-01 3.195083737373352051e-01 9.826767444610595703e-02 2.513688802719116211e-01 8.510199189186096191e-02 3.156145513057708740e-01 8.093190193176269531e-02 2.558312714099884033e-01 1.523118615150451660e-01 1.936176121234893799e-01 1.053374707698822021e-01 9.494313597679138184e-02 1.325401663780212402e-01 8.759763836860656738e-02 3.620042204856872559e-01 3.264655768871307373e-01 9.528326988220214844e-02 1.132292449474334717e-01 9.618791937828063965e-02 1.909514963626861572e-01 1.635180711746215820e-01 2.537695169448852539e-01 1.830817461013793945e-01 1.588437557220458984e-01 1.675812005996704102e-01 1.738239228725433350e-01 1.781757473945617676e-01 9.154185652732849121e-02 4.839965105056762695e-01 9.147256612777709961e-02 1.039747595787048340e-01 2.380643486976623535e-01 2.084213495254516602e-01 2.943449020385742188e-01 1.660573482513427734e-01 1.595977544784545898e-01 1.896554231643676758e-01 2.069964706897735596e-01 3.512471020221710205e-01 1.824775040149688721e-01 1.680624485015869141e-01 3.740064501762390137e-01 1.650035679340362549e-01 1.670971214771270752e-01 2.507103681564331055e-01 3.298483788967132568e-01 6.851464509963989258e-02 1.630399227142333984e-01 2.712318301200866699e-01 1.710266172885894775e-01 2.846228182315826416e-01 3.249302506446838379e-01 1.589497625827789307e-01 2.624483704566955566e-01 1.604360640048980713e-01 3.977019190788269043e-01 1.964006423950195312e-01 2.096397876739501953e-01 2.691399157047271729e-01 2.738721668720245361e-01 2.698256969451904297e-01 2.153409421443939209e-01 2.029128968715667725e-01
2.307167947292327881e-01 3.180326223373413086e-01 2.330237925052642822e-01 2.924672961235046387e-01 1.959126293659210205e-01 2.064909040927886963e-01 1.966382861137390137e-01 1.976401805877685547e-01 1.992909610271453857e-01 1.813259422779083252e-01 1.976490616798400879e-01 1.805417239665985107e-01 1.482901275157928467e-01 1.517703831195831299e-01 1.467304527759552002e-01 1.567275524139404297e-01 1.482645273208618164e-01 1.644594073295593262e-01 1.480644941329956055e-01 1.382215917110443115e-01 1.627660989761352539e-01 1.434673964977264404e-01 1.180209219455718994e-01 1.288460791110992432e-01 1.266059875488281250e-01 1.335335373878479004e-01 1.620714962482452393e-01 1.490754485130310059e-01 1.008299887180328369e-01 9.969100356101989746e-02 1.068170070648193359e-01 9.825852513313293457e-02 1.163660585880279541e-01 9.394091367721557617e-02 4.213108122348785400e-01 4.040206074714660645e-01 4.481427669525146484e-01 3.053314983844757080e-01 9.681314229965209961e-02 2.712006568908691406e-01 9.956058859825134277e-02 1.967368125915527344e-01 1.906945109367370605e-01 1.605690717697143555e-01 7.883539795875549316e-02 1.855164170265197754e-01 1.890706121921539307e-01 1.613272726535797119e-01 1.673861742019653320e-01 3.611720204353332520e-01 3.478313982486724854e-01 2.593652307987213135e-01 2.779672145843505859e-01 3.330101072788238525e-01 1.719314754009246826e-01 1.855527162551879883e-01 1.484111547470092773e-01 1.645127534866333008e-01 1.801323294639587402e-01 1.483649909496307373e-01 1.674864888191223145e-01 1.708327829837799072e-01 1.724129021167755127e-01 1.832436621189117432e-01 1.887296438217163086e-01 2.664061784744262695e-01 1.743478775024414062e-01 3.670602738857269287e-01 2.029667496681213379e-01 1.720363199710845947e-01 1.568483114242553711e-01 4.534808099269866943e-01 1.580156385898590088e-01 3.081358671188354492e-01 2.717673182487487793e-01 1.722794175148010254e-01 1.528594493865966797e-01 4.796175956726074219e-01 2.132973074913024902e-01 2.770220935344696045e-01 1.554393768310546875e-01 3.831246495246887207e-01 2.920558452606201172e-01 8.490464091300964355e-02 1.552687585353851318e-01 1.511100828647613525e-01 1.656517088413238525e-01 1.602379083633422852e-01 1.636665463447570801e-01 3.630955219268798828e-01 9.079411625862121582e-02 1.101393699645996094e-01 3.388459086418151855e-01 1.669571399688720703e-01 9.056079387664794922e-02 1.573320329189300537e-01 3.649375140666961670e-01 1.819058656692504883e-01 1.614846885204315186e-01 7.892194390296936035e-02
2.006365656852722168e-01 2.804635763168334961e-01 3.148115277290344238e-01 2.345558106899261475e-01 1.837660670280456543e-01 1.701014041900634766e-01 1.921339035034179688e-01 1.981359124183654785e-01 1.727066338062286377e-01 1.890714764595031738e-01 1.672452390193939209e-01 1.842227578163146973e-01 1.834856271743774414e-01 1.713890731334686279e-01 1.683611869812011719e-01 1.673817932605743408e-01 1.551792621612548828e-01 1.611676812171936035e-01 1.670569777488708496e-01 1.607435643672943115e-01 1.657112836837768555e-01 1.761541962623596191e-01 1.543748080730438232e-01 1.845240294933319092e-01 1.659955978393554688e-01 1.773126721382141113e-01 2.369457185268402100e-01 2.131641805171966553e-01 1.855480074882507324e-01 1.705123186111450195e-01 1.745563149452209473e-01 1.660543680191040039e-01 1.687189936637878418e-01 2.304874658584594727e-01 1.580546498298645020e-01 1.754833161830902100e-01 3.068070411682128906e-01 2.633741199970245361e-01 1.837324500083923340e-01 2.891025543212890625e-01 2.469407021999359131e-01 1.757099330425262451e-01 1.876837313175201416e-01 1.730145812034606934e-01 1.907468736171722412e-01 1.873424053192138672e-01 1.811618208885192871e-01 1.949629485607147217e-01 1.855837106704711914e-01 1.739716529846191406e-01 1.654411256313323975e-01 2.917281985282897949e-01 2.648157179355621338e-01 2.701771855354309082e-01 3.539224863052368164e-01 2.907699942588806152e-01 1.601426899433135986e-01 1.842582821846008301e-01 1.449472904205322266e-01 1.615744233131408691e-01 1.571207344532012939e-01 9.107035398483276367e-02 1.613301336765289307e-01 1.489941775798797607e-01 1.636904478073120117e-01 1.771817505359649658e-01 2.292648553848266602e-01 2.447169125080108643e-01 2.463047802448272705e-01 2.520068287849426270e-01 2.486590147018432617e-01 2.431352138519287109e-01 2.427866756916046143e-01 2.378624677658081055e-01 8.898082375526428223e-02 7.862502336502075195e-02 1.348161101341247559e-01 2.075247168540954590e-01 9.931939840316772461e-02 4.533862471580505371e-01 1.510822474956512451e-01 8.637052774429321289e-02 1.658978164196014404e-01 1.026956140995025635e-01 2.581419944763183594e-01 1.823215484619140625e-01 2.404988408088684082e-01 3.397380113601684570e-01 2.876650094985961914e-01 4.308192431926727295e-01 3.740457892417907715e-01 2.671218216419219971e-01 2.823399305343627930e-01 2.657504677772521973e-01 2.657120823860168457e-01 2.482618391513824463e-01 1.620017588138580322e-01 1.709280014038085938e-01 3.743949532508850098e-01 8.933579921722412109e-02
2.569400072097778320e-01 2.251608073711395264e-01 4.624149203300476074e-01 2.727510333061218262e-01 2.090499103069305420e-01 2.121304869651794434e-01 2.207004427909851074e-01 2.204991877079010010e-01 2.408435642719268799e-01 2.232697308063507080e-01 2.608755826950073242e-01 2.407127618789672852e-01 2.014549374580383301e-01 1.961318850517272949e-01 2.019343674182891846e-01 1.931788921356201172e-01 2.021401226520538330e-01 1.946466267108917236e-01 1.984349191188812256e-01 2.019920051097869873e-01 1.843999028205871582e-01 1.711010932922363281e-01 1.781264841556549072e-01 1.779227554798126221e-01 1.854202747344970703e-01 1.752915978431701660e-01 1.980671286582946777e-01 1.955660879611968994e-01 1.613760292530059814e-01 1.918866038322448730e-01 1.992387771606445312e-01 1.755218207836151123e-01 1.751440465450286865e-01 1.745862662792205811e-01 1.696128249168395996e-01 1.705808043479919434e-01 1.561546623706817627e-01 1.748659014701843262e-01 1.517566740512847900e-01 1.504790186882019043e-01 1.562641263008117676e-01 1.774770319461822510e-01 1.630120575428009033e-01 1.655027568340301514e-01 1.771568357944488525e-01 1.662048101425170898e-01 1.791000962257385254e-01 1.748307347297668457e-01 1.731772720813751221e-01 3.669028878211975098e-01 3.614434003829956055e-01 1.696604192256927490e-01 2.579889297485351562e-01 1.594769954681396484e-01 1.619225740432739258e-01 1.553135216236114502e-01 1.710534691810607910e-01 1.628263890743255615e-01 1.739408075809478760e-01 1.747815608978271484e-01 1.678971052169799805e-01 1.757471263408660889e-01 1.698419451713562012e-01 1.555577516555786133e-01 1.942414343357086182e-01 1.604970097541809082e-01 1.995934844017028809e-01 1.765084564685821533e-01 1.609058678150177002e-01 1.646060943603515625e-01 2.227750718593597412e-01 1.841444373130798340e-01 1.583161354064941406e-01 1.756015419960021973e-01 1.771153509616851807e-01 2.745615839958190918e-01 2.915066480636596680e-01 2.760357260704040527e-01 2.597517967224121094e-01 2.723246812820434570e-01 2.801431417465209961e-01 2.750141620635986328e-01 2.682882845401763916e-01 1.673006117343902588e-01 1.884519457817077637e-01 3.906129598617553711e-01 1.734648346900939941e-01 1.756213605403900146e-01 1.720250546932220459e-01 1.912275850772857666e-01 1.719712018966674805e-01 1.694190800189971924e-01 1.714140474796295166e-01 1.707960665225982666e-01 1.715730726718902588e-01 1.747984886169433594e-01 1.649317443370819092e-01 1.900428831577301025e-01 1.646502315998077393e-01 1.700904667377471924e-01
