1.027537151451768516e+01 9.173563014638833835e+00 9.083664632665698235e+00 3.496785793633296446e+00 3.267859736393237569e+00 2.704154926795383940e+00 2.957927178411647873e+00 2.935717897579587454e+00 3.144428374027383288e+00 2.906050481981244271e+00 3.330491102255623392e+00 2.918674921578374271e+00 2.884467832487204841e+00 2.895892072340537471e+00 3.300483664973028475e+00 3.310679428125249402e+00 3.208796503626066610e+00 2.698753329751820029e+00 3.049418495646837979e+00 3.018667479116341035e+00 2.680814393121620398e+00 2.505445416682752668e+00 2.636185848867070636e+00 2.423448000591376328e+00 2.614442265085104911e+00 2.621794448536017619e+00 2.626960404268626093e+00 2.614102767048210652e+00 2.531703364335257334e+00 2.604201293711004173e+00 2.502810248629800061e+00 2.494466800730803513e+00 2.478761045531979512e+00 2.584440587923444443e+00 2.483623634895373744e+00 2.476278433409230040e+00 2.569372286108033254e+00 2.461180109145312045e+00 2.548900990856104443e+00 2.680173797854061402e+00 1.064069444269969367e+01 2.649124825977045461e+00 2.611103838630790985e+00 2.441485033826581219e+00 3.236540038832302457e+00 2.516770687185484690e+00 2.673424332511835644e+00 2.400356723059867914e+00 2.569415399740481831e+00 2.527973598755639095e+00 3.223162594334832320e+00 2.715714442216116353e+00 3.168617390969703518e+00 3.556208597586072440e+00 9.173469456310929360e+00 2.522346833348274142e+00 2.973515462053232916e+00 2.760851098956732752e+00 2.387169711651472959e+00 2.377126504429455167e+00 2.436785298791424914e+00 2.508589919065606910e+00 4.486297768559948551e+00 5.734737303339200842e+00 2.359338378238266642e+00 3.808804213589635168e+00 2.420295643498157290e+00 2.398743714649101744e+00 3.322979206360619386e+00 2.355372622249455095e+00 3.563856292695834593e+00 2.827279606358758191e+00 2.428726191407647228e+00 2.385508702232919553e+00 2.374405632758962437e+00 2.399046033723600591e+00 2.429062198462156985e+00 2.600874038400320831e+00 2.446765668330521226e+00 2.559117874451751984e+00 2.382833562431664109e+00 2.470251252322360980e+00 2.301115250381930100e+00 2.628215586984979257e+00 2.609129338994108149e+00 9.017627813487216315e+00 2.540624569818890954e+00 2.343352297153965758e+00 2.423738973973125876e+00 2.538388595601607900e+00 2.794102706169259598e+00 2.514737713593861113e+00 2.418599375157520548e+00 2.358413093357250467e+00 2.452394702876436128e+00 2.337829213923421356e+00 2.391534137828596585e+00 2.398412769519049359e+00 2.697252730973835444e+00 2.533219672533972400e+00
9.611712024540736365e+00 4.145567414883909230e+00 8.713348203280876447e+00 5.298682533769771830e+00 3.788119444764893373e+00 3.685411601128249171e+00 3.090554835673036127e+00 3.223028191513028329e+00 3.712649642085206647e+00 3.346391479722384599e+00 3.838614410367505059e+00 4.362004482643357051e+00 3.849244451728360161e+00 3.287834439400968645e+00 3.073690597969910066e+00 4.028463108991753749e+00 3.152948814733274929e+00 3.469204240009702289e+00 3.678577304914079527e+00 3.390638285053186873e+00 2.586113815780343383e+00 2.893095097254062331e+00 2.570808301711904331e+00 2.592193012504741656e+00 2.651352770934844560e+00 2.679061745415473705e+00 2.460132116233479938e+00 2.661470685179891049e+00 2.437812345808949566e+00 2.627798763688268036e+00 2.753852028374013994e+00 2.563012239850800178e+00 2.452046477383580392e+00 2.570441399463291532e+00 2.501041193306445809e+00 2.519265168648341380e+00 2.425754667201946102e+00 2.344807338611832659e+00 2.677593787322784191e+00 2.465692029328181434e+00 2.708523367602249543e+00 2.881342181409227265e+00 3.021436526343740159e+00 2.529346776676588693e+00 2.622371333375058899e+00 2.413976790833062047e+00 2.513842451161351299e+00 1.107689548443103611e+01 2.429650254444829294e+00 2.348448433238884192e+00 2.528671795232542596e+00 2.368735579170029304e+00 2.478684593017758786e+00 2.598900236960115073e+00 2.378752604024163553e+00 2.542701006141201869e+00 2.366363631188869388e+00 2.316539457851442663e+00 2.432286818890735614e+00 4.419267415794832843e+00 2.412716546192251066e+00 2.379488328561700339e+00 2.435043647679789203e+00 2.512604723356920644e+00 2.519864395774643828e+00 2.384703681695049760e+00 2.662159281455236837e+00 2.601262410190598562e+00 2.690547426558773658e+00 2.369222920310908087e+00 2.552744562461457978e+00 2.780921629430918696e+00 2.741135077743694470e+00 2.718025996202024785e+00 2.784118671098659625e+00 2.338844217051719632e+00 3.052609951742764061e+00 2.569228632182910310e+00 2.380651872990460216e+00 2.464650320184641696e+00 2.363004084291128848e+00 2.493827601856198672e+00 2.392607440362716442e+00 2.486253566474749821e+00 2.554658668102888885e+00 2.586262880728162461e+00 2.479946757698880955e+00 2.575785220748391335e+00 2.457006988802860281e+00 3.813251725147510207e+00 2.475960579463119871e+00 2.414255545776465617e+00 2.615972188115119668e+00 2.413258172109209010e+00 2.438867146136431518e+00 2.344392784453671386e+00 2.450064646683889791e+00 2.503569362749313409e+00 2.380663916879686592e+00 2.430060619424128987e+00
7.636825587009560934e+00 7.846862636763472842e+00 3.935304149471479995e+00 1.058757006916506427e+01 3.310054891376659647e+00 3.255083439062381512e+00 3.065494818625778883e+00 3.755945154716228362e+00 3.144050998831616983e+00 3.218815273971392887e+00 3.577853386566556271e+00 3.186326795508121368e+00 3.043917754703554301e+00 3.662684258510326085e+00 3.739701613681069237e+00 3.694864134130806388e+00 3.167854262220448192e+00 3.303542114640103833e+00 3.649852803657794631e+00 3.163708720638833682e+00 2.529244490892722297e+00 2.492123653354315849e+00 2.485276091407084831e+00 2.504997698191938404e+00 2.577435757219791235e+00 2.452402732135920527e+00 2.988451979283628379e+00 2.713800685672924207e+00 2.534282851219177068e+00 2.752885724449979588e+00 2.620646788077107381e+00 2.564310536199602364e+00 2.501416299363662166e+00 2.470833548184098838e+00 2.626182962491594441e+00 2.541639049299831754e+00 2.576899716874648583e+00 2.935537413790307859e+00 2.857318113384575309e+00 2.488997129530742036e+00 2.469531935402031309e+00 2.402795174255452970e+00 2.465655548562263544e+00 2.357272414863109233e+00 3.213632910621576855e+00 2.688484081420404959e+00 3.159219666390582937e+00 3.035622482361464591e+00 2.925528418195658453e+00 5.435812860110710076e+00 2.252573663972575080e+00 2.676566740305259096e+00 4.241443755092291212e+00 2.864504998819580983e+00 4.314130546615040807e+00 1.048661085860482522e+01 2.765114984841182011e+00 3.017878167999201722e+00 2.484013403078605187e+00 2.569559751862081853e+00 2.459543711152569756e+00 2.516226792129976797e+00 4.232870600552393725e+00 3.290751155183232690e+00 2.467065556347369792e+00 1.083553454793732662e+01 2.702804440259933383e+00 2.475126234673220349e+00 2.724047242618840237e+00 2.729819756540758480e+00 2.482848113158653280e+00 2.662481499129328189e+00 2.674232844032089940e+00 2.402765326356065323e+00 3.396113541825064086e+00 2.504439141010415870e+00 2.627210358607357854e+00 2.962553777365848795e+00 2.401980902614264224e+00 3.008698978917351941e+00 2.628919194484578892e+00 2.494210213525541509e+00 6.087702153880020006e+00 3.063119903309591496e+00 2.490420403048909659e+00 2.576609092591137351e+00 2.619986817857314687e+00 2.611409474138555620e+00 2.409276881248786140e+00 2.683552370605797321e+00 3.095397875535076615e+00 2.416691902382620327e+00 3.754752984231915391e+00 2.721626246335177246e+00 2.751609072191961491e+00 2.462386592657401341e+00 2.608424509650673961e+00 2.686443253118416141e+00 3.105375452288265503e+00 2.987865843341268146e+00
4.768790855900994607e+00 8.662724769526514379e+00 4.780265714998902737e+00 9.848044550007786668e+00 4.116360459862083765e+00 4.741221869813984746e+00 4.594053572724605239e+00 4.225726305102479152e+00 4.660789635674706055e+00 4.561019453714633798e+00 4.302377456221086582e+00 4.322361933979494530e+00 3.913140600508656419e+00 4.512933964153815758e+00 4.403152342911424100e+00 4.628721471490530703e+00 4.149705625402515530e+00 4.504605178380834296e+00 4.512166646225698408e+00 4.140425896027991826e+00 3.509303060071221392e+00 3.311565788552678580e+00 3.574876276789039853e+00 3.293725472174841684e+00 2.997059694549132569e+00 3.256815664521578668e+00 3.381671347700315966e+00 3.080868057752477629e+00 3.415393190240037402e+00 3.291002855013156481e+00 3.053363654839581276e+00 3.206023965416282984e+00 3.284746665481863115e+00 2.803945356453287019e+00 2.831524640938331228e+00 2.664250205354443679e+00 2.685355986654758276e+00 2.613936770835826984e+00 2.698751758809747159e+00 2.632161793472437950e+00 2.436733108604776099e+00 2.463348532853455009e+00 2.589158999714357812e+00 2.796623893647358194e+00 2.405033068513047656e+00 2.713464678618414450e+00 2.560139335897461788e+00 2.598310610035369894e+00 2.543899809492045083e+00 2.513725328702351103e+00 2.381861672935814411e+00 2.418972561174425273e+00 2.436985855729415285e+00 2.505570917499476025e+00 2.413226055071271414e+00 3.010291215982930257e+00 2.543002452470104924e+00 2.392183460552116614e+00 2.366884136662400717e+00 2.487787155036268238e+00 2.895874617428614961e+00 2.396881973743438365e+00 2.403112504554205664e+00 1.044685974038880261e+01 2.490141299007267328e+00 2.408355960095750703e+00 2.401875824044490404e+00 2.379349038364558133e+00 2.539485287717703876e+00 2.390658424897440515e+00 2.484426386294693589e+00 2.570291461769876662e+00 2.456966842505438287e+00 2.330486979772304235e+00 2.433205645454340704e+00 2.841175112642090550e+00 2.455868753996388598e+00 2.640694103518436364e+00 2.744415379341305972e+00 2.992041407371389017e+00 2.748881916753176835e+00 2.451155578679051761e+00 2.450118582361730635e+00 2.371859310207695692e+00 2.601509048096064536e+00 2.852693958118043938e+00 2.471657594575964012e+00 2.356841453087740845e+00 2.399106253169733804e+00 2.501726298599407539e+00 2.445751537947818743e+00 2.425636497448230511e+00 1.075683244466781474e+01 2.310435824250352432e+00 2.429640130595914105e+00 2.460099126449946549e+00 2.320797059967599996e+00 2.385061507389463209e+00 2.358958908453069547e+00 2.424277283456818477e+00
1.073294016122817851e+01 2.749689555527834894e+00 8.996869035835922901e+00 8.154863634191709565e+00 2.489422331185176418e+00 2.526371237841145589e+00 2.407010011837400043e+00 2.781318728677157459e+00 2.530929413540609740e+00 2.491025739394384875e+00 2.465317796016561314e+00 2.509975315424902487e+00 2.594921389787361310e+00 2.520377221086929520e+00 2.481891234887056985e+00 2.461677225036867700e+00 2.431848351503240302e+00 2.391610241244578994e+00 2.477535012518537361e+00 2.388887973181132551e+00 2.685720096117463207e+00 2.598548345935755677e+00 2.357671957797017548e+00 2.359156672605152494e+00 2.343550759502525782e+00 2.742030165627084681e+00 2.561660182373276751e+00 2.549488872289657149e+00 2.534183707319456857e+00 2.458962288036428578e+00 2.519338653827535524e+00 2.811428451743618773e+00 2.528282201598430312e+00 2.469842981932491632e+00 2.519012072425463877e+00 2.504425177080877862e+00 2.468926773605675251e+00 2.999605668002160996e+00 2.550861526563249715e+00 2.524587345842657093e+00 2.466387782117415828e+00 2.579649912797171041e+00 2.572285510907912798e+00 2.617798670098699265e+00 2.379897471697165923e+00 2.670006660757393568e+00 2.648011726243742370e+00 2.656197032640720046e+00 2.487560590279513040e+00 2.735579353827854554e+00 2.608894919526987710e+00 2.823662948608398171e+00 2.651929655773886285e+00 2.586293775922265503e+00 2.486148138806737684e+00 2.456789849698543193e+00 2.500030379357008670e+00 2.607142620919079334e+00 2.627301996894951142e+00 2.552977760084743863e+00 2.655023364363045424e+00 2.716192881351914501e+00 2.598997984466881128e+00 2.633396728490960736e+00 2.561736285789259160e+00 2.586201788536433455e+00 2.528946360997084586e+00 2.537740669271041583e+00 2.667627905360583362e+00 3.848778754678265468e+00 5.929131959224569037e+00 4.972649565030788033e+00 4.796151779437886731e+00 5.581499584276100379e+00 5.225597421156948919e+00 5.706685863486651300e+00 3.772060227599637106e+00 6.132410467082055838e+00 5.849522549633321411e+00 4.590587027216779248e+00 3.827121747259435658e+00 2.443424099992061116e+00 2.871828381665821439e+00 1.076203959399256149e+01 2.512278141954849442e+00 2.503193733044739133e+00 2.698032790987655805e+00 2.825229352404331262e+00 4.550226383476421610e+00 4.233294405813874839e+00 4.237941950662381885e+00 4.134946450077253921e+00 4.332526976486732018e+00 4.451478012060296585e+00 4.332385242601920261e+00 4.564012622011118125e+00 4.146763425448845020e+00 2.486232271482204492e+00 3.375861305717763994e+00 3.561316952109336409e+00
3.418553925690979600e+00 9.759986613947768674e+00 6.291688632965087180e+00 9.872209130073414940e+00 2.986713470056138853e+00 3.162835625944466322e+00 3.257931033393432152e+00 3.436891707058610468e+00 3.029812440378912175e+00 3.174225654170430566e+00 2.887130404751875989e+00 3.212048004619006303e+00 2.980281684110904106e+00 3.078181048611114523e+00 3.141065161598139532e+00 3.062768012285232100e+00 3.129414706086290021e+00 2.997812699449473151e+00 3.361577602193273062e+00 2.947807867773647672e+00 2.506988605445828799e+00 2.413269692351077911e+00 2.442252351754698125e+00 2.617172387858916593e+00 2.546603575348853621e+00 2.537709599527818938e+00 2.444964146870991062e+00 2.584095155216496131e+00 2.460990025154475180e+00 2.344748864656891918e+00 2.447110577390111619e+00 2.437889671068766972e+00 2.442419744360035505e+00 2.428928668385949230e+00 2.458646005032391280e+00 2.571048132201720460e+00 2.842447575721247066e+00 2.580554600882118965e+00 5.700012850658646713e+00 1.070410185394615787e+01 2.475520715682670847e+00 2.702463022182727492e+00 2.533094520815487360e+00 2.497079451947376239e+00 2.463055290333155511e+00 3.046789087714819821e+00 2.686751855961207358e+00 2.892924388215459164e+00 2.673464478809257638e+00 2.802338806359931933e+00 2.724186009168624523e+00 2.435520515873514036e+00 2.370395017646509839e+00 2.860714490146472055e+00 2.563174919629918946e+00 2.647214909514476133e+00 2.522274919111152869e+00 4.316229674322851650e+00 2.579712226832735045e+00 2.473058176708632150e+00 2.925197647614725227e+00 3.997579784228883604e+00 2.717326577881286731e+00 8.172812869219944432e+00 2.423731119262760636e+00 2.480059865528139174e+00 2.594956474160325488e+00 2.666277593374251964e+00 2.548371583377492477e+00 2.621017879504581760e+00 4.392521603354091475e+00 2.400840398669242592e+00 2.595611382455661253e+00 2.488303820429176749e+00 2.423233130625609633e+00 2.370534656941890361e+00 3.167152923859398506e+00 2.474374975264072241e+00 2.524529744633312589e+00 3.078705045067030355e+00 3.057321032470670108e+00 2.535357201048012321e+00 2.437652284266619507e+00 2.540672396277559031e+00 2.426794281756055494e+00 2.735371465826856419e+00 2.539944002803029566e+00 3.003738991145429527e+00 2.744671268350091342e+00 2.584801904600241951e+00 2.632310858420256583e+00 2.501883567355829729e+00 2.540743786867322385e+00 2.477624207118461541e+00 2.579739107397095665e+00 2.473861277206190312e+00 2.516577112212262879e+00 2.494430494514004781e+00 2.652443179282648611e+00 2.339363151583178091e+00
1.079280073437197274e+01 6.309211269945933509e+00 6.358597499543222398e+00 4.638095457389436405e+00 4.316750877992859614e+00 3.541514354533162212e+00 3.751431663591285659e+00 3.545165922107367251e+00 3.998044783082501219e+00 4.247883570297010358e+00 4.189366676273016843e+00 4.111259436401827116e+00 4.082129632090699900e+00 4.255816129569349293e+00 3.696063635678126680e+00 3.582469163475364926e+00 3.891442050399450903e+00 3.312301338541096207e+00 3.647760657914753235e+00 4.078968547541519385e+00 2.745785066279871511e+00 2.578119815218037125e+00 2.466095412342712567e+00 2.481028089492485211e+00 2.437073828485504912e+00 2.607027942147747801e+00 2.841842239375771850e+00 2.466262106751573313e+00 2.427132907047353516e+00 2.505589594255233532e+00 2.863122569795312433e+00 2.476780436676123909e+00 2.504940271531713059e+00 2.395210491377731454e+00 2.454076134541938625e+00 2.796566466987132848e+00 2.680238031929936593e+00 2.478781642328048207e+00 2.679465302979123553e+00 2.496290489928475687e+00 2.512771068667543073e+00 2.440476139917455711e+00 2.651038757069357210e+00 2.435038760304450545e+00 1.002180331082179521e+01 2.527763616165210170e+00 2.436764527446237061e+00 2.593825744965980729e+00 2.496351058472846773e+00 5.016101822770874463e+00 2.346647435426711947e+00 2.385554259553037681e+00 2.449055229127406808e+00 2.500935940187552831e+00 2.563837857184738667e+00 2.518797551557935055e+00 2.626745534302859397e+00 2.989436087217824056e+00 2.516982589816224802e+00 2.710820957658619523e+00 2.403963431510431903e+00 2.438060554656488854e+00 2.822967195819163777e+00 1.079604595159662139e+01 2.646004062274406543e+00 2.469478697920667543e+00 3.243661642896717545e+00 2.634361985120279748e+00 2.571977082614240739e+00 2.687719905376434237e+00 2.725467548801980833e+00 2.551734621257617519e+00 2.339726039202048469e+00 2.643684304479894553e+00 2.820727905168615379e+00 3.164444619725490071e+00 5.674852991515192180e+00 2.759923544937166628e+00 2.954750035343498560e+00 3.170836259373302823e+00 2.451503629622787894e+00 2.410300611833045892e+00 2.416163367649604155e+00 2.987430517837918575e+00 2.439870105375503417e+00 2.424152306287453040e+00 2.310186568108098193e+00 2.453878719488094440e+00 2.373348563292930535e+00 2.494756377719599350e+00 2.440206286979132333e+00 2.448535247301232953e+00 2.431389985516153374e+00 2.522666432785576340e+00 2.421707920421813931e+00 2.479416302925553595e+00 2.459227951795890377e+00 2.422337693643980661e+00 2.482624864835163425e+00 2.486359866888358638e+00
6.894906650329457598e+00 9.734198028876862807e+00 5.938652566383624709e+00 8.816439705881577993e+00 5.886114677889593416e+00 4.783881325454546918e+00 5.874708940242898692e+00 4.915109447877981985e+00 5.379304677350766895e+00 4.951759526441836812e+00 5.469561583214792577e+00 5.257236892704305831e+00 5.492146842849665589e+00 4.932760902108817014e+00 6.213271393858152969e+00 5.263649478246425595e+00 5.911852992814162100e+00 5.388919191935966246e+00 4.740565565125694825e+00 5.504136272751050996e+00 4.566505881630140706e+00 3.337721624970435563e+00 4.390892361875237349e+00 4.344086666456584034e+00 2.944759541955487059e+00 3.782306260898195216e+00 3.371897295220144475e+00 3.862079746661514879e+00 3.928471598748502824e+00 3.672347646848908465e+00 3.577885503604493866e+00 3.566824675017389534e+00 3.949023012046156023e+00 2.641115639641367085e+00 3.023916171131462605e+00 2.982346251093107803e+00 3.167720208496882517e+00 3.030553925037383856e+00 2.616976892845383595e+00 2.469305370645276110e+00 2.500116955720145029e+00 2.469398230776704395e+00 2.532200829325050861e+00 2.505695894668841905e+00 2.801337418062933349e+00 2.691627711057662520e+00 2.480571294447471153e+00 2.609186416556095178e+00 2.579020139575004311e+00 4.062972866255661231e+00 1.063553477073537756e+01 1.081172465168196517e+01 2.593291973759388025e+00 2.392403043344102809e+00 2.417343319695571147e+00 2.499079610304585586e+00 2.593247812832223609e+00 2.387724254203253516e+00 2.477483345979246465e+00 2.455771879235217892e+00 2.615553793876335131e+00 2.307453477999259484e+00 2.429545524973293791e+00 2.751015954284832254e+00 2.773935999130380470e+00 2.592385714732367230e+00 2.409489132977765014e+00 2.485697278431777235e+00 2.426791838068386387e+00 2.457860359446755627e+00 4.904943008977791230e+00 2.687232564235555454e+00 3.161745043047543113e+00 2.589787027445332512e+00 2.523712680206216419e+00 2.377970274871793244e+00 2.474728786328742824e+00 2.415284687383421502e+00 2.679846343706393963e+00 3.040213822393581289e+00 2.561823385799752995e+00 2.504527113766505497e+00 2.478822486821947280e+00 2.604370082709295708e+00 2.660698479876435929e+00 2.406344106947553296e+00 2.785575283498599397e+00 2.553447471764580534e+00 2.499994073140209938e+00 2.947200785936979983e+00 2.583743264192137179e+00 2.529409963457748489e+00 4.684036785569683836e+00 3.730679867904761249e+00 2.702943032260598510e+00 2.443228779527647720e+00 2.563024632838265315e+00 2.400769706275956317e+00 2.465211495602952940e+00 2.505885978659678770e+00
6.000047775383652748e+00 1.036326467620915359e+01 5.087862107568772885e+00 7.036230693808916747e+00 4.194879635654646499e+00 4.011645650452580369e+00 4.118766794019731670e+00 4.346249679142030864e+00 3.910726237091524560e+00 4.680040308935888405e+00 4.041656578717559789e+00 4.400462191885915253e+00 4.172771942409974955e+00 4.357248019144452478e+00 3.602468652458026277e+00 4.043984714869794495e+00 4.761295716721435589e+00 4.368028172747841609e+00 3.537849521225896243e+00 4.314357111371796449e+00 3.181180738375104511e+00 2.914185867330123525e+00 2.848704812547255827e+00 3.090423574735378320e+00 2.982702331296328335e+00 2.842695610019667196e+00 3.207990435793481865e+00 2.954464472984445145e+00 2.843382460803820955e+00 2.731321926260816380e+00 3.377015773592323633e+00 3.124278423703949592e+00 2.955352928001304669e+00 3.046573345003456446e+00 3.454382925197995391e+00 3.275867002688604757e+00 2.477225362381030749e+00 2.510278158146759253e+00 2.948816761682773180e+00 2.839292076743881843e+00 2.533905301474291605e+00 2.502033505049245043e+00 2.682403662852172133e+00 1.011909280069943051e+01 2.788142551944173153e+00 2.623482513068050803e+00 2.433010499539046023e+00 2.646394179555876303e+00 2.684177605550864598e+00 3.006322318109972525e+00 2.369639045411142675e+00 2.392378257369172534e+00 2.443528305816239143e+00 2.426120696704963109e+00 2.473887110475835982e+00 2.469185804498606363e+00 2.368468169919375477e+00 2.455170906617723414e+00 2.346196225953512737e+00 2.465929241581209741e+00 4.739503957382563470e+00 2.382518675820580523e+00 2.392488572412523329e+00 2.548325676959136032e+00 2.381725524622818391e+00 2.639366832015842768e+00 2.518441471354714523e+00 2.776418785802249101e+00 2.524918465521828637e+00 2.446728838466364575e+00 2.446331913769244970e+00 2.459447010940518652e+00 2.428893060365627132e+00 2.738030198010904748e+00 2.521209820385636569e+00 2.397893834987590900e+00 2.541050993317159890e+00 2.482493778446624777e+00 2.440787535546154796e+00 2.359526891287030637e+00 3.003756446057352036e+00 3.216417667269706460e+00 2.671542169359223173e+00 2.407802639387804700e+00 2.364157330321854378e+00 2.466396509573377305e+00 2.369593313541905388e+00 2.474442176674974014e+00 2.489152827345091357e+00 2.352642499475643412e+00 2.411699972121879920e+00 2.421775470930954466e+00 2.419867474508696326e+00 2.483818431712429664e+00 2.349196899862124877e+00 2.312736556190868598e+00 2.397622236558075492e+00 2.429448301113884767e+00 2.348904530087421616e+00 2.492239903067720252e+00
3.530034258961677107e+00 9.990483613260860096e+00 6.782995529832510861e+00 1.060571061002796966e+01 2.941641396489636406e+00 2.799867714479051362e+00 3.093090685277149365e+00 2.776551792231098936e+00 2.885747452080249520e+00 2.763943411152938179e+00 2.875676840646513188e+00 2.991000396424325913e+00 3.038960908815778073e+00 2.882963568177716152e+00 2.959025092371578403e+00 2.941488142362956193e+00 3.183816080977176277e+00 2.977109079319855134e+00 2.778579703898265141e+00 2.776970361019002631e+00 2.422846504326524375e+00 2.478509869349413641e+00 2.353088472475265203e+00 2.408465402393505261e+00 2.529668121605083808e+00 2.557882241236752119e+00 2.511708413629695880e+00 2.471267826392732569e+00 2.616509973951454349e+00 2.422814387288586779e+00 2.540958482283970366e+00 2.585565033349497277e+00 1.057415212927193338e+01 2.451191186699373858e+00 3.161159605301659514e+00 2.574729373126193988e+00 2.622022060587488212e+00 2.992047342041442626e+00 2.567673224981488644e+00 2.686090140250222191e+00 2.576646795200890239e+00 2.708965325972129357e+00 2.495659669411593118e+00 5.561841513370644918e+00 4.007873993084348108e+00 3.278524338479699374e+00 3.208714814638268908e+00 2.436616509793133378e+00 2.427384781426396465e+00 2.467604214929300710e+00 2.358080751834244371e+00 2.431654951079138094e+00 2.582071956375549426e+00 3.330756766015085191e+00 2.676254471930963774e+00 2.529132954005536948e+00 2.715241065004776022e+00 2.946589165823212841e+00 2.388111229600577090e+00 2.339635971856528052e+00 2.565389075207298752e+00 2.517896005357133760e+00 2.550061218851598976e+00 2.676260581150136986e+00 3.035540793373666890e+00 2.526017950423832481e+00 2.452970540420762013e+00 2.711306727857424992e+00 2.407450573814326145e+00 2.516831779377213696e+00 2.596483778953551980e+00 3.405298316478728715e+00 2.353057926379400921e+00 2.271357592888946897e+00 2.622703500348945838e+00 9.434558632456022664e+00 2.654041874665638456e+00 2.974200392797075043e+00 2.554027149389529683e+00 2.715090080016645757e+00 2.845949903798514313e+00 3.103463441236265385e+00 2.699282039033955360e+00 2.652262346395130699e+00 2.533320387375765481e+00 2.461246786908856343e+00 2.384750460859002441e+00 2.364428754202250627e+00 2.676518739297471861e+00 2.495506764383151221e+00 5.697093691188713116e+00 2.432934221573944455e+00 2.802704312215591020e+00 3.549550595982321255e+00 2.353365656476595902e+00 2.427497016510058891e+00 2.421719964311040307e+00 2.489153525541568435e+00 3.216468984710759038e+00 4.529187279939651312e+00
9.366844745340017653e+00 6.394788513923512774e+00 1.057708455447492746e+01 4.123139947652816772e+00 3.877786374605934672e+00 3.822581724668371095e+00 3.416697770357131514e+00 3.929257418883257635e+00 3.693662188895816989e+00 3.405536401477352815e+00 3.847082486337628282e+00 3.761786266442002535e+00 3.732308411187138741e+00 3.802878620090155426e+00 3.814226058331029012e+00 3.744327165340554764e+00 3.971400209130911740e+00 3.545009526096540853e+00 3.686136678169513292e+00 4.147765337393201079e+00 3.578097755333472740e+00 3.078526306768943233e+00 3.132539135320433044e+00 2.446040940387495422e+00 2.637016179027228180e+00 2.526967497632421011e+00 2.555536650172594904e+00 2.721183764317939957e+00 2.592738827600561180e+00 2.475317540507891767e+00 2.423293350071742402e+00 2.496276525998937235e+00 9.857787183646497198e+00 2.592141695063689522e+00 2.424262097683445916e+00 2.522621050014577815e+00 2.463196500570609349e+00 3.272825658835213591e+00 2.915313105542083782e+00 5.820389603438047565e+00 2.516672241482241112e+00 2.570421326314580757e+00 3.045796950521140189e+00 2.846208934691445425e+00 2.649172652435713537e+00 2.423748923272921907e+00 2.624435725808143438e+00 2.455040692974781003e+00 2.620560909910448544e+00 2.860862333250456579e+00 2.400182697587999403e+00 2.795952228636576997e+00 1.070079798821745065e+01 2.601324026029685044e+00 2.821589654170233441e+00 2.358836549520492376e+00 2.382988038402178876e+00 2.616626398213978355e+00 2.693002285371566273e+00 2.598469798832103717e+00 3.109759427966742429e+00 2.368627882363467219e+00 2.522423460411614027e+00 3.431486619032662055e+00 2.282068799590242225e+00 3.270060102590198969e+00 4.214781028032302146e+00 3.659695279392702449e+00 2.377236819472805962e+00 4.034545098502060334e+00 2.600899522571727740e+00 2.518620209652801645e+00 2.443605281977817789e+00 2.745562865251097051e+00 2.618630920299167997e+00 2.488570531483353943e+00 2.438195306576531163e+00 2.831097344694466056e+00 2.321247222146083367e+00 2.322434156156819363e+00 2.397605654391748775e+00 2.467415701880537160e+00 3.603197220481674901e+00 2.451390870891767992e+00 2.468764617473914402e+00 2.324304275420205013e+00 2.401128753814203876e+00 2.347003166531694163e+00 2.399086180021022585e+00 2.388771025271251069e+00 2.555725512319597659e+00 2.340277090771444524e+00 2.347841875049574423e+00 2.690816581300619958e+00 2.400366846908782659e+00 2.432863005533300260e+00 2.368553175340438521e+00 2.409018024904974187e+00 2.673142086586047572e+00 2.464782453867895740e+00
6.137804733062612428e+00 9.737566128681445221e+00 2.796824625134467723e+00 9.504894945539275497e+00 2.610054623875124324e+00 2.774461217430130855e+00 2.545083950716873655e+00 2.740185006887748020e+00 2.740181341356244360e+00 2.771289136286439359e+00 3.010265731811523349e+00 2.649643236861146445e+00 2.878172543953204876e+00 2.717756317812820566e+00 2.786036616820713352e+00 2.953430444002151045e+00 2.760621741414069685e+00 2.799843277602359848e+00 2.883120313286780867e+00 2.835063275232397206e+00 2.451741016424935360e+00 2.632547721575046129e+00 2.649798061929899973e+00 2.520661387053029223e+00 2.455866484857838650e+00 2.745974626623350900e+00 2.480126717840802630e+00 2.399251652586048777e+00 2.679335263885300300e+00 3.437384633771304099e+00 2.646452653510817044e+00 2.876583972419130220e+00 2.672072449583431375e+00 2.913485925362027551e+00 2.651882003864337367e+00 6.037230926957622756e+00 5.792612903899159171e+00 5.914927850098444573e+00 2.406003037968586167e+00 2.505556429922580541e+00 2.488089648659886688e+00 3.791875741810633915e+00 2.560551446367953954e+00 2.392299186618163542e+00 2.367229569369348585e+00 2.301754449256534940e+00 2.589112569648643891e+00 4.421711801660471508e+00 2.731410946311621402e+00 2.482754903928986678e+00 2.403247605572486734e+00 2.569257258238463404e+00 2.463574050315494812e+00 2.694770293400205130e+00 2.648022199190895876e+00 2.517695448419143389e+00 2.398283079523464423e+00 2.972025510771520995e+00 2.664387051863916778e+00 3.339253468040761952e+00 2.969235517649814859e+00 2.974093917834347511e+00 3.764652362979691080e+00 1.091473237070543867e+01 2.404603677679752138e+00 2.952536054315237912e+00 3.499651191974507913e+00 3.532652844848303442e+00 3.651145165336542764e+00 3.771233562970983222e+00 2.467253371199657153e+00 2.539698237643159384e+00 2.526841124070101419e+00 2.477093752345134181e+00 2.967172347060564874e+00 2.505177483784740922e+00 2.946066914858489039e+00 2.462599891681095610e+00 2.795276025348695903e+00 2.676548587196859508e+00 2.524886872131248960e+00 2.525259185402557449e+00 2.580701047593149333e+00 2.443078492735994089e+00 2.745765516778518212e+00 5.412122355452898326e+00 3.175032420199492389e+00 2.653641284437014747e+00 1.000067867821660350e+01 2.370125339257305619e+00 2.468945101263193997e+00 2.561476905798089732e+00 2.416794188166486723e+00 2.617323547396166461e+00 2.308183442415861819e+00 2.517000742924624390e+00 2.536996391826662478e+00 2.562164629327839727e+00 2.408084710764473613e+00 2.334738647218407959e+00
3.114094180793597566e+00 1.051570051661853000e+01 7.348633820024029539e+00 8.545920688119426956e+00 3.237722085467699795e+00 2.809438940882682534e+00 3.448974695287901238e+00 3.123543921010247360e+00 3.382897031615519801e+00 3.277495545970982249e+00 3.299846909786092297e+00 3.105859651544998101e+00 3.121082080232685740e+00 2.894272256514121455e+00 2.830245894090882341e+00 3.110217444855591040e+00 2.764033653047577754e+00 2.811917712924809187e+00 3.298239312398022260e+00 3.104793854623005167e+00 2.482303519906668754e+00 2.475083993786367564e+00 2.391624554272355319e+00 2.687326471661699134e+00 2.537881879508494976e+00 2.366866158103120732e+00 2.536726189790100783e+00 2.498411785374427208e+00 2.561487029647004920e+00 1.016733259168164416e+01 2.388220148250974173e+00 4.508274899063438923e+00 2.587470062436728391e+00 2.451986432486566780e+00 2.430124504401765861e+00 2.516366256876238161e+00 2.493218774528338955e+00 2.373788601622499161e+00 2.833412564211878149e+00 2.604309339615805019e+00 2.598544505855132414e+00 2.411587387939979177e+00 2.528281677951072393e+00 2.488679450133751025e+00 5.951651588390612702e+00 2.429704364671789296e+00 5.387369544855478587e+00 5.045183800623334491e+00 2.702789429035679980e+00 2.380168371930204252e+00 2.512068159364420517e+00 2.434754245240112525e+00 2.512457229351174881e+00 3.083682836849113595e+00 3.372059974999263243e+00 2.569752628638826142e+00 2.402756424350985132e+00 2.355209593372098009e+00 2.444702846839510002e+00 2.609171405331841775e+00 2.514116667827655416e+00 2.347107721454110507e+00 2.390593318075969087e+00 2.485246243507697628e+00 2.515319660357359766e+00 2.355664468376800880e+00 2.452560873637938954e+00 2.384863219590022343e+00 2.299931109157101528e+00 2.537475878257175577e+00 3.030302923403937143e+00 3.091415013732580874e+00 5.003632731889855911e+00 2.721691702254886991e+00 2.508806709071685237e+00 2.642510112554862456e+00 2.876982817156561012e+00 2.581346879334285305e+00 2.550200334499622024e+00 2.504833971118104685e+00 2.310969420907825977e+00 2.412562419319974616e+00 1.068204722363373271e+01 2.347239506039125789e+00 2.611290431639243348e+00 2.403783995015867703e+00 2.533006897157636050e+00 2.747554645250583238e+00 2.753611150589482470e+00 2.622317921344575975e+00 8.042164948068815988e+00 2.858103235322853486e+00 2.569506339831598485e+00 2.973104922524813620e+00 2.410976116924449908e+00 2.483859799853686212e+00 2.540894946404571808e+00 2.405561603246063829e+00 2.692998619840062613e+00 2.414603073072844275e+00
8.593565615703319338e+00 5.904297110541112836e+00 1.061639720530345343e+01 3.866974453062846262e+00 2.956927011958483842e+00 2.805033321113421518e+00 2.740828569490333599e+00 3.007044951463567539e+00 3.143638015615528580e+00 3.542701986740374842e+00 2.889601147534518244e+00 2.851619084641850765e+00 2.903864428812059639e+00 3.633737730774385888e+00 2.613806382643764969e+00 3.212790885670431251e+00 3.624001380903967284e+00 3.639103021601150623e+00 2.885536771293343961e+00 2.696906076423053022e+00 2.434025153569105981e+00 2.733948541406927113e+00 2.452346876417768051e+00 2.702444170877850826e+00 2.528860133732186988e+00 2.786637414889088671e+00 2.402897983686677286e+00 2.633179240288405332e+00 2.410173365525130507e+00 2.366885183957116112e+00 2.467621146193865744e+00 2.593258634877615876e+00 2.350485421460250191e+00 2.657208544786633819e+00 2.634597800980353899e+00 2.613764665404270104e+00 2.368607111018279365e+00 2.374578960034353869e+00 2.380413787991836116e+00 2.546378057886813817e+00 2.552498448203349479e+00 2.637758536431295653e+00 2.710207417504540750e+00 2.457815500323114577e+00 2.464903241858400040e+00 1.086602199529779256e+01 3.078066544388902148e+00 2.784809536512555361e+00 3.466891115081720987e+00 2.513734579805670055e+00 2.618460560358803590e+00 2.603915207704593282e+00 3.392385172638399560e+00 3.109665869638837510e+00 2.688831783265902775e+00 2.418791902836026519e+00 2.467300674010967310e+00 2.368891276984379068e+00 2.625793543406601316e+00 2.680559725956670025e+00 2.583072122828713457e+00 2.683253193415444215e+00 2.404835478910084312e+00 2.526629745086719225e+00 2.291263872641941202e+00 2.588790701072791300e+00 2.889757019897986723e+00 8.124581456595452167e+00 3.499763950705527815e+00 3.336576582748314035e+00 2.408069175892862734e+00 4.027619687647654878e+00 5.065807128158108519e+00 2.433040347438433670e+00 2.492319672015206322e+00 3.060338637643846837e+00 2.532672286496080005e+00 2.387230105646725331e+00 2.541812551124342345e+00 2.454970698777971361e+00 2.373523636059513997e+00 2.553139392569147237e+00 2.405564046933732936e+00 2.547605836391448886e+00 5.402106377893479916e+00 2.592429002913934966e+00 2.462845831390084506e+00 2.624441311379958730e+00 2.423320579734341784e+00 2.569684554482328132e+00 2.674542145071358235e+00 2.452939819775778574e+00 3.941370080462816894e+00 4.551248194020369731e+00 8.132237879161175798e+00 9.634425752327359760e+00 3.341812009030374675e+00 2.501901545915110159e+00 2.938449940393710769e+00 2.448335214010600058e+00
4.272881447857823645e+00 6.372125056283226563e+00 3.326091417156416430e+00 1.048549793342064085e+01 2.917738291004608353e+00 2.945306927993379453e+00 2.856286877188189077e+00 3.109857175473508928e+00 3.169729967055649134e+00 3.128736757307216898e+00 2.886652838361674078e+00 3.100031805552284858e+00 3.023261961032603917e+00 3.025988069176673623e+00 3.032083673518279010e+00 3.000561498979041897e+00 3.037305484969039959e+00 2.922405385354469143e+00 2.805948656694642107e+00 2.930213665653919275e+00 2.552997658684335480e+00 2.596504550298739833e+00 2.518430125661964780e+00 2.783527124133603259e+00 2.684772119850947547e+00 2.371971021644000199e+00 2.406760755695145360e+00 2.513830930919482398e+00 2.521419977525184652e+00 2.531403488948427150e+00 2.554484468081901660e+00 2.419875678317299883e+00 2.699121104746029065e+00 2.636706528889721568e+00 2.416872037073661161e+00 2.741486968768053867e+00 4.519473970552970066e+00 8.363311588764190674e+00 2.705379388866753221e+00 2.501759462932060085e+00 2.433304265706703440e+00 5.491571878050935496e+00 5.081765455932452547e+00 2.408138297344076140e+00 5.858429092990940390e+00 2.504212576253660671e+00 4.531216937098009545e+00 2.373011683492824542e+00 2.692678845853640812e+00 6.481033931929489178e+00 2.537010181207081327e+00 1.065386661743295527e+01 2.404315322534791299e+00 2.409294685258947410e+00 2.386041426144796862e+00 2.371191659826656473e+00 2.427158216669641266e+00 2.468108487334744527e+00 2.310586634689363539e+00 2.355539491207434999e+00 2.444515381085461403e+00 2.358025245214330656e+00 3.220549244921782517e+00 2.446921191595751388e+00 2.366748861095000933e+00 2.759492059514439877e+00 2.545723324140597654e+00 3.194345931143595774e+00 2.593830981439557259e+00 3.866823642623835156e+00 2.892282396554946455e+00 3.151271746795752726e+00 3.050247603963160969e+00 2.473501706020585278e+00 2.415926853593053369e+00 2.616317969920306297e+00 2.943095041554549152e+00 3.609689749520400337e+00 2.583875223326271620e+00 2.466586768113333328e+00 8.922160616414299028e+00 7.599492323193056009e+00 2.378167166278279954e+00 2.736644278004251252e+00 2.598153166729828101e+00 2.986456882850876848e+00 2.845126730152244932e+00 2.544795246473674055e+00 2.566556110618443132e+00 4.545286643402329574e+00 2.607687388720183463e+00 1.051705920696258367e+01 3.186332730178174977e+00 2.784022669083085155e+00 7.771372935484194500e+00 2.647266401504647870e+00 2.550450637936591658e+00 2.855893268924334816e+00 2.397736915329406582e+00 4.571913064245519465e+00
3.324700958872663037e+00 1.003263932014333726e+01 7.136662766029093774e+00 6.736279203562900442e+00 2.788285682221938622e+00 3.047010765096236806e+00 2.985938122868537548e+00 3.069211667570574065e+00 3.235302136478752644e+00 3.026920859669816721e+00 2.865124473643713809e+00 2.840866858897537650e+00 2.842208094329669255e+00 2.987771586816886149e+00 2.778385081630328379e+00 3.134160347539802771e+00 2.944802830137055238e+00 2.962512932871949722e+00 2.970164118964096378e+00 3.005942499226537112e+00 2.654744958517880171e+00 2.631488906617822199e+00 2.513952766204702094e+00 2.473571525668275317e+00 2.579362954045163914e+00 2.427210232307170923e+00 2.668432925898453156e+00 2.503478073559957995e+00 2.572969743455278291e+00 2.621108645046579255e+00 2.670231480022956294e+00 2.469292104912215180e+00 2.453475685571801623e+00 2.698665880643087878e+00 2.573423745714384481e+00 2.756771886040424224e+00 4.041296658433716438e+00 2.828262666998238029e+00 3.675464745020043722e+00 3.437364735171712482e+00 3.637018556019355309e+00 3.031316704688400865e+00 3.156940753089970464e+00 3.111473500317540442e+00 3.331258071085501982e+00 3.523874420544196528e+00 3.363547912651094762e+00 2.996798219968532351e+00 2.862314756471534771e+00 5.135485391061880733e+00 1.079384383990846707e+01 2.561098483307608031e+00 2.570983374478487793e+00 2.774936165583544501e+00 2.800646378099918010e+00 2.882769818655375627e+00 2.869697486018312205e+00 2.839264847081282905e+00 2.578059770321023514e+00 2.516122935404037531e+00 2.589106460429470680e+00 3.185786740533236294e+00 2.600587777844790338e+00 2.713913269854824950e+00 2.343813805025199315e+00 3.214205082634399524e+00 2.524016744771907739e+00 2.788811947816404402e+00 2.828286056580214591e+00 2.690334302084198992e+00 3.407860697548964701e+00 3.051098705468506367e+00 3.367464096690046205e+00 9.866386171456040799e+00 2.779749008447959024e+00 2.471291739622066608e+00 2.558365916846127242e+00 2.365624066570709338e+00 2.478755285411045062e+00 2.403865858552784562e+00 2.645996731211398778e+00 2.625081732098398124e+00 2.548130880142080112e+00 2.367016444894773919e+00 2.397001539890108113e+00 2.460772187853681459e+00 2.735063386631422677e+00 2.409263964613963527e+00 2.570223736711616969e+00 2.571726080980794027e+00 2.430608878207617618e+00 2.376610362683904132e+00 3.287673505113042349e+00 2.537252280835447404e+00 2.485265269361693008e+00 2.479372316547508781e+00 2.690435191475111676e+00 2.595119503037682573e+00 2.480445619081628639e+00 5.659948242224495552e+00
3.880808168957972981e+00 9.738526847033664779e+00 6.895282280034031430e+00 9.705894540096149825e+00 3.400946108739951068e+00 3.484506961292233473e+00 3.459785918634513013e+00 3.459752056105383389e+00 3.383743943942004062e+00 3.456134001962069657e+00 3.176566357859249567e+00 3.096173920919154998e+00 3.198052307141237893e+00 3.690376476275509354e+00 3.303136811585261512e+00 3.424827919232433793e+00 3.208194309164737579e+00 3.700676619801027467e+00 3.503320912657112540e+00 3.215396554922234973e+00 2.491905292406164207e+00 2.567007320091641898e+00 2.740662049630592456e+00 2.618588330314076895e+00 2.651936288640416528e+00 2.461907978972484035e+00 2.491675062117905348e+00 2.613873758603786346e+00 2.659387441441930289e+00 2.542825983310567750e+00 2.669960230691679204e+00 2.590352566591624495e+00 2.557454072247291155e+00 2.693997040802034615e+00 2.661690966168353878e+00 2.698964010538725589e+00 3.043206292493589871e+00 2.422195436111811873e+00 2.424716623589910025e+00 2.357935177868809795e+00 2.421282544218260391e+00 2.420616115681056169e+00 2.467614338778215899e+00 2.718374221694880077e+00 2.476804699003696264e+00 2.514759532233764361e+00 2.635456931745183695e+00 2.438009411764555878e+00 2.402423384631501957e+00 2.420667084023869986e+00 2.756904543371035743e+00 2.457794030781449646e+00 2.519841355290906026e+00 2.695677250623702559e+00 2.465858200089684704e+00 2.395343846904820051e+00 2.429858491544065746e+00 2.474172498285770239e+00 2.478843083618015974e+00 2.651828417284735284e+00 2.597627424782719796e+00 2.438345069720826874e+00 2.622011238542095946e+00 2.635438953185903266e+00 1.074769025999924210e+01 2.430504323285201274e+00 2.449051563595903147e+00 2.480156914838429039e+00 2.980231413964567366e+00 6.341310154775092300e+00 5.879506946432178971e+00 2.948333609720755977e+00 3.090105895338386865e+00 5.745826757981858712e+00 4.506634137342715896e+00 2.328229012365998774e+00 2.441510168899749811e+00 4.208025977118261096e+00 2.423685038295285032e+00 2.724767955932123620e+00 2.673368127695445295e+00 8.945490153493551588e+00 2.919862553785586901e+00 4.407322670467967995e+00 4.098086912570328089e+00 2.501212949639763927e+00 3.188929671974017221e+00 2.658933788281062416e+00 5.600321215802225083e+00 5.838061654464951289e+00 2.352051301608825362e+00 2.427523722525300354e+00 2.889190084358741029e+00 2.531628308213989875e+00 2.389169520910443545e+00 2.567107685835196662e+00 2.531672643690273450e+00 3.262058421866646629e+00 2.469835476320365153e+00 2.410136361111854253e+00
6.374979283480808334e+00 8.686098991180287499e+00 1.051006746744287312e+01 2.981536343179899795e+00 2.642054190255444190e+00 2.656706017872382475e+00 2.725747351040099797e+00 2.610004353728787585e+00 2.768868838199253446e+00 2.839822007869851728e+00 2.694871531889356131e+00 2.803477564813761536e+00 2.727198901515582197e+00 2.799850957763605930e+00 2.657814579328586113e+00 2.857544154493973032e+00 2.654000157426143147e+00 2.891780393288053030e+00 2.711598748533889935e+00 2.706019635036073456e+00 2.464458839800850676e+00 2.496906822868461884e+00 2.812323888725247745e+00 2.694914470972685550e+00 2.733849746605445219e+00 2.417612998084774922e+00 2.810712625805673603e+00 2.668428736719591576e+00 2.963022267201850912e+00 2.395747229919351184e+00 2.678954746805388254e+00 2.578902493468646195e+00 2.474931612405283587e+00 2.597049492648963120e+00 2.656824362175217669e+00 2.370033351871474014e+00 2.609001569038834845e+00 2.663620432132276949e+00 2.598230142891406746e+00 2.433690019260192461e+00 1.091395178704426172e+01 2.397720856810437784e+00 2.698977974468264041e+00 2.512770021372827678e+00 2.439733084316911160e+00 2.523660664568687206e+00 3.122767177429692342e+00 3.377906672296852708e+00 2.578280400407725104e+00 9.629495088807466630e+00 2.420383790803366519e+00 2.438248718607014531e+00 4.647978428520004535e+00 2.424006383223780148e+00 2.415234068138846002e+00 4.495499299929059056e+00 5.596454254614894985e+00 2.315082147255025813e+00 4.152257184427359249e+00 2.388292935233691239e+00 2.447093995223784901e+00 3.786049292210874384e+00 2.357395646541282641e+00 2.487745088698535056e+00 2.748970238607505223e+00 2.473944362586942169e+00 2.452692134575596761e+00 2.410160797988546211e+00 2.458958447955805315e+00 2.430955532758400039e+00 2.359550629967245516e+00 2.678105739889473647e+00 2.572237160801887246e+00 2.542426789474898197e+00 2.434478632180855140e+00 2.507822601137490004e+00 2.767952106225079145e+00 2.667907009402225693e+00 2.385216856105574212e+00 3.768199201082360617e+00 2.490069210221027340e+00 2.556919602844221373e+00 2.638457256555557073e+00 2.475559291038019527e+00 2.485311524878287770e+00 2.303577963905087511e+00 2.425792893459056909e+00 2.542109808274383820e+00 2.339348489457163005e+00 2.597659192722419075e+00 3.021295141557167163e+00 2.375055479129840386e+00 4.294347498540219910e+00 3.851357892463946886e+00 2.585690534166220633e+00 4.088195912180275116e+00 2.341223146997648996e+00 2.564631706578977877e+00 2.733309342532322272e+00 2.691213156899501246e+00
9.806848165084574021e+00 6.167149930986863815e+00 9.184576365865508407e+00 5.170203909072382586e+00 4.608239179644090910e+00 5.007726257833940764e+00 3.653855564059881988e+00 4.766884779519047655e+00 4.946378177096103279e+00 4.566676241570505113e+00 3.955974954366683782e+00 3.562318514955454596e+00 4.335417160802873759e+00 4.310307571805756410e+00 5.117644027389328443e+00 4.922255139720850714e+00 3.992753151984049786e+00 4.954024475812911277e+00 4.858381333227814736e+00 3.711616660397627943e+00 3.199851908560456426e+00 2.995461871911739404e+00 3.005151791716443643e+00 2.733520023319227832e+00 2.938607034601013801e+00 3.026957514984854214e+00 2.948525264653666156e+00 2.831780180848877837e+00 2.702919293580383631e+00 2.797449510981296239e+00 2.786493062767489093e+00 3.054357537524453381e+00 2.957760658551906285e+00 2.763303514081855816e+00 3.198867451528022876e+00 3.143129030383866152e+00 2.480755618317373568e+00 2.578011943862355881e+00 2.456561364901476807e+00 2.781299877372281237e+00 2.899392480377493087e+00 2.889648799444066718e+00 3.135554995002417300e+00 3.184374987256937573e+00 3.167371110258430988e+00 2.410228872145044221e+00 2.525078177965920379e+00 2.371550532815784873e+00 2.478508822054698246e+00 2.585238626496544789e+00 2.375461654930278943e+00 2.339540842586549818e+00 2.342788503498866248e+00 2.633138395794506259e+00 2.524823161702731245e+00 2.424937951873088693e+00 2.608960026348459138e+00 1.065066329199692241e+01 2.401217948414128056e+00 2.366014707499536573e+00 2.534538042031485361e+00 2.426884174552456752e+00 2.395411746512198903e+00 2.760783024800234742e+00 2.634554163700547402e+00 2.479241928355446767e+00 2.449361737380767234e+00 2.712501167480287467e+00 2.563079092163464079e+00 2.570783690286093659e+00 2.398777228079993051e+00 2.639395108973157544e+00 2.394760503748367242e+00 2.357869721949100050e+00 3.177421648543456101e+00 2.325105106779213227e+00 2.488436826858027029e+00 2.513343589778604059e+00 2.549081823743622799e+00 2.401579788738283483e+00 2.402574020521393905e+00 2.320490900812477886e+00 2.485065934267537191e+00 2.640353383637707552e+00 2.352033672147783694e+00 2.454100745967749742e+00 2.439580004739350105e+00 2.383907737711380204e+00 2.518354545893339846e+00 2.346572030207206172e+00 2.444158253587525031e+00 2.359148643345668095e+00 2.469554975885769110e+00 2.419785261873541149e+00 2.694918834700666288e+00 2.488058928014902804e+00 2.381946329258639139e+00 2.506278365079698478e+00 2.412962485901240406e+00 2.520344754950753163e+00
7.896910756620866501e+00 7.422466002867138535e+00 1.041729949794966537e+01 3.692024918157478464e+00 3.365529743350784919e+00 3.075644500810524207e+00 3.031141457372697801e+00 3.397049474202352926e+00 2.774828992424339891e+00 3.278567277563028792e+00 2.977646690607070656e+00 3.665846390354221995e+00 2.955954424266157066e+00 3.138610302785346917e+00 2.998937493973764745e+00 3.219729562257898081e+00 3.072076367715308898e+00 3.034800006911672288e+00 3.047217780351638705e+00 3.103825456109539971e+00 2.428016649237994429e+00 2.586415436658365596e+00 2.691618983601701487e+00 2.476735577552482859e+00 2.662846481337629356e+00 2.614485029619315171e+00 2.665351610296758711e+00 2.610939238811361029e+00 2.571714386189805968e+00 2.394987068505122441e+00 2.616298245869833394e+00 2.601165884527666616e+00 2.678389905855573350e+00 2.543133538858643572e+00 2.489589898339632956e+00 2.619585878530452661e+00 2.482563423545196102e+00 2.716812007077808566e+00 2.650457508502335191e+00 3.074995527185242494e+00 4.828084493505543584e+00 1.086015993767771093e+01 1.100388507884124145e+01 1.064943586259052566e+01 2.709641529260010451e+00 2.706493012247414232e+00 2.461765546891195644e+00 2.651040851658788000e+00 2.694681273349400108e+00 2.580140046723957692e+00 2.408819562556414606e+00 3.048367011752621369e+00 2.703542783034258434e+00 2.515515853567369842e+00 2.918998710194538049e+00 2.928028310681211277e+00 2.672316469252109083e+00 2.587897009582354801e+00 2.692771356886830780e+00 2.821549158774573129e+00 2.545923182882111391e+00 2.980158801530969459e+00 3.792625604826828312e+00 2.493063076713989190e+00 2.695867683712778184e+00 2.600936177886765233e+00 2.463598138093948009e+00 2.426877890784164826e+00 2.541989893029475756e+00 2.484851238850889210e+00 2.558676265180110487e+00 2.653398486612171592e+00 3.137877545582836714e+00 2.437707267239175746e+00 2.503487324663276947e+00 2.553600551342141589e+00 2.689930395422310383e+00 2.844788628508304384e+00 3.042023547661715455e+00 2.514958518229681417e+00 3.106475809935865584e+00 2.328416478120047373e+00 2.846264964958716615e+00 4.732444143706354467e+00 2.816638568403391663e+00 4.121573892955121998e+00 2.758418756980320019e+00 3.091988233040118939e+00 5.387462404986907316e+00 7.919019846258491313e+00 9.823676096570901350e+00 4.383458314887407781e+00 1.024038628545300611e+01 1.051820424918470565e+01 4.761470614938899892e+00 7.718219935894011563e+00 5.177087428138173131e+00 3.555639567457395955e+00 8.759916511897381852e+00 1.049997573556571062e+01
7.642725347239395006e+00 4.122035400826354667e+00 1.104345047679440661e+01 5.799110669411461139e+00 3.253125696141144108e+00 2.834662859552892655e+00 2.774400125238401849e+00 3.366596936665732009e+00 2.552257919517056273e+00 2.683287754141050918e+00 3.703696319563634987e+00 3.358248950489636009e+00 2.957835016476696666e+00 3.127111705007223907e+00 2.893269122725930398e+00 2.868532894294836932e+00 2.910358877891096263e+00 3.136436118956269503e+00 3.474838336480074563e+00 3.870218622992778190e+00 2.688475353964443482e+00 2.518753041532532766e+00 2.745691507951966592e+00 2.597085449767523535e+00 2.402466149165712217e+00 2.585600641369819375e+00 2.771010032244797028e+00 2.601972650556728439e+00 2.553495996419725689e+00 2.446557780329523091e+00 2.582412676256278239e+00 2.399643864456949327e+00 2.406213544206372568e+00 2.366509030605184360e+00 2.404787827000535394e+00 2.516318954064928004e+00 2.670727548619796110e+00 2.476873820454909669e+00 2.390821977422155076e+00 2.543770294045579750e+00 4.418974871471010424e+00 5.716608282718164347e+00 2.690920088928320908e+00 2.347617230333130856e+00 2.484907094569041686e+00 2.407277595637173473e+00 2.348864732888237938e+00 2.739107689723886185e+00 2.708899695503300453e+00 2.845528891322941512e+00 2.845306341195928290e+00 2.379231043159961256e+00 2.624179662250238909e+00 8.654297538050288452e+00 2.332550674008911695e+00 2.544002095275911479e+00 2.365374112231978021e+00 2.458183624415561930e+00 2.347558232730832195e+00 2.597856433227144102e+00 2.500330254743838854e+00 2.388455789561929166e+00 2.473347928246547145e+00 3.191694530022555210e+00 4.065546767567766118e+00 2.471102702925944694e+00 2.568671995041698963e+00 2.955234583698469919e+00 3.139763025168714528e+00 2.352550162991573046e+00 2.614063318947265735e+00 2.630741487289296909e+00 3.135866041532878068e+00 2.760777788326657767e+00 9.862987351006474057e+00 2.399383088072825743e+00 3.182367323287601746e+00 2.458089542440299091e+00 2.365830732727872476e+00 2.582014006067966161e+00 2.521355394351071144e+00 3.291122595708945386e+00 2.727890639675074169e+00 2.413786008645748105e+00 2.734223281720588705e+00 2.665217731122312639e+00 3.002342947289861286e+00 2.387376028710397780e+00 2.331251854012752034e+00 2.440138911019111401e+00 2.466301554852518230e+00 2.359901473696889518e+00 2.401203286288113414e+00 2.438485407212684475e+00 2.336172393683729087e+00 2.433506219037647522e+00 2.445452709855704398e+00 2.422054225874358035e+00 2.472947687116162196e+00 2.364999180723880823e+00
1.082123269130443610e+01 2.869875177021683932e+00 8.158113040595218024e+00 8.517861568105631775e+00 2.505209426273559359e+00 2.513686404248763662e+00 2.598596696041781229e+00 2.491805973957324394e+00 2.453681828081607730e+00 2.587307731755848383e+00 2.659264558861995198e+00 2.611511759922422016e+00 2.612498835191644275e+00 2.549847919827905152e+00 2.678387462167904243e+00 2.633396030294483658e+00 2.824491009630005767e+00 2.651339854300021948e+00 2.525612123721632241e+00 2.509317788892778456e+00 2.627683735818698185e+00 2.761010811400824494e+00 2.919720121704298510e+00 2.534351972670390474e+00 2.605207743932460573e+00 2.486500378929335398e+00 2.530689233952554851e+00 2.801534658567658376e+00 2.695047302852416671e+00 5.999510164096436782e+00 2.527452220536511085e+00 2.496850792601190694e+00 2.445191584373342497e+00 2.631240348672044593e+00 2.356541228602672344e+00 2.513619901034338522e+00 2.694794381178658327e+00 2.875066616925699758e+00 2.497958655860917254e+00 2.472293477017303953e+00 2.626917814283534991e+00 2.669490344462723375e+00 2.687250542794835884e+00 2.508838127913145755e+00 2.703533531930939482e+00 2.414945712993884719e+00 2.533337318640330516e+00 3.057419478173913241e+00 3.828804749867011470e+00 1.015047114676442597e+01 3.539077997927007502e+00 3.276265323778678518e+00 2.501357999957840583e+00 2.845769245460115560e+00 2.563836984439142430e+00 3.389944975951622030e+00 9.032264804429020799e+00 3.054590036951262189e+00 2.658607905075467404e+00 2.516232901349149564e+00 7.846418583804163127e+00 4.234287241204031105e+00 1.090811486449734780e+01 4.505514230193762515e+00 2.602743808565468164e+00 2.440872890065456158e+00 2.544356429987939983e+00 2.550686104698427492e+00 2.764579817241635595e+00 2.582769105557737532e+00 2.801216106425071128e+00 3.032971081240423583e+00 2.518331156311363728e+00 2.462737610936164501e+00 2.403842294421688841e+00 2.543984291265750652e+00 2.555639983251176695e+00 2.722817718623013139e+00 2.512285996665214238e+00 2.531981246533064667e+00 2.579447784917107800e+00 1.047437705993652202e+01 2.585096194415256843e+00 2.802217494722070157e+00 1.030694116641735114e+01 4.735126614570616788e+00 2.891028435682427844e+00 7.889468680373552978e+00 5.609294087825150044e+00 8.693822440607792856e+00 1.032659400084923007e+01 2.320030614785078882e+00 2.715795956654794896e+00 2.872963649137266540e+00 9.865147570906012575e+00 2.619166786095191490e+00 3.791584942978003525e+00 9.702304413811912553e+00 3.046872871292048313e+00 2.514258576261585887e+00
4.359362856272992914e+00 1.008159127153199286e+01 6.238519574855935446e+00 8.625435492088053380e+00 4.120099301995901797e+00 4.249334771674254441e+00 4.003342348851005816e+00 3.592228204731283014e+00 3.761847358633731542e+00 3.995405949498044507e+00 3.584132267483349121e+00 3.765127834780462646e+00 4.374556658905127904e+00 4.133343740064521654e+00 3.642095840799397077e+00 3.629901141133801357e+00 4.039392327542961958e+00 3.685199698497508614e+00 3.995573167554263172e+00 3.991830834438060638e+00 3.375338705654801874e+00 3.351777018246979267e+00 3.337840318371509518e+00 3.076191537750178284e+00 3.209763505746578094e+00 3.309242190677543771e+00 3.089316584221247552e+00 3.450178386014083110e+00 3.113232955439336980e+00 2.904297310627739659e+00 3.006441011511046035e+00 2.977434438878091782e+00 2.598379207839225824e+00 2.477272141544982986e+00 2.391660162292677416e+00 2.512622178268843598e+00 1.101706982111108601e+01 2.412394852165518078e+00 2.883287531342999532e+00 2.515069531469509290e+00 2.423638608229571112e+00 2.594911440487565280e+00 3.110490439678060159e+00 2.604459277309220333e+00 2.435916044177679929e+00 2.632334422551352304e+00 2.357525511085986736e+00 2.482067180399236683e+00 5.279954111473313283e+00 5.824019177823230642e+00 2.492133253555873118e+00 5.034228399704241852e+00 2.436891075557675812e+00 2.577283201289587655e+00 2.799128848057368391e+00 2.421980042498686814e+00 2.408139170089671932e+00 2.451215099928707897e+00 2.554453747436917777e+00 2.678395491427388642e+00 2.635154089023326929e+00 2.575211303244376637e+00 2.421776518225669417e+00 2.570344350153002111e+00 2.446548354677084980e+00 2.468950337736770972e+00 2.561284552668702919e+00 2.484046567411258177e+00 2.597516586092011526e+00 2.463737253741971056e+00 2.692794921017926058e+00 2.477104050743168528e+00 2.746828171816365405e+00 2.409351762820933995e+00 2.347039647297612497e+00 2.433996352964433729e+00 2.395267219841480166e+00 3.167712528335636879e+00 2.403793595217424972e+00 3.100288043659308546e+00 2.515735610908475195e+00 2.529133303103775710e+00 2.472710823961372650e+00 2.560904384687028745e+00 2.589747579344387596e+00 2.553491807240864109e+00 2.448309729839193150e+00 2.557702455643949602e+00 3.950458504002669180e+00 2.738007681174524421e+00 8.214951819386975274e+00 2.356122659814768650e+00 2.366756541256246571e+00 2.524446833801680334e+00 2.499385071263230618e+00 2.533015973711835844e+00 2.437150979196202716e+00 2.570783864835212817e+00 2.497660525965279099e+00 2.340740344133870110e+00
6.021756798440011771e+00 8.095208330812123876e+00 2.656897672805292654e+00 1.073629290071026965e+01 2.377746851999183786e+00 2.584706077133786639e+00 2.363822370562060016e+00 2.464243446187726061e+00 2.676626261554915231e+00 2.492597903311252416e+00 2.339951905762327034e+00 2.414823179512187945e+00 2.369072109871896981e+00 2.453873308465398306e+00 2.733331335721344679e+00 2.348270393137273704e+00 2.432626316927629873e+00 2.459941683144404756e+00 2.314034154343193705e+00 2.367822163629120347e+00 2.623530863174076355e+00 2.425254933073602626e+00 2.564089207916424140e+00 2.620318635732962864e+00 2.716189914016887919e+00 2.762497795347509388e+00 2.750261552991537961e+00 2.334405607498925228e+00 2.429589336802219446e+00 1.034706093237317681e+01 2.392849365441963361e+00 2.494934941468567313e+00 2.388348441853605397e+00 2.419265803694724770e+00 2.573147259909530860e+00 2.890317322570701730e+00 2.585465889449777066e+00 4.349848183783991296e+00 2.482088126293543695e+00 2.537648158237851614e+00 2.497000730294605564e+00 3.407462027360652623e+00 3.468121337274024718e+00 2.434503767254023288e+00 2.374587687490314902e+00 2.514521621784259420e+00 2.555546599472390934e+00 2.596478717029094607e+00 2.537024145136619335e+00 2.539820945673975316e+00 2.610740427364562688e+00 2.522829461662933426e+00 2.846773601092141170e+00 2.673747073833284471e+00 5.684314601071949191e+00 2.480068592984100651e+00 2.667560180302323669e+00 2.745629543014641349e+00 2.379060508670477692e+00 2.487484486863530631e+00 2.502361831942508719e+00 3.801805492105154727e+00 2.602081918305363839e+00 2.613818601082110948e+00 3.000264765476357898e+00 1.071782560389617345e+01 2.703943896910239619e+00 3.723302025733322473e+00 4.765699241901265815e+00 3.544886643516605762e+00 2.916793631171357593e+00 4.245654228946257547e+00 7.780770660063315525e+00 2.531662694390477419e+00 2.377828366437862329e+00 2.390292395394423508e+00 2.794183347862341904e+00 3.706785140777455911e+00 2.848505477453100010e+00 2.410334998009533436e+00 2.404643823977174133e+00 2.426559862288935054e+00 2.421597605378463136e+00 2.333877072765909055e+00 2.672448952033601888e+00 2.520811324746444093e+00 2.350450162538166410e+00 6.360836615644651637e+00 2.747344662660154757e+00 2.849635159352729818e+00 2.443430034662114725e+00 2.454503430785803797e+00 2.402103261546841839e+00 3.282856298520647087e+00 2.862144920178528285e+00 8.094889953218656231e+00 6.019436691547261908e+00 6.594714282298909325e+00 8.185075992140275147e+00 2.464156520726351829e+00
3.725317369863904382e+00 1.086549695154716133e+01 8.911380462810910785e+00 5.940567021123293934e+00 3.381299907174603270e+00 3.331019287890401248e+00 3.566598459358872653e+00 3.066102598658923206e+00 3.540328467817141611e+00 3.243284965897428318e+00 3.413749286635168190e+00 3.156010057186258155e+00 3.398330315639232602e+00 3.077169711014319908e+00 3.461272029835602115e+00 3.139486190265622145e+00 3.443619179211813375e+00 3.419017877249881820e+00 3.443511307856132131e+00 3.431442981752855559e+00 2.657513831196159693e+00 2.674038396313272337e+00 2.761664672401444420e+00 2.622835284933961564e+00 2.733634702090558921e+00 2.695028975194897924e+00 2.636022296342356075e+00 2.641196281334449392e+00 2.487404019719567483e+00 2.702460229396819624e+00 2.428580093794855177e+00 2.536615176550272910e+00 3.037678321887706812e+00 2.369629619758704564e+00 2.940356365873895594e+00 2.624900375563522736e+00 2.543462040301026850e+00 2.954582119090803261e+00 5.115992443623213148e+00 5.752426460179789203e+00 1.096253509069311072e+01 2.363793220859149002e+00 2.457416306487445024e+00 2.323052932784475111e+00 2.551153023592356739e+00 2.405541006449995134e+00 2.397243639518474634e+00 2.392802411728891521e+00 2.791020168723731043e+00 2.359157196252510413e+00 2.738900674468484286e+00 2.886684606301373357e+00 2.378675104215226987e+00 2.577628110349178048e+00 2.568200886968908581e+00 2.454047857584624293e+00 2.416295501332858198e+00 2.733929690102050891e+00 2.672501316769369417e+00 2.426108827364855447e+00 2.467939174689095516e+00 3.032662827495870683e+00 2.354244685841017315e+00 2.427602618727190631e+00 2.401226501320970375e+00 2.528176075733941097e+00 2.765514004127732406e+00 2.638665842753031843e+00 2.464930296971879820e+00 2.478005596943970268e+00 2.415584039122893767e+00 3.928563760683454031e+00 2.571238216192557768e+00 7.786461659546555225e+00 2.547142233930784982e+00 2.444041131128524835e+00 2.359629002521777874e+00 2.536063950431757696e+00 2.370113644466317560e+00 2.467913690517688163e+00 2.703950355227651148e+00 2.449530526379058770e+00 2.419576501126946777e+00 2.400867104684484055e+00 2.641190521213514941e+00 3.635652883710532191e+00 2.484921407596818010e+00 2.407037939696476059e+00 2.534685186938992807e+00 3.621678830323547871e+00 2.412838206928351603e+00 2.394601314951633420e+00 2.510648376828637396e+00 2.479837664499364713e+00 2.474033382637747192e+00 2.462575454804403652e+00 2.411419995334641353e+00 2.420534775791496784e+00 2.391915178555866550e+00 2.768773185281917737e+00
4.813094913342903070e+00 1.030919634103774918e+01 5.158621876815269403e+00 9.874592772845563360e+00 3.754485225883023247e+00 3.869518681024682660e+00 4.168348169532315239e+00 4.244177194299368239e+00 3.478039916424915390e+00 4.236295254271605693e+00 3.877506048720458232e+00 3.894763021941842318e+00 3.986516162855871404e+00 3.743322460610290836e+00 4.601199264567473080e+00 3.994939205153234862e+00 3.779325660138294296e+00 3.853489486307933198e+00 4.338849843781569682e+00 3.939771210530708334e+00 2.742602512189026065e+00 2.718977288901805789e+00 2.770107438749280337e+00 3.127606377211110011e+00 2.643859551795597618e+00 2.775218760607571333e+00 2.989149477564055246e+00 3.132094035066407045e+00 2.749565102005826933e+00 2.963792377915875242e+00 3.083733456093689096e+00 2.464963112206294493e+00 2.556198191334460912e+00 2.576937419484401470e+00 2.636042893138424770e+00 2.414248389262577454e+00 2.582734195733892069e+00 1.112152699602061112e+01 2.587426425156921894e+00 2.659523938853165070e+00 2.690430653198011779e+00 2.635769200119478572e+00 4.343793074838045776e+00 2.494804727825624902e+00 2.808886492920332767e+00 2.480207883181242856e+00 2.428314604584512981e+00 2.732501878306783372e+00 2.748222819278979934e+00 2.431816583563541467e+00 2.717194095099794371e+00 2.867321174309171106e+00 3.232166885199217798e+00 2.741343140293811764e+00 2.758677962422370733e+00 2.974348410450178726e+00 2.321403094509551845e+00 5.864687726209902863e+00 2.962853652752678535e+00 2.521900162152174829e+00 2.481860688791192704e+00 9.083957875185998176e+00 2.527468802702837802e+00 2.369779033804761514e+00 2.426321428192072638e+00 2.436318903544853143e+00 2.476022893498683430e+00 2.449248105904151540e+00 2.572356028752079915e+00 2.587834171899433766e+00 2.557123650764596690e+00 2.475112270743682341e+00 2.914445945517770031e+00 2.537982943448526818e+00 2.592717532608015407e+00 2.434897026419639232e+00 2.745227905491302689e+00 9.623818751450242459e+00 2.664414630624754476e+00 2.665031836310336910e+00 2.497560858418201413e+00 2.390007705780966329e+00 3.122782188653945745e+00 2.506550836254810122e+00 2.588083602590807164e+00 2.584179462441082542e+00 2.419210820722168531e+00 2.590380319901581352e+00 2.702641062284337981e+00 2.326627349647982346e+00 2.555300310665163277e+00 4.233958739761647827e+00 2.761167556509889209e+00 6.062065775641078957e+00 2.772766170933328667e+00 2.728776651004265030e+00 2.866177877578241606e+00 2.566508109610655897e+00 3.596227823249224631e+00 2.609440734622807234e+00
9.959887247249996634e+00 6.059677943690068957e+00 9.875078717593488875e+00 4.740815868562664903e+00 4.353122725260668346e+00 4.512283594135579889e+00 4.082842839791856804e+00 4.670005130973355456e+00 4.158188712596892600e+00 3.598849201921758834e+00 3.893667900767819212e+00 4.456247741292262532e+00 3.976145850584424490e+00 3.616463651739317609e+00 3.973887184981641507e+00 3.929633397686070229e+00 4.170998174260402536e+00 3.548964809138198895e+00 4.867086446901847552e+00 3.914224899637287702e+00 2.716104559497586557e+00 2.731293823852621205e+00 2.993898609999952498e+00 2.683394054554659292e+00 3.048900782959214073e+00 2.714292914189141204e+00 2.724589043084917339e+00 2.644702624041458616e+00 2.791723252575972758e+00 2.699914605042029958e+00 2.753793728968192411e+00 2.533365071950287373e+00 2.654172262857700026e+00 2.882108277493509618e+00 2.598479573582780588e+00 2.615784722361071069e+00 2.518959009493219270e+00 2.507232450565387349e+00 2.518893728122628684e+00 2.508853139137399157e+00 2.350681963768498584e+00 2.456052030571575617e+00 2.706390901012666994e+00 2.493245655092699575e+00 2.593931870830469943e+00 2.371814276534935484e+00 9.925724493635110335e+00 2.526808308835687189e+00 2.514668243044408946e+00 2.510604914097950058e+00 2.460218168949258377e+00 3.194515243789245229e+00 2.527384495478251836e+00 2.721739703262674226e+00 2.680791527187001755e+00 2.584922867139865410e+00 2.820920083748883034e+00 2.804161099164649951e+00 2.463676161550242050e+00 2.750622520570097151e+00 2.526081137204992277e+00 2.982311341269262783e+00 2.329197759977702287e+00 2.425726041146393452e+00 2.381845963515083930e+00 2.738582645973254515e+00 2.723339096842140705e+00 2.360560047523728500e+00 2.568794353974276135e+00 2.856825535770119995e+00 2.535041267142213339e+00 2.684338888937029211e+00 2.585509875827821880e+00 3.212789489277477539e+00 2.430783601875962763e+00 2.591267378525487164e+00 2.611859985415277752e+00 1.105774116228366566e+01 2.456505683732443490e+00 2.449543617563000986e+00 2.345578845718811145e+00 2.427797066446008234e+00 2.365779764385058659e+00 2.586319085544553253e+00 2.835830418611394510e+00 2.489524616969042370e+00 2.455463450941545833e+00 2.762222182288252004e+00 2.439304042581853960e+00 2.421076576257573887e+00 2.496923928682146077e+00 2.453122747252727276e+00 2.572798336220198490e+00 2.504911296377921648e+00 3.062003487143023062e+00 2.902442551686845729e+00 6.474348002466661534e+00 3.823770055072060359e+00 2.492912440824097242e+00 2.492420910504357323e+00
1.016119823743557049e+01 4.241003891311842189e+00 1.002660690258289122e+01 3.551905961797154898e+00 3.331114940807736957e+00 2.886059895003664000e+00 4.297546634797392073e+00 3.115435416225729170e+00 2.886473401867109878e+00 3.393502985197922150e+00 3.005396858679836747e+00 3.394550978109754258e+00 3.166582846436007070e+00 3.097244256118247829e+00 3.117258058128685505e+00 3.457282535166575688e+00 2.754950465981302443e+00 3.284019493851168203e+00 2.781855292669657587e+00 2.847036122967456784e+00 2.480038221437355528e+00 2.404029236528379965e+00 2.509024546372478959e+00 2.575234169178995280e+00 2.635148154353272876e+00 2.593197717235006028e+00 2.710045261372779901e+00 2.340640152939434504e+00 2.515157155127360600e+00 2.626555799410260850e+00 2.570744940381625376e+00 2.573862387650999395e+00 2.511669314626989280e+00 2.488333144681206921e+00 2.621419866126158738e+00 2.462441750179076738e+00 2.524424142416180850e+00 2.409668394923210055e+00 2.396288506738070367e+00 2.397501448567571192e+00 2.379970782327240464e+00 2.421338749034651183e+00 2.657872704185288093e+00 2.352710922730379739e+00 2.605709398101115681e+00 2.499026547372340978e+00 2.661863944345506994e+00 2.528816147354142174e+00 2.951696822149999733e+00 2.725228241959522180e+00 2.825166863819648100e+00 2.830052842765018450e+00 2.825630640829431162e+00 2.814351974941533108e+00 2.347167591802004960e+00 2.846760335359079797e+00 2.477530474241437464e+00 2.565769068639853767e+00 8.137452010450690665e+00 2.571714560738925126e+00 2.745599869664372861e+00 2.686552869965289858e+00 2.788952110759142844e+00 2.582549348216632179e+00 2.450356492811235576e+00 2.681318840076183374e+00 2.462905876287098561e+00 2.362174277778329223e+00 1.047616723570330244e+01 2.506955441113175809e+00 2.315300508203177454e+00 2.413478802195910600e+00 2.761280489790028270e+00 2.537659678479720515e+00 2.357049166539619378e+00 4.196134992920118378e+00 2.379666892310668302e+00 4.920768679421523295e+00 2.394691033198915520e+00 2.362466123905675008e+00 2.359808089918103313e+00 2.428707863750128482e+00 2.414418400104703544e+00 2.404540839996831103e+00 2.420907263611924876e+00 2.675256050968992216e+00 2.443020193330172507e+00 2.992935447960063833e+00 2.475363796024486529e+00 2.570679309912796473e+00 3.223930959557664622e+00 2.625329940945937413e+00 2.976247853965594548e+00 2.917400713008025281e+00 2.491554623225639364e+00 2.364343050584710504e+00 2.356207490686712536e+00 3.675848403984102397e+00 2.968471690704082455e+00 2.358176579300699238e+00
6.319834329342019608e+00 7.694897380779528895e+00 1.049462336137376894e+01 4.279186860240738355e+00 3.594964785822506226e+00 3.588034487592762556e+00 3.796623477853577455e+00 3.758240126535810077e+00 3.559202464079034289e+00 3.297626644989539724e+00 3.657102526775721341e+00 3.920682867950405992e+00 3.131166830145079238e+00 3.463051383556990270e+00 3.578610580645757988e+00 3.608907769466268345e+00 3.422185594665592578e+00 3.506715194829578941e+00 3.714722936523371377e+00 3.812335691369812540e+00 2.840144225543942635e+00 2.883872794539763529e+00 2.631932959577132802e+00 2.700705138003003825e+00 2.866471818295018181e+00 2.472869489110748997e+00 2.749396138458416239e+00 2.650193241135827105e+00 2.838585851007493943e+00 2.911975726382485252e+00 2.761233012429598954e+00 2.711933533744565139e+00 2.871324982005973858e+00 2.920434725798409126e+00 2.940032751806850975e+00 2.685691295512790955e+00 2.411391020180849942e+00 2.577771764274300992e+00 2.451605042661058054e+00 2.321043697873065970e+00 2.268607571515543597e+00 2.599245320568824180e+00 2.482891575889340618e+00 2.651593823268495687e+00 2.617165929541505509e+00 2.414574621566410340e+00 2.429238667621694603e+00 4.637534456520244319e+00 2.378571072940168563e+00 2.423376086354255499e+00 2.685572253013479127e+00 2.958153044971925993e+00 2.552266996071256067e+00 2.398716310437383203e+00 2.570269294031735097e+00 2.412905059241015060e+00 2.426150893702589073e+00 2.345632257749294070e+00 2.513449715643093274e+00 2.478254154889747873e+00 2.381526538626900891e+00 2.461009923754067241e+00 2.459634127596328934e+00 2.485894344387383104e+00 2.545610565409577752e+00 2.540372869988967608e+00 2.325074211585110628e+00 2.758623852195410731e+00 2.480633433933915555e+00 2.507546464430874700e+00 2.465848948986365752e+00 1.041484743192278017e+01 2.661738443528783638e+00 2.821863696287417955e+00 2.513638403240976427e+00 3.004002211217222218e+00 2.869563781392985291e+00 2.634333359064726654e+00 3.984461370624344578e+00 2.454618633204492806e+00 4.419553327252124575e+00 3.595401158620570747e+00 2.358368059684490259e+00 3.004405419682634193e+00 1.091947871035542939e+01 2.808458323930871803e+00 2.378637052507235783e+00 5.623489818593550460e+00 8.069803753803515889e+00 3.543533887842605701e+00 2.463640378980800794e+00 9.596681250785957573e+00 8.076000945732509706e+00 8.332033782991869586e+00 2.418712308437659608e+00 2.908547232582650910e+00 3.124710258224914661e+00 2.604886922651323378e+00 3.061730492320553498e+00 2.442548387060905046e+00
5.116927328705787481e+00 1.031949753185798357e+01 4.456116131256366408e+00 9.866816260485812506e+00 4.469463553305329739e+00 4.047010000204217306e+00 4.226288702364625394e+00 4.251680711836650417e+00 4.140222371754974873e+00 4.194048781847131480e+00 4.176497867908970818e+00 4.107676990278835483e+00 3.932111995179077280e+00 4.898251144844909533e+00 4.361140464503189484e+00 4.140603587031364441e+00 4.273714047156531137e+00 4.369097809750457806e+00 4.170745078037525033e+00 4.316187782534236739e+00 3.401864586205317842e+00 2.990865644504283605e+00 3.054360330310360805e+00 2.825996670332448168e+00 2.852903067962876626e+00 2.706380602614632647e+00 2.896187060352028997e+00 2.652034734343660105e+00 2.579439057461146323e+00 2.637913885147407100e+00 2.808147277400411035e+00 2.484643699948129836e+00 2.738299876400108523e+00 2.759217668299017046e+00 2.820888141260064597e+00 2.813038841917596677e+00 2.453701901230318505e+00 2.656847053560717153e+00 2.579528601159309265e+00 2.762079924756082772e+00 2.668383703046831368e+00 2.929160436268510193e+00 2.462802543208516770e+00 2.675586647000805840e+00 1.004839482184114097e+01 2.526095450232768602e+00 2.478687036705427893e+00 2.608342995211995419e+00 2.876999922970245205e+00 2.494426654433381518e+00 2.497089226698053110e+00 2.577992045262763821e+00 2.347044360123831552e+00 2.545422925106409995e+00 2.800566085505074021e+00 1.080358228436831602e+01 5.672476330707812764e+00 2.519990943886082579e+00 3.095321073922617572e+00 7.995903845902145868e+00 3.050034304939467145e+00 3.037461182783389724e+00 2.427455473819683185e+00 2.343971771978098584e+00 2.494458422373080797e+00 2.851760818526662522e+00 2.827702364325523021e+00 2.750401192286918484e+00 3.024159492603663235e+00 2.668115595599700463e+00 2.478182938849103678e+00 2.538258731056903805e+00 2.481863132478861811e+00 2.472708554822822702e+00 2.861928479270688275e+00 2.432821986490282473e+00 2.383203955662661411e+00 2.708088391197138733e+00 2.571173633018444260e+00 3.447706770485844618e+00 2.523287653100901196e+00 2.436082214939182755e+00 2.660472787865276523e+00 2.320959041550241242e+00 3.775308237610191853e+00 2.598542236716582465e+00 2.425308345104085550e+00 2.466764808214943816e+00 2.650463268623269641e+00 7.173651818982484940e+00 3.317659996501330255e+00 3.976209386463822604e+00 4.661133148341343180e+00 2.512412195678414673e+00 2.555076364145196344e+00 2.796919056207968879e+00 2.371403213359158269e+00 2.499238624552200250e+00 2.484965393974862824e+00 2.474475864654984925e+00
