4.112156387524315505e+05 9.428742732886224985e+05 1.926675814868519956e+05 1.960050554130920791e+05 4.305272709166313871e+05 1.790040541373556480e+05 1.793156848542209773e+05 2.476391775276381813e+05 1.829686077813218872e+05 1.898700643175556615e+05 1.843393350214452366e+05 1.768943420870219707e+05 2.117802773834582476e+05 1.837296578673140320e+05 1.857053628351125808e+05 1.726627655632534588e+05 1.767828959229026514e+05 3.200914100568291033e+05 1.631456559901447035e+05 1.732858984970419551e+05 1.678968862799961353e+05 1.631024432953107462e+05 1.610201568040603015e+05 1.438148589774288121e+05 1.428260335653960938e+05 1.420061580415979261e+05 1.323531506010908342e+05 1.173735727368589432e+05 1.239215810036225594e+05 3.951155872854270274e+05 1.404642229856849590e+05 9.195104872341745067e+05 1.872837826960308303e+05 2.099921456169397570e+05 1.159463422364556900e+05 1.273814694819017750e+05 1.366973756812945649e+05 3.005695336301257485e+05 1.648002028882236918e+05 1.201022139371591329e+05 1.271921431742680288e+05 1.299639970694021613e+05 3.958964263625113526e+05 1.167164093469603453e+06 1.224543686640738888e+05 1.273554482436149847e+05 7.790629141695662402e+05 1.306239452366186306e+05 3.821493189792091725e+05 1.394448696588226303e+05 3.881595917023149086e+05 5.554750708154543536e+05 2.462453570121957455e+05 1.279092095657732862e+05 1.290045706084214762e+05 1.064679515316323144e+06 1.197424232776868157e+05 1.062852025853235391e+05 1.510725724247255712e+05 2.296843028241357242e+05 1.131210323653842497e+05 1.208913137248106941e+05 1.119035780205523188e+05 2.948748751220921986e+05 1.152676147205496964e+05 1.342112505861138052e+05 3.778097290754904388e+05 1.367707858625353838e+05 1.221994064216998086e+05 1.324988419997949968e+05 2.489983397729673889e+05 3.122130418889140128e+05 2.310637129889219650e+05 3.498178156757773831e+05 2.899539514800551697e+05 1.276625814625048079e+05 1.358642518134600017e+06 1.361949133717587683e+05 5.324597766041362192e+05 7.204681888311249204e+05 4.959316854754717206e+05 2.068289176122645731e+05 3.519967708377990639e+05 7.261378999932453735e+05 3.111811873533932958e+05 2.846512545098696719e+05 2.897998066208705422e+05 1.315372402183649538e+05 1.031344500893183402e+06 1.176164559846702759e+05 1.036954367796527920e+06 1.268001357435834943e+05 1.294668583288985974e+05 2.817683583075772622e+05 7.093473632656275295e+05 2.265053060408444144e+05 1.625711878201645159e+05 3.231661199584926944e+05 4.433636441384631325e+05 3.059161408662597532e+05
5.219249842034131289e+05 9.580528333132845582e+05 1.799696027027233795e+05 1.689936149291715701e+05 1.839158359263649618e+05 6.622523547507008770e+05 1.784181861867926782e+05 4.451376409113443224e+05 4.155752379328575917e+05 2.973875079196264851e+05 1.934946254717090633e+05 1.872568527795816481e+05 1.734596304188382055e+05 1.796296102129105420e+05 2.476318530309352209e+05 1.836686387519240670e+05 1.877642623368904460e+05 1.803042532663694001e+05 1.757190999731885968e+05 1.730879718718509830e+05 1.775609814297978883e+05 1.578684387227754632e+05 2.335629817924718955e+05 1.556654907858395891e+05 1.802132018787838460e+05 1.634127339413507434e+05 2.559430090040350915e+05 1.570851397896555718e+05 1.521922658492779301e+05 1.470455035588999453e+05 1.678677902216648508e+05 1.756499670043081278e+05 1.352809758903016918e+05 4.496037481866839807e+05 1.336084022860515397e+05 1.501168541049328633e+05 1.040744822376006050e+06 2.377353198429060285e+05 3.107156504200930358e+05 9.723889477171652252e+05 3.964887376673168037e+05 1.326821012744454783e+05 3.097472014274594840e+05 1.287255513411621359e+05 1.469603815257882234e+05 1.363650014023381518e+05 5.906389698439108906e+05 2.387251548973414174e+05 6.921358607275034301e+05 1.458650571974092163e+05 2.141245018282284727e+05 1.426030494514844904e+05 2.164303047902937396e+05 4.151107657133638277e+05 3.927740613394420943e+05 1.410698523916382110e+05 1.275057656402367866e+05 2.271806099511486536e+05 1.119344822566410730e+05 1.177829827311384433e+05 4.180441991071930970e+05 1.151045850082216493e+05 1.344616969733778096e+05 1.294372207350968092e+05 1.081961068680057302e+06 1.287630182528682053e+05 3.964074522753352067e+05 3.715614744595098891e+05 1.528283001772589982e+06 7.942210610605598195e+05 1.436515906223510683e+05 1.306553451153414353e+05 1.416154172532003722e+05 4.187997420528070652e+05 2.461935164641026931e+05 1.224384713855156151e+05 1.404287386445150187e+05 1.299234828733535105e+05 1.353980944090104895e+05 2.274010057090824994e+05 5.410172853234856157e+05 3.699644771783826291e+05 6.326103552366151707e+05 2.626887970389129478e+05 2.905889431227913010e+05 1.365358696111377794e+05 1.307170801589805778e+05 8.110586654812763445e+05 1.261887330188004707e+05 1.464760285295292852e+05 5.253402556660620030e+05 2.175531189277270460e+05 2.067798122772260103e+05 1.165364323279752425e+05 1.284346274721186928e+05 3.115113587761984090e+05 1.168604173964222427e+05 1.052510497365516378e+06 1.428667955827617552e+05 1.268887364537007379e+05
5.910181548160816310e+05 1.914805173783401842e+05 1.030042759764863760e+06 1.797743011477793043e+05 6.611631892409780994e+05 1.909783763186598080e+05 3.235559520687278709e+05 3.896392134648490464e+05 2.366479716895080637e+05 1.856303922974312445e+05 1.770562152998705860e+05 1.889478202326948231e+05 1.870309865955388232e+05 1.723385418520567473e+05 1.983378617201448942e+05 2.027841432901231747e+05 2.765107281028197031e+05 8.886539796953591285e+05 3.009541890284054680e+05 1.801312923442260653e+05 1.787649524592706584e+05 1.867166023084844055e+05 1.840079887420261221e+05 2.311198674636445649e+05 1.842871273306603252e+05 1.877954878228346060e+05 1.789914244287550682e+05 1.842831805467226368e+05 1.717237614145084517e+05 1.549489200369683385e+05 1.770936638544420712e+05 1.794712248556347331e+05 1.652373046200380195e+05 1.521620867200056382e+05 1.662888563609779812e+05 1.522221879786659265e+05 3.024887904090481461e+05 1.452758849626193696e+05 1.516424880253264855e+05 1.764015080945806694e+05 1.526978213359927759e+05 1.986553483629456896e+05 1.525870176715842390e+05 3.280728351783541148e+05 2.241334908227796259e+05 3.788610054594114772e+05 1.478517213745602930e+05 1.490447699089496746e+05 3.888878926601916319e+05 4.854921666032908252e+05 1.058085338856055867e+06 1.545640443530735211e+05 1.485659424102035118e+05 1.466102926119487674e+05 3.106590370170056121e+05 1.450135247950039629e+05 2.171998909438720439e+05 1.342277536501136783e+05 1.422262325496763806e+05 1.321289182020268636e+05 8.546780075607404578e+05 4.082601400828204351e+05 3.009284156114356592e+05 1.502519350798417581e+05 1.412718267650071357e+05 1.496336447581591317e+06 1.525241444856002927e+05 1.391271810875413357e+05 4.396265721063839737e+05 1.319481830333830439e+05 1.817329890518093307e+05 1.367520065138458740e+05 1.204705957356213621e+05 1.440322258081547043e+05 6.198318804172924720e+05 2.273282563846870617e+05 1.428249688515896560e+05 5.514509666268656729e+05 1.236233509950107546e+05 1.522770941682361299e+05 1.641069457002866548e+05 1.490179593138753553e+05 1.324210628205208050e+05 3.520892173676137463e+05 9.448840123839580920e+05 1.241546431844261824e+05 1.414826309201156837e+05 1.061684438664527610e+06 1.338707808108015452e+05 1.414814285277997842e+05 7.953838019657348050e+05 1.334419214324198256e+05 1.294895752829584962e+05 5.644674600533322664e+05 1.371115309948665672e+05 7.198259828344933921e+05 3.042947285961227026e+05 1.937128734448954347e+05 1.358174264345379779e+05 2.398142836927949975e+05
7.322384163900145795e+05 1.413510231150719570e+06 3.088770732477106503e+05 4.685797752162389806e+05 3.049539883707918925e+05 4.880003019028495764e+05 2.409014115605778352e+05 1.918863018385374162e+05 3.291689396849533077e+05 3.520062431192495278e+05 2.963403068195852684e+05 1.352616366490070650e+05 1.586049086055464286e+05 1.454231826106004883e+05 5.785241054401561851e+05 1.217930161760609772e+05 1.435735360860579822e+05 1.310290413042685832e+05 1.308551074539917900e+05 1.292246451164999453e+05 3.935010038693588576e+05 1.311615706374689471e+05 1.303044301304452383e+05 1.334373780416078516e+05 1.423015151586457796e+05 2.197594812916973897e+05 1.332129345354960533e+05 3.115166089166922611e+05 1.034948153271034476e+06 1.326876634862274223e+05 1.884043021916399011e+05 2.633545552392283571e+05 1.335509811690419447e+05 1.708563133764102822e+05 1.330271786905408080e+05 9.084493590703763766e+05 1.350371013572222728e+05 1.007902072874135338e+06 3.255600738808776950e+05 1.304730954830936098e+05 3.106536033051658305e+05 2.474318153352659720e+05 1.335595906651664700e+05 2.254972607088919031e+05 4.210032590609153849e+05 1.124642508038852131e+06 1.555835628941471805e+05 2.875837149755654391e+05 1.326021743104238121e+05 2.149950889363421593e+05 1.336544786938821198e+05 2.388247239953785029e+05 1.314995713781783415e+05 1.283091656357369648e+05 1.303341044385162095e+05 1.379891029926932242e+05 2.379245268291649118e+05 1.314641971798159939e+05 1.325709212887777830e+05 2.834348373431422515e+05 5.377184715227001579e+05 4.862445888360238750e+05 1.336571771926674119e+05 1.310271780551073170e+05 1.332100157510956342e+05 1.337956267017742794e+05 1.283306159475098830e+06 1.379470926901751955e+05 1.523648963429985743e+05 3.671099060347686172e+05 1.435849175095061655e+05 2.276494695258103893e+05 8.971724244322929299e+05 1.340779135389913281e+05 1.543945345722338534e+05 3.177191909818032291e+05 1.488535987092892465e+05 2.008298243841264921e+05 7.756123602942279540e+05 5.184358803454277804e+05 1.283940765618008591e+05 2.245124371522006404e+05 2.819504427256137715e+05 1.274341728153207368e+05 6.956337760100937448e+05 1.348400191602226405e+05 1.625414309049878793e+05 1.316785167261992756e+05 1.784727068765364238e+05 1.550230828607275325e+05 1.410465388307039975e+05 6.719623243798527401e+05 6.362580647374914261e+05 2.488868385374443023e+05 3.457836517774311942e+05 1.328191923555924150e+05 1.042947384813115495e+05 1.028134186838275054e+05 2.357392017414391448e+05 1.298116328522731346e+05
8.606892348548450973e+05 1.979142708393916546e+05 1.027897471587687149e+06 2.000740427957627689e+05 2.571886507290359004e+05 5.893864258363028057e+05 3.036812331579959719e+05 3.770213635732225957e+05 2.781176198794930242e+05 1.991651259906170890e+05 1.976335168229131959e+05 2.292133505361303105e+05 2.102314492235052749e+05 1.975808869180326001e+05 2.061533199878068408e+05 2.296421181288390362e+05 2.117075097019281820e+05 2.010875585538242594e+05 1.966662977582974127e+05 3.902096797794877784e+05 2.041021671968275623e+05 2.080277302869164560e+05 2.119402414543091145e+05 4.257012903747137752e+05 9.488395343177041505e+05 2.435796257121486997e+05 2.050696065470584435e+05 1.894573959318857233e+05 1.846663123028310365e+05 1.876785895897409355e+05 2.161239609281914309e+05 1.883475970028794836e+05 1.886176855241589074e+05 1.779875278092207736e+05 1.804211514994630706e+05 1.820327610597270250e+05 1.739146670711507613e+05 1.653160016560418881e+05 1.846282763199525652e+05 1.701143363532611693e+05 1.751650265797422035e+05 1.626355662911851832e+05 1.596477957789580978e+05 1.887603204599531600e+05 1.662032753995014064e+05 1.443353388145684730e+05 1.497020103988135816e+05 1.472987677663241047e+05 1.432865039295484021e+05 1.357651361366473720e+05 2.288772130445821676e+05 3.597127517930968897e+05 1.410707335340987192e+05 1.519543206706723431e+05 1.361583276025132218e+05 1.158448548178535566e+05 1.572747322757409129e+05 5.285290368020917522e+05 1.386274080982235610e+05 1.428147439276208752e+05 1.406296299469429068e+05 3.989743671198634547e+05 1.331033975133745116e+05 2.665699175061500864e+05 1.364110135601976654e+05 1.288316005077108566e+05 1.318671913555549399e+05 1.283884225643459504e+05 2.227815980027495825e+05 3.008053493811184308e+05 1.344233672763458453e+05 3.706777620001615724e+05 9.894463971817778656e+05 1.335360751757517282e+05 4.315533613118896610e+05 3.249538845823192969e+05 1.343426050627001678e+05 1.288131699445786217e+05 1.392298433627574705e+05 1.387375692629212863e+05 1.503059417698168894e+06 3.824493112727419939e+05 1.281900370107901254e+05 5.889724724512113025e+05 1.381395305321225896e+05 6.490931529599016067e+05 8.714417428718511946e+05 1.014423775367025984e+06 1.272379625822142989e+05 1.288355381130812457e+05 1.247071195071629190e+05 1.982863883147437300e+05 1.248085151400920877e+05 7.807317979897629702e+05 2.414089679749634233e+05 1.333392775143382896e+05 1.286746745426352718e+05 1.292121989792453096e+05 1.422401931505350221e+05 1.250327383605887590e+05
7.253069092244507046e+05 7.658996003806178924e+05 3.750741121640445781e+05 2.941806817202908569e+05 3.176223020254168659e+05 1.480158525149639754e+05 1.527839530115071393e+05 1.862284860996337375e+05 3.249394558745285030e+05 1.340599694399258296e+05 1.999094343698596640e+05 2.157110171855025983e+05 1.434471288572446792e+05 1.498002210688907071e+05 1.590018449268694385e+05 1.358917544725085027e+05 1.376126440550097032e+05 2.083894209098192223e+05 1.566472487010536715e+05 1.394007115715570981e+05 1.355882376091336773e+05 1.484174423699064937e+05 1.382307012410830066e+05 1.312225622171570431e+05 1.407640500650064205e+05 1.323023564096696209e+05 1.289731615511313867e+05 1.323896812989326136e+05 1.184596358908353432e+05 2.836043287668473786e+05 1.383132624539188691e+05 1.907155572226795484e+05 1.264308360883915593e+05 1.337047588855346839e+05 1.672356439347907726e+05 1.363714539351479034e+05 1.323117827982835879e+05 1.248075697476605128e+05 1.296351290031531971e+05 1.330640306382379786e+05 1.575627006461147685e+05 1.220109796136611549e+05 1.250045968732563779e+05 1.110821146046117792e+05 1.550747398374746554e+05 1.553531441407250823e+05 1.236206892104946455e+05 1.341874780968147679e+05 1.161636907100469689e+05 1.228315527085738868e+05 1.196876914808952279e+05 1.242685492045810679e+05 8.977043407642844832e+05 1.220080700078280206e+05 4.046271162896192400e+05 1.348143375289258256e+05 2.880017987159405602e+05 4.685682469357140362e+05 1.192582630313411209e+05 1.335475520562998019e+06 3.333208829588536755e+05 1.193578872007819882e+05 9.039535499512639362e+05 2.700226191662358469e+05 6.562432568842091132e+05 1.349950359833004477e+05 4.883373021797236288e+05 1.468259430505901109e+05 1.266294419275625114e+05 1.240592411559418979e+05 1.050304043215873186e+06 1.308176956136895024e+05 1.289322710338235775e+05 1.309035243964830879e+05 1.016473973587006330e+06 1.297743586904803087e+05 1.307363551503041235e+05 2.407940406803383667e+05 4.480406748902861727e+05 2.199338006418006553e+05 1.197908402201781049e+06 1.506478434016274987e+05 1.560009307062731532e+05 1.290681505440873007e+05 5.278069405557077844e+05 1.335334317483702034e+05 1.297308981743293552e+05 4.721446573258277494e+05 3.947781464373227209e+05 1.978788232124909118e+05 1.301542504123328981e+05 1.729578748589843162e+05 1.315562214955349918e+05 1.964352915765682992e+05 3.382876260088370182e+05 1.819772857989844051e+05 6.861151611519483849e+05 4.016260552119461936e+05 1.097107999361814145e+05 1.505951327253546799e+06
5.086980078716932912e+05 1.068061854079510551e+06 1.290221475647951011e+05 1.588996507585854270e+05 1.309254978865919402e+05 3.623838250193107524e+05 1.463004333585717541e+05 2.529037283721376443e+05 1.182909888953215705e+05 1.420234871766545111e+05 1.102392008768983214e+05 2.363984248018391663e+05 1.207041994518955034e+05 1.352359917319794476e+05 1.727436287411394005e+05 1.227516991730906011e+05 1.336638959039287583e+05 1.119777133086096001e+05 1.313810944315095840e+05 1.106142187795162317e+05 1.146797825565851817e+05 1.392311742550155323e+05 1.373930560109979706e+05 1.472353805805715092e+05 1.569473144231248880e+05 1.212827612628901115e+05 1.323180150454781833e+05 7.217013477046019398e+05 1.290806333956111339e+05 1.031190099034114537e+05 1.176213389824722399e+05 1.318801882068474079e+05 1.433837508500593831e+05 1.179168704922987527e+05 8.815255371898723533e+05 1.023831366275147739e+05 1.044602390639559249e+06 1.334882548401347303e+05 7.520978988790335134e+05 1.106234157039477577e+05 1.349518508241684176e+05 1.441937318783114606e+05 1.159592840163443616e+05 4.290538905798592023e+05 1.094388940585772070e+05 1.175769147167550982e+05 1.170392966587586328e+06 1.361446790729426721e+05 1.343218339649072150e+05 1.218551183623920078e+05 3.984516660694379825e+05 1.152098448179828265e+05 1.412438137776169169e+05 1.283665133242081793e+05 1.239797639417177998e+05 1.070523564185681462e+05 1.058592252770730702e+05 1.291214045915440947e+05 1.174964370386956289e+05 6.271836925365172792e+05 3.733268433791319840e+05 1.446086490129691083e+05 1.785887056100350164e+05 1.367780002164307807e+05 2.193596445431085594e+05 5.936493196316884132e+05 1.100197137971268530e+05 4.735871609622130636e+05 1.621945912039715331e+05 1.030521366977994796e+06 1.147634727331985778e+05 1.402263695927523368e+05 5.107676646543432144e+05 1.143758343005473871e+05 8.098480491690806812e+05 1.104489953896042134e+05 5.767523849519646028e+05 1.028905461848235864e+05 1.511277723284492968e+05 1.216885640802219277e+05 1.266403919583477400e+05 1.280226383004287345e+05 3.185368177566136583e+05 1.288168413714974013e+05 1.106721447177271475e+05 1.347101240758365020e+05 1.133513409759987844e+05 1.294200751713861537e+05 1.220927698268440872e+05 1.147913113278101664e+05 1.374256032106328930e+05 1.345319864417377103e+05 1.233884347436131502e+05 1.277658770588644547e+05 1.295125951297392021e+05 1.624042480381679779e+05 1.273480319612390595e+05 1.254247182555714098e+05 1.376213728725090914e+05 1.282056589323295048e+05
2.992448093692946131e+05 5.705890504406152759e+05 6.908142938938223524e+05 3.283973893179735169e+05 7.381475045872390037e+05 3.253172457044701441e+05 3.320520745299954433e+05 3.076662366498998017e+05 2.594478449263673683e+05 2.548914939773643273e+05 2.101220590584604943e+05 1.059096523258023954e+05 3.581779484839736833e+05 1.379680565378813772e+05 3.939467518115669372e+05 1.135744811255544191e+05 3.901939293580062222e+05 1.138564742486179748e+05 1.368831315262498101e+05 2.995163848184761591e+05 1.092870071269476175e+05 1.286136829629471758e+05 1.408583506654150842e+05 1.290852593935287878e+05 1.531159050763678679e+05 1.256760366067286232e+05 1.347391650627639610e+05 1.313095658565646154e+05 2.440606377099115634e+05 1.079556375833935017e+05 1.407650321717071929e+05 1.269273782220208086e+05 1.131706058073549648e+05 1.479470683316407667e+05 1.653149369422354503e+05 1.357195094786143454e+05 1.295542750038345548e+05 1.322843480606330559e+05 1.340026401085892285e+05 1.068742096059020550e+05 3.341457791589632980e+05 1.094628042263857060e+05 1.103122072011780838e+05 1.174686810511897202e+05 1.361701771328935574e+05 1.303743340989786520e+05 1.089119800457624078e+05 1.312291707856108260e+05 1.130415826868620352e+05 1.040269721375582449e+05 1.452724705355849001e+05 1.123513727832675795e+05 1.358175549344801402e+05 1.285073859750814445e+05 1.777314090673672617e+05 3.951707688320161542e+05 1.927485180932763033e+05 1.008548317440377432e+05 9.997156719877353171e+05 1.301724790469845902e+05 1.326180165175783040e+05 1.319591422427355719e+05 2.895200438896601554e+05 1.333988188803934609e+05 4.164189318387912936e+05 1.346496556744843256e+05 1.418100395941644383e+05 1.169178752277010208e+05 1.375665401114772249e+05 1.149776454225051275e+05 1.343000991175480885e+05 5.786966625053384341e+05 1.144916586412673350e+05 1.316161758971185191e+05 1.370145135385380418e+05 1.284088815908507968e+05 4.905641694630353013e+05 2.041454349630652869e+05 1.539622424096830946e+05 1.536988175282612210e+05 2.450245157760312431e+05 1.874296301303790242e+05 4.493023974651911994e+05 6.288393592198065016e+05 1.917880728113256919e+05 4.991959878632206819e+05 9.843779188918753061e+05 8.929684203246843535e+05 1.302948734061756870e+06 1.844688629631395161e+05 1.234759615613566712e+05 1.150554337803465896e+05 1.060825948908111313e+05 2.447035412776576413e+05 7.075018103820994729e+05 1.034839864534065273e+05 1.095885781340555113e+05 1.255386242757262953e+05 3.028872503725424758e+05 3.106062786121828249e+05
3.491610341142783291e+05 7.910928584686897229e+05 8.881869741912914906e+05 3.353512187592035043e+05 3.291930976740788319e+05 2.888427206945506041e+05 3.143671782049648464e+05 2.066059151412184001e+05 1.412416109214656462e+05 1.293256644281699409e+05 1.258815355499395519e+05 1.283049434947803820e+05 2.614146833981570671e+05 1.257960555527032557e+05 1.360813377800265735e+05 1.297109806832950126e+05 1.566824760423392872e+05 1.269767772712128790e+05 4.213413607658650144e+05 9.581365418470326113e+05 1.328768612939190061e+05 1.344805313934711157e+05 1.276580472502601333e+05 1.293837280448903184e+05 3.326354275531190215e+05 2.382048219172785466e+05 1.356563425784768770e+05 1.811858913695086085e+05 1.875233800167498703e+05 1.274777801885484514e+05 1.294227920273060445e+05 3.813342254889727337e+05 1.365423955724858970e+05 1.564355358677827171e+05 1.349900061284217518e+05 1.294549812628163781e+05 1.347743556897804083e+05 1.358696157681883196e+05 1.586631925078819331e+05 1.375909367433524749e+05 1.381411276028322754e+05 1.302071556742323883e+05 1.179772012151414674e+05 1.639214835694849025e+05 1.229216128108913545e+05 1.423303083242562716e+05 3.270038625166845741e+05 1.288599989949275623e+05 1.297811508302800357e+05 1.300058421577088593e+05 1.375864025311077712e+05 4.539523698006229242e+05 4.956571728847551858e+05 1.168295498746026715e+05 1.616602700873481226e+05 1.253286461916744593e+05 5.514164919280983740e+05 3.093923947300293949e+05 1.212147847934890597e+05 1.217648379744594131e+05 1.506180718007431831e+06 1.308726568746635166e+05 3.026140778526512440e+05 1.300676781655882660e+05 6.763281649860406760e+05 1.187797512753099436e+06 3.092642986448334996e+05 5.081377481238887412e+05 1.512795124030021252e+05 1.295333937632340385e+05 1.265391248253607191e+05 1.245992162700202171e+05 2.606003976218427124e+05 1.237388908001444943e+05 3.853814229528805008e+05 1.327147586168879352e+05 6.658657731241558213e+05 1.393045293648525840e+05 7.874969895159065491e+05 1.726391032167619560e+05 1.363803296097240236e+05 1.351636554431123368e+05 1.297443539539866470e+05 1.743381661662310653e+05 2.880297749890615814e+05 1.281380863198895095e+05 1.200848297306987515e+05 1.202278042734830087e+05 1.356783711399895255e+05 1.310511249371849990e+05 1.284707359558648022e+05 5.406549522008720087e+05 2.954728037100833608e+05 5.977726624898915179e+05 2.326855658302892989e+05 8.364470231958117802e+05 7.316940906350375153e+05 1.333166431673840561e+05 1.267276158833704540e+05 1.251209719280141435e+05
1.277461835248721531e+06 1.423972292584181705e+05 3.818241039827443892e+05 6.901938961730883457e+05 2.865237556669815094e+05 1.413697528994980676e+05 1.395934798419272120e+05 1.308100865814003482e+05 1.361352251486268360e+05 1.321177662427611067e+05 3.102594021968973102e+05 1.290374574150463741e+05 3.145965689588497044e+05 1.291346584427208581e+05 1.257805804882406374e+05 1.291725842827917659e+05 1.269361345752220805e+05 1.264990879148115200e+05 1.254617445960472251e+05 1.302489089768661215e+05 1.349523281096678402e+05 1.601105057135308743e+05 2.618067000074088864e+05 1.330126214828078810e+05 1.248357846635312599e+05 1.311652604215223109e+05 1.375035108898492181e+05 1.279287966283849382e+05 1.308114358307929942e+05 1.552118125614869932e+05 1.286315811691761774e+05 1.717843032443989941e+05 1.267642750811543956e+05 1.260916145982316666e+05 4.689717367540870328e+05 1.310244336634855281e+05 1.366316112466120685e+05 1.195497009001531987e+05 1.245914420235197176e+05 1.454702686608337099e+05 1.234581184265314369e+05 3.883431263339843135e+05 6.081507216754521942e+05 1.458922808280119207e+05 7.621952774766541552e+05 1.254242776843411557e+05 1.728711924694321060e+05 2.404962328858222172e+05 1.318698164258018660e+05 1.424184317488740780e+05 1.256954309194270318e+05 1.290700964003542613e+05 4.590817570631077979e+05 1.315251979380713601e+05 2.626979205348060932e+05 1.196009081271027680e+05 1.367524103708069306e+05 1.246762703424779465e+05 4.386931852408246486e+05 1.307075986989628436e+05 1.528258917212002678e+06 1.259094934659260034e+05 8.396083420584892156e+05 1.237191844161579793e+05 1.476632853879543254e+05 1.496082054410389683e+05 1.029998629213300184e+06 3.074899347292603925e+05 1.474629906924007519e+05 1.309597431211767835e+05 1.237241867353348061e+05 1.199112446659792331e+05 1.275677301480583556e+05 3.180411384083103039e+05 1.342887544083690736e+05 5.555152729402149562e+05 3.448993151755066938e+05 8.248758604044578969e+05 4.418418376806323067e+05 2.286750092070308165e+05 1.258602045595414966e+05 1.255150904291769693e+05 1.583329476565384539e+05 1.284128008390865871e+05 1.623618797715253604e+05 1.779810110264399555e+05 1.311712540259672096e+05 2.273184536748139362e+05 1.315843996971365705e+05 1.287562995416068588e+05 1.246253017582780885e+05 1.474423848088191589e+05 1.560015548488493368e+05 1.861996470411867776e+05 2.561085352866679023e+05 1.247002722959594103e+05 4.243375755600053235e+05 6.663575974741944810e+05 1.330462701105184096e+05 1.308813122636245243e+05
8.711367207234397065e+05 4.565581283419518149e+05 1.277743855907487014e+05 3.067244605738311075e+05 4.187223483733593603e+05 2.116632139361532172e+05 3.058602617485560477e+05 1.330794139170276176e+05 1.290689949722786259e+05 1.264056868139979779e+05 1.376432545769449498e+05 1.340196204580885242e+05 4.188080394776434987e+05 1.268482956861904822e+05 1.412433456706847646e+05 1.304770789813004812e+05 1.229066058533608739e+05 1.340268898833876883e+05 1.242845566259469051e+05 3.612205701143671758e+05 1.264190324508477061e+05 2.055131332759806537e+05 1.290237079212355748e+05 1.418579700725889998e+05 1.522784342390614911e+05 2.017680942474877520e+05 9.368869102694899775e+05 1.299241896230353741e+05 1.311406159683300648e+05 1.268794844578654447e+05 4.007941465864217607e+05 8.511524831477209227e+05 1.325445145506645204e+05 1.287466804030796775e+05 7.294411562206025701e+05 1.235628458793893951e+05 3.985086099009481259e+05 1.309491694116507133e+05 1.308381454616270639e+05 1.299633545696913643e+05 1.125175599227457715e+05 2.901149619075778755e+05 5.789736716663597617e+05 1.017674530189444660e+06 1.203826742394840840e+05 1.882539389021816023e+05 2.290703117433749721e+05 1.492281485049750190e+05 1.294558165124403895e+05 1.282866873244267917e+05 1.374035562919856748e+05 1.282108081085830781e+05 1.404309506792335887e+05 1.283568299357099168e+05 1.339965455399040657e+05 1.347285362818341237e+05 3.482886296498398297e+05 1.229071932816678745e+05 1.634109532992951281e+05 2.136208554835113755e+05 1.430578658181819192e+05 1.132514781638082059e+05 1.316564514504174585e+05 1.156120312797996594e+05 1.195374107985426090e+05 2.031839800387119758e+05 1.394474947290695563e+05 1.247044577226468100e+05 1.237780465682331851e+05 5.056766805174286710e+05 1.317706970775623340e+05 1.352084652086559508e+05 1.398866249242565245e+05 1.453862296986630536e+05 8.516728711991875898e+05 6.399590833572281990e+05 1.312261051441336458e+05 1.236673438680649269e+05 3.139715452401980292e+05 1.980650747000801784e+05 1.895172952620654833e+05 1.306245234863583464e+05 1.367383212700061558e+05 1.306795765330053255e+05 1.221522469429281773e+05 3.736031916833079304e+05 4.757435735629535047e+05 1.108751287334987283e+05 2.381553677966826945e+05 2.605644359951733495e+05 1.263215285304524295e+05 1.438079291591196379e+05 1.418567952159749984e+05 1.515493072101280559e+05 9.571366654399742838e+05 1.291546493622935668e+05 1.237423052271789493e+05 4.929197936883883085e+05 3.167115678639463731e+05 1.425650868971444143e+05
1.998883787364804884e+05 7.206985341560086235e+05 1.009231423132884083e+06 7.334767886897162534e+05 1.781013236865680956e+05 1.501215443528215983e+05 2.009043176363083767e+05 1.277600762043327850e+05 1.784657495225253515e+05 1.312457656352836639e+05 1.348586883661045867e+05 1.353095212345951295e+05 1.278940098583295767e+05 1.292251224019993824e+05 1.271916199959320948e+05 1.288132158374151040e+05 1.292255721517969359e+05 1.292695466677165241e+05 1.278540647334533423e+05 1.358124975438995461e+05 1.119155376937402034e+05 1.096637781359192595e+05 2.546782024305183149e+05 1.266578954861829843e+05 3.808675136990585015e+05 1.432711022936241643e+05 1.245278253735847102e+05 1.509809336088330310e+05 6.599223203709716909e+05 4.061183397612167173e+05 1.704962565384863701e+05 1.289569522012850211e+05 1.182734211175152450e+05 2.956880778274654876e+05 1.264274583756262873e+05 2.627926066350411857e+05 1.132829055782328796e+05 2.425591709572107648e+05 1.306181443820869754e+05 1.223431060713005281e+05 1.405092530368437001e+05 1.333535869007541914e+05 1.433978674865620560e+05 4.388234107536334777e+05 1.192346924705225974e+05 1.081736817923858762e+06 1.750564074143503385e+05 1.182660782636777003e+05 1.368836088117492327e+05 1.133058703536098037e+05 3.123031754197698319e+05 9.166071962553483900e+05 6.291047299574953504e+05 1.458577327007062850e+05 3.463970370727503905e+05 3.043719754184936755e+05 1.098992909941911494e+05 1.295756886013382900e+05 1.299918081283118518e+05 1.189775273719972465e+05 2.169465808436113875e+05 1.469962789024865197e+05 5.271217421498574549e+05 4.616562717613579589e+05 4.925083368736015982e+05 1.634773326979865087e+05 1.308984302916332963e+05 1.295150917000439658e+05 1.271662229002215026e+05 1.207294772262312472e+05 1.513554118116938975e+06 1.643309945280046668e+05 3.331941820158868795e+05 5.096786827159663662e+05 2.150757501857475727e+05 1.464849959897783992e+05 2.829786625484849210e+05 7.615494734816421987e+05 1.320689729790106358e+05 1.246812175902509916e+05 3.268390154480317142e+05 8.302977502495612716e+05 5.849336825549474452e+05 1.321647054359175963e+05 7.399849803315458121e+05 5.094767909497031360e+05 2.675845897636910086e+05 1.270956397177081089e+05 5.543726147402856732e+05 1.207380316509519907e+05 1.358272475015457021e+05 8.176230299549631309e+05 1.112567184903012589e+06 1.237543658646071126e+05 3.846035577316003619e+05 1.635056944709340169e+05 1.252096827809389652e+05 1.771862572413334856e+05 1.306443950845561922e+05 1.273250029358910688e+05
5.096246393117220723e+05 7.052120148414000869e+05 5.009562167851565173e+05 5.108190646312059835e+05 6.648001781752515817e+05 1.780970831884769141e+05 1.826579316354554321e+05 1.857457118169498572e+05 1.948283263713566121e+05 1.702898672742476338e+05 4.334054493353331927e+05 1.770227686006405856e+05 1.693039239323461370e+05 1.672888979822475521e+05 1.712455580583384435e+05 1.637350301534150785e+05 1.702683159982344368e+05 1.734747199834743806e+05 1.504853460462026705e+05 1.455317099903193593e+05 1.524047313250672305e+05 1.586418982317530608e+05 1.604571802003358607e+05 3.342257061229849351e+05 1.532476725884825864e+05 6.243483963842268568e+05 1.759102528157144261e+05 1.824885687116925255e+05 1.647175223540129373e+05 1.653902195512048493e+05 1.436393372350096470e+05 1.444524665118445701e+05 1.443228743201792531e+05 1.605633211525575607e+05 7.312995590983462753e+05 1.456382547995021159e+05 1.595078776990837068e+05 1.129275701953265117e+06 1.440521616563236166e+05 1.363471766246475163e+05 1.279711465378929715e+05 3.095320558100194903e+05 4.149809440575160552e+05 1.298319725574031327e+05 1.315409575381201867e+05 1.885672217611603846e+05 3.294384958493295126e+05 1.413524696572779503e+05 5.338814632498921128e+05 6.670108177515822463e+05 2.441997113615946146e+05 1.211696904923592519e+05 1.335859882247124333e+05 1.320823920443987299e+05 1.622584923894927371e+06 4.351120754242549301e+05 1.770399325214858400e+05 2.514296137499816832e+05 1.323971434741450066e+05 1.810901038411978516e+05 2.305662713556976232e+05 1.810587314981769305e+05 1.245737549243385438e+05 3.099878267477157642e+05 1.177695214443407720e+06 1.331537970264019386e+05 8.357075243858328322e+05 1.972435562127358571e+05 1.294669960074080591e+05 2.048960031252043264e+05 1.331320530004755128e+05 1.310074624925535027e+05 1.248672579707924306e+05 9.975208929756936850e+05 3.860403339419924305e+05 1.356774165689906222e+05 1.332180928903169406e+05 2.887417931685535586e+05 2.519766196466094698e+05 6.202394088052761508e+05 9.802860401623661164e+05 2.598460295328427455e+05 5.109081334482553648e+05 1.092407599977653241e+06 1.285316173927453347e+05 1.323847615868614521e+05 1.337453648672563140e+05 4.650310106708235689e+05 2.129578508533850254e+05 1.333800028174347535e+05 3.447375888197348104e+05 9.422739215588649968e+05 1.321371513768922014e+05 3.559258952119991882e+05 1.319055669454234012e+05 9.025209591675592819e+05 1.250398058574073948e+05 1.253649198896319140e+05 1.753223288660769467e+05 1.282075680743272533e+05
6.359305000277985819e+05 2.365335883838537266e+05 2.949160685321208439e+05 3.353129992049791035e+05 4.817283665832430124e+05 1.756784572771977982e+05 1.869713442652433587e+05 1.827509655935771298e+05 1.790829347447054461e+05 1.799717137732016563e+05 2.202577673531130713e+05 1.733215113381540286e+05 1.689059412543512881e+05 1.759313084490936017e+05 1.743830310031784466e+05 1.743148342481622531e+05 1.658126172182095179e+05 3.540021409351013135e+05 3.088653613958397764e+05 1.829537017880316707e+05 1.645090220192959241e+05 1.884811084427805908e+05 1.658673765507030184e+05 1.765266119668378087e+05 3.569602830320938956e+05 1.683069846668229147e+05 1.339697165876951185e+05 1.350007817664283502e+05 1.315989752620040963e+05 1.789394003093160864e+05 1.371225269184882927e+05 1.427486215288137901e+05 1.512359509226109076e+05 1.437499389709376555e+05 1.471006942840563715e+05 1.492316638962497527e+05 1.341639993216692237e+05 1.553458563582913193e+05 1.352830502465108002e+05 1.357969582294658467e+05 1.656856776324929961e+05 1.310221023073921097e+05 1.357094497688569245e+05 2.212800578215103887e+05 8.303388702310515800e+05 1.424724384388492035e+05 1.783975527675091871e+05 1.094945345335311868e+05 1.815850489041174296e+05 1.386623417253556836e+05 1.240130913195729372e+05 2.273714323652518215e+05 1.320007670454271429e+05 1.187622532546150906e+05 4.551855286740998854e+05 1.194689478650748206e+05 1.416131629970722366e+06 1.086814603281000454e+05 1.356937727759137633e+05 2.683554792738254764e+05 1.263338369891976181e+05 4.823996502810711972e+05 1.797369076646116155e+05 6.864432398614097619e+05 3.391925226015066146e+05 1.286779329340256809e+05 6.578873218584350543e+05 1.121998346371952794e+05 9.501442860160971759e+05 4.311551583482797141e+05 1.193177493259925104e+05 1.831240192827934807e+05 1.283220615227891540e+05 3.815193755484863650e+05 4.165998230430791737e+05 1.267186576016886538e+05 7.172110457258676179e+05 2.122716978765358217e+05 1.407170190861769661e+05 1.108230862569251476e+05 1.150851906955232407e+05 1.813896372063658200e+05 1.028373655659051845e+06 1.047309113421154441e+06 2.254002799668325752e+05 1.226118086289181083e+05 1.284670553503787378e+05 1.300112299767121440e+05 1.174284513907272776e+05 1.344907379603052977e+05 1.544238325590456370e+05 5.117760220575837884e+05 1.251120595391688257e+05 3.259707596960114315e+05 1.330456826822114235e+05 1.231751431967671233e+05 1.274193310720016016e+05 3.118095887848102138e+05 1.205599858025261638e+05 7.168937610115472926e+05
6.940615975749373902e+05 6.912993628183305264e+05 6.503403366842082469e+05 6.709686159700179705e+05 6.857823830160308862e+05 6.767151333832792006e+05 6.958068470750446431e+05 6.874442911250819452e+05 6.328644179793942021e+05 5.434773616446777014e+05 4.197705040443994221e+05 4.229122542015998042e+05 4.435066095026800758e+05 3.940266787755885744e+05 4.825963653353789705e+05 4.027240688605432515e+05 3.939865867936356226e+05 4.596071382551839924e+05 3.937326709079333814e+05 3.650666468116646865e+05 4.030416472890169825e+05 4.324498503369152895e+05 3.864038419212200097e+05 4.123650523778913193e+05 3.510359951274257619e+05 3.232606959159202524e+05 1.300854570504424191e+05 2.501971524476192717e+05 1.249042292398644640e+05 1.274606896962415631e+05 1.356782793543165317e+05 1.249309939421023155e+05 3.542071166999763227e+05 1.412672925527624611e+05 1.283184727029760543e+05 1.402299125197289686e+05 3.174888456569195259e+05 1.290819183950326988e+05 3.040167648641025298e+05 1.346886462283616711e+05 1.437182820923305408e+05 1.833062505579067220e+05 3.597399570665649953e+05 4.949863297581572551e+05 1.272905741299602814e+05 9.877025428238997702e+05 1.269943083347500215e+05 2.042424340622592135e+05 2.152441218242424366e+05 1.342392911092059221e+05 1.296513383529995772e+05 8.771317937391017331e+05 1.280716059569578501e+05 1.303604102123892080e+05 1.390998014212946000e+05 1.415219647524099564e+06 2.293610703982070845e+05 2.280326563533225562e+05 1.341880288108525856e+05 1.394348283061998081e+05 1.297786817956771556e+05 3.143253973666292150e+05 3.146093455245270161e+05 1.352981948825507134e+05 2.523162449937304191e+05 1.318151121647121618e+05 1.331062979406403319e+05 2.581371455163659411e+05 1.082402667909847340e+06 2.500857062834999524e+05 1.156343884340215242e+06 1.233904723855530756e+05 2.552977740801955806e+05 1.379408512644132716e+05 2.569035827859278943e+05 1.289217615742685884e+05 1.299427119718405738e+05 4.910173336876193061e+05 1.341367022625281534e+05 1.339980783606426558e+05 2.147423111929847510e+05 1.317605804606876569e+06 1.335271168940699135e+05 2.862209180175866350e+05 2.336246617647072708e+05 1.385112625076482072e+05 2.211950459312062303e+05 3.401575204528365284e+05 3.850390991069742595e+05 1.026436684245246346e+06 3.223260240509393625e+05 1.312104832225942810e+05 2.331332045573604992e+05 7.609744545976242516e+05 8.161352943389385473e+05 1.294716495410275966e+05 4.998838664107217337e+05 1.283819975672380970e+05 1.291074348121181683e+05 4.538290832846905687e+05
5.374352209359169938e+05 4.504957580708687310e+05 6.893343417028655531e+05 4.360026534519413253e+05 4.700985343897271669e+05 4.983478515307152993e+05 4.423737540126239765e+05 4.179577370032559847e+05 4.465201534318769700e+05 5.248405010338787688e+05 2.817986108653879492e+05 3.835221389326762292e+05 3.303900929924059310e+05 2.577575199729649466e+05 2.580615141218392528e+05 2.485194755599520286e+05 2.009011234948890342e+05 2.042835356866148650e+05 1.764596818541085813e+05 1.830990535797458433e+05 2.991721518305721111e+05 1.477303807148948836e+05 1.249871943096613977e+05 1.380736559546325589e+05 1.240215264229188178e+05 1.458146301486798911e+05 4.665965071089877747e+05 1.293915114699581172e+05 2.845359717046202277e+05 2.600233043816156278e+05 1.288877549824334710e+05 1.353556527138295060e+05 3.740303622053069994e+05 1.170406183724493952e+06 3.961246055455130409e+05 1.847037975716716901e+05 1.295330908705132315e+05 2.719420044451003778e+05 1.408638027343894646e+05 1.279003430697644653e+05 2.227166504605564987e+05 2.151376320864634763e+05 1.267139031038288376e+05 1.270900958630607638e+05 1.294390564485562063e+05 1.559756345748027961e+05 7.231612539045822341e+05 1.230204384449773788e+05 2.723621441845500376e+05 1.374487515573557466e+05 1.255308224935239123e+05 4.007128244801709661e+05 1.256532829383995268e+05 1.282420244159599242e+05 1.424935307864975475e+05 1.296937616910459765e+05 1.300246398635329679e+05 1.171362333436949557e+05 3.613337602062729420e+05 1.305282219582789694e+05 1.240965244963020232e+05 7.405796046353100101e+05 2.131673791876393079e+05 2.293418321211527218e+05 1.398015120697121019e+05 1.198666001146469644e+05 1.273008816610347421e+05 1.340628882243262487e+05 1.274381195992584253e+05 1.170623752483700169e+06 1.713094041724558920e+05 1.285151235073127464e+05 2.448309214346044173e+05 1.305714162959783134e+05 1.499271055832034617e+05 2.430064976129938732e+05 1.328180725703821809e+05 1.340513599438013043e+05 2.960683458705772646e+05 1.292052232680996385e+05 1.310970085951023502e+05 1.318563331104426761e+05 7.197242108803050360e+05 1.377668715212999959e+05 1.242845566259469051e+05 1.300284489689611946e+05 1.303562247857018083e+05 1.280720557067554037e+05 1.271739145396163221e+05 2.116731635031030746e+05 1.397691117271539406e+05 1.328421020595655427e+05 1.317429410900564108e+05 1.033485970786364516e+06 4.750095451790835359e+05 5.366756027064231457e+05 3.669233608330258285e+05 6.810161365900816163e+05 2.142047592206728004e+05 1.641298370471251837e+05
5.243809485264561372e+05 2.537061370823697653e+05 3.900004818736561574e+05 3.598539915866620722e+05 1.802803522771282005e+05 2.613221817969386175e+05 2.699541286970661604e+05 1.773326003183157009e+05 2.715621953303534538e+05 1.794420186544958851e+05 1.693512119110599160e+05 1.730186920458937529e+05 2.064716510587989178e+05 1.761068944414838334e+05 1.786662461465594824e+05 1.531935741128344962e+05 1.673450524569701811e+05 1.599558284974430280e+05 1.415522503530629037e+05 2.141321016819503275e+05 1.523264748602936161e+05 1.625026606367256318e+05 1.563649710424039222e+05 1.755544915472854627e+05 1.521194798106132948e+05 1.908343462406363979e+05 1.507406203598648426e+05 1.552557044703009014e+05 6.676958325860867044e+05 1.812084155736552493e+05 1.574888498936436663e+05 1.734382076427672000e+05 1.415226770092321967e+05 1.436548949065779452e+05 1.440717854332044662e+05 3.194662027668314986e+05 1.296484562828683411e+05 1.625084431341227028e+05 1.363325643455108220e+05 1.355397105238348013e+05 1.423502717081270821e+05 1.293960640393373906e+05 1.355601144789358950e+05 1.448392238020352670e+05 1.289336386403508222e+05 1.371173043136963388e+05 1.213244044227162813e+05 2.037165388704143988e+05 1.388467942137547652e+05 1.249922975930785033e+05 1.306899299569162540e+05 1.312550543453881692e+05 6.773623325205201982e+05 1.213554463373144972e+05 9.985294339502801886e+05 1.537022503124302893e+05 5.475313145341159543e+05 1.250831286950489011e+05 4.154533098448851961e+05 1.381398426034107106e+05 9.915912447877241066e+05 9.102227317006813828e+05 1.094605738345325517e+05 4.899836067243699799e+05 2.307889250411865069e+05 1.260346156953177415e+05 1.248868542119713820e+05 4.140987735974736279e+05 4.727958216041410342e+05 1.212507390773045830e+06 8.471124449663046980e+05 1.317452081961787480e+05 2.890427583902198239e+05 1.262373702469068958e+05 1.209077617174067855e+05 2.009477873310266295e+05 1.373737626625398407e+05 1.257275467263989849e+05 1.361570701387935260e+05 1.086794135075928207e+05 1.302735167157891847e+05 3.215193381283468916e+05 1.287296082679073879e+05 1.230571986070015846e+05 1.219456924644780956e+05 4.845206703263146919e+05 1.304685979851181182e+05 1.954817302200903650e+05 1.304700481987510284e+05 4.688593543761033798e+05 1.294604057960888604e+05 2.582001655594266485e+05 3.054687774962074473e+05 1.484645192415724450e+05 3.103688474333459162e+05 2.525724738783914945e+05 2.397351093712917063e+05 3.665987699791372288e+05 2.995570642287361552e+05 8.041795128635740839e+05
4.790244340861061355e+05 9.729719703118661419e+05 3.006736552975421073e+05 3.757103337347984780e+05 2.990755933026084094e+05 3.052706489425359759e+05 2.981447764358922723e+05 1.509450270535674645e+05 2.637397797086804640e+05 3.261475021878810949e+05 2.531678324675394688e+05 1.350207818645683292e+05 1.345878655594413867e+05 2.881837179197656806e+05 1.576095480535982933e+05 2.691564377704246435e+05 2.425358757534111501e+05 1.553401472894326434e+05 2.509691433858293749e+05 1.107223790165432496e+06 1.228588314105803584e+05 2.054086261087378080e+05 1.362202462174982938e+05 1.252709956104824378e+05 1.368356966904592700e+05 1.719017154772613139e+05 1.384796148076084210e+05 3.268926917095841491e+05 2.628263103341555106e+05 1.961744734082587820e+05 4.078342912745121284e+05 1.890490231157107628e+05 1.265122316231807199e+05 1.260749004271839513e+05 3.094491917044628062e+05 1.288931886942732526e+05 1.292346589334208984e+05 1.358936085431024840e+05 1.315936149787026807e+05 1.382435787710005825e+05 1.349813323823261308e+05 1.267514618012078718e+05 1.194893426416086004e+05 1.366311982110836834e+05 1.255964125354277639e+05 1.275267386665102676e+05 1.349808734539613070e+05 1.420363647065721161e+05 1.428474746986017271e+05 1.355420051656590367e+05 1.284731040262274182e+05 1.602603550032205239e+05 1.278186905350909801e+05 2.469863611072114145e+05 1.244205462790182064e+05 1.350914568327546876e+05 1.426398371492105944e+05 2.033008415575364779e+05 1.499787074885467882e+05 1.315276486155396560e+05 3.459689854082908132e+05 1.311082890543102694e+05 1.387452609023161349e+05 1.161896935911991750e+05 2.643704574247870478e+05 1.344256160253335838e+05 1.485696964442279423e+05 1.368775234216313693e+05 1.385879586159813625e+05 1.338021618416896963e+05 3.353262530561558669e+05 1.446855378712154925e+05 1.498677386099269206e+05 1.323407687138072797e+05 1.955375175521211058e+05 1.183600117213944759e+05 1.360095338480627106e+05 2.453938796811942593e+05 1.293684365517736296e+05 2.498903680142867088e+05 2.961316779849260929e+05 1.204478787815614633e+05 7.399628049129564315e+05 1.310953839886907954e+05 1.539494291297365853e+05 3.878636379783927696e+05 1.703594775286275253e+05 1.176688197110992478e+05 1.351903834310809907e+05 1.270825051879062084e+05 1.322349214757391019e+05 1.231488649585960084e+05 1.157053681306421204e+05 1.112778879379148828e+06 1.356368840158073872e+05 1.243999128597347153e+05 5.384555104766435688e+05 1.288825048419396189e+05 7.184628554480918683e+05 1.148880534271197976e+05
7.990933382959231967e+05 2.124382521587058727e+05 9.132222140647793422e+05 3.267634207677742233e+05 2.140280718002069334e+05 3.008902144143458572e+05 2.336749786706290324e+05 2.280934184688282257e+05 2.381674835055146250e+05 2.737321004250204423e+05 2.173838661467716738e+05 1.926504359231413400e+05 1.995218051157757582e+05 2.026421508540396753e+05 1.942922613269467838e+05 1.823793621179936454e+05 3.179007797572056879e+05 1.886387778718072514e+05 2.031756275424717751e+05 1.970778830730262853e+05 1.895198285466394445e+05 2.009629503242011415e+05 2.162969402074693644e+05 1.987917602301126171e+05 1.971472546846564801e+05 1.922805947324788722e+05 1.845855041963488620e+05 1.865908008651126875e+05 2.151142450969908969e+05 1.846426866706087312e+05 1.823547635576378962e+05 1.904937479653819755e+05 1.992250069636622793e+05 1.821760568523666880e+05 1.961026602977276198e+05 2.200372430952370341e+05 1.948758529928201169e+05 1.872219191524495254e+05 1.863498267592991178e+05 1.926850758361199405e+05 1.899394175720512576e+05 1.938550127380556660e+05 1.963727304618724447e+05 1.938022543332329369e+05 1.849982276534225675e+05 1.845315342206429341e+05 1.881346909558599000e+05 1.865371980320986477e+05 6.574708351887696190e+05 1.878915139938950888e+05 1.990504306136746891e+05 1.853354115016425494e+05 1.863993359512987663e+05 1.951184975978817092e+05 1.920026860718624666e+05 5.780301149482354522e+05 1.925543546806770901e+05 1.863967475953210378e+05 1.888927488289132598e+05 2.370661655726907193e+05 1.877940376092016813e+05 1.951087316022777813e+05 1.866174737816775742e+05 1.792686905896606913e+05 1.865716727308658883e+05 1.851857274261642306e+05 1.878433815869899699e+05 1.857758909462221782e+05 1.851169248857064522e+05 1.832911977075397444e+05 1.793319492754711246e+05 1.872719423442177940e+05 1.774889296765170002e+05 1.830385117498553009e+05 1.861845024051468354e+05 1.874473814795312937e+05 1.797623139388895361e+05 5.714977286030112300e+05 1.839840326813811262e+05 1.845988865474677878e+05 1.808759311518913019e+05 2.069776471167440177e+05 2.339375591238595662e+05 1.044039193750219769e+06 1.694001520318871189e+05 9.901289888745158678e+05 1.007128503222350148e+06 1.807836865505571768e+05 1.779139340566339961e+05 1.796237726441096747e+05 1.892720623010261334e+05 1.803160385467786400e+05 1.816570823002637189e+05 1.926313077888945409e+05 1.821270800172702584e+05 1.828673314697675814e+05 1.699930507649995561e+05 1.849730049504906056e+05 1.746478143125602510e+05 1.760539708224497444e+05
2.417340911857552419e+05 1.107547463162591448e+06 4.772001387644377537e+05 2.841761167951768148e+05 1.925102975576518220e+05 1.379884146001459740e+05 3.092520360789247788e+05 4.240378769806259661e+05 1.301422540248758160e+05 1.419042851231693057e+05 1.297404438843181561e+05 1.330560177489877678e+05 2.019545476635575469e+05 1.819536234524929023e+05 1.331060225836214377e+05 1.308307842506549205e+05 7.588532509810348274e+05 1.192150962293436605e+05 1.325621741141437960e+05 1.636743965378515713e+05 1.414663940345674346e+05 1.575064176714500063e+05 1.331426267100015830e+05 1.289459379205286968e+05 1.282827772547583008e+05 3.394188660710488912e+05 1.797549527279173781e+05 1.305964003561605496e+05 1.297293561750234658e+05 1.302535716890529584e+05 2.571511654601952469e+05 1.355916887504373153e+05 1.315969926914679527e+05 8.498472908780976431e+05 1.330004874168413517e+05 1.396349394304074231e+05 1.308774664439271000e+05 4.224320682748936815e+05 1.332695112243143085e+05 1.301554895189179806e+05 8.015360854820585810e+05 5.734584541489811381e+05 1.275534207616424392e+05 1.292153564063954545e+05 1.277610674896008568e+05 8.582616873761533061e+05 2.253962597543564916e+05 1.267476435172123602e+05 4.760290270058879978e+05 1.273374123588765215e+05 1.238550547478544177e+05 1.293034981881478598e+05 1.285768677295191883e+05 1.349137781270207488e+05 1.289829734395718115e+05 1.197620470545676508e+05 1.256031679609582934e+05 1.290732079346679093e+05 2.863887022277744836e+05 1.241037388501974056e+05 1.245553794326100906e+05 3.172778120376285515e+05 1.265220710473230283e+05 1.290997523512906337e+05 1.406794603887979465e+05 1.417610076876642415e+05 1.420855985415528412e+05 1.357267421896443411e+05 1.264425112259932503e+05 1.196042215898969589e+05 1.214383930499768467e+05 1.313652338672204933e+05 1.260827022093863488e+05 1.288563092108741839e+05 1.338410606098940771e+05 1.387168073436956329e+05 1.297726422983957891e+05 1.449950391604679462e+05 1.220369824948133464e+05 2.292082656098477892e+05 1.291184399143071787e+05 1.378744167943181237e+05 1.277113930833898776e+05 1.899744062705871474e+05 1.531254140720875002e+05 1.419510958163836331e+05 1.191810712803739443e+05 2.512666574661920022e+05 2.763856609448317322e+05 3.289081582309129881e+05 1.245500007921740907e+05 1.236362927748994261e+05 5.012713353575947112e+05 8.292037384563058149e+05 1.258981854710161861e+05 9.871833296290470753e+05 1.275270140235291765e+05 1.277910355118253356e+05 1.270303250328231661e+05 1.162460683515369019e+05
8.721480519824845251e+05 3.774890299341357313e+05 1.838737613738758373e+05 4.242305901795923128e+05 1.992924510761600977e+05 1.431716066241254739e+05 3.867255323478427599e+05 6.895661555985168088e+05 1.449139189826976799e+05 2.774864832350215875e+05 1.361385936828248086e+05 1.289064425454500160e+05 1.385130431497038226e+05 1.252329596276039665e+05 1.223455567487688095e+05 1.321901667815992841e+05 1.291202848063338606e+05 1.500815441565415822e+05 1.295930269149621890e+05 1.290533546936046623e+05 1.283003450325646118e+05 1.330991111224468332e+05 1.328684445477077097e+05 1.836198271310389973e+05 1.954987472838588874e+05 1.286339400609714939e+05 1.264225203064205416e+05 1.767223357358775102e+05 1.277200209366490017e+05 1.301817310428198980e+05 1.327555206342535967e+05 1.787008677024034841e+05 1.346603395268179593e+05 1.378874687170143297e+05 1.332425721292978269e+05 9.926838614387505222e+05 1.298956167430400383e+05 9.606593261399972253e+05 1.304480747086421761e+05 1.388804428414652939e+05 1.237052972438377328e+05 1.329796796047792013e+05 1.286432746639124671e+05 1.317422251618072623e+05 1.292320522203085711e+05 1.316226008942263725e+05 5.840782400828737300e+05 1.302200332041499787e+05 1.314808654580271977e+05 1.310865909212203405e+05 5.063970511931608198e+05 1.273347413957931130e+05 1.310172743809939275e+05 1.244802161450155400e+05 8.330721741435385775e+05 1.367833696782994666e+05 5.573465806872982066e+05 4.340323087674442213e+05 1.310348054445310554e+05 1.231458268528207263e+05 1.268976855568152532e+05 1.356539745081142755e+05 1.008942334977300023e+06 1.255862426828627649e+05 1.308491138495468913e+05 1.326091775572713814e+05 1.315493375700622855e+05 1.002216207433572155e+06 9.257579341362329433e+05 9.410206432658731937e+05 1.331889417605818890e+05 1.239054909751510422e+05 1.547936296925850678e+06 1.376359576159438875e+05 1.314013790652358148e+05 3.922182073039400857e+05 1.178193023219323950e+05 1.322089185945868958e+05 1.317884667838491732e+05 1.285436504944715998e+05 1.270319863535039185e+05 1.259673000827620563e+05 1.423475364950725925e+05 2.768061861841078498e+05 1.263883209646721807e+05 1.977951330358775158e+05 5.957976550932076061e+05 1.970217102411690867e+05 1.412868429011049157e+05 1.310287292329804914e+05 1.279425369436284382e+05 1.240410859498285718e+05 1.389215811800901138e+05 1.400611003100038506e+05 2.491676659824611270e+05 1.330726401343625039e+05 1.289878839730756590e+05 1.285510117054437433e+05 1.354949833653968817e+05 1.295450321865665464e+05
1.144595685342838056e+06 1.996399149197526276e+05 9.126911788752482971e+05 2.621867477649055072e+05 3.254141713751257048e+05 1.246179589044405584e+05 2.915166025623572641e+05 3.099401349120409577e+05 1.453715072767187667e+05 1.295512093623573746e+05 2.854818964931071387e+05 2.703710375808272511e+05 3.027450376508438494e+05 2.821078367976215086e+05 2.229278125797896646e+05 1.285505160628097074e+05 2.549946427166472131e+05 1.633697966035357094e+05 2.792555970101008425e+05 1.280440518979324697e+05 1.235407989607421769e+05 1.612151279305816570e+05 1.536460958377076604e+05 1.404287386445150187e+05 1.355506054832162627e+05 1.541315869763114315e+05 1.405101433578714787e+05 1.492074967285569292e+05 1.624083600363169971e+05 1.486226475989639293e+05 1.672447307164147496e+05 1.593666011912493850e+05 1.522159557314713020e+05 1.300367739294994972e+05 1.409219948510519753e+05 2.608588844340588257e+05 1.719323351777638600e+05 1.329674262174378091e+05 1.202611316513381607e+05 1.534948697629234812e+05 3.507314869787828648e+05 1.447075664327281120e+05 1.369407178574707359e+05 1.314599566817248124e+05 1.414719746034839482e+05 1.307422661476433423e+05 1.228234388550833974e+05 1.533832308488909330e+05 1.481415713512299990e+05 9.773587196943565505e+04 9.904472648741041485e+04 1.603894974450883165e+05 1.292889868732514151e+05 1.414490465423762216e+05 1.155181657434808789e+06 1.175817518217205798e+05 1.099489929361040267e+05 1.001288529636871681e+05 4.566503545861513703e+05 6.313373246668003267e+05 9.834128108977377997e+04 1.159142172509164375e+05 1.267730773271921498e+05 1.003286520166067057e+05 1.197754936556576518e+06 1.376925159476275730e+05 1.012201387224555074e+05 1.823240704285969550e+05 5.367689670929674758e+05 1.333427837270456948e+05 1.503863643764725712e+05 1.212899756167855085e+05 1.737369883654168225e+05 1.083130968867724005e+05 1.281266131107683468e+05 1.615623898456936586e+05 3.383098748559647356e+05 1.456764192823227495e+05 1.318059519545498188e+05 1.050439115012214752e+05 1.323704797361474484e+05 1.441715839954239782e+05 1.247202540369648195e+05 1.138406779342999507e+05 1.201665189796414197e+05 6.749391173255926697e+05 1.145962484156158316e+05 2.091150967974490195e+05 1.694890189204560011e+05 1.350069314065172803e+05 1.376375546866535733e+05 3.807976464447942562e+05 1.128550650208211446e+05 1.857523203854036692e+05 1.258870794045868970e+05 1.025974928881672531e+05 1.387358253351348685e+05 2.024117321006175771e+05 1.350227368994026037e+05 2.051616492199120403e+05
7.501328777635686565e+05 6.421559917968828231e+05 8.478170652205552906e+05 6.587684643189401831e+05 4.717118328063737717e+05 2.622613511598949553e+05 2.522651570881557127e+05 1.761989187572028604e+05 2.845199092118506087e+05 2.233248039725164126e+05 1.792743078728464025e+05 1.799827096968233818e+05 1.873732002986375010e+05 2.805083429461894557e+05 2.213431512931094912e+05 1.700757312992102816e+05 1.660526367530242132e+05 1.821808480644956871e+05 1.851723817893145024e+05 1.765063640473807754e+05 1.733125163422030455e+05 2.502289470047358191e+05 1.638505699585488182e+05 3.435465412130161421e+05 1.821963782003620872e+05 2.588254646350972180e+05 9.528937442070267862e+05 1.753794011975292524e+05 1.770088538926184410e+05 1.759264988798300037e+05 1.756562818586084177e+05 1.752629618928004056e+05 1.688308605738624174e+05 1.539916505393024418e+05 1.547354082045071991e+05 1.460753748884510424e+05 1.423179080798381183e+05 1.396453295685875637e+05 1.792348216763350356e+05 1.488112120855120302e+05 1.503921101596004737e+05 2.264647000591228134e+05 1.552595227542964276e+05 1.708675112285125360e+05 1.320642919096892001e+05 1.401131611437120300e+05 3.660249259517332539e+05 4.976563749848338775e+05 1.285499561702045903e+05 1.352330270547425316e+05 1.296436834278739261e+05 9.881329809158564312e+05 1.310311615533141739e+05 1.313535403724842181e+05 1.274775140100968420e+05 2.428824400974086020e+05 1.334443537527535227e+05 2.849000487550201942e+05 3.753994373033168959e+05 1.342767121280755091e+05 1.602523880068067810e+05 1.289393385306422133e+05 2.363125501262090984e+05 2.975415059217343223e+05 1.367511437285199645e+05 1.288903525169784989e+05 1.478288483848563337e+05 2.366578845421887527e+05 1.247818881163636979e+05 3.814748411399616743e+05 1.378419613803561660e+05 2.489492711521980236e+05 4.208349608509588870e+05 1.395473575412601349e+05 1.266676798389215110e+05 1.335774705142608727e+05 1.273791473043756559e+05 1.633138440572936088e+05 1.295710075320168544e+05 2.561296643485854438e+05 1.281139834021677671e+05 1.282109549656598247e+05 1.298656211851136759e+05 1.366297296403161890e+05 2.780212999942790484e+05 1.736907467433748825e+05 1.339125891848390456e+05 1.281990044710392249e+05 1.661250005775931932e+05 1.273151176189122780e+05 1.415187026895926392e+05 1.478895921432274044e+05 1.360138844889614556e+05 1.354800883863874245e+06 1.279429591577240935e+05 1.260342760883277515e+05 2.764822561870646314e+05 8.577077424826490460e+05 1.286678273314317630e+05 1.281963151508212322e+05
6.533551656128267059e+05 7.648765939839713974e+05 1.801255282039635931e+05 1.997220263827909657e+05 1.891111987305801595e+05 4.951936919505294645e+05 1.743174409612745803e+05 1.736008518552687601e+05 1.829562717868748296e+05 2.867102090830513043e+05 1.755798427501595870e+05 4.133296096579909790e+05 1.760007902035313309e+05 1.785081361463025678e+05 2.994809371915754164e+05 1.773204846094837703e+05 1.808484138071351044e+05 1.822799215198987222e+05 1.742141086506457650e+05 2.267456743612163991e+05 1.811627063085165573e+05 1.786976735609841708e+05 1.766805365404073091e+05 1.795522899620012031e+05 1.711419503906907339e+05 1.624179608177095943e+05 1.789837144322256499e+05 1.869561629149342480e+05 1.662524725202129630e+05 1.681857908642342663e+05 1.728858781771071954e+05 2.665766729316806304e+05 1.594244445223546354e+05 1.544708451807405218e+05 1.616284021016931802e+05 1.555749717551572539e+05 1.439860576146511303e+05 1.820004341457072587e+05 1.447938082510500681e+05 1.523636205221442797e+05 1.316167266111563367e+05 1.530328573994652543e+05 1.449239878710224002e+05 1.413315058095717686e+05 2.404808312498979794e+05 1.449010506313473743e+05 4.304057466856200481e+05 1.474731513663984661e+05 1.434965646207059326e+05 1.186174595197925810e+06 1.398907002081363462e+05 5.198212198646878824e+05 1.103816632556274068e+06 1.484620777426714485e+05 1.333849408866405138e+05 1.452652378245549335e+05 1.422124830558655958e+05 3.068495644460882759e+05 1.839226647804338718e+05 4.662378454132929910e+05 1.279098704226186674e+05 1.380538210707038816e+05 1.349750909565642360e+05 1.675144153807330877e+05 2.147272399854831747e+05 1.367896386397632887e+05 1.381298746793262253e+05 1.418346932259239838e+05 1.317024544297096727e+05 2.885421593298453372e+05 1.419505726380477136e+05 1.787620153177356406e+05 1.309821571825158753e+05 1.343851385435541451e+05 5.229687708764199051e+05 3.767452355546617764e+05 3.820747522984889220e+05 1.356587840773778735e+05 1.348228552393773571e+05 1.332695662957181048e+05 1.386934019970884838e+05 1.391448314724533411e+05 1.343370153152163257e+05 1.261943227662842983e+05 1.888663145550980989e+05 1.200290607558026095e+05 1.357015929152507451e+05 2.466462217603218160e+05 1.032661368300408358e+06 4.884658755504190340e+05 1.305833300763297302e+05 1.197141532904122723e+05 1.151219416789801471e+05 1.332870790021206485e+05 1.235363381770358683e+05 6.495129439137938898e+05 3.133293392435665010e+05 1.298512659058612771e+05 7.688991561732542468e+05 1.023180862853679806e+06
6.769152261503522750e+05 1.171260818482645554e+06 4.261559598843344720e+05 3.938825752690267982e+05 3.569045874857361196e+05 4.120574969449058408e+05 3.595161101673275116e+05 3.623842288762718090e+05 3.281187647291079047e+05 2.854468343660328537e+05 2.831862083122030599e+05 2.321250490826004243e+05 2.153226169317657768e+05 1.652192411995976581e+05 2.160212711172733980e+05 1.574223787092793209e+05 1.515638093464572157e+05 1.388756883436054923e+05 1.444373402329392557e+05 1.374635290507038007e+05 1.361772079154429957e+05 1.331697401977966947e+05 2.246564305159548530e+05 2.699807281850926229e+05 1.296542296016980981e+05 1.862298995989974646e+05 3.601824741530845640e+05 1.389842983304300287e+05 1.343362076012942125e+05 2.537800061919754371e+05 1.546747929460782616e+05 1.385137407208184013e+05 1.351021223279537226e+05 3.262552585679470794e+05 1.326974111246967514e+05 2.961033529262477532e+05 1.307122522325823811e+05 1.270130693263049470e+05 1.338427402877094282e+05 1.294123651748567354e+05 2.659177252282995614e+05 1.407507044281566923e+05 9.009250633145075990e+05 1.884327557502603740e+05 1.290131433902768185e+05 9.454063095774225658e+05 1.313484003747979295e+05 3.101774192338011344e+05 1.262137262575500063e+05 1.628268843479223724e+05 4.969097903209016658e+05 1.346491416747157054e+05 1.382108571785870299e+05 1.845644852772389131e+05 1.569367774278680154e+05 1.310650396452071436e+05 9.283144955568503356e+05 1.106194836057177512e+06 1.259858664886902785e+06 3.720507288107054192e+05 1.336288521339890722e+05 1.267008328239980183e+05 2.404884127464852354e+05 1.245837412055575987e+05 5.356631700193027500e+05 1.278439315951575409e+05 1.295154863784377230e+05 1.260101364563368261e+05 4.229490786135951057e+05 5.520656736358755734e+05 4.665790311168543994e+05 1.261408667903469759e+05 4.362251052089497098e+05 5.160660109836299671e+05 2.368031445482299314e+05 1.288479200003648002e+05 1.228886709328626748e+05 3.754486344240284525e+05 1.223133307989892783e+05 1.302431356580363499e+05 1.297789020812922827e+05 1.284975373723718367e+05 1.267319573457018996e+05 1.336620510119020764e+05 4.476862353355480009e+05 1.416196026798877574e+05 1.432228781010461098e+05 1.244649521876007493e+05 9.302740829604753526e+05 1.257517689654955757e+05 1.385855446527822642e+05 1.406812961022573290e+05 1.331844442626063828e+05 7.270651555758503964e+05 1.325644412202661333e+05 1.405728605082113936e+05 1.266116263284391607e+05 1.396191155803875299e+05 1.323060737294248829e+05 6.587368166189003969e+05
6.423310454323698068e+05 1.959671479301557411e+05 2.319455530205417017e+05 2.991579617655311013e+05 4.175061514922471251e+05 2.590525974614270090e+05 1.719506005266847496e+05 4.153965862989901798e+05 1.416019614735430805e+05 1.351485842356107896e+05 1.329877751011351065e+05 1.339863389730698837e+05 2.325792963781254366e+05 1.218240672692264925e+05 1.316738540140124387e+05 1.323134349403970409e+05 1.301943056800166960e+05 1.573491888136535999e+05 1.389451700980432215e+05 1.316248771789160091e+05 1.302670917186813458e+05 9.635663619742805604e+05 1.141213585222400434e+05 1.989450606611059338e+05 3.492543985008227173e+05 1.247873768996072613e+05 1.301901936818676622e+05 1.272713817457424157e+05 1.325094891378594330e+05 1.151049246152116393e+05 2.181939114249948179e+05 1.236410197370573442e+05 1.324448903812236385e+05 1.472686253513209813e+05 1.328283892800239264e+05 1.195722251042998687e+05 1.146890988023915706e+05 3.468222984527516528e+05 1.288402008252680826e+05 1.288607516374459083e+05 1.142764304167216469e+05 1.134470367186365620e+05 1.567701864314287377e+05 2.638055533219302888e+05 1.284103593401856051e+05 1.994635762848440500e+05 1.280221793720638962e+05 1.240853908941708505e+05 1.493832754708604189e+05 3.671984975663185469e+05 1.307663139939613029e+05 2.311246036043697968e+05 1.407892268751019146e+05 4.723043643967942917e+05 9.884036385083083296e+05 1.390873093912034819e+05 1.431536074536561791e+05 1.468909456641869619e+05 1.104869487653770193e+05 1.250351064309513749e+05 1.298864565328776953e+05 1.368404328311844729e+05 1.222175799849477189e+05 1.116656144848121330e+05 4.735801118225290556e+05 5.240382208235888393e+05 1.107162201978869998e+05 1.154026406240548240e+06 1.518497033606219629e+05 1.298566445462972770e+05 1.255024240063072066e+05 2.723474034054711228e+05 1.415784092698591412e+05 1.627726390151975211e+05 1.259828944685995375e+05 9.474982152072001481e+05 1.385970821118745080e+05 4.511886664732484496e+05 1.242684665974753880e+05 1.259551843739301112e+05 1.188803630585919600e+05 1.288419355744872009e+05 8.498406823096438311e+05 3.472317726970022777e+05 1.357919926245581883e+05 1.477951538643093081e+05 1.115063663422104146e+05 5.651361370380481239e+05 1.131304036825944204e+05 1.582514419789417007e+05 1.120156942200843041e+05 1.831580717674650950e+05 3.163653155912370421e+05 1.919802352962541918e+05 8.064670321195839206e+05 3.212658260996057070e+05 1.253079301652852882e+05 3.280776447476177127e+05 1.236371188459561381e+05 1.290430196268283180e+05
6.827224689648499480e+05 4.120661247981649358e+05 3.221768539752297220e+05 3.486110176475771586e+05 4.288935226520472788e+05 3.392705404235305032e+05 4.375711237459097174e+05 3.557114471656737733e+05 3.637166998479015892e+05 2.187611285268104402e+05 1.907098665109554422e+05 5.005771419557933696e+05 2.075319407958055381e+05 2.264626991314520710e+05 2.770661599242260563e+05 2.565630579392118379e+05 3.693431983151881141e+05 4.649759025527728372e+05 2.430718306550134148e+05 1.817149256313689693e+05 2.337908672613200615e+05 2.014335721837838646e+05 2.151168518101032241e+05 7.993622336034539621e+05 2.027208478900435439e+05 3.461003123491752776e+05 3.681453218544005649e+05 1.938543335240757151e+05 1.993071551409697859e+05 3.498915012140371255e+05 2.118174138667416119e+05 1.933683650999725214e+05 2.041339250396749412e+05 2.748468924946362386e+05 1.943798248589594732e+05 1.003417204607240739e+06 3.907740148111721501e+05 2.030101379741081619e+05 1.979777314536826161e+05 1.970207373130356136e+05 2.034171340051885636e+05 2.966610243180745747e+05 2.011693946598436742e+05 1.923191997865297599e+05 1.911829298694391618e+05 2.011626392343131301e+05 1.974680088974149548e+05 1.943521055857227475e+05 2.082119074182966433e+05 2.061957066115840571e+05 2.137732747720441839e+05 2.194408932208209881e+05 1.952376354013958480e+05 2.024152933847287786e+05 1.993545716196257272e+05 1.931456012716760451e+05 1.925912341640761297e+05 1.927379076694810647e+05 1.924153728146669746e+05 1.952101364137742494e+05 1.907355481422522571e+05 2.208253332404859539e+05 2.162904784960923134e+05 2.006391855413692829e+05 1.809516543320909841e+05 1.857333023939644336e+05 1.806727176719373092e+05 2.146858446469740302e+05 1.912803695398633718e+05 1.830173459736685909e+05 1.830869378709139128e+05 1.891713550606442441e+05 1.813663787168354029e+05 1.905405586585963028e+05 1.808559769465877907e+05 4.578418427641002927e+05 1.772962899060890777e+05 1.766711193303606415e+05 1.778777154300803086e+05 1.791870931263910024e+05 1.688414709976576560e+05 1.621056325297296862e+05 2.006913014464812295e+05 1.704516487014232844e+05 1.699193285124706163e+05 1.711458604603592248e+05 2.876566478713068645e+05 1.677202906452032039e+05 1.727056478296646965e+05 1.659878544250424893e+05 1.535367607440666470e+05 1.670088966082874394e+05 8.163273099667902570e+05 1.736486354766165896e+05 1.753515534243503644e+05 3.036553128839494311e+05 1.379275643703942420e+06 1.642381441412289569e+05 2.394832861989331432e+05 1.648992947007613257e+05
7.753093941448909463e+05 8.141251881009110948e+05 1.427543030619705969e+05 1.167416834498691751e+05 2.138447207398834871e+05 1.271336481648846966e+05 1.662852216483283846e+05 1.474481305919470324e+05 1.223834275174359354e+05 1.292176877624888730e+05 1.144820303241728543e+05 1.312863532598706952e+05 1.116220621829882148e+05 1.098772532541112305e+05 1.320203173937695974e+05 1.279120824573372374e+05 1.191276153044366365e+05 1.311987989064252761e+05 1.196012660912273423e+05 1.718351892214931722e+05 1.172943984153556376e+05 1.239927607930102386e+05 1.261283288674193755e+05 1.188108813041542162e+05 1.488424283928888908e+05 1.225872192471296439e+05 1.231542344204647234e+05 1.126377165472298657e+05 1.324567858044404711e+05 1.101500769884451438e+05 1.246467796057529049e+05 1.126789742072295630e+05 1.291562097187340405e+05 1.185940284731969732e+05 1.257091620561032323e+05 1.211092588052762731e+05 1.336801603251789056e+05 1.158415413550593657e+05 1.314674647497737024e+05 1.349975600893071096e+05 2.189336488777235209e+05 4.526924095106389141e+05 1.276343665466340608e+05 7.066587039044727571e+05 1.215615694231016241e+05 1.175206500992249203e+05 6.346192131894901395e+05 1.290182374951266102e+05 1.207428779344847571e+05 1.238767345238097623e+05 1.396174175454376091e+05 1.279756623930030619e+05 1.276916591637014790e+05 1.262444377437255316e+05 1.257989192656998930e+05 6.626990939781769412e+05 1.234902617692052881e+05 4.200563613442949718e+05 1.073451894296093524e+05 1.250158130824932305e+05 1.105809483087783214e+06 1.278229493903167604e+05 6.690971428124434315e+05 1.235068382617435418e+05 2.015942521828839090e+05 1.477339878918425820e+05 1.210071105298287439e+05 1.059501481647164328e+06 1.258731371608628688e+05 1.251119310392266634e+05 1.247831364015160798e+05 1.327725009837529215e+05 5.441131793584704865e+05 1.264648885730631591e+05 1.387811491004471027e+05 1.432885691071902111e+05 1.293842328660916392e+05 1.369999471522378153e+05 1.197672054093885235e+05 1.277741010551624931e+05 1.303082851287099620e+05 1.306994664883377700e+05 1.412739378354854125e+05 1.194135093186013692e+05 1.232032846840995044e+05 1.247491114525463636e+05 1.352832154607221310e+05 1.166085207955253281e+05 1.186283012434837001e+05 5.617146975781758083e+05 4.543937854590667994e+05 1.076147804725412978e+06 1.362216688954293204e+05 1.265437141090091900e+05 1.250004114465689781e+05 1.307847445570935379e+05 1.215279391525256797e+05 1.380565103909218742e+05 5.005572795361627941e+05 1.123417261090385000e+05
7.715745983975013951e+05 3.662247617189219454e+05 8.889214064321224578e+05 2.134695743373234000e+05 2.093875901033602422e+05 2.178806469231506344e+05 2.430246895333763969e+05 5.984387327614950482e+05 3.656082189964526915e+05 2.535733415707177774e+05 2.080999105401395063e+05 3.090749264443632565e+05 2.115490876303832047e+05 1.954604910153652891e+05 2.033640818862123124e+05 2.171394041853852686e+05 2.023111350030432513e+05 1.982733731063166924e+05 1.922995760096489394e+05 2.171510793229869741e+05 2.036047989921415865e+05 1.797814787874055037e+05 1.815071045106319070e+05 1.864321768650871818e+05 1.943538127992399677e+05 1.876923207264171215e+05 1.837367804355364642e+05 2.226657461263277510e+05 1.833466913254169922e+05 1.944368421190079825e+05 1.831635605507086730e+05 1.932497045819578052e+05 1.861715973395273613e+05 1.935869802158507518e+05 1.836900064565913053e+05 2.024820215689774486e+05 1.860381042567608238e+05 1.873086382562709041e+05 1.837049124498815218e+05 1.817374681926502381e+05 1.737687278511296026e+05 1.951544225102819037e+05 1.713009966048118949e+05 1.748843459918021108e+05 2.108528382295073534e+05 2.072883049054758740e+05 1.750181878601259086e+05 1.787770865252371877e+05 1.818696762759952107e+05 1.823408488496157515e+05 1.815060214396908705e+05 1.729135423789401539e+05 1.652168364149658883e+05 1.792314256064351648e+05 1.772031090908906481e+05 1.610642689984893368e+05 1.659466977292830707e+05 1.655368930566097843e+05 1.607952268338817521e+05 1.829155556623456359e+05 1.427914028309847636e+05 1.530673596339344222e+05 1.593900248949911329e+05 1.618151125176472997e+05 1.599597202099769202e+05 1.627468288839585439e+05 1.477939147577242111e+05 1.505746167917326093e+05 1.536439113386909885e+05 1.608073058284445142e+05 3.252963185710331309e+05 1.521059597809849074e+05 1.239276388580385392e+05 1.429953781320244307e+05 1.482369458440123999e+05 1.505372141299976211e+05 1.192279554021266522e+05 1.261829413428361004e+05 1.333104384558913298e+05 2.148397692205435305e+05 1.200420759642296471e+05 1.333149543110014056e+05 4.727290383484886261e+05 1.311585692459628626e+05 1.396435305693973496e+05 1.198909967465221998e+05 1.380165377303437563e+05 1.209128282865546935e+05 7.672896760406031972e+05 8.099539331214179983e+05 1.044753506571535952e+06 4.183143426998762880e+05 3.148257761413885746e+05 1.384015694498826342e+05 1.389718503574619535e+06 1.267129944256664457e+05 1.215533454268035712e+05 1.214174383808379498e+05 1.517767888220151362e+05 3.873623780611729017e+05
9.067964826715454692e+05 2.551671447104256949e+05 2.463990429430155200e+05 3.383433949837331311e+05 1.328738782595474913e+05 1.341524343268750818e+05 2.130639183770683303e+05 1.364928221305151819e+05 1.295318334067935648e+05 1.336216377800937044e+05 2.108059724648892588e+05 1.017746416728514130e+06 2.608675857158563158e+05 1.364378425124065834e+05 2.992972557028292795e+05 1.326455246837672021e+05 1.215718310613395879e+05 3.672467034017620026e+05 1.252335837701801647e+05 1.240669878667405137e+05 1.192452294657794846e+05 1.223906694070332014e+05 1.253648005682570511e+05 1.556787997084201197e+05 1.298824913918054226e+05 1.826260452926659200e+05 1.341287536232490093e+05 1.239557069168325397e+05 1.250352165737589385e+05 2.690171438331264653e+05 1.290790363249014626e+05 1.299309542271332175e+05 1.359866975726279488e+05 1.596669789846086642e+05 2.975483898472070578e+05 1.240220771369566355e+05 1.289407336728713417e+05 1.310644338597655442e+05 1.256651783616163448e+05 1.267240270635573543e+05 1.373217018288316613e+05 1.329661595751508139e+05 7.798113712612269446e+05 1.298279156306578952e+05 1.288428350740822934e+05 6.334284960111941909e+05 1.338937272290438705e+05 1.358311759283487918e+05 1.247402082422683452e+05 1.344772087521096109e+05 1.346345752884154790e+05 1.279015454620803503e+05 8.068529725172851468e+05 8.107077504963801475e+05 1.265811901992825442e+05 1.287438350472176244e+05 2.829425357076041983e+05 6.907982864724565297e+05 8.653743427458894439e+05 1.308609450227926282e+05 1.421163650991321483e+05 1.268379973336833209e+05 1.374865672546190908e+06 5.374414990759480279e+05 3.866701305156385060e+05 1.646454889578666480e+05 1.297148265029924223e+05 1.839027656465341279e+05 2.826253611360915238e+05 1.294606169031366881e+05 1.311684086701051565e+05 1.299541668238271377e+05 5.193165455204335158e+05 1.244374256642772525e+05 3.696789135926406016e+05 4.781526904785130173e+05 1.278612607302141405e+05 5.225855106203693431e+05 1.246222361168009229e+05 4.161897613705215626e+05 1.333459686898977379e+05 1.275433702304523031e+05 9.659381037638069829e+05 1.345211924465965130e+05 1.247947289320121054e+05 4.365868876175254700e+05 8.349890261378291762e+05 1.190992535314891284e+05 1.155158123588259477e+05 7.538642223696545698e+05 2.340530622147241083e+05 1.465721740219646308e+05 1.243989399316012423e+05 1.441392203671349853e+05 1.282722677952033118e+05 1.325471579780460161e+05 1.308849745119759900e+05 1.258077215117376472e+05 2.347380403349593398e+05 1.334232338694032806e+05
