3.303038878883532016e+05 4.440866949558460037e+05 1.298399028395476780e+05 1.000738678384381812e+06 3.950998735782146687e+05 4.203310207920882967e+05 5.363843851232262095e+05 7.310666437746194424e+05 8.195022131090671755e+05 4.926323576749177300e+05 4.176358630052873050e+05 2.881337497994012083e+05 2.749993668545727851e+05 4.531770011496475781e+05 2.218507994931680150e+05 8.995510685044266284e+05 1.773997507166600553e+05 9.598510982180988649e+05 4.983523673858253751e+05 1.727552488073373097e+05 1.047473813632730511e+06 2.868954876425071270e+05 9.939593151503318222e+05 1.865389052456158679e+05 7.331299857029690174e+05 1.936351309798904404e+05 9.906991614750010194e+05 4.944663088493824471e+05 8.614433459439607104e+05 5.049987882511466742e+05 6.397076640418308089e+05 1.793149138545680325e+05 1.835913185010147281e+05 5.517006970858805580e+05 1.804779668310310808e+05 3.261439041895007249e+05 2.532807839166954800e+05 1.109351675779014127e+06 8.944687122207711218e+05 1.920218142061092658e+05 7.966592556773159886e+05 1.824518544425047876e+05 4.098155768112271908e+05 1.786981875607527909e+05 6.986668886447676923e+05 4.287743481342639425e+05 8.400478852892045397e+05 4.414252408681593370e+05 1.584617963842527242e+05 6.183329836634347448e+05 3.863869533573936787e+05 2.573809784281757602e+05 6.380325387958721258e+05 1.908648190840622119e+05 2.168198615435099928e+05 5.656124312522204127e+05 7.452148545487974770e+05 4.419738989069005474e+05 2.111330598890825931e+05 2.484969513558053586e+05 6.503628792454894865e+05 1.700454236699958274e+05 3.574915385072401259e+05 2.911525989404956927e+05 5.774778589111138135e+05 3.177380254018965643e+05 2.185251842758755956e+05 1.929917134123757423e+05 7.867690189864524873e+05 2.432945026976369263e+05 8.920568784492918057e+05 1.702206792339633685e+05 6.749704713114789920e+05 1.787964900165028812e+05 3.945276082643857808e+05 7.491083293676163303e+05 6.819461824571448378e+05 9.809200221626996063e+05 2.541358776032119640e+05 2.105588670761213289e+05 2.207460671333096689e+05 5.278731730973224621e+05 1.845781980567805294e+05 4.657745480504131992e+05 1.777304177820991899e+05 5.301869797700706404e+05 2.400125591035432590e+05 3.188230789134702645e+05 3.834040291286993306e+05 6.956154188754999777e+05 2.267997177654606930e+05 1.867476992944864032e+05 1.689924217154229700e+05 1.666798082564233628e+05 1.519930083318288962e+05 1.587093239871163096e+05 1.499258756551856641e+05 2.641163579677388771e+05 1.548436969414763444e+05 5.539357516512210714e+05
5.951307036791435676e+05 3.996451735321922461e+05 7.127409365951864747e+05 7.579116034049083246e+05 8.297722222004083451e+05 3.971268316657992546e+05 3.551611369848190807e+05 6.377066629425619030e+05 9.425131517368921777e+05 4.274086507490192889e+05 2.224782279964514892e+05 2.292370312397563830e+05 2.227566690139711136e+05 4.846002668619136675e+05 4.317042202439819812e+05 2.681140095253778272e+05 2.891416299171423889e+05 8.237546066234650789e+05 2.305224712325566506e+05 2.089799148582998605e+05 2.350901852478733053e+05 5.030129134307831409e+05 3.912876841513774707e+05 7.450091077842694940e+05 2.049573526690170111e+05 3.302260903519443818e+05 3.959788498968377826e+05 1.801055739986600820e+05 8.606574402977285208e+05 1.834209642919837206e+05 9.933008080181808909e+05 1.801708703264104261e+05 1.815346218553881044e+05 1.871433139021186216e+05 5.234545006577733438e+05 1.802282547291508236e+05 2.799937557492544875e+05 4.495703014874539804e+05 7.671199826884175418e+05 5.435061823459899751e+05 4.396084352574052173e+05 3.056285579957123846e+05 1.957841640125241829e+05 1.001919409281458706e+06 7.860409750284601469e+05 6.347337617093558656e+05 2.140585262864981487e+05 1.782663176122976874e+05 6.542814666244327091e+05 7.379093758372875163e+05 4.135918963970680488e+05 1.797640211524067563e+05 3.687001478903652751e+05 1.792860564389864739e+05 7.167557153594015399e+05 6.996259387844891753e+05 1.869207520023027027e+05 6.042504180025644600e+05 3.571061855378458858e+05 2.810820401165166986e+05 1.733573628220158280e+05 1.768252274752760713e+05 1.785127437870856375e+05 3.740452681985971867e+05 1.632132469597192830e+05 6.037689837907059118e+05 1.623609068433918874e+05 6.601417982721758308e+05 1.632318610941974621e+05 1.608677191583928943e+05 9.885399218755331822e+05 1.720506469102212577e+05 1.762609475149954960e+05 1.574211671383961220e+05 1.730657230247232073e+05 7.665090572491339408e+05 2.065341938163602026e+05 1.107758496781882364e+06 6.011216646966565168e+05 1.646770081579643011e+05 4.614748298430322902e+05 1.612884463261495112e+05 1.723868945445769641e+05 2.136269316950619395e+05 8.600096537321804790e+05 2.794013526587761007e+05 1.542333222162305901e+05 1.799618743490593624e+05 7.517326653291541152e+05 5.086698113129571429e+05 2.445775746200745925e+05 1.585202271436649899e+05 1.619119280454952968e+05 1.626143454435946769e+05 2.901775046651391312e+05 2.363483832529362990e+05 6.651686425808194326e+05 1.444730632168588927e+05 6.653168213712611469e+05 1.066305002870339900e+06
4.791809837299225619e+05 7.143279475950946799e+05 9.351854241782544414e+05 6.632147826031876029e+05 6.966464289828293258e+05 4.352170048055934021e+05 1.547192318975030677e+06 6.723045747972205281e+05 1.029052796210486209e+06 4.311644837726533879e+05 2.858535917543635587e+05 4.091841280954676913e+05 3.235073790905924980e+05 1.114649526465666713e+05 3.020274389024353586e+05 1.532463141605226265e+05 3.003529010847836616e+05 2.561310411336799734e+05 5.256057365465583280e+05 5.374725960619500838e+05 2.964096784312154632e+05 2.624392868655132479e+05 2.904364871199892950e+05 4.232585799028475303e+05 2.028589118993239535e+05 2.849024351825173944e+05 4.137301623348289868e+05 2.908150846638530493e+05 1.374008761503349524e+05 5.163918868369401316e+05 5.639228038699325407e+05 1.441384310103474709e+05 2.055152443464589305e+05 4.165618237744698999e+05 1.278195533204168896e+05 5.111510717674705083e+05 1.673320372485431144e+05 9.017637640798317734e+05 6.733662780335908756e+05 3.539864272278889548e+05 7.127692800109994132e+05 3.813802284682649188e+05 1.744783412459897518e+05 3.683103524943993543e+05 1.435492587755575951e+05 1.315572219593703630e+05 3.974337996704777470e+05 1.305925178221939568e+05 6.022919687412841013e+05 3.127961011978841270e+05 1.263408494146124722e+05 1.327637538091189635e+05 1.306366942665940733e+05 3.664660478960236651e+05 3.498285362423802144e+05 3.474582630236212863e+05 1.415911215855653863e+05 8.857231530146423029e+05 5.833064327160095563e+05 4.312219416039321804e+05 1.246185463327475591e+05 1.247105339341973740e+05 2.155750458895658958e+05 1.343530594508513750e+05 2.830694202219169238e+05 1.119670441419836599e+06 4.275608681090715691e+05 1.731555628414255625e+05 3.903964085525764967e+05 1.725365419057860854e+05 3.120941977995533962e+05 1.459661315804829937e+05 1.430094947685271036e+05 3.066395771834690822e+05 4.067796738920949865e+05 3.732333321355108637e+05 1.412180311820798379e+05 3.014024151837836835e+05 6.775122735958829289e+05 3.555557052357794601e+05 5.081824661037594196e+05 1.305963636418913666e+05 3.587787040706922417e+05 1.933533856781439099e+05 1.292354023973719450e+05 1.948095653798016720e+05 5.988680327111070510e+05 1.307701506350914133e+05 4.289669144761534990e+05 3.596650232431528857e+05 1.718044043067792663e+05 1.340521309434542491e+05 3.178004396595156868e+05 1.683870584879213129e+05 2.739358462618776248e+05 1.693168106408310123e+05 2.397102354539170046e+05 2.715216260629010503e+05 1.280071999502352992e+05 1.260451159763054166e+05
2.745667809778685332e+05 2.581138135982971289e+05 4.150770252999803051e+05 8.862026413702338468e+05 4.661592768772312556e+05 1.148348030510899378e+06 5.298485109224291518e+05 6.284301419754403178e+05 4.113086727105532191e+05 1.760041312020274345e+05 5.237051489735178766e+05 3.363467261682284297e+05 3.535827171239008312e+05 5.454518183273237664e+05 7.038812694404221838e+05 1.359862019299938984e+05 6.290611134057003073e+05 7.853042665029393975e+05 3.468847494246399729e+05 4.380818192303108517e+05 7.432350008685806533e+05 3.577374506822594558e+05 3.287570055846671457e+05 4.145795469524867367e+05 3.158003564169764868e+05 4.726470186711232527e+05 4.236546901531137992e+05 6.321149328881960828e+05 4.554207937110547791e+05 3.175713059055151534e+05 4.808854436769622262e+05 1.120614218423575861e+06 3.700129400137104676e+05 2.703002708269678988e+05 2.443137825959608599e+05 4.069012348373755231e+05 1.572892894834738399e+05 1.737773740615232964e+05 4.744624291396482149e+05 2.415999005318741256e+05 4.713069845600408153e+05 2.426174365024116705e+05 1.353462263252155390e+05 2.173117042506832222e+05 1.954882653600057820e+05 4.100555045603688923e+05 4.847406989415566786e+05 5.877188637297967216e+05 2.599342355645662174e+05 4.975805600189612014e+05 9.624656681840327801e+05 1.722438373946870270e+05 3.166274187589681824e+05 1.362967862901873887e+05 3.174695706655959948e+05 1.341388133330064593e+05 2.574636956766556832e+05 1.189119281515260955e+05 4.082678867936190218e+05 3.350714560279931175e+05 3.377837960927739623e+05 1.346651490960815281e+05 3.518248746294621960e+05 4.411787412648330210e+05 1.293380004226170131e+05 1.394419141601530137e+05 1.866610719763379893e+05 5.078651446751699550e+05 1.317090997124326532e+05 1.250500674956453731e+05 3.042991343084252439e+05 1.352809850688689912e+05 1.316548268440059037e+05 2.147335548397834646e+05 1.318111103093707061e+05 3.089448110743619618e+05 4.099252423332909239e+05 1.424910066804908856e+05 4.131494527390868752e+05 1.972175257958817820e+05 3.274905101547677186e+05 1.344687002202253789e+05 1.356071271006307506e+05 1.338165171209420951e+05 1.277463817819257674e+05 1.321831727133190143e+05 3.080018050702754990e+05 4.307951382246249705e+05 4.204751242986500729e+05 1.457900683025933104e+05 2.941882632168781711e+05 1.237705385001842951e+05 1.346971914745151298e+05 1.804391231342304673e+05 1.763001583544879686e+05 4.666169202426561387e+05 1.528128563199251657e+05 2.534993439611699432e+05 4.614069818735733861e+05 1.481938708276879042e+05
4.244650842168942327e+05 4.347466950172987999e+05 6.864504358581705019e+05 6.340455894477013499e+05 4.179632808579033590e+05 4.812961294920960208e+05 5.713338361053572735e+05 3.371357525273415959e+05 1.076425438029010547e+06 5.027627056862688623e+05 3.524285306434466038e+05 3.043028424496132066e+05 3.040538279188474989e+05 3.363561984496788355e+05 7.847972424454570282e+05 1.425337145541234931e+05 1.298053914265112253e+05 5.328358041491567856e+05 1.270960802889383631e+05 7.661132774272903334e+05 1.514841393823198741e+05 1.410595999319675320e+05 6.919109491144594504e+05 1.971179750549792952e+05 1.711813998729329323e+05 1.549481306801807950e+05 3.158426145408115699e+05 4.281043861501265201e+05 1.419469103896962479e+05 5.171484944963605376e+05 4.710112511217338033e+05 1.280861356289888936e+05 1.428784890774980304e+05 6.329686130753488978e+05 1.301125246454010630e+05 5.192718275405628956e+05 2.253918723991885781e+05 4.472429105351063190e+05 4.901659297851561569e+05 3.716631729851598502e+05 6.442890908366889926e+05 1.389532380586972286e+05 3.340456960611575632e+05 1.644958783109267242e+05 3.137153897840753198e+05 5.408673075338538038e+05 4.667284949067176203e+05 8.082787344469209202e+05 7.118006107327507343e+05 3.410992414575014263e+05 4.515154601832883200e+05 1.337215189494188817e+05 3.062919481256652507e+05 1.249164642700712720e+05 1.841469706080362084e+05 8.020083778408893850e+05 5.916011039822441526e+05 1.019711144129825523e+06 3.621502855530076777e+05 2.972407609856831841e+05 3.890087560343575897e+05 3.031936860203177202e+05 4.616791814653311158e+05 1.767916155618347402e+05 3.504585163873722195e+05 2.342823061115322053e+05 3.851049645058970200e+05 1.526793632371586573e+05 3.080643661849713535e+05 2.520237424111118889e+05 6.814940829463673290e+05 1.507924058365541277e+05 1.505099629636930185e+05 1.456477637952217192e+05 2.018460202838386758e+05 1.491929854136604990e+05 3.468041616037729545e+05 3.467591499097488122e+05 1.532970441019727732e+05 4.299101407658550888e+05 1.293648936247970123e+05 1.263724787575176888e+05 2.524328311555359978e+05 1.400057351920687652e+05 3.818094917036076658e+05 4.539137463894374669e+05 2.284739067975551297e+05 1.301184723570094648e+05 4.503918566890674992e+05 2.407918011099179275e+05 2.424620433580746467e+05 3.907443496816684492e+05 1.453394006483140984e+05 3.109548071695818217e+05 4.312720932956425822e+05 1.381709028751435108e+05 1.367134198169295851e+05 4.065995904017292778e+05 7.357253173918486573e+05 7.398017026997606736e+05
2.957764674305349472e+05 2.436137516253586800e+05 6.700487766697889892e+05 3.619404267903307336e+05 6.694980626319732983e+05 4.374303245235748473e+05 1.079124083671384258e+06 3.782094006098678801e+05 1.752667251053921646e+05 8.235993786933394149e+05 7.545395446370933205e+05 3.047026608410673798e+05 3.932699242590913782e+05 3.180483344050711021e+05 2.940970099008120596e+05 4.477229128904665122e+05 4.754329341313562472e+05 1.710280076562666509e+05 4.269036826906114584e+05 5.609930786172912922e+05 4.097373019893189776e+05 4.383924219476389117e+05 2.591951589686829248e+05 4.862440381219860283e+05 1.318417483670078509e+05 1.571738231068784953e+05 3.990383968053268618e+05 4.205661022576972609e+05 2.960409386686286307e+05 2.268472811011933954e+05 3.213419714939010446e+05 1.544256866296396183e+05 1.713957377764508128e+05 4.190708402164891595e+05 1.903314158241684781e+05 3.924706913331440301e+05 2.112224591345546942e+05 3.526104131330025848e+05 3.574982205042322748e+05 5.852532435539573198e+05 5.864833918573609553e+05 2.869058594235526398e+05 1.993000876441511500e+05 2.381785528576747165e+05 1.811881860113328148e+05 3.387914926391692134e+05 6.318903149893056834e+05 2.411648915134034760e+05 4.030639695646830951e+05 3.319765532782762893e+05 6.312492838492881274e+05 1.758825151853431016e+05 4.073183456496171420e+05 1.366305373542383022e+05 1.414713229252058663e+05 2.476858046495065792e+05 3.883018594954173313e+05 2.951403743597231805e+05 2.179059430546209915e+05 4.291070528416430461e+05 4.634924992205123417e+05 2.256230621522636211e+05 1.748327440864587843e+05 4.832000580636325758e+05 3.047785859497475903e+05 3.277936965897199116e+05 4.201290555972866714e+05 2.826851870377329178e+05 4.787946761895294185e+05 1.995724157358510129e+05 3.867113239256671513e+05 1.687756423130040930e+05 3.353278317697309540e+05 1.544971693117480900e+05 9.260631765702596167e+05 3.714847049226383679e+05 8.703178456634768518e+05 3.254610554968783981e+05 4.162805924724919605e+05 2.818814933280792320e+05 2.208738144329483330e+05 1.336250889213973423e+05 1.569264056468224735e+05 3.355907059371150099e+05 1.345999996254079451e+05 1.957494323138725886e+05 4.033513688638845342e+05 9.440290104831146309e+05 2.228278212676569237e+05 2.013514607207455556e+05 2.571916062277055171e+05 1.633133117003903899e+05 2.671679195226796437e+05 1.433414927262243291e+05 1.295409936169558932e+05 1.346528131016344705e+05 3.329263147078932961e+05 3.066807705934977275e+05 4.640198996973938774e+05 4.093554735897667124e+05
6.538440528213302605e+05 2.040253793028214423e+05 4.624268675573389046e+05 9.024469432008768199e+05 7.339382870534057729e+05 6.232340448858413147e+05 5.266467329351068474e+05 1.186738526372649008e+06 5.177402183728589443e+05 5.307244766709788237e+05 2.390237704057797091e+05 2.537133147219959646e+05 3.275485554143534973e+05 5.280373960233990801e+05 1.830279931117330270e+05 9.035167970050068107e+05 3.817056637503448292e+05 7.972570374082303606e+05 1.772782631999178848e+05 1.097601934782331111e+06 5.083403007469974109e+05 2.174853443868065078e+05 2.401081263462388888e+05 6.510211660920252325e+05 8.277085865579053061e+05 1.964959802635356027e+05 7.595077195435749600e+05 4.049797568451672560e+05 6.368918998807481257e+05 5.700701676741852425e+05 6.434793209154848009e+05 1.887962270152187557e+05 1.970608660092577920e+05 4.060971556278953794e+05 1.847243759195514140e+05 2.042576521268375218e+05 1.140644789407009725e+06 9.172375068287630565e+05 2.856230261438646703e+05 1.841545521046234644e+05 8.047860325905551435e+05 1.811245968970996910e+05 1.817071238491665863e+05 4.895507822049160022e+05 7.334977158231532667e+05 5.951305568220667774e+05 1.724116032477402769e+05 1.789943799274246849e+05 1.389738072280096530e+05 1.414861371328231180e+05 1.092908235752296867e+06 1.651242797423436423e+05 8.470093512984255794e+05 1.340871379991247377e+05 2.813965345463787089e+05 1.212774560509924922e+05 1.436515539080818708e+05 7.123828256135295378e+05 1.532533357645047945e+05 9.562305572764214594e+05 1.391135600936726842e+05 1.211518106432648347e+05 7.368608897378246766e+05 1.726418567869510443e+05 6.453524829294419615e+05 1.112984405858061742e+06 1.552830382437111402e+05 5.444858659049950074e+05 9.827105770709844073e+05 1.245700192474486976e+05 6.722645562438060297e+05 1.492696264505898580e+05 3.397453660669352394e+05 4.900514914080980816e+05 1.437873691683745128e+05 4.144221528804789996e+05 3.215005771367920097e+05 9.539080126076065935e+05 1.002713832638142514e+06 1.870709867918188393e+05 6.900695082290803548e+05 1.510186116275869426e+05 2.158452812679220806e+05 1.624515727311509254e+05 2.208096195332735952e+05 1.678365280214515224e+05 1.238154767656700569e+05 5.015481242330008536e+05 6.830180188318110304e+05 3.046524357208185829e+05 5.665073415636710124e+05 3.563348554564811639e+05 2.554647138621921476e+05 1.446984796511041641e+05 1.595743488834480522e+05 8.334960770955799380e+05 3.734712038855780847e+05 7.726979081775686936e+05 2.858994662337136106e+05 1.543165351073445345e+05
4.132087462838250212e+05 4.380524478149606730e+05 9.656032696288150037e+05 3.819724296302627772e+05 5.448317510350124212e+05 7.423332249887920916e+05 8.754580636353722075e+05 4.883711160216455464e+05 6.911452363162804395e+05 1.044342600470787031e+06 5.446401025498525705e+05 2.016875431408899021e+05 3.163650585913527175e+05 1.469449523541620874e+05 2.651906358413060079e+05 4.423602798758320860e+05 4.982096223072235589e+05 1.318704956397818460e+05 2.707223013512807083e+05 5.106094995826825034e+05 1.238820856285438786e+05 3.698588869401987758e+05 3.950789097305085161e+05 5.100251919885600219e+05 4.146805111927529797e+05 1.142679310634046997e+05 7.471234825467900373e+05 4.051620064774150960e+05 8.907764315971010365e+05 4.128811448598630377e+05 2.159038772415456770e+05 1.263262554926103476e+05 6.822091300530673470e+05 4.124278337782023009e+05 3.937966271648583934e+05 6.565069387655153405e+05 4.057903711945628165e+05 1.042921464539068984e+06 2.409930136622012069e+05 3.406303268114359234e+05 3.847421173835148220e+05 2.624066662373399595e+05 3.651742196203846834e+05 1.324052114347990137e+05 3.643501311341972323e+05 4.041622769274336169e+05 5.465158345626529772e+05 1.541117796280846524e+05 1.179200646337180806e+05 4.086748644675648538e+05 4.197111370711229392e+05 2.676049111116863787e+05 2.508596614351116004e+05 4.222565006396380486e+05 1.296434264279896161e+05 3.907687279564091004e+05 3.319278701573333819e+05 5.004109731734497473e+05 1.327419179975195439e+05 2.227270956701404066e+05 5.647366857892858097e+05 1.102628173305533128e+05 3.905003833629161236e+05 2.849568273723190068e+05 1.403819554870025895e+05 4.221422091196566471e+05 2.685758566746247234e+05 4.292421246379846125e+05 3.905109203581729671e+05 6.763290461285011843e+05 5.408873535248303087e+05 1.432495143033417989e+05 2.083750105591630563e+05 1.479211664147288539e+05 1.356077328860723355e+05 4.676268930737409974e+05 3.765397090757489786e+05 4.161560576714072376e+05 3.088680048232213012e+05 6.584452318930116016e+05 9.641624548488123110e+05 1.504932763283472159e+05 2.191852334073323291e+05 1.336526246232881385e+05 2.751007349518000847e+05 3.519867845565800089e+05 1.426337242233908328e+05 3.541096770295521128e+05 3.579101913187876344e+05 3.869183189753474435e+05 6.700254263945856364e+05 1.595605993896372674e+05 3.331533924628193490e+05 2.983205827138976892e+05 4.641476653541671694e+05 2.546075091051973577e+05 1.133283486649199767e+05 2.513850609843223938e+05 3.406838195016424288e+05 2.431921983865453512e+05
3.188908167401216342e+05 9.930754558339067735e+05 5.279834994762315182e+05 2.729072592963146162e+05 1.124561883503715973e+06 5.246217941323275445e+05 1.402874437795460981e+05 7.889593188576532993e+05 1.382221927091987454e+05 4.222341049354335410e+05 2.443664125008414558e+05 2.956209274291211623e+05 4.151555571217728429e+05 2.785815597420835984e+05 2.330268616766583000e+05 6.450809441945296712e+05 6.171902153206979856e+05 4.264523908937560627e+05 2.768756495814109803e+05 1.064162358120544814e+06 4.591590038854787708e+05 2.465025771821248927e+05 5.654310994767022785e+05 2.600768888574950979e+05 3.067407249950812547e+05 3.101908199420546298e+05 7.367585303553293925e+05 3.593640396643519634e+05 2.229551830674691009e+05 4.474935955651200493e+05 3.141330513103547855e+05 1.308681685552553245e+05 1.273886012286914920e+05 1.844587665391128976e+05 4.505748038924298598e+05 7.094912097723050974e+05 7.571786397348446772e+05 1.842989676824733615e+05 6.646211593986923108e+05 3.971835184974251315e+05 1.429418487275487278e+05 1.369887584787028609e+05 2.877423940469947411e+05 1.980712426973037072e+05 4.143827951839097659e+05 2.106141220512488508e+05 1.332734763653865957e+05 6.233586531154643744e+05 1.781567438759069482e+05 4.608771582549254526e+05 3.251076806559466640e+05 1.289228905380461074e+05 1.546132231166504789e+05 3.240789468333068653e+05 2.699756799730793573e+05 2.961937618141224957e+05 5.074999845538289519e+05 1.886321142319496721e+05 1.895658498830662284e+05 2.002199269443801604e+05 4.087368381539537222e+05 1.331073626544467697e+05 2.859831380531924078e+05 2.927518174349087640e+05 2.059480688659129082e+05 4.359199729177305708e+05 2.098095655562692555e+05 8.907930998753121821e+05 3.409173222536763060e+05 4.323038009740865673e+05 1.721355486577178526e+05 2.298387597546084435e+05 2.741548835918515688e+05 1.050273258301159221e+05 4.554884213948985562e+05 1.959732424988409039e+05 1.348158428139625175e+05 3.191774817539392971e+05 3.943446610610234202e+05 4.586657109646726167e+05 3.048427257780185319e+05 1.564276055856381718e+05 4.293208767453922774e+05 2.073954555001002154e+05 4.078410834143118700e+05 6.749505721775792772e+05 3.322562792952174786e+05 3.849487820047724526e+05 1.079837735635855002e+06 5.033634245587182813e+05 1.444148435644944839e+05 1.359801991469817294e+05 1.159046440052257531e+05 1.251861856486588222e+05 1.270799535461976629e+05 3.592973298372378922e+05 3.813290487770172185e+05 3.108629113538049860e+05 4.679045998058768455e+05 1.427169371145048062e+05
2.284248198196511366e+05 1.018839400522232405e+06 4.468197051541795372e+05 3.620879447239269502e+05 5.398101201525934739e+05 9.141947750555620296e+05 9.464929785168404924e+05 7.281037288226324599e+05 5.651779545906529529e+05 8.833911360643769149e+05 5.125399358565725852e+05 3.118906171769074863e+05 2.694118038697597804e+05 3.211217960215823259e+05 2.560065797611336166e+05 6.434293895093895262e+05 3.874685557276637410e+05 1.022151321317117894e+06 4.286186796329080244e+05 8.233095562523715198e+05 5.493318557236199267e+05 2.755186901922330144e+05 1.684550349573223793e+05 4.904192949568206095e+05 1.361792822716521041e+05 3.973682646999777062e+05 5.396426296565592056e+05 9.864354599656932987e+05 4.074481305911957170e+05 2.317940332316040003e+05 4.091138936985115870e+05 2.115637916951928928e+05 2.372344637826472172e+05 2.161559941280577332e+05 2.447099295604962972e+05 3.218754665394677431e+05 4.783092034080602461e+05 8.146366912992342841e+05 9.281816633309291210e+05 3.996386383922768291e+05 1.335924866503586527e+05 1.542074937278570142e+05 1.321740859316950664e+05 3.185637660301974392e+05 3.230907088495811331e+05 1.205419590963549854e+05 1.447894851458532212e+05 1.491857527026305033e+05 5.883649614389621420e+05 3.952217649519179249e+05 4.810943478686403250e+05 1.538316497541823774e+05 1.387202125921628030e+05 1.215055067340519890e+05 1.303800064535681595e+05 4.255934605661094538e+05 1.236232775664723740e+05 8.291975704590822570e+05 4.234634822391841444e+05 3.855667932980092592e+05 4.958114829581511440e+05 1.322240724091941374e+05 1.522886040916265047e+05 4.221928748111356981e+05 1.277451334967733856e+05 1.645145842310778389e+05 4.125242454490892706e+05 4.300224864295694861e+05 4.472498862462519901e+05 1.281380128913511289e+05 1.312420942083648988e+05 2.890005186235193978e+05 3.739054969757995568e+05 4.529879960918691941e+05 1.374201327845239139e+05 4.358912256449566339e+05 1.978803652117967722e+05 3.588117836272303830e+05 8.239218768338842783e+05 4.959756324556894251e+05 4.089088077908289852e+05 1.296277861493156524e+05 2.075735564199298096e+05 1.527874775813491724e+05 2.744173171880053706e+05 3.521148806417759624e+05 2.010261722957424063e+05 5.560399932754457695e+05 1.087917224570380495e+05 1.463274367035593023e+05 1.292835623399789329e+05 1.305216868183635524e+05 1.299813996329971269e+05 3.171925982188438647e+05 1.378914155009520182e+05 4.593071092473820318e+05 1.571084349934551574e+05 1.475630921473410563e+05 2.620533648249465623e+05 4.393591086553514469e+05
1.117659600896425312e+06 1.727643539460958564e+05 7.947038537003783276e+05 6.677965765407377621e+05 5.109668395646865247e+05 3.860763139257964212e+05 7.432821419902177295e+05 7.446051039661278483e+05 5.691693463653954677e+05 6.868238934043479385e+05 2.665872649983413285e+05 2.454912642802146729e+05 2.958376701172708417e+05 7.036284549827955198e+05 7.290160784119472373e+05 1.695876518046287820e+05 1.577593606290187745e+05 1.039411139833493158e+06 1.720194214242771268e+05 1.103172590846183244e+06 2.075866083426260448e+05 7.444324000438688090e+05 1.710711102082930156e+05 3.760446171557526104e+05 6.898297640512846410e+05 9.690689497830586042e+05 7.901398294691150077e+05 2.364385902123305132e+05 1.126667520270169713e+06 1.518640953541435301e+05 1.647541264803931117e+05 1.816805794325438619e+05 1.587417977582128369e+05 1.501655555830103694e+05 8.310545047660585260e+05 1.314477675443544867e+05 3.163451961717222002e+05 4.079088946695015766e+05 9.478590430447770050e+05 1.547708962171040243e+06 4.812087128171600634e+05 2.008083832509208587e+05 1.502495486523445579e+05 6.003117846326447325e+05 6.196725404890177306e+05 1.036277283244168153e+06 9.433918710556309670e+05 3.171276506766507518e+05 2.570273282302250736e+05 1.678517828002990282e+05 1.526339568647407286e+05 1.689182588916637760e+05 1.536460774805730907e+05 6.940735664266926469e+05 8.970051542218736140e+05 1.916365346652533917e+05 7.377832990368969040e+05 1.716517096612275636e+05 4.032533050508841407e+05 2.010182420135978318e+05 4.234440603907838813e+05 4.142725789478082443e+05 2.459193159446742502e+05 1.561135333698718750e+05 2.259698651390107698e+05 7.260311348984475480e+05 1.723563666297473828e+05 4.485936652127915295e+05 5.711682180370513815e+05 9.128030839677324984e+05 7.011975297913384857e+05 1.956447415752838424e+05 2.927359201563504757e+05 1.667413046573127795e+05 6.707037592320977710e+05 1.418343169046648254e+05 1.352853081740658381e+05 1.331192397205290035e+05 5.426017997530889697e+05 1.316127431129494798e+05 1.580853833394056710e+05 7.440051193790622056e+05 1.548037701737347234e+05 3.738490304297888651e+05 5.675700727995785419e+05 1.455236512082326517e+05 1.183954501697279193e+05 1.179415057669237140e+05 5.795765933949603932e+05 7.176328192502961028e+05 8.917826962869978743e+05 1.906609263901282393e+05 1.471325714482786134e+05 1.365432216435426380e+05 1.703134561922007415e+05 3.544997294254024164e+05 7.795430633820031071e+05 1.357138646597267361e+05 5.149015812220723601e+05 1.090104752514257561e+05
4.539597860829988495e+05 6.080574674317154568e+05 9.603341111435324419e+05 4.937633774515144760e+05 1.500717634752299637e+06 4.941909885447437991e+05 1.595193325510702853e+05 5.143430837591888267e+05 1.199453485506277066e+06 5.625893783273039153e+05 6.783965734835382318e+05 2.940453712811995647e+05 8.621276264930813340e+05 9.269883027252516476e+05 3.265974722710457281e+05 7.277180821390846977e+05 2.560442302441856300e+05 2.273225106015591882e+05 2.112413669831863663e+05 3.456156839958974160e+05 7.384263127474505454e+05 1.849732068789711630e+05 4.644869419157308294e+05 3.957975548355888459e+05 1.051201046240667347e+06 7.951225432261950336e+05 1.677455500624043634e+05 4.945285028213864425e+05 3.924915817523118458e+05 1.130898619508438744e+06 8.195345950944906799e+05 1.966144021388005931e+05 1.637084857367923832e+05 2.461145991424836975e+05 2.387645860224490461e+05 1.433396111199284496e+05 1.014356955397104262e+06 1.400332433582576632e+05 4.766372355892517371e+05 8.517577545895494986e+05 7.004158830003320472e+05 1.448858142096344673e+05 8.216647569927619770e+05 1.243176637181869301e+05 1.332156513914159441e+05 1.462445358837334497e+05 9.763381547966110520e+05 5.522379737011735560e+05 7.668256811066088267e+05 1.572286375107757340e+05 3.783949178120734286e+05 1.604957118258483824e+05 4.360153565890803002e+05 7.710926869001435116e+05 2.276941691485464107e+05 5.049389072781014838e+05 5.811922048105658032e+05 1.011701706020910293e+06 4.322161272992663435e+05 2.489477842242959014e+05 1.100464252636743709e+06 1.615549919204523321e+05 3.456670472584910458e+05 1.455068177158100880e+05 5.131025820318743354e+05 5.145659393731582677e+05 2.457626010866464931e+05 5.186625542433927185e+05 9.418072831974892179e+05 4.354651932653023978e+05 6.829431951512064552e+05 1.317684299714399967e+05 2.433485093876120518e+05 6.005166502547122072e+05 7.912280404078388819e+05 3.657264756575063220e+05 1.529865607060195471e+05 7.474818138140621595e+05 1.245965544855041197e+06 3.797919324689351488e+05 7.586108633758574724e+05 1.414973441634926712e+05 2.378267016589142440e+05 1.303932511261776235e+05 5.410374781715387944e+05 1.521219213095142622e+05 4.511434712078783778e+05 3.824428495613649720e+05 6.330717067432280164e+05 4.873028776453597820e+05 1.309120053926654509e+05 2.534524231251480523e+05 3.085422391127186711e+05 2.390473960380020144e+05 7.904629150379669154e+05 1.509833659291667282e+05 1.617161492050518282e+05 6.493984688224665588e+05 5.327185020591019420e+05 1.651421045200342778e+05
4.423344330303238821e+05 6.073279181886863662e+05 3.394559474829284591e+05 9.459979967396517750e+05 5.003763149033365771e+05 8.090603078093889635e+05 4.179917344165238319e+05 8.793552098811097676e+05 3.185495576080218307e+05 2.243554102228847623e+05 2.642271983464165824e+05 2.927460532946463209e+05 2.362229305951218703e+05 4.822971807557682623e+05 6.475995430608069291e+05 9.695883832635263680e+05 5.762574031747757690e+05 1.970973599928303738e+05 2.181990330655465077e+05 2.802924997576348833e+05 2.494000856635539676e+05 2.779352784615722485e+05 2.271130006244394754e+05 2.110863409815412306e+05 1.741409187550200440e+05 7.838901797109054169e+05 1.825177014842929784e+05 1.031375634593454655e+06 1.679089469174242986e+05 1.617270166287313914e+05 1.000572362744961400e+06 1.635300727456746681e+05 3.527805103421492386e+05 1.704720801922262472e+05 1.529905074899572355e+05 3.561411876865159720e+05 4.665233722847658210e+05 1.652044453491150343e+05 8.178344307169460226e+05 1.281390702623037389e+06 5.480769620027837809e+05 1.598682649654303095e+05 5.637452903784100199e+05 9.671707486375153530e+05 8.876795829911172623e+05 7.936917147274113959e+05 1.871940530221360386e+05 1.221459596243297856e+05 2.587374238175850769e+05 5.504641237853690982e+05 8.814279506623714697e+05 2.395811297263184097e+05 1.745622517082182749e+05 2.311463935231326905e+05 1.975584177852896973e+05 7.383662482030594256e+05 4.250460140982514713e+05 3.771427042328880052e+05 1.471334709478737204e+05 1.996523059856034815e+05 4.108635856251905207e+05 1.500961197214091080e+05 7.840914473345924634e+05 1.869793663330608979e+05 2.018707289870019886e+05 5.638944237398504047e+05 3.868334722992546740e+05 1.772798051992237743e+05 1.875304291564339073e+05 9.635651871176664717e+05 7.944240909691678826e+05 1.533624597510979802e+05 1.510640088214375428e+05 1.522795723814063240e+05 1.556764499951921171e+05 1.492276987551774655e+05 8.428391243184697814e+05 2.226830201899805688e+05 2.357421205258395639e+05 5.483476563095048768e+05 1.165154868374036625e+06 1.401899031448816531e+05 3.042821723160605179e+05 4.228739612188370083e+05 3.901866966469762847e+05 1.493747577604088583e+05 4.034925719431804609e+05 4.090326083065299899e+05 4.525187510173810297e+05 3.646171540139995050e+05 1.352741837505019503e+05 1.323837060516223137e+05 1.276980933393766318e+05 5.517931803299643798e+05 1.254258655764835275e+05 1.843058699650806375e+05 8.470471669956889236e+05 6.199532577912270790e+05 2.203356566751947976e+05 1.195470666513389879e+05
7.526955337528712116e+05 1.431636212705771322e+05 1.575606262899056601e+05 9.192510642080941470e+05 1.024899384365818347e+06 7.082261094846347114e+05 5.033442597102022846e+05 3.496885447339674574e+05 5.779328221348880325e+05 4.781167472089782823e+05 2.838587219380490133e+05 6.043573299544390757e+05 5.105464611824871972e+05 2.200144802483406675e+05 4.238724057693969226e+05 4.118374683296638541e+05 4.395253508662334061e+05 4.712962639934380422e+05 1.993637869011918374e+05 7.506971026524454355e+05 9.657152481498374837e+05 2.715228743480534176e+05 4.175593504683001083e+05 4.796626015131270397e+05 7.510364159282783512e+05 1.836422044781089062e+05 5.415501562264760723e+05 9.277024686894910410e+05 1.095114836759016849e+06 2.694084628712637350e+05 4.322527314256464597e+05 5.393410953637204366e+05 1.670135226062051079e+05 2.206100591231037688e+05 8.148091749358782545e+05 1.776879577297836076e+05 1.817694830353819125e+05 3.989792868319346453e+05 5.878555142397134332e+05 6.874412071264702827e+05 3.092765979250113596e+05 1.798917500949108216e+05 2.825910149372664164e+05 8.160815446488476591e+05 5.989596348127303645e+05 6.059996693580131978e+05 1.159779825936416630e+06 4.315573631672311458e+05 3.950231407556123449e+05 1.745262166530105460e+05 6.573495312433734071e+05 2.472787351898877823e+05 2.023552288403376879e+05 2.390601909608139249e+05 7.986920513337014709e+05 2.341571471678712987e+05 3.838682810625780257e+05 1.484051889825651015e+05 1.508399508151522023e+05 7.062439795197283383e+05 9.291658994593133684e+05 2.117485746120146650e+05 1.579212154847328202e+05 1.640087533873440989e+05 3.828199785344611737e+05 1.491439535071603023e+05 1.462868857932414685e+05 1.320899184695822187e+05 5.563684391275991220e+05 1.877209762135181518e+05 1.215647635645209521e+05 7.633539798122184584e+05 3.145850406783247599e+05 1.558855561153507442e+05 1.535346863878575386e+05 4.407001340517019271e+05 1.407741281318984693e+05 2.186841387043237919e+05 5.895880606026817113e+05 9.869357285976450657e+05 9.136255570260756649e+05 1.338288714725237514e+05 1.721634147880313394e+05 1.881142778221915360e+05 1.344979706713352643e+05 1.248218240626726329e+05 5.464926678587954957e+05 7.422168407554669539e+05 1.340190789226180059e+05 7.744167968323992100e+05 1.377240351477252261e+05 1.214138403824575507e+05 1.199230850177922694e+05 4.301463603738088859e+05 1.135581708114677749e+05 5.865796199569019955e+05 4.345368362546217977e+05 3.100555278600979364e+05 4.564862785171514843e+05 1.333350370162471081e+05
4.115148233320422005e+05 7.472150479341441533e+05 8.915087344103191281e+05 7.585659251103717834e+05 3.888035966981366510e+05 1.023031142063932260e+06 4.093588513025320135e+05 4.261653954515156802e+05 1.256648387546263693e+05 2.316437066564148990e+05 7.745334747798778117e+05 2.083665112058460945e+05 3.305239899321335251e+05 2.021891151293978619e+05 4.441668789197519654e+05 5.263126330854985863e+05 4.265539425623292918e+05 6.102234991709830938e+05 3.349897667790504638e+05 3.785506597419676837e+05 1.871244060534869495e+05 2.335053036755780049e+05 1.461029748403129051e+05 1.327289486819290032e+05 1.974389862676220655e+05 1.156531641112841200e+06 9.486086749930517981e+05 1.007516426190587576e+06 4.454702354759158334e+05 1.095262134406998055e+06 6.474595148381249746e+05 3.003240620263366727e+05 1.694788490678909875e+05 6.587769820293918019e+05 1.553962466927514761e+05 9.466410838787438115e+05 7.437433466397537850e+05 7.124149873133379733e+05 4.027084285818692297e+05 3.961000436994264601e+05 1.402188137961535016e+06 1.690511829032578971e+05 2.207642590536921925e+05 2.482329023318073014e+05 6.416572651642368874e+05 8.248165301454504952e+05 9.906833009107119869e+05 3.657740206361043965e+05 1.500851696906238794e+05 2.339005694976529339e+05 1.920061372131661046e+05 1.447892373245361960e+05 4.147512963037468726e+05 1.748352039424943505e+05 2.153505197763484321e+05 3.507677239624711219e+05 1.022491515735411202e+06 6.631848971880688332e+05 1.767534694361487054e+05 8.850158893330100691e+05 1.314327514082567068e+05 1.582651547584833170e+05 1.729348733693381946e+05 4.876406489218867500e+05 4.066267956751973834e+05 3.665935565529125743e+05 4.179772322801947012e+05 5.052234061500371317e+05 9.483764939547086833e+05 7.498822661620932631e+05 4.154423322783980402e+05 1.354102743678135157e+05 4.179440058665797696e+05 1.999297740749896620e+05 1.084061638877363410e+06 4.286028190686189337e+05 2.366487059748918109e+05 3.357936624171846779e+05 2.523139503519061836e+05 6.905798365707896883e+05 1.550750519087627472e+05 1.597719450802163628e+05 2.848105026524713612e+05 1.794934369884932821e+05 1.471547193311660958e+05 1.462814337242671172e+05 1.524855210744148062e+05 2.822546204458339489e+05 1.309083247871793865e+05 1.417163356006300892e+05 3.457556387900409754e+05 1.327709498058797326e+05 1.438210820460561372e+05 1.358167472205579979e+05 3.393400772493720287e+05 1.692192791847338376e+05 1.310048924937103729e+05 1.252917942439772887e+05 1.250484704249357019e+05 1.334653267790270038e+05
3.890762368611246347e+05 5.657632167557743378e+05 3.084849281385166687e+05 4.775097869107669685e+05 3.549818612083754851e+05 7.741894620775888907e+05 4.705881191693453584e+05 3.816480223477201071e+05 2.333180058313168702e+05 4.579922978392315563e+05 6.876747098785040434e+05 2.903698874356827582e+05 3.463891802191442112e+05 9.561171101846314268e+05 6.520097345041736262e+05 3.781780099097124184e+05 6.955278920577564277e+05 6.826281867215759121e+05 4.408668535480833380e+05 4.494484468280199217e+05 4.031882106516142958e+05 3.163619011642026016e+05 2.197372875159734103e+05 4.852355338616687222e+05 3.924210169269330218e+05 5.368070397901152028e+05 3.259447659934265539e+05 3.334663081791062141e+05 7.794429802841974888e+05 2.962607837125246879e+05 8.436478662401366746e+05 3.352681710823008907e+05 1.875225355885585304e+05 1.910024975935161347e+05 1.869229915727231419e+05 1.805049334617494314e+05 1.831618900514606212e+05 1.870588343687176821e+05 1.575901812766017683e+05 1.603662940269616665e+05 2.279707928097412514e+05 4.828819656353901955e+05 1.481792310128492827e+05 5.692487960439176532e+05 1.544811251761130698e+05 1.534502986401295930e+05 8.266348410412413068e+05 1.508435488135326013e+05 1.825281650510114559e+05 7.985563553947836626e+05 2.576322508864964766e+05 6.621693805023366585e+05 1.561128725130264938e+05 2.423257967051190499e+05 5.021153964062202722e+05 1.376512123947913933e+05 5.059850069500670652e+05 1.735168496073672723e+05 9.619080518636098132e+05 1.855583772584195540e+05 4.134414413219367852e+05 1.576239951185236569e+05 1.419297097545817960e+05 3.301254198258317192e+05 5.344301212886333233e+05 9.324153325680412818e+05 5.557748795376413036e+05 1.145339075865350896e+06 9.979859893377636326e+05 3.083779427581036580e+05 7.391858575484059984e+05 2.301558425404481532e+05 1.593030120770162612e+05 2.357387244559396931e+05 3.022738283629540820e+05 3.523750012389709591e+05 2.422809502253062383e+05 1.701882972485398059e+05 1.462896577205651556e+05 3.712385724620039691e+05 1.131257391346941236e+06 1.579799216011639510e+05 1.861593898450224369e+05 2.440032716643057647e+05 7.505945229843349662e+05 5.373855465297059854e+05 1.325995033473404183e+05 1.269203841537405533e+05 1.160840207459096273e+05 6.155360906367145944e+05 1.333122374550815148e+05 2.206620281711389835e+05 1.377258157897808414e+05 1.274343472080993815e+05 4.725775919880892616e+05 1.498155309191419801e+05 8.174700783095271327e+05 1.245814006708968809e+05 8.109194449725165032e+05 6.678653790811955696e+05
7.078592605069110868e+05 6.090308728506893385e+05 4.921172564782140544e+05 9.321451889753581490e+05 1.156546840820284793e+06 1.102108391039508162e+06 6.843552259441659553e+05 9.628379508735962736e+04 5.080280458875558688e+05 4.579212190140841412e+05 2.142782611875866132e+05 2.689814575634759967e+05 2.674819917384459404e+05 2.194571025706673681e+05 5.206166712209088728e+05 1.829832384175932093e+05 9.491734873102356214e+05 4.206260199450115906e+05 3.453863666705509531e+05 8.553971666655894369e+05 3.273642130687619792e+05 2.231550188346578216e+05 4.597705167530693579e+05 1.978554178658837336e+05 7.612814593165719416e+05 1.867799344228332047e+05 5.723032029547204729e+05 1.028821936885833857e+06 4.483807958800412016e+05 7.460417333194431849e+05 9.925121120874903863e+05 1.900827133646908915e+05 2.391619078435984848e+05 5.594618733065484557e+05 4.965156259269023431e+05 7.262359270919766277e+05 8.797617836980945431e+05 2.031045120030551625e+05 7.432839777036771411e+05 2.310520011370510911e+05 2.009708989634802856e+05 1.944133449867278687e+05 6.615525073514446849e+05 2.589752037819793040e+05 4.870004989243297605e+05 4.095264886556431302e+05 6.450471670668770093e+05 2.857826414291582769e+05 2.762680284263542853e+05 7.139066880704348441e+05 2.254440433757043211e+05 2.022558983850503282e+05 1.591994227665031212e+05 1.529628065738551086e+05 1.398219986319188320e+05 2.442930757481390028e+05 2.801199977638564305e+05 2.154634895826390421e+05 4.234128165477050934e+05 1.426183868374376616e+05 1.374818586495957570e+05 3.615996816579995211e+05 3.783674555387209984e+05 3.312406524666777113e+05 4.430556848485165974e+05 3.024707637028769823e+05 1.369988181884602818e+05 1.346725286641882558e+05 1.425271702356407768e+05 1.422761272415024869e+05 1.258612509162133501e+05 1.333158262748946145e+05 2.788016985001331195e+05 3.096499086141120642e+05 1.969115857907405298e+05 1.457450933228383656e+05 3.662278457175337244e+05 1.290683891868370265e+05 1.319660995967466442e+05 3.576506948641688796e+05 1.781820950787810725e+05 1.326592099276069202e+05 1.238343111857633630e+05 1.308672048056891363e+05 1.237353754088697606e+05 3.847167111092369305e+05 4.244244048066342366e+05 1.355794078273940249e+05 1.707854181226088258e+05 3.361395842614713474e+05 4.331224924627034343e+05 2.171535575361571391e+05 1.344270754175338079e+05 1.437430642240322486e+05 1.562525335930165602e+05 1.357650168152725091e+05 2.398600480293374858e+05 4.513390481198413181e+05 3.324074686557325185e+05 1.340670461153117649e+05
7.614662055191245163e+05 1.949339166095404653e+05 4.328372960196532658e+05 3.926923353762302431e+05 9.340459601197445299e+05 7.871404205335554434e+05 6.278435948108973680e+05 9.432786442494560033e+05 6.031160572274716105e+05 4.284713085563885397e+05 3.062801261309867841e+05 2.729541434180673095e+05 5.980296990884747356e+05 2.514874020096831373e+05 4.019737393411538796e+05 1.727116506126768945e+05 7.846153599559011636e+05 1.618050528078898787e+05 5.917297874957470922e+05 5.969788265615147538e+05 2.209148609859001881e+05 2.815040706408295082e+05 3.616627200581948273e+05 9.221151443474277621e+05 4.620074804604076780e+05 6.338297829734159168e+05 8.234558993293538224e+05 4.210364854745302582e+05 1.051277411920577753e+06 1.081820379600530025e+06 1.531170615758472995e+05 1.671877868849045772e+05 2.372502692755325406e+05 4.624500709754655836e+05 4.615133798256794107e+05 8.963382762363479706e+05 8.540275775678108912e+05 3.782684371547217597e+05 1.148641450950247701e+06 4.061626171698570834e+05 1.706048389896090375e+05 1.896392417071724776e+05 4.214223157294239500e+05 2.001832126751924516e+05 4.696975411416589632e+05 9.215424751766378758e+05 8.173249835176971974e+05 4.164103406998013379e+05 3.273320513689535437e+05 5.068005410115338163e+05 1.128133594467373565e+06 2.456221506498688832e+05 1.618578112127126078e+05 1.557937337281122745e+05 6.469538124943333678e+05 2.102907978396472172e+05 6.595773530976839829e+05 3.053673910418456071e+05 8.614714690741584636e+05 1.790224112719495024e+05 5.756272027441686951e+05 1.476237165843372641e+05 3.389414704288010253e+05 1.683872971306710388e+05 4.857255592125171679e+05 3.118961977458240581e+05 3.656148642791756429e+05 5.966354747160712723e+05 9.950465715180567931e+05 1.714392441854382341e+05 8.165293118758610217e+05 1.561238317223790218e+05 1.762265095304974238e+05 2.333609982405357005e+05 1.938867889380376437e+05 4.565516666305747931e+05 3.420242941839551204e+05 6.523138755101247225e+05 3.719055605903371470e+05 8.878331220648603048e+05 1.526004550941069319e+05 1.683471500773142616e+05 1.749069619816217455e+05 2.757287141691213474e+05 4.499965908669925411e+05 4.074825318614246207e+05 2.431784305355999386e+05 5.350174761670983862e+05 4.240085055652757874e+05 7.894449752104682848e+05 8.653663390352064744e+05 1.484787643780172803e+05 1.472249261924203020e+05 1.957667247346600052e+05 5.578067206230277661e+05 2.167341704392258544e+05 1.439691415151229012e+05 1.650248942156524863e+05 1.696709748385503190e+05 1.262202503831846640e+06
2.781586297181756818e+05 8.619192363011719426e+05 2.799262932796220412e+05 2.415998821747395268e+05 8.900150510826861719e+05 4.166227327470522723e+05 9.663848429912830470e+05 4.809362562255180674e+05 5.194369683233692194e+05 5.803126777779049007e+05 4.998374595744684921e+05 3.313658848388770130e+05 4.274648602951457142e+05 6.732421103751980700e+05 2.338781554363138566e+05 2.250155694971490884e+05 7.725574393836566014e+05 1.346088385857148678e+05 1.034059741385230096e+06 1.576598466023854562e+05 1.012196614369560732e+06 2.718153402164027793e+05 1.471177847763632599e+05 9.163374932338953950e+05 1.488758842706861906e+05 2.313930032692665700e+05 7.324168477382669225e+05 9.386610906137170969e+05 4.989730221064437064e+05 1.521442068709112064e+05 2.568963317177632998e+05 1.554103449721195502e+05 6.628355242024785839e+05 2.144469448973695689e+05 2.394320147220125073e+05 7.224384233728144318e+05 1.106098204100675415e+06 4.151494625530876801e+05 1.846254676783597097e+05 8.744730197930657305e+05 4.649155442942281952e+05 1.664275077985653770e+05 3.779450211574471323e+05 2.671027884091406013e+05 6.167733615083406912e+05 3.461213129111506278e+05 3.991307331923339516e+05 1.050167319277418079e+06 4.470875357479039230e+05 4.649812995503434213e+05 4.522896172633804963e+05 1.841906973026387859e+05 7.740014850193477469e+05 8.100609919303694041e+05 1.615323392163635290e+05 8.998696015038992045e+05 2.442440071273696085e+05 1.431140570071737049e+06 2.604233614158195560e+05 9.479271847283894895e+05 9.878182662003793521e+05 1.557620125995340932e+05 3.242756251733454410e+05 2.814572232333459542e+05 2.268897595106435765e+05 3.058028773458156502e+05 1.591227450153045647e+05 1.268951430936740071e+05 3.970898603967272211e+05 1.817831040292505641e+05 5.468735049730796600e+05 1.543075951827973186e+05 1.872154574410724745e+05 2.343706590003324382e+05 1.619784726583980373e+05 7.512384178373491159e+05 3.352998922108791303e+05 3.407790196016461705e+05 1.574799833976348455e+05 1.207408311139775469e+05 1.174019161526718526e+05 1.692450158874344488e+05 1.281813357289926353e+05 1.179619556148612610e+05 4.922609928420839715e+05 1.324206773206943471e+05 4.715541083059433149e+05 1.213550333017861267e+05 1.430086319832011941e+05 7.853108750713932095e+05 1.300351860373571399e+05 1.446540829210889060e+05 6.792498130994606763e+05 1.345678012113303121e+05 7.165457831681862008e+05 1.577027105116621242e+05 4.550247201750577078e+05 5.712531014274134068e+05 9.884105407909156056e+05 2.982986092237888370e+05
1.111802353247293970e+06 3.212616773871875484e+05 1.938999326464068436e+05 1.841529733910484065e+05 9.145005314893572358e+05 8.181933494125250727e+05 9.737972336546676233e+05 6.148788317897161469e+05 4.608522292661470128e+05 7.023491095586804440e+05 2.725954450081033283e+05 6.588327877185570542e+05 2.698778180885594920e+05 3.962909578992025345e+05 8.656019712148532271e+05 2.888737993234180030e+05 2.782278728298637434e+05 4.420910174256093451e+05 6.908980024275704054e+05 1.880601977036780445e+05 7.040451619380761404e+05 2.100402045953064808e+05 1.946940072175333626e+05 5.959632731615133816e+05 8.646926321956119500e+05 3.946611747756907134e+05 7.075522557879633969e+05 4.773537512667191913e+05 7.969597252563482616e+05 4.185427788827622426e+05 1.619719008042134519e+05 2.701547721781770233e+05 5.470056029136171564e+05 2.310120009407710750e+05 7.203318320353617892e+05 1.776733638077814830e+05 1.777601012687374605e+05 1.634569012071835459e+05 1.782654548269717779e+05 7.036443155470846687e+05 9.320655190112207783e+05 1.570829552906388999e+05 1.678110299615006661e+05 3.586895985393736628e+05 4.981435366226856713e+05 1.411305869714419823e+05 1.489315798170439666e+05 6.312937081150052836e+05 1.243818677964289527e+05 7.982293781133978628e+05 1.726535319245527498e+05 7.119814652227694169e+05 1.874070692119631858e+05 9.841486749950672965e+05 1.112803845082196640e+06 5.081751232499218895e+05 7.668016699745600345e+05 8.677670116688527633e+05 1.357689360635082994e+05 2.087515153896830743e+05 1.875890067729229049e+05 2.302596154223072226e+05 1.518255270143618400e+05 7.683761246944060549e+05 1.535456676257716026e+06 4.294886976698493236e+05 6.877698732642387040e+05 4.621919329488067306e+05 3.753614380347076221e+05 3.572017894948106841e+05 1.896836659728896338e+05 2.812932573071536608e+05 5.671539165583358845e+05 1.659150500292432553e+05 4.998113190148068243e+05 1.527456233144751750e+05 7.136843464562339941e+05 2.284042965431752091e+05 1.920215939204941387e+05 1.008778148765492602e+06 8.297671556312604807e+05 1.587967590191868367e+05 4.000044226561940159e+05 1.634316417899824155e+05 6.321756582894326421e+05 3.732401609895798028e+05 1.700405039579246659e+05 2.330349571730141761e+05 1.647625340480370796e+05 2.246044063965158712e+05 4.838544899119036272e+05 1.542471267814451712e+05 3.882047135391466436e+05 1.541840700241152663e+05 3.572053140646527172e+05 1.776088568368186825e+05 6.507309030798271997e+05 7.518115275793693727e+05 1.402140886697090464e+05 3.282121291156522930e+05
1.981371815247648628e+05 4.176266477237211657e+05 2.054513064466685464e+05 7.900114029554964509e+05 6.890243998423828743e+05 2.036014212793763145e+05 2.762356647980653215e+05 9.312338673855806701e+05 2.844845533706228016e+05 5.084730962586493697e+05 4.664140739053940051e+05 1.440494264432691270e+05 2.149892697246759199e+05 2.375678660611408704e+05 8.292694569981517270e+05 4.065216460082437261e+05 6.095803753176218597e+05 7.872169330705426401e+05 2.261229636415235582e+05 3.809935904994491138e+05 2.621218369369816501e+05 2.307577179123769456e+05 3.095848509291114169e+05 8.342374116190182976e+05 3.705252876402250258e+05 6.618490852179430658e+05 9.517464232949106954e+05 9.390132538837656612e+05 4.769505184482304612e+05 2.250771393265768711e+05 8.177412499017475639e+05 1.871296745511154004e+05 1.842368838532769296e+05 2.256242553660122212e+05 1.684453056759876199e+05 8.181918074132192414e+05 1.858765431152003002e+05 1.614958635899255169e+05 9.706729227753314190e+05 9.173600590593116358e+05 1.524273473148868652e+05 1.332459223063612299e+05 1.557923753001523146e+05 1.348975228843379009e+05 1.098460754967170069e+06 5.077156074567683972e+05 1.107219311024591560e+06 1.248149676729018393e+05 5.277632872896436602e+05 7.593170990579524077e+05 7.728089321275923867e+05 2.921742285520476289e+05 1.823517897018336807e+05 7.682420441833324730e+05 9.848046121283749817e+05 2.690293146133621922e+05 1.818391850754347979e+05 4.757334771389269154e+05 5.139412093686601147e+05 2.799166190696910489e+05 1.028912841416342650e+06 2.332580697868679126e+05 1.411057314112019085e+05 1.515594219912892731e+05 3.915811413049948751e+05 3.967398265542915906e+05 1.627982105036867433e+05 2.077919328930583433e+05 7.385272035591783933e+05 3.469519365372534958e+05 5.235313803374523995e+05 1.520105944667698059e+05 1.319141764415479265e+05 4.500381147054438479e+05 2.409928484479898470e+05 1.239626826279782108e+05 1.297229678921848099e+05 7.818571637689048657e+05 9.078688330459803110e+05 5.091284459636500687e+05 1.562742133689718903e+05 4.794418018982320791e+05 3.715183719074834953e+05 1.207278250841177942e+05 7.604905605297301663e+05 1.850357312793978199e+05 1.674598579767201445e+05 8.961596246024805587e+05 2.798798130148304044e+05 7.049076535498339217e+05 4.828723832111321972e+05 2.377271876322809549e+05 9.820630107910515508e+05 1.279116418861069833e+05 1.329282796279164031e+05 4.290769471409090911e+05 6.668704223862084327e+05 3.774133251110706478e+05 1.364745384244597226e+05 1.264508086508296692e+05
7.467544307129151421e+05 3.714468525111058261e+05 8.481375073620256735e+05 5.527437494735035580e+05 1.195695559769299114e+06 8.218257857774192235e+05 6.690138014213872375e+05 2.157969652896710613e+05 3.986208087075857911e+05 4.948304042569170124e+05 1.223615953772634501e+06 3.477187507635081420e+05 4.367069799920384539e+05 3.389843159809430945e+05 2.125789045239640109e+05 2.761955911732469103e+05 8.931668242353748064e+05 4.824871403845455498e+05 2.659170643714541802e+05 5.632873900131008122e+05 1.712862007543292420e+05 2.132807161366218061e+05 1.831268279243863653e+05 1.540242344532065326e+05 2.185782731091210153e+05 1.492454133900605375e+05 1.407001855937544024e+05 5.016961194520965801e+05 9.898496667145356769e+05 1.442699323440105654e+05 4.939121069559939206e+05 1.504917159719067276e+05 3.172478164797021891e+05 8.696298202588991262e+05 2.294300748671453912e+05 9.966213199520562775e+05 1.550190993625206756e+05 7.589767577825823100e+05 2.391692323403014452e+05 1.415198959033412393e+05 1.479968345235247165e+06 1.441727313163360814e+05 1.726444267857941741e+05 8.010556425554681337e+05 1.051415677858338691e+06 3.293467101763602695e+05 1.459681508652883349e+05 3.913858948214545962e+05 8.862798881926047616e+05 5.711773231758100446e+05 3.701497006664346554e+05 1.481979552901350253e+05 1.242494761417380505e+05 1.303593454985827702e+05 3.325300576005502953e+05 7.880026184311597608e+05 2.617331796833605040e+05 5.087906746871231007e+05 4.838642559075075551e+05 1.864810252002414200e+05 1.417268267030504940e+05 3.492473126468694536e+05 1.499167154450233211e+05 1.001897380719946115e+06 3.763216263167739380e+05 8.612186546165319160e+05 8.066237286204771372e+05 8.035389222947868984e+05 2.586086485184091725e+05 3.031202024105385062e+05 4.357995501147948671e+05 1.336423262707809918e+05 3.522346425878662849e+05 8.609381575999377528e+05 1.470106617174408166e+05 5.927848454493944300e+05 2.688078541416219086e+05 2.561192191390015360e+05 4.043009834364248090e+05 1.109743490459785331e+06 3.467056572195423068e+05 1.410311647304816579e+05 1.265564906746865163e+05 1.422125014130001655e+05 1.697051741802986653e+05 1.366971003242756415e+05 3.769653743127113557e+05 6.553692369919263292e+05 4.497401784109855071e+05 9.592854781869929284e+05 8.206739857244621962e+05 1.486950664949367056e+05 1.540921742083384015e+05 2.755681075985596981e+05 1.739967968913236691e+05 3.943206866432438255e+05 6.664977725539531093e+05 1.501489607333375316e+05 1.561747360566077696e+05 6.920832124654882355e+05
3.662790621230506222e+05 8.188329854103134712e+05 6.326527969317961251e+05 2.510381662119022803e+05 1.934256760741745238e+05 6.988064028676809976e+05 7.352742458806084469e+05 1.007743100088552455e+06 9.903182876464476576e+05 4.060723000676552765e+05 2.350692214001671236e+05 4.035658169102099491e+05 1.542410872841637756e+05 1.550030735840202251e+05 1.304594653106576734e+05 1.541770355701389024e+06 9.289273301381316269e+05 3.213861754740030738e+05 1.151288256044528447e+06 1.593402403459725901e+05 8.680737226736469893e+05 1.639643291216269718e+05 1.807769127678920340e+05 1.630910802289971616e+05 1.038340845458132797e+06 3.961425955374150071e+05 8.552459773050743388e+05 1.065651195164645091e+06 3.115387843352816417e+05 2.932422466427182662e+05 1.360693138568676077e+05 1.399554182861470035e+05 2.480532043412680505e+05 8.508331424343261169e+05 3.906932801332283416e+05 5.211379037005669088e+05 2.542311144174849032e+05 7.697608400710899150e+05 5.372502177334800363e+05 9.194018864259172697e+05 9.882771945652258582e+05 1.511140595489077095e+05 1.309692980097328837e+05 6.251261514626994031e+05 2.976894093551570550e+05 2.016142063881874201e+05 1.536840216777785681e+05 4.652074961628089077e+05 5.910361448079835391e+05 2.859250010079336353e+05 8.328368356780452887e+05 1.777107572909491719e+05 1.272926301290348056e+05 3.329083247159913299e+05 1.306819886604909552e+06 1.146658953842649353e+05 9.210574062521297019e+05 6.890043538514063694e+05 5.539036266656818334e+05 1.079761516813021386e+06 1.504610228428658156e+05 4.907962036443016841e+05 7.632928138397517614e+05 1.346226798651986464e+05 2.832889531945248600e+05 7.520813774578990415e+05 4.490030293142345618e+05 1.407083728757832723e+05 2.379831962313269032e+05 1.006541735772192129e+06 2.839108929145647562e+05 1.289381269597590144e+05 1.478173935328697553e+05 3.807782980249323300e+05 2.871233914684898918e+05 3.689649311997470795e+05 5.774048709439686500e+05 1.381091861886389670e+05 9.550047412567820866e+05 8.408183709423778346e+05 5.728831782650788082e+05 1.317517616932287638e+05 5.048766398775591515e+05 7.702572904190461850e+05 1.584913330138142337e+05 3.239364220403201180e+05 2.055633951104986190e+05 4.312045757546063978e+05 7.146438371671857312e+05 1.462905572201602627e+05 3.877011406229679123e+05 1.334271255819371727e+05 3.021165811480231350e+05 1.777922446114113263e+05 4.144189220247904886e+05 1.308191091130532295e+05 3.983354286931896931e+05 2.427123796025310876e+05 8.329377999183115317e+05 1.534073888380164572e+05
2.117170921261861804e+05 5.578913837277747225e+05 1.135322321802866645e+06 1.063851535117601743e+06 2.875838251183730317e+05 2.711717023632729542e+05 4.022819189167155419e+05 8.638690577091930900e+05 4.139922287882908713e+05 1.117493505542620085e+06 1.098159404245677433e+05 1.266348572822676942e+05 1.836288404841245792e+05 4.212365048130649375e+05 1.995780330190367531e+05 9.823340355261951918e+05 2.696531451182652381e+05 8.979428366569279460e+05 5.835708121684303042e+05 4.075224035577625036e+05 9.596244977486722637e+05 2.826967703896616003e+05 1.495445704339693475e+05 1.450325611435777682e+05 4.124580863360129879e+05 1.050999044331596466e+06 8.565497744324685773e+05 3.453104415618707426e+05 1.551939877837963577e+05 5.593357965061578434e+05 4.638090129351796932e+05 1.624892599284721364e+05 1.741495282511445694e+05 4.268465920020245831e+05 8.513665273370852228e+05 8.165316615890890826e+05 3.415459439707083511e+05 1.076841337270368822e+06 1.390690899351190601e+05 6.353435857205637731e+05 9.935872527463834267e+05 1.210927006698726036e+05 1.350924848322919570e+05 1.295452341150470747e+05 1.546659264500694408e+05 1.112104511682708981e+06 1.378130397148035408e+05 3.591051306380401948e+05 7.213994829833405092e+05 7.696692746837356826e+05 1.563982708845571906e+05 6.100575873885237379e+05 4.084577362795887166e+05 8.175581925555776106e+05 4.195084375909375376e+05 6.094642480841811048e+05 5.243238945521384012e+05 9.373863711875196313e+05 4.464103410527365049e+05 4.120865012175641605e+05 2.738085946048730402e+05 2.778928184092566371e+05 6.959534838661804097e+05 1.564514147892064066e+05 5.191938097185390070e+05 5.873057914871657267e+05 1.897792148584506358e+05 9.365851189767669421e+05 5.415196833830502583e+05 4.604363667390577612e+05 8.308354674360846402e+05 1.530247527245420788e+05 3.961245688312438433e+05 4.655525368646350689e+05 1.593343109914987872e+05 1.752410618312299484e+05 7.260062426239382476e+05 4.921148333364476566e+05 1.429134502403320512e+05 3.288730593895695638e+05 7.342321480639842339e+05 1.574596253353702486e+05 3.496056071998723783e+05 1.483613705022895592e+05 3.473273032254286809e+05 7.585911110990345478e+05 7.045097443003774388e+05 1.037174947125807754e+06 3.837061875641142251e+05 4.050076964040191378e+05 3.200488215045713587e+05 1.462983314666607475e+05 1.438678743821358948e+05 4.108086610784857185e+05 1.567335823050485924e+05 1.732744803593245742e+05 9.501917208518877160e+05 6.653694696332763415e+05 7.976048683945147786e+05 4.356012930611812044e+05
9.670713998250933364e+05 1.699059461613516905e+05 6.289582400234363740e+05 4.217140473123895354e+05 9.982219152315639658e+05 6.248354478792711161e+05 6.445787664205800975e+05 2.508956047046463646e+05 9.122777762041946407e+05 7.141145642625757027e+05 3.070744026305938023e+05 5.353791484328665538e+05 4.139171113935328322e+05 2.538190518172565789e+05 8.689402528550154530e+05 1.777862051141299307e+05 1.722831950912562606e+05 9.648975479464887176e+05 1.712799042571635509e+05 7.196586391955357976e+05 2.169074985040610773e+05 1.756341247971536359e+05 1.703379078954797587e+05 8.895155167361181229e+05 4.351663391141143511e+05 7.035132456060844706e+05 2.266775326776040019e+05 8.364045815006307093e+05 5.346574927577128401e+05 2.342245912803691172e+05 1.426113285191863251e+05 1.607007426621271588e+05 7.537036341562274611e+05 1.306946293833722884e+05 3.805013622924493975e+05 1.931937887499849312e+05 9.903407567791906185e+05 1.193814761187350843e+06 6.110290836654999293e+05 1.381803109066228499e+05 1.375410328729590692e+05 1.341481387573801330e+05 9.564621508864576463e+05 1.797656182231164130e+05 1.031125169849056052e+06 5.492491017608707771e+05 7.727838195674680173e+05 3.575237002070485614e+05 5.400284599114528392e+05 5.412970480546959443e+05 3.439447808908952866e+05 1.519539718851150537e+05 3.755288918164728093e+05 1.556321909436863207e+05 3.250096902714846074e+05 3.950674915927911061e+05 6.959322630185899325e+05 2.092465889525448147e+05 7.522073074012129800e+05 1.999874705490181514e+05 6.481707436608293792e+05 3.027206410189685994e+05 1.594522372241297271e+05 4.565092983639321756e+05 6.242293687235203106e+05 3.136186843990348862e+05 3.374121742600559373e+05 7.987138596095989924e+05 8.551194599334534723e+05 5.174668439244872425e+05 3.849471665769282263e+05 1.489279909972308669e+05 1.665510696715166268e+05 3.966779630107102566e+05 5.326266796718635596e+05 3.289474792132130242e+05 3.995153518763444736e+05 4.953994754293266451e+05 6.952622276059141150e+05 1.064758083852384705e+06 1.677355087097815122e+05 1.452793177467884088e+05 6.004036437341524288e+05 1.922120859061746160e+05 1.649019564852774492e+05 5.087351994263804518e+05 3.918785635996845667e+05 2.422577835214488150e+05 3.500606805664541316e+05 8.360531525159659795e+05 7.562538807225445053e+05 1.572367513642662379e+05 1.587816327402815223e+05 1.716446972358126950e+05 6.186360966698485427e+05 8.358673048853377113e+05 1.604886994004335138e+05 3.010926568946469342e+05 2.160300825418784516e+05 1.471509744757089647e+05
1.306859556372766820e+05 8.266813213060329435e+05 5.789515696763086598e+05 2.683672094828309491e+05 6.131421734285989078e+05 2.327448410178928461e+05 6.073496897503146902e+05 1.117923649920423515e+06 3.463295929602525430e+05 1.053767079942735145e+06 2.384675308704512427e+05 2.703310373845472350e+05 5.102447066040333593e+05 4.498502110757410992e+05 2.222770705155720061e+05 3.823236383293124381e+05 2.476620688744767103e+05 4.269927882219300373e+05 1.807796479809465236e+05 4.562648180454111425e+05 3.055513111733414698e+05 3.994124784940804821e+05 1.950671159781535098e+05 1.799760460569658026e+05 8.745954251665376360e+05 6.507602744951773202e+05 1.826051732306327031e+05 4.109743525753298891e+05 6.948291460865758127e+05 8.328244262550598942e+05 4.593248422393996734e+05 1.954414546667914547e+05 1.813148502400304424e+05 1.653656209908491001e+05 4.642264908901131712e+05 2.689228615898524295e+05 6.097944929355245549e+05 9.328789603593437932e+05 2.851968101928645046e+05 1.538297222550500301e+05 5.189485216860958608e+05 1.634548452081090363e+05 1.615846754070906027e+05 1.143627383207281353e+06 9.824728888922631741e+05 1.595785159530008677e+05 8.660628821502358187e+05 9.776288816441743402e+05 1.477782928361848462e+05 6.684945147979962640e+05 1.865100845443035068e+05 1.588868558357734873e+05 6.730050830533221597e+05 5.310940792188915657e+05 1.491639627838676097e+05 3.433138828891736339e+05 1.157640044899618253e+06 1.430999880992209772e+06 2.576757572954839270e+05 5.030752542598638684e+05 1.514080307022937341e+05 2.456494477090099535e+05 3.252918027159230551e+05 8.266275716159421718e+05 4.253223256881582201e+05 1.581100002568960481e+05 2.177846207520901808e+05 1.385079582234213303e+05 1.470323323148288473e+05 2.217881282356645970e+05 2.669053941408528481e+05 1.391288148725201900e+05 2.981343679405775620e+05 4.104234916804374079e+05 1.380115262325996300e+05 2.137350552178197831e+05 1.984867197245665011e+05 3.783257481289237621e+05 2.298373278981101175e+05 2.324902642753452237e+05 3.022683946511143004e+05 2.641354126734472811e+05 5.431309258006223245e+05 6.114756026073609246e+05 2.906771491545147728e+05 2.721228222208499210e+05 1.245338924065679748e+05 4.065793241251376458e+05 1.267928020683132490e+05 1.300203351154707052e+05 1.404838008697293117e+05 1.331596804880392738e+05 1.366215790725565166e+05 1.493346657784558774e+05 4.145054208429967402e+05 4.050053834050602745e+05 1.450759757668922539e+05 2.952749321562961559e+05 2.893444578972699237e+05 4.551614808277819538e+05
2.427528020129067590e+05 4.852996369756704662e+05 8.425795544353126315e+05 8.190869012960157124e+05 8.102092441493493970e+05 1.332648852263966692e+05 4.708010252163649420e+05 6.646579470964183565e+05 3.356796278970876592e+05 9.071740522158719832e+05 2.077802210411874694e+05 3.999406499706149334e+05 3.545456589761562063e+05 5.150757904293680913e+05 5.612745669191534398e+05 1.176155197708059801e+06 3.769351951834390638e+05 6.297285788195329951e+05 5.609975577581321122e+05 1.802485760771462228e+05 4.575758111695661210e+05 4.704996010663337656e+05 2.536078896980234422e+05 2.170988716322020337e+05 2.680181118542595650e+05 4.338953645433740458e+05 1.175398663477177732e+06 7.178798328533909516e+05 1.811480940293798340e+05 8.412863310174444923e+05 1.713077153160732414e+05 1.926055527290593600e+05 3.837290238395489869e+05 3.476428623690971290e+05 7.900282915193227818e+05 7.087766032368353335e+05 4.689344717708614771e+05 3.070220113684629323e+05 3.087596243005791330e+05 5.336065835164836608e+05 7.996649794671759009e+05 1.972347998595345998e+05 1.806646772469852003e+05 1.836074177080535446e+05 8.173822577776301187e+05 4.879116736570304492e+05 4.140731103233114118e+05 1.658212450714686420e+05 5.295495466284335125e+05 2.154439943057003547e+05 4.388880278674038709e+05 2.134720341933589661e+05 2.445147014340906462e+05 2.495182688960692321e+05 2.357268841041266569e+05 4.196299618219488766e+05 4.947917074171931599e+05 2.438607468713190465e+05 9.167680781829289626e+05 2.397727414972090919e+05 2.505614864979035628e+05 2.042597631973158277e+05 5.912598448501443490e+05 5.359007847694855882e+05 7.414624359521977603e+05 1.917867694547695282e+05 3.778109039321044111e+05 1.560250336239948811e+05 2.891695144045904162e+05 3.026558586909868754e+05 4.368475956430273945e+05 1.275095747456650133e+05 2.944691090190295945e+05 2.127745548644653463e+05 2.662063177412495716e+05 2.853060351436979836e+05 1.481247562159420340e+05 1.360839720288407989e+05 1.461601297788709053e+05 1.962360248805519950e+05 4.130290666504203691e+05 1.693805282550062984e+05 1.390251245977667859e+05 1.263364620594445296e+05 1.352434539071918407e+05 1.425775146772644366e+05 1.373647676665888284e+05 4.070290739226871519e+05 1.890395324771257583e+05 1.696050360110891634e+05 3.557068578820253024e+05 1.495425786848659045e+05 1.317736801119338197e+05 1.329181556681878865e+05 2.094320327262119681e+05 1.515106470846734010e+05 4.302887750239879824e+05 3.026299200598057359e+05 1.445146054124447983e+05 3.314842883570074337e+05
6.810330251539080637e+05 6.700922463645072421e+05 4.303085640150801628e+05 8.544369416692538653e+05 2.046321193154176290e+05 5.460881500408853171e+05 1.063263372525214450e+06 3.112616650314527215e+05 9.964620534523199312e+05 6.096911422677611699e+05 4.093954554289121879e+05 3.215589161105312523e+05 5.261857118569166632e+05 4.755977077714707120e+05 1.515439469268266694e+05 5.022575907707842998e+05 5.773209421246055281e+05 9.898803598435765598e+05 4.967565816755813430e+05 6.032471271684718085e+05 5.998773813996156678e+05 2.379029388388825464e+05 1.968437928926854220e+05 1.381022196560605953e+05 4.152888666331933928e+05 1.537642239988191577e+05 7.354834437864399515e+05 2.466337756230671948e+05 6.018842934962237487e+05 3.971431695155877969e+05 2.730806240754190367e+05 2.026033255143736606e+05 1.647024144322421926e+05 2.405846775602954149e+05 6.793466653415778419e+05 6.082146412181080086e+05 1.961762724074489670e+05 1.283654210746998433e+05 5.239211023048800416e+05 1.470166736790202849e+05 2.853947184609209071e+05 1.322586021793651744e+05 3.303537825801792787e+05 2.261165202872811060e+05 5.558637647833446972e+05 1.188469604164849734e+06 3.056512841283396119e+05 1.303025026313128910e+05 3.046777318522889400e+05 3.599458139739005128e+05 8.533174501731820637e+05 2.561603391204917862e+05 3.526531485423370614e+05 3.543769201949695125e+05 9.846821333263647975e+05 1.277875476562525000e+05 1.330226811925653019e+05 1.342112873003830027e+05 2.578775756332087913e+05 4.051617494775307714e+05 2.738013802509776433e+05 1.311389638262166118e+05 1.424341638132210064e+05 3.168248313843904762e+05 3.650884918018313474e+05 1.369623792762914672e+05 4.051268709218024160e+05 2.440400226477626711e+05 5.004573432954338496e+05 3.350396247566074017e+05 1.118639725026660599e+05 3.021365904247304425e+05 1.358822087625197018e+05 1.110845285678108630e+05 2.944611787368850200e+05 2.082942942383538757e+05 4.986709738138363464e+05 3.658569948844686151e+05 6.415981551908446709e+05 1.334638214939903119e+05 7.585980868101802189e+05 3.163181744696000242e+05 3.146363672266491922e+05 1.775795955642760673e+05 1.002290443685869803e+06 3.043209242271881085e+05 3.615679238151521422e+05 2.556067430125448154e+05 4.187808342041753931e+05 1.792927384359786520e+05 4.134841033027328667e+05 1.282003261847299873e+05 1.261867412696970277e+05 1.298595633306976961e+05 2.692405868754028925e+05 4.000966856146627688e+05 1.344860568909838621e+05 3.258121173388513271e+05 3.781039572287607589e+05 7.816435601507707033e+05
9.210220871251710923e+05 4.242420450315788621e+05 1.051770190841615433e+06 7.705574662839249941e+05 1.007569515023833024e+06 1.516960321155098500e+06 4.012049058300939505e+05 3.394652361930329935e+05 8.705170572880894179e+05 7.128455722623714246e+05 5.133527530621194164e+05 3.534689763179572765e+05 3.071984601461791317e+05 7.999647147608244559e+05 5.761684812148031779e+05 2.876502045170643833e+05 2.829842798316706321e+05 2.356502430671972979e+05 4.427873035407543648e+05 3.290857084367047646e+05 2.437602782736868539e+05 2.232272541592846683e+05 3.985072881872573635e+05 3.694673659735809779e+05 5.189813442427496775e+05 5.449807742536454462e+05 2.565161921745937143e+05 1.933297416887870349e+05 2.171817173806241190e+05 8.373761144918760983e+05 7.726642779069928220e+05 2.120690351106196176e+05 2.503357120995337027e+05 1.995982075099553913e+05 4.997559538968717097e+05 2.022992212226918200e+05 8.427133412322326330e+05 6.784365920369528467e+05 8.958291961797911208e+05 1.743972761396232818e+05 1.738713075192400720e+05 1.672598753524546628e+05 1.830817978732276242e+05 1.626930608367331442e+05 1.590369621253474616e+05 3.965427443572919001e+05 1.675938650592553313e+05 7.514854314404440811e+05 9.787482997117078630e+05 1.840879707774515555e+05 4.985734607148737996e+05 1.689374053830451739e+05 1.647709416156810767e+05 6.660566873239319539e+05 8.156387705624438822e+05 4.776997465395441977e+05 2.140156623772214807e+05 1.496453419243223325e+05 1.669094743673271150e+05 1.599763334167843568e+05 9.788050599718720187e+05 1.296327609327905811e+05 1.320296887109797681e+05 3.313511991312019527e+05 1.427188370779352554e+05 1.337917992392114538e+05 7.172365254286838463e+05 1.427290711804713355e+05 1.752556924675012415e+05 1.099027696711966768e+06 6.800104593284918228e+05 1.428719355804480438e+05 4.020435698811489274e+05 7.435392153030701447e+05 1.503247027613718237e+05 1.528173079250641749e+05 6.198843818222308764e+05 1.018089474859804148e+06 6.842003651567322668e+05 5.824995632220711559e+05 1.395007487765263359e+05 1.381040094766834809e+05 4.035056055087420973e+05 1.241444182604574016e+05 3.698262112406217493e+05 2.048168471608356340e+05 9.102739848204675363e+05 6.890995172371409135e+05 2.245096468677423545e+05 5.452447865633742185e+05 3.680121959143258864e+05 1.475505358672788716e+05 1.564921859851393674e+05 4.159071716405837215e+05 5.013949155876805307e+05 1.458879669013823732e+05 1.358742693018078571e+05 1.213057994668054016e+05 1.046204968489603023e+06 6.979176972677231533e+05
4.173316118565287325e+05 1.264857532922425540e+06 6.107998397686918033e+05 7.276955395778034581e+05 6.860266063346675364e+05 7.759776672726457473e+05 1.759651773624192574e+05 2.386339566526791314e+05 1.018422546709875111e+06 2.120551020454628742e+05 4.375808530272444477e+05 5.748577450905324658e+05 2.517452096079192997e+05 3.816717764798845747e+05 6.078130605417328188e+05 4.076905181963730138e+05 8.863348127393096220e+05 1.171584711765419459e+06 4.771522266431478201e+05 2.888628401140654460e+05 3.043123330881982110e+05 4.199176915495729772e+05 2.983145248594816658e+05 5.512115895917618182e+05 1.445088871650187939e+05 7.071557416807360714e+05 4.251369186287602060e+05 4.022881970567466924e+05 3.135509465723835747e+05 7.293225691311262781e+05 4.290552490078191622e+05 3.183635264060476329e+05 4.561431836715922691e+05 1.420451394169079722e+05 3.529034297153897351e+05 2.849865659303610446e+05 1.137415549146335106e+06 7.898887038678710815e+05 4.107132406928668497e+05 5.989924573693841230e+05 3.035223338009515428e+05 2.150989903181433911e+05 2.960829214354447904e+05 3.453821812438635388e+05 2.548450871411110566e+05 3.220650223112839158e+05 3.166449681796398945e+05 3.942989517958846991e+05 2.608273285196920042e+05 3.007336096991256345e+05 5.764709700786407338e+05 3.735439715671081212e+05 4.218007297019417165e+05 1.002052828935686848e+06 5.246169111345255515e+05 3.666226709683784284e+05 3.777787789465651731e+05 3.191226306357728317e+05 4.264042584868510021e+05 6.157627278204103932e+05 1.260681358230861224e+05 1.003615296446643042e+05 2.834802528941274504e+05 3.888739045236310922e+05 2.346200590309246036e+05 3.881147268653675565e+05 3.652468037305687903e+05 3.415063659885239904e+05 1.162694424910152564e+06 1.500697221618631447e+05 5.522566612641901011e+05 2.405030984541603248e+05 3.119547937194476253e+05 8.183475493431134382e+05 3.184861520651346073e+05 4.887446102820921806e+05 3.175367577782095177e+05 4.124077143586874590e+05 3.450458051095657283e+05 4.338782189796633902e+05 4.286253983441693708e+05 2.123546537677654705e+05 1.958108369290890405e+05 2.576614020162315283e+05 4.799112672583354288e+05 3.970787726874325308e+05 1.668218006925068621e+05 4.856841822311425931e+05 2.351783362081930100e+05 2.783533438448127708e+05 5.014524468474976602e+05 1.655492657653260394e+05 2.691353087085071020e+05 3.331604048882341594e+05 2.061726867648033658e+05 3.633253991668989183e+05 1.926968244022600120e+05 1.693444381283947732e+05 1.787591148904697911e+05 1.788845124768804526e+05
