1.467229136326820881e+05 1.109307838941603899e+06 1.116434152019477915e+06 8.289349165773133282e+05 7.946624400047345553e+05 3.111377910872133798e+05 1.114326312396872789e+06 4.045645184606541879e+05 1.596175248640128120e+05 3.608103615847328329e+05 2.915388330523504410e+05 3.982702975796506507e+05 1.752168487707006570e+05 4.194771937478588079e+05 8.612062451935464051e+05 6.138108136990455678e+05 7.226217744331379654e+05 1.414096980243742873e+05 3.629238919190620654e+05 1.115583996402167017e+06 6.944878502402068116e+05 3.971455192288157996e+05 8.901791638659553137e+05 7.772949018225625623e+05 4.050294679656474036e+05 4.017590342949441401e+05 9.142964735812119907e+05 1.040044460976981209e+06 8.998812032129624858e+05 3.933808013520382810e+05 7.792091838180100312e+05 2.937912351098821964e+05 1.686610937931384251e+05 3.947171273219327559e+05 1.133243119310227921e+06 1.169379212186775170e+06 1.041230478728821152e+06 4.845597343087304034e+05 7.331258737048200564e+05 5.872306740924076876e+05 5.208644558236568118e+05 7.575309498619700316e+05 3.804859422993905609e+05 4.099427550396934384e+05 6.414371998347257031e+05 1.038328876606377657e+06 5.749582320452992572e+05 3.507571502529450809e+05 7.743206788756657625e+05 4.624626272555277683e+05 1.604600255561979138e+05 7.617759270939920098e+05 1.118085559847541153e+06 1.778076829616047617e+05 7.399370314959866228e+05 6.498308160564211430e+05 1.139619433297135169e+06 8.880326274036263349e+05 5.460624133381847059e+05 9.639515680865980685e+05 4.477987645706083276e+05 6.852078047032430768e+05 6.599113060902154539e+05 4.690683687105890713e+05 5.707888862078039674e+05 8.566665258084854577e+05 8.016538648576128762e+05 1.690934226699583523e+05 4.208722625484535820e+05 6.979164489825707860e+05 8.904833048719062936e+05 3.400973090513686766e+05 2.074446159065425745e+05 5.992500079677359900e+05 1.017622469355736393e+06 1.386724234636746114e+06 3.592699042781546596e+05 2.223687644028683135e+05 1.851605230803668674e+05 1.372584064287520305e+05 2.883601666974818218e+05 8.972491572548951954e+05 7.344861373782248702e+05 1.589344999428984011e+06 5.294794223742849426e+05 3.283860813230636995e+05 9.261084085498988861e+05 3.429002966467739898e+05 9.835882683901860146e+05 2.972800636108486215e+05 1.807975278300409555e+05 3.722359890130265849e+05 4.751848191001857049e+05 1.650287308567826112e+05 4.835644838995898608e+05 2.783410629217694513e+05 4.511998276110815350e+05 7.282837755987290293e+05 1.913935412746344809e+05 3.867495434798915521e+05
5.694150749690688681e+05 4.255684948630618164e+05 8.463737538702478632e+05 5.327585573267857544e+05 6.512496022749112453e+05 1.089227850551843410e+06 6.969284679987293202e+05 8.734590451066393871e+05 4.159411323395823711e+05 3.436473218819364556e+05 1.053497083207128802e+06 5.279382674965922488e+05 6.090758845447134227e+05 6.699333470074627548e+05 6.387703487494684523e+05 6.249176144137132214e+05 8.136586965966119897e+05 2.946897434197131661e+05 1.359209882093492197e+05 7.928623393864608370e+05 8.016891839845713694e+05 9.465702987677498022e+05 1.324374190274439461e+05 9.558777331495275721e+05 3.141833865734111168e+05 6.212222497914312407e+05 9.814828519093472278e+05 2.732728232746166759e+05 1.611687578085975838e+05 5.810426308778950479e+05 6.272615267871952383e+05 3.060250537458051112e+05 3.457065150978678139e+05 1.031389586015745881e+06 6.457655918863421539e+05 8.300680657815230079e+05 3.736499289479838917e+05 3.116361138628982590e+05 7.084540316677520750e+05 6.612520377724124119e+05 1.315658865268986556e+05 3.978146000704927719e+05 4.917877459122543223e+05 5.422618623346799286e+05 9.775728556693939026e+05 6.915857341179946670e+05 4.712809908574559377e+05 3.622385099418658065e+05 9.248945613820146536e+05 8.405720916246667039e+05 5.881308345443521393e+05 6.008726685230254661e+05 2.477710551825604634e+05 5.718751512902608374e+05 9.578279217002405785e+05 6.296326811484147329e+05 8.985041978328081314e+05 9.620014529644233407e+05 8.477917323748157360e+05 7.893225698369964957e+05 5.388786057147628162e+05 6.819476510279123904e+05 6.315118643025186611e+05 5.953422512982031330e+05 2.557759590792309900e+05 5.119718926837002509e+05 2.299016512977269886e+05 3.533611465093529550e+05 1.148032214367346605e+06 1.290116564623747108e+05 6.365796083070373861e+05 7.619236653132034699e+05 1.082797640017768601e+06 3.040334514994483325e+05 5.606894148968396476e+05 1.426723990345531842e+06 4.766155007418926107e+05 6.884149429738668259e+05 8.512121071208816720e+05 9.313125093501807423e+05 5.323229058086043224e+05 8.379462136638229713e+05 7.740633118486598833e+05 8.637147109215279343e+05 1.056488708717620466e+06 6.248898584262072109e+05 7.478004936706115259e+05 1.184884896349899704e+06 7.948904356163903140e+05 7.906337098182281479e+05 8.466820803028863156e+05 7.845937719656187110e+05 4.247772289335281821e+05 9.067897272460148670e+05 1.935132028919180448e+05 3.718599247537368210e+05 7.456401526430678787e+05 1.266189379751479020e+06 7.691973494675968541e+05 4.088856043727023643e+05
4.210446360422899015e+05 3.976725525630054763e+05 3.747885485783024924e+05 8.935556283460726263e+05 3.007365101263914839e+05 2.903258303126575192e+05 6.489477644539182074e+05 1.010476844572269823e+06 9.131962203621944645e+05 1.743461698769139766e+05 7.116560299406894483e+05 6.858793086866864469e+05 1.010292392083870713e+06 7.009218056297388393e+05 7.601611601065780269e+05 1.096288665373486467e+06 8.903484900754489936e+05 6.072438425122464541e+05 8.322262039529152680e+05 6.685282919256489258e+05 3.843390314221028821e+05 4.652010344514318858e+05 2.402785356266736635e+05 9.199630273161822697e+05 4.643318608426818973e+05 6.284675905300116865e+05 3.460763746456648805e+05 9.824021772098076763e+05 2.805669756340822787e+05 4.272702012399124214e+05 8.894630887597181136e+05 5.624601440997631289e+05 7.080475312793056946e+05 6.102443528758817120e+05 9.867215375512039755e+05 4.609975443435920170e+05 1.000273288308158284e+06 1.015411609493790544e+06 8.261115158482396509e+05 9.935857841756159905e+04 1.388802555986924330e+06 1.389884653999828442e+05 3.283094953575381078e+05 1.057995462325084256e+06 1.121716454213129589e+06 9.028480098774834769e+05 6.225694431850052206e+05 5.060814186209540349e+05 1.531579429145877948e+05 4.015037966955511365e+05 2.108237605283106968e+05 6.038216320527211064e+05 7.889571160015020287e+05 3.346821012032573926e+05 4.120258859591351938e+05 1.027464610353964032e+06 1.272585739729362773e+06 4.907822522220103419e+05 9.996137531764701707e+05 4.047171396776675247e+05 9.553569045268306509e+05 3.683813578910083743e+05 5.680437235863693058e+05 4.081930998272837023e+05 7.169936972522763535e+05 7.046027048299607122e+05 8.582193191095107468e+05 3.133407206670147134e+05 3.838696762048071250e+05 4.713786508134952746e+05 2.048764711339964706e+05 4.565996154661339242e+05 8.755430204542725114e+05 3.053417277676833910e+05 1.050215855541284196e+06 4.028010586830298416e+05 4.439746062920158729e+05 7.053822956218926702e+05 5.556293808888503117e+05 5.261920267112170113e+05 6.074816775480444776e+05 4.285677202272754512e+05 2.620203219826776185e+05 5.462544289660364157e+05 1.512761530473714520e+05 1.000859174615855911e+06 8.685338258951074677e+05 4.338996968271381920e+05 6.298918104603416286e+05 5.550625860011304030e+05 5.200072143523928244e+05 3.989925039688422112e+05 3.722449472947083996e+05 1.579368704491144512e+06 7.716041166699283058e+05 2.921597447728530969e+05 3.349454893704100978e+05 2.086050805270278652e+05 1.368650681058094371e+06 1.227864822717190487e+06
3.110070882889051572e+05 9.385841375054996461e+05 7.796006313560894923e+05 7.401359494064456085e+05 3.300657591384016559e+05 7.663215207621230511e+05 7.692636554377498105e+05 9.434689710209252080e+05 2.506264156829620479e+05 4.310089988426433993e+05 1.106873242323228158e+06 4.536074025273351581e+05 1.752703781751763308e+05 6.663346143416829873e+05 6.830839576592721278e+05 1.040394861962108756e+06 7.626348941359078744e+05 1.030273105089747463e+06 8.643978166140345857e+05 1.823220878580608114e+05 4.290118160273701069e+05 5.824703386637977092e+05 4.211570184202734963e+05 1.703277931143185415e+05 3.815075535538078984e+05 8.092941777041146997e+05 9.756789868076147977e+05 2.249170467557838419e+05 4.692103060752687743e+05 7.870219803011558251e+05 1.091079498004056746e+06 1.023487206715782057e+06 4.738498148439819925e+05 6.543410171690551797e+05 2.043622694368879311e+05 8.975481582631599158e+05 7.075043069524043240e+05 4.164679086738877231e+05 9.385986029275596375e+05 1.099049431559325894e+06 4.348289349802792422e+05 7.135338913811027305e+05 2.330872382923374826e+05 2.502387313574743457e+05 4.277357014589434839e+05 5.223616270068626036e+05 7.688964393173343269e+05 3.413150112175176037e+05 7.704254417719258927e+05 8.950710465210648254e+05 2.628791238103820360e+05 1.292223027461257763e+06 4.273930104703453253e+05 8.742504578932498116e+05 3.491778859638355207e+05 7.751245745137999766e+05 7.218487922096598195e+05 3.537243240601578727e+05 6.954430820959327975e+05 1.296371886736546177e+06 9.187333930125473998e+05 4.267647191817359417e+05 3.400552344988795812e+05 4.093088097536291461e+05 9.120941314297176432e+05 9.248237028424823657e+05 3.652276388820527936e+05 4.959998271590841468e+05 5.029263778983076918e+05 1.383890223483877198e+05 1.260971033814752300e+05 5.184669773314297781e+05 8.355953990077335620e+05 1.608051213294278423e+05 3.554729879872995662e+05 7.301059047785153380e+05 3.661308833326089662e+05 1.247665782661124249e+05 5.179248544326039846e+05 7.153214357193142641e+05 4.369380228880367358e+05 2.777764158187970170e+05 3.200197070891055046e+05 7.346845412889153231e+05 5.667352637467882596e+05 6.910262820841122884e+05 1.161488434595874511e+06 9.698174803032577038e+05 9.277645892329566414e+05 8.581898742656221148e+05 5.967130519668648485e+05 2.390589059613923600e+05 9.724280851281193318e+05 6.275318906654936727e+05 6.809040112119823461e+05 1.138456251820730045e+06 1.085091547556617064e+06 7.750656848260228289e+05 4.121929725982085220e+05 9.334155761177914683e+05
1.625827528149586578e+05 3.681525545654305024e+05 9.952385871459085029e+05 3.812639910920166294e+05 2.589537626487736998e+05 2.308499992279802682e+05 9.808486496233986691e+05 4.071859539949262398e+05 7.824104478055636864e+05 7.796374924823539332e+05 1.391837761334941897e+05 4.946333587741865776e+05 5.182771645597292809e+05 5.098768296267724945e+05 2.106476788932864147e+05 1.967435629378029553e+05 4.128499744453226449e+05 4.203657524907398620e+05 9.726203944701246219e+05 1.043680495340255788e+06 5.085467083683707169e+05 6.640235979533930076e+05 5.052806069814315997e+05 3.204754045982633834e+05 4.384553869192958227e+05 7.346338755974362139e+05 1.125844239497904433e+06 4.846505286964316620e+05 4.070889548957323423e+05 3.966474167387461057e+05 8.181625828549457947e+05 6.283482691551516764e+05 1.048069025364801753e+06 9.082881834286423400e+05 1.115177789727874100e+06 1.282636197490961524e+06 9.706854056268553250e+05 1.095001242810150143e+06 2.017773646004576294e+05 1.076914986094359541e+06 4.155985514937918051e+05 8.029832885449000169e+05 3.820246740353169153e+05 5.432358551819608547e+05 7.140684511404759251e+05 6.022581548993622418e+05 7.801902625192442210e+05 7.179524536778442562e+05 2.438456022352791042e+05 5.761154658100961242e+05 1.008955992685437901e+06 7.590306543297498720e+05 1.454774463004599093e+05 3.929663339671781869e+05 1.126760554228291381e+06 8.224765094845023705e+05 1.273593326132950373e+06 1.905885258512900618e+05 1.157590113493522862e+06 3.274096286197471782e+05 8.619616779963528970e+05 7.882274566156653455e+05 2.376493350244683970e+05 8.780791687412215397e+05 5.570089195535787148e+05 5.356319628904931014e+05 3.830946012679853011e+05 8.656168037796050776e+05 5.550573358606365509e+05 4.247611847978931619e+05 8.121562752729123458e+05 2.058522629804675817e+05 6.975478377199261449e+05 6.544853042469630018e+05 2.515451351979808242e+05 4.125085317418769118e+05 7.303363235319374362e+05 4.024281518508902518e+05 3.004031996335707954e+05 4.621918962345375330e+05 3.885548208101206692e+05 5.270216957663209178e+05 5.705312254666446242e+05 3.863613635117697995e+05 1.102597645390703576e+06 2.249421776730428392e+05 1.418064048815148708e+05 8.450444036114990013e+05 6.531448662789195077e+05 7.084859730819454417e+05 5.048800910188627895e+05 7.076277403254134115e+05 4.473078947915685712e+05 8.769487363929317798e+05 1.847012826442323276e+05 6.584605050289935898e+05 1.036153189014313626e+06 1.176599073222539388e+06 7.902952776848558569e+05 1.366141444330459926e+05
4.836046860243504052e+05 4.089455587742858916e+05 2.603902451450122462e+05 5.130348809194921632e+05 5.989232142576961778e+05 1.667589642207920842e+05 6.840730400711891707e+05 3.325732335811150260e+05 1.021829851176110213e+06 4.696225706039776560e+05 1.049019998365301872e+06 2.520018974209451990e+05 1.203514671106745256e+06 1.419540329579186509e+05 9.569052921155533986e+05 4.066487875224407762e+05 4.686483941853508004e+05 4.374610543668849277e+05 6.562984751450674376e+05 4.783041368389123818e+05 3.874631220158239594e+05 6.090539661260084249e+05 4.385831892903382541e+05 8.499871722437028075e+05 5.099900564329474000e+05 1.136494534989492036e+06 6.942926771852049278e+05 2.523319036295389815e+05 5.774221633647560375e+05 2.047469248351676215e+05 5.322044655762048205e+05 6.841342794721943792e+05 6.217210498526155716e+05 9.846673007616129471e+05 8.096055881353649311e+05 2.519988501366026176e+05 9.723978325703087030e+05 2.759999408327455749e+05 6.759351754486553837e+05 2.044586627506402729e+05 4.493513008717492339e+05 4.549004423738573096e+05 3.173204005898862961e+05 5.344526638499145629e+05 8.768615767178802053e+05 7.058354965607458726e+05 9.804620483688520035e+05 1.566261563534053275e+05 1.054717098372236593e+06 1.123950297207586933e+06 4.236923957075695507e+05 6.890495858310456388e+05 4.226400913241112721e+05 7.030256801112716785e+05 7.273154000346338144e+05 8.673734347031605430e+05 7.763993673685358372e+05 1.055244829277540790e+06 4.130808337699750555e+05 2.514690081608201144e+05 6.751273146694488823e+05 4.300156208612314076e+05 1.528224295656158647e+05 4.680565234517756617e+05 1.753966752611820702e+05 4.193934117855724180e+05 3.629773478949993732e+05 1.441836721685540106e+05 2.082760472465675557e+05 1.655399954123561329e+05 2.884509243709138827e+05 3.844566272263111314e+05 9.795834759071900044e+05 5.654787913123770850e+05 1.724374868075176200e+05 4.984222346400896204e+05 8.759947528223581612e+05 9.880195338240663987e+05 4.030270350098802592e+05 6.137607354358735029e+05 6.046239489772802917e+05 5.582843732651600149e+05 5.415565445093148155e+05 4.680089784731775289e+05 4.150733171587923425e+05 4.320111515343912761e+05 8.437846636071301764e+05 3.751924789679057430e+05 5.152660804865680402e+05 5.791218504568013595e+05 1.755869286041128216e+05 5.527560487536813598e+05 8.657196771618690109e+05 5.095033720805950579e+05 6.348268690960159292e+05 1.370209018213766976e+05 5.624761148068598704e+05 1.106314524574729381e+06 1.576083364827150945e+05 6.147590331293566851e+05
1.474946200353059685e+05 9.072162736254377523e+05 3.140279750719395233e+05 5.354527972568570403e+05 6.753233688669112744e+05 7.458456056934423978e+05 1.042802216592747252e+06 4.984135700725613278e+05 2.452133189053290698e+05 8.714551802943738876e+05 4.999095296848839498e+05 1.352705673949869524e+05 5.027843303908204543e+05 5.233993558254534146e+05 2.597630185702093004e+05 1.293601721697794739e+06 2.056312247228229244e+05 1.569880856190578488e+05 2.557148848924372287e+05 4.417158343087800895e+05 3.890073241778592928e+05 1.952539732511843904e+05 4.219950216144830920e+05 4.507110138311162591e+05 2.000384115975160967e+05 8.149222548849764280e+05 5.461352911625222769e+05 5.140285159007884795e+05 4.582718402848268161e+05 1.317375257353512279e+05 7.729161377936205827e+05 2.601396702578060795e+05 7.035193401747696334e+05 3.468793524270693888e+05 7.204250128505601315e+05 7.537825698349811137e+05 4.396744842276739073e+05 4.714407346426916774e+05 3.171323868173760129e+05 9.679312480094695929e+05 7.008455133783667115e+05 4.473063160779934842e+05 8.615285230484761996e+05 2.711309311673399643e+05 8.443120273697425146e+05 2.007670246266809118e+05 6.954301586731787538e+05 5.099996021429362008e+05 5.407725112908111187e+05 5.503586804042619187e+05 5.464284546019862173e+05 5.549599696187507361e+05 5.140078457672358491e+05 9.638307781409705058e+05 1.351859685402111791e+05 6.363812778248854447e+05 8.596587387472842820e+05 3.207275581990446663e+05 2.065917801475811284e+05 7.056747614902420901e+05 9.244915855634101899e+05 2.019024684727147687e+05 1.584272482569470885e+05 8.622962184171912959e+05 9.840678301743159536e+05 1.994606758575782005e+05 1.063824586844017962e+06 1.191258493480887031e+06 8.720821865835617064e+05 2.156450232866377046e+05 7.971530625978908502e+05 4.249359080049574841e+05 1.336677050093569851e+05 1.490216913193382788e+06 8.797785988333824789e+05 5.449658315460860031e+05 3.312705378817965393e+05 8.579239895281647332e+05 4.143325700636609690e+05 8.540181787148987642e+05 4.335863772538902122e+05 7.326828793328010943e+05 8.460758542900587199e+05 1.253541607730464544e+06 1.491079845376370940e+06 5.978163891844941536e+05 8.859597397652878426e+05 9.641426291434508748e+05 1.046919281310919207e+06 1.886431468698405661e+05 6.224454958122274838e+05 4.778970857364281546e+05 1.071783799832684454e+06 8.044194773269849829e+05 2.352643393837652111e+05 1.745970384782736364e+05 4.042753935908009298e+05 6.099500512940729968e+05 8.965141375857571838e+05 8.138443239416250726e+05
4.092917376184568857e+05 2.598074795501956251e+05 6.486840825726120966e+05 8.850077387652504258e+05 7.163727121032353025e+05 1.852496469688200450e+05 9.195428692195981275e+05 1.565646232382467133e+05 5.288565280832462013e+05 1.628177792091637966e+05 5.343702403155880747e+05 4.747232105936885346e+05 1.522381843857510015e+06 7.121604105707902927e+05 1.665050116208206455e+05 6.735429470969222020e+05 3.862624185563089559e+05 1.123310954923951998e+06 5.012331892319086473e+05 1.045756687262821011e+06 6.309618111215484096e+05 7.037394055042808177e+05 4.788748234391661827e+05 1.141417037345104152e+06 6.218826660655798623e+05 1.127407239365763729e+06 7.789264105167263187e+05 2.325552301746729063e+05 2.501014567049814796e+05 7.257289030344942585e+05 1.520282448516818113e+05 6.269695014900761889e+05 9.170272074948558584e+05 1.001308336985098431e+06 9.009572250143160345e+05 8.285301050452495692e+05 4.585072888931276393e+05 2.427931693518786633e+05 4.988270094578841818e+05 1.072325482160279993e+06 4.803217695021232357e+05 6.986908263482780894e+05 1.065522548365411349e+06 6.724808767178599956e+05 1.010996278052737587e+06 5.349376226316150278e+05 4.548403778294661897e+05 1.062584452259395272e+06 1.292538604962060635e+05 1.001082544229593943e+06 3.760276184491186868e+05 3.017204892548914650e+05 1.185329212435609428e+06 6.237226383801914053e+05 2.502482954245977453e+05 5.513335911082725506e+05 8.300925909133403329e+05 1.403010280591455521e+05 4.888607008012637380e+05 2.466541887567355589e+05 3.577696490963370888e+05 5.445793037200777326e+05 6.671445311199639691e+05 9.329567946100217523e+05 2.745942799654901610e+05 6.589783965101555223e+05 4.407477157445691992e+05 2.414848930836436048e+05 2.618197335729705228e+05 7.060055570556233870e+05 1.069324164082722506e+06 8.980547417494120309e+05 2.660473082413975499e+05 8.893558096651515225e+05 9.217296445209567901e+05 6.934352521425950108e+05 1.158786190955120372e+06 2.594801718403871637e+05 5.064301674639681587e+05 5.136619606372183771e+05 4.001208436037882930e+05 6.493991296793119982e+05 9.478463399076381465e+05 7.598900619428958744e+05 2.985478991115734098e+05 7.786566340667349286e+05 8.597828329771386925e+05 9.943957743824353674e+05 3.342153526990740211e+05 2.097556690091016935e+05 5.506724772630094085e+05 5.954652073857127689e+05 8.694801728976899758e+05 6.368414544748842018e+05 5.327099843486504396e+05 4.742777930799031747e+05 6.511271234729010612e+05 1.339825206890743575e+05 9.611196496470727725e+05 9.316379446322607109e+05
2.418692914820389997e+05 1.309288939564917964e+05 7.276252684665780980e+05 1.101893979707451770e+06 1.803835560878148535e+05 5.326237425303284544e+05 6.921814598498345586e+05 6.567957332069458207e+05 3.601830615813915501e+05 4.472225341157071525e+05 2.095134833324049250e+05 1.151601355332161300e+06 3.874001937584362458e+05 2.313981983383566549e+05 9.377390484573368449e+05 7.141206588312608656e+05 1.174573914134145016e+06 1.923796131164781400e+05 2.878150882999864407e+05 3.211830354225874180e+05 4.482289456626807805e+05 2.906659696595470887e+05 4.556053196279922267e+05 8.288578166120190872e+05 7.998589042370254174e+05 5.836163745764922351e+05 4.718858951565927127e+05 5.053968076434106915e+05 3.281116421608855017e+05 1.762624344428975892e+05 9.999667975889792433e+05 1.113057320396668511e+06 3.651676110519308713e+05 1.887986501569851534e+05 1.690092184935763362e+05 2.076497568856289145e+05 1.012497451091284864e+06 3.652130266029161285e+05 9.114398831527925795e+05 1.801119989957679354e+05 4.312821897196692298e+05 1.549047527711355360e+05 4.202683128203156521e+05 3.336340556750249234e+05 6.855301559867112665e+05 2.721012893019713229e+05 7.220757598217782797e+05 6.471293067010507220e+05 6.687261818365707295e+05 3.209918642229270190e+05 1.764314852953724330e+05 2.818054213623222895e+05 7.517701873122639954e+05 4.080141911935319658e+05 3.821758633958318969e+05 3.001481272483891807e+05 1.038265360920682899e+06 5.518590457288870821e+05 7.692259131690248614e+05 7.054362655975986272e+05 9.059922933192577912e+05 6.540142601732845651e+05 4.170803761124771554e+05 7.695041339009293588e+05 8.057491212998873089e+05 9.195209875151622109e+05 8.000140587386126863e+05 9.288675593078940874e+05 4.453189726868624566e+05 1.016801832010852639e+06 6.116987886497529689e+05 7.180555473457233747e+05 4.010598477525332710e+05 1.019862553775955690e+06 7.596201386358278105e+05 4.352059538105679094e+05 4.450385490988066886e+05 4.734000283321632887e+05 1.013449084948630421e+06 4.332489364057859057e+05 1.063583447523992974e+06 1.072644235445367638e+06 6.848723097114057746e+05 1.129585496956670890e+06 7.066779421815271489e+05 1.084849306808516616e+06 4.584837917608474963e+05 8.782108261105286656e+05 8.204789595265371026e+05 6.461916976945347851e+05 8.680888489525523037e+05 7.762182191643636907e+05 6.940704089995424729e+05 9.414366893643083749e+05 7.089734651482198387e+05 2.758490268292495166e+05 7.674298511203618255e+05 6.113835966487764381e+05 8.790132531778954435e+05 3.358217488331132918e+05
2.511358261679415882e+05 1.715274318600271363e+05 5.916304386833250755e+05 1.213941596984594828e+06 9.962590969722502632e+05 7.067318387286947109e+05 1.037445751575336326e+06 4.278353439855189063e+05 1.842972604689561122e+05 4.907689249422952416e+05 1.158703877563601593e+06 4.666437583734323271e+05 9.267984165250128135e+05 4.477029036137592047e+05 1.153946222276642220e+06 3.305175282207565033e+05 9.374490791592922760e+05 5.689794234508874360e+05 4.323508686671852483e+05 4.589351569862412871e+05 2.127779876486344147e+05 4.156253896245679935e+05 2.366255392710343585e+05 7.142509210583388340e+05 5.433660806947697420e+05 1.054507019323944347e+06 1.427369831054812821e+05 4.230396160014119814e+05 7.119257329621424433e+05 6.486353260231307941e+05 1.903159224025712756e+05 8.828696465848346706e+05 4.207555478867058409e+05 6.520070176482538227e+05 1.710457039340151241e+05 1.298777368939456210e+05 1.278046473271266790e+06 1.072656424582737964e+06 4.088211708302779007e+05 8.663154028937089024e+05 6.598361152669189032e+05 9.896692527957472485e+05 5.819703270317302085e+05 4.321489401866528206e+05 1.539821268578751478e+06 5.503233245630342280e+05 4.262304898507855251e+05 2.765384473760563997e+05 7.768455191677049734e+05 1.028594381845408469e+06 2.134440212059687474e+05 4.244043221013885341e+05 6.808855806488501839e+05 1.058343146454292117e+06 4.631948199259383837e+05 3.312497208911671187e+05 4.209523730838212068e+05 1.052412763980938820e+06 2.689998514123390196e+05 2.251011871728948317e+05 7.577991108841170790e+05 5.696217395903264405e+05 5.152703393417937914e+05 4.036107551756957546e+05 3.057960668488813681e+05 2.505834783451470139e+05 2.271118624820946716e+05 3.956909733121368918e+05 7.135112753912830958e+05 1.686848662824374624e+05 8.773122076578901615e+05 2.049595188108990842e+05 9.655481982250333531e+05 7.745918504678861937e+05 6.324239201776799746e+05 2.272023815127769776e+05 1.900885692906263284e+05 2.897705637054624967e+05 4.115680590223643812e+05 3.999024304163905326e+05 6.329814630695645465e+05 4.167869556731289485e+05 8.994046519989059307e+05 5.318020404716382036e+05 8.406824547178449575e+05 6.649305138308679452e+05 5.248264761830490315e+05 6.049131105614027474e+05 9.664158298344775103e+05 5.161459379476516042e+05 5.248288993248154875e+05 5.921245026037842035e+05 3.845747737445572275e+05 3.952423983712014160e+05 4.514300260788885062e+05 9.481287460662300000e+05 7.403477173111203592e+05 6.589112828260804527e+05 7.594113813012264436e+05 3.917973149219721672e+05
6.327019206239692867e+05 6.530715845976207638e+05 1.005486861389890662e+06 6.021113345368806040e+05 4.395361815756438300e+05 1.257230584069907782e+05 6.131654502752638655e+05 5.439048993093685713e+05 7.329068363748461707e+05 1.280136249473431613e+06 5.433062364359936910e+05 2.148742439193108003e+05 2.278355007277845289e+05 9.377800950102886418e+05 9.699834287999861408e+05 2.725457706018923782e+05 4.403064469432020560e+05 1.157325991040986497e+06 1.051115575421998277e+06 3.918281549080898403e+05 9.894174663376578828e+05 9.486144758475834969e+05 1.299410359654521570e+06 4.134065994804776274e+05 3.879717247868814156e+05 9.126796505947232945e+05 1.327831903432269348e+06 4.232665836135304417e+05 3.138982635588993435e+05 3.823823444457435980e+05 8.974900762893049978e+05 9.306365262258965522e+05 4.595530581366705010e+05 6.815111183672704501e+05 9.469168814688818529e+05 2.237186379380930448e+05 8.691519473311518086e+05 9.534938756511692191e+05 4.603835716199658345e+05 3.464679323265518760e+05 7.059247122348720441e+05 4.356003017759131617e+05 8.686877321115423692e+05 8.372144248503734125e+05 2.935866448448336450e+05 7.466285007696012035e+05 5.464257744603354950e+05 3.677252371863547014e+05 1.523008923575236229e+06 4.409849266377910390e+05 1.086178069638958434e+06 4.076942263375609764e+05 4.126014188429218484e+05 4.300728951211642707e+05 3.162801752009907505e+05 1.115370613069648156e+06 5.045626961617349880e+05 6.323257462218719302e+05 9.190426005876462441e+05 4.118805708816902479e+05 9.686835233851259109e+05 4.064088597732990747e+05 2.177082183579105476e+05 7.468916686511387816e+05 1.452772342120120011e+05 1.725533937553432479e+05 9.749432328530929517e+05 2.971458729569675052e+05 5.310308205330810742e+05 4.444235116613740684e+05 6.653134436584957875e+05 6.135404131064780522e+05 1.460920101238199975e+06 1.108152294033189770e+06 2.663227203317091917e+05 4.060966783423959278e+05 8.753196508405344794e+05 4.647593985073728836e+05 1.134308934544747230e+06 3.429513661952140974e+05 8.346516220039940672e+05 1.790030077806837799e+05 1.208180100149505073e+06 1.334075972621562425e+06 5.092590753334199544e+05 1.797595970829696453e+05 1.837935223385660793e+05 1.111494907957116142e+06 4.840886168065136881e+05 2.572750394044345885e+05 4.210203679103568429e+05 1.823750114770949003e+05 1.009128476322081755e+06 1.262246267240718473e+06 2.179485683211479336e+05 5.196181532418106217e+05 1.064408784295332851e+06 8.034189400630814489e+05 3.645691684641711181e+05 3.138950327032108326e+05
1.793518484093708685e+05 6.893916893913367530e+05 6.028230773593536578e+05 9.289047141483119922e+05 3.826092019150545239e+05 8.537531751199018909e+05 1.547867861528084846e+06 7.835396318687010789e+05 1.350631905169070698e+06 7.314281324690417387e+05 7.180236059315301245e+05 5.498244143590423046e+05 8.146150298804135527e+05 1.067909489862381481e+06 3.363696358722015866e+05 4.670936183137894259e+05 2.474638485351322452e+05 6.758433897756860824e+05 8.906966882044252707e+05 1.431217963751184754e+06 8.784528465730141615e+05 5.692574606114459457e+05 4.034535813893031445e+05 5.550396762971573044e+05 5.666200176558081293e+05 5.155839159149260377e+05 2.556140491521131771e+05 2.834202434211401269e+05 3.887938674168019206e+05 3.452515885883628507e+05 6.974972454569854308e+05 9.850107994641332189e+05 9.146462871380324941e+05 5.676748186095710844e+05 8.234387904799123062e+05 4.003509686430568690e+05 6.442096411581668071e+05 9.118896329503420275e+05 6.916924992127924925e+05 7.011102232592101209e+05 9.303302557923325803e+05 6.652978768083602190e+05 6.143237120395979146e+05 1.069804680437851464e+06 5.784890065988126444e+05 5.842752855656042229e+05 8.675160329246856272e+05 1.133892741589235375e+06 1.332641766410013428e+06 4.209335386637278716e+05 1.348450930722243618e+06 5.683194110336998710e+05 3.178220643640672206e+05 8.628515584529247135e+05 1.444807273205518140e+05 1.158145012958026025e+06 6.083148711729905335e+05 5.719260739816242130e+05 9.273436234224503860e+05 6.549878491636044346e+05 8.693662852346696891e+05 8.470350512868569931e+05 1.070362003044120967e+06 8.752302883093316341e+05 8.577417398959168931e+05 2.391083417248536134e+05 1.040512200766432681e+06 4.211053981577956001e+05 4.009561666563471663e+05 9.061550843888360541e+05 8.737341084113938268e+05 1.045811978952217731e+06 3.714925617762445472e+05 2.277447614114870958e+05 1.092395777982974658e+06 5.143454701866860269e+05 5.455291385782330763e+05 1.088916219834978227e+06 8.494214787840584759e+05 8.323090313442026963e+05 1.177730423427558708e+05 9.745535475999346236e+05 8.332536894904026994e+05 2.868877225745739415e+05 9.736722582823527046e+05 6.596992444713871228e+05 5.213963354413792258e+05 4.185207870355187915e+05 6.359426157366306288e+05 8.375050550052633043e+05 3.218730066834321478e+05 5.004756270014893380e+05 6.320037620810957160e+05 6.540542052981607849e+05 4.571852814882163657e+05 4.149705906336050830e+05 6.323405053580855019e+05 5.130804066132849548e+05 3.635911370472795679e+05 4.218585913901815657e+05
2.069173806438723695e+05 4.894902036607562914e+05 1.127031358677820070e+06 6.906862345228956547e+05 3.744849582863893011e+05 3.488791419554550666e+05 6.413509947306729155e+05 2.916449740045721410e+05 1.860124960540024040e+05 4.726809426558527048e+05 1.081710016507351771e+06 1.787009044166726817e+05 6.607403877170124324e+05 1.030353362482191878e+06 4.393527938010511571e+05 1.376687728297438705e+06 6.870199476018103305e+05 7.517616696018124931e+05 5.609755291966195218e+05 3.694718451144219143e+05 6.599727657768356148e+05 1.116248304388849530e+06 2.602804878372755775e+05 3.769547638889161171e+05 4.460530010707324836e+05 7.856798534767297097e+05 5.287084594356121961e+05 8.526415404774362687e+05 4.069353423934509046e+05 4.858003461788524874e+05 5.156999697198284557e+05 4.058744468710027286e+05 5.880115865980304079e+05 2.866352018311007996e+05 2.579705545199266635e+05 1.166922440149809932e+06 1.289545969809166156e+06 1.270418992061845929e+05 5.747875841221148148e+05 1.471321216984810599e+05 6.036148205743867438e+05 5.556547504488590639e+05 9.169184598295218311e+05 4.190277743787319632e+05 8.327704562793539371e+05 4.124304772055838257e+05 6.995077922662431374e+05 6.392200985470179003e+05 2.780264032776961685e+05 1.574532407239585184e+06 1.314148532020277053e+05 1.770337278099931136e+05 1.316494537107102806e+06 4.102716414630769868e+05 6.445299364425603999e+05 7.260185786183853634e+05 1.098730384560084669e+06 7.709159444082737900e+05 6.051035107614102308e+05 1.951331833055567986e+05 9.837222020441826899e+05 5.292715461821442004e+05 2.890354522506514913e+05 4.715689041564259678e+05 1.686228742389139952e+05 5.220447094352342538e+05 5.104368323746927199e+05 9.602312377612685086e+05 8.681939986195059028e+05 5.017121268734624027e+05 8.440220580716979457e+05 8.356437149859844940e+05 3.980869465193272335e+05 7.389191650970263872e+05 9.954466101951261517e+05 5.566645397085980512e+05 2.269897508227763174e+05 5.281099067050447920e+05 5.139907369177943328e+05 4.262304531365163275e+05 7.365425770239671692e+05 4.699277396094659343e+05 7.934314105588705279e+05 4.571055380955406581e+05 1.008421800068756565e+06 3.322061276035070769e+05 7.505523015747690806e+05 5.713575902375216829e+05 8.884745937761079986e+05 7.120135534940394573e+05 8.953237141216146993e+05 9.164346391901661409e+05 1.929886477708985622e+05 1.307938937529751100e+06 4.061495836042954470e+05 4.824724179626012337e+05 5.725224238560403464e+05 4.195555787125745555e+05 2.364637762009932776e+05 1.755158864932346041e+05
1.065829773369974224e+06 1.795480311067754228e+05 1.446113107974852319e+05 9.145185949097976554e+05 1.509881938555649249e+05 4.306871248446747195e+05 6.681205432520501781e+05 1.201133310178691754e+06 1.815056542969990114e+05 1.080805744057258358e+06 2.985163799114757567e+05 1.585657161231885548e+05 8.289158251573357265e+05 6.512888131144037470e+05 8.364573031911842991e+05 4.403203616512242006e+05 6.544121694227410480e+05 5.498496370619742665e+05 4.048084847794065718e+05 9.368754554175033700e+05 1.961302143567529856e+05 3.096845301699560368e+05 3.817775502894143574e+05 3.145452424105252721e+05 1.870080585344310966e+05 1.241570259404964512e+06 3.983331156942308298e+05 3.780728235284895636e+05 1.810323706529001647e+05 1.134999750233783387e+06 5.075557168144559255e+05 4.659556228260470089e+05 5.237391463867857237e+05 6.931474122721633175e+05 8.893249696790338494e+05 9.073781835525556235e+05 1.171371622147053946e+06 3.251769237676346675e+05 5.296317131628756179e+05 1.495038267737382848e+05 8.361026433508310001e+05 8.300703420662125573e+05 3.854957144728618441e+05 1.407590018529931258e+05 1.225203845915003214e+06 1.008153271903917659e+06 9.378040327137990389e+05 4.665283654253753484e+05 2.114978895820009348e+05 6.760567731082050595e+05 1.705896209250307293e+05 5.156714427326695877e+05 9.151735040435680421e+05 1.438561698731188430e+06 9.870621725407275371e+05 5.226002697565827984e+05 5.542311179468362825e+05 8.801816480805252213e+05 1.103925086507454515e+06 8.777516774600670906e+05 4.163752418584579136e+05 1.047298466283089947e+06 9.049901406275099143e+05 6.861865336912492057e+05 4.659955312366540311e+05 4.881708396832265425e+05 7.606612818814530037e+05 7.764561276286999928e+05 2.712610098230720614e+05 1.770748477914833638e+05 6.907886673339293338e+05 6.908731835815995000e+05 7.695000219027803978e+05 9.739601715813227929e+05 4.084997374035394751e+05 9.862605531872829888e+05 7.534489105566031067e+05 9.513176006307981443e+05 1.681052764719055849e+05 8.791793485317006707e+05 3.162476830727595952e+05 3.029968608232023544e+05 1.192497306351818843e+06 4.377122533966673072e+05 2.698539354564528912e+05 3.696103680520671187e+05 3.503138254525033990e+05 1.052609699320861604e+06 9.188074824077681405e+05 4.862462409781372990e+05 6.718842698435595958e+05 5.933848300364600727e+05 1.157865543940969277e+06 5.295582479102310026e+05 1.906064791289228306e+05 8.156633691227996023e+05 2.385121754217834969e+05 2.047442263363823295e+05 2.610463842068004888e+05 4.498782974916697131e+05
1.673974253619664523e+05 6.991454958578987280e+05 7.709464172516996041e+05 5.213284874719203217e+05 9.792772054736260325e+05 1.682567779037087166e+05 1.483430317248302745e+05 8.983486761885288870e+05 1.613754775012590108e+05 3.581034919460609672e+05 3.583069991401684820e+05 1.133279319579646923e+06 8.023034871366202133e+05 4.188827897297096788e+05 4.920260582335517975e+05 4.809719057808993384e+05 3.528770321558437427e+05 5.146756416094911983e+05 9.092130158694809070e+05 9.367230177718360210e+05 8.154582097865786636e+05 4.005819748247859534e+05 2.966102668409225298e+05 7.186210939482909162e+05 1.052217811211552005e+06 9.299669313844509888e+05 4.202590241102111759e+05 8.490823123653023504e+05 3.760513725812831544e+05 9.229307885517020477e+05 1.802184520192776981e+05 4.769908674300677958e+05 5.885232733676995849e+05 4.361536225268412381e+05 4.198065941710109473e+05 3.866001164042975288e+05 7.262395250903570559e+05 1.759732361445059651e+05 3.125974035730402102e+05 2.158150287101113936e+05 7.856733183368142927e+05 8.577413727532250341e+05 5.103912699666307308e+05 1.161853374431600561e+06 2.579520505282560771e+05 6.246686916686204495e+05 2.640352377899686107e+05 3.123121337014516466e+05 5.675902289333626395e+05 1.698509114718392957e+05 7.435483204418286914e+05 4.682396909407531493e+05 5.718026406086151255e+05 8.302361437058643205e+05 7.184983214321272681e+05 1.678229988132558356e+05 7.260748983073192649e+05 4.898226146539818728e+05 6.355712876180660678e+05 3.237536584083036869e+05 8.555296317488186760e+05 4.059456725532268756e+05 3.794924541751709767e+05 8.058614669636017643e+05 7.798812752297603292e+05 2.767540519218612462e+05 9.016851955437700963e+05 1.047475575917651528e+06 4.820843481372870738e+05 7.163320326929752482e+05 4.150077454740231042e+05 5.501641682061054744e+05 7.287919010842869757e+05 3.141376405940032564e+05 9.875778611657381989e+05 3.463505200936895562e+05 1.180132454489164986e+06 5.817532355580232106e+05 1.830507926728985913e+05 3.696642278849655413e+05 9.908999885274578119e+05 8.265887279191415291e+05 9.851533976856583031e+05 3.973433724254684057e+05 7.330028809030412231e+05 9.383679638885223540e+05 1.127078426370918518e+06 4.054383180673218449e+05 6.220219600028780987e+05 7.836870763737589587e+05 7.511086696100397967e+05 8.730344812977527035e+05 4.228783302168703522e+05 2.836866238012316171e+05 2.064546707092995930e+05 1.177464501975832041e+06 6.333808408897885820e+05 8.348748447606554255e+05 3.794503061941434862e+05 1.149923366373205790e+06
5.036220398708765279e+05 5.651509696027999744e+05 1.543143909940239741e+06 7.905350218626515707e+05 9.422947752637636149e+05 4.280099203355064965e+05 6.484628423864868237e+05 4.816782516058017500e+05 6.725059158494459698e+05 3.315679601764862309e+05 6.702175154509757413e+05 7.975010404412519420e+05 1.078965478028493235e+06 5.372137971784458496e+05 5.706029651486374205e+05 9.956292269700658508e+05 4.141747721346921753e+05 7.714290630344413221e+05 7.166103268534181407e+05 4.913184274092277628e+05 5.967434880960214650e+05 4.222634029222453246e+05 9.150872255109769758e+05 2.626529639121857472e+05 2.530412600245148351e+05 8.593207471851421287e+05 7.103137562591866590e+05 3.427919161241318798e+05 6.042939611258211080e+05 6.261492312878842931e+05 9.410843792371830205e+05 1.058521944945236202e+06 1.073415308526847977e+06 5.217525739953076118e+05 6.850029390811757185e+05 1.026202080065136892e+06 1.355171587839862623e+05 1.938456505994128238e+05 4.160599764289429877e+05 7.956294938551390078e+05 8.598955457835450070e+05 2.806149795410452061e+05 4.658340985950356699e+05 6.930238320420774398e+05 6.313475312336344505e+05 5.117587663510655984e+05 4.269940732213516021e+05 6.778912382824384840e+05 3.229347833483408904e+05 1.081006864823868731e+06 3.611625615690505947e+05 1.336557269790344872e+05 8.078498383542700903e+05 3.442923548772953800e+05 8.376165195265172515e+05 1.137733274431885453e+06 9.702688455286514945e+05 4.267753663198003778e+05 1.867717471408043639e+05 1.086146128224765183e+06 7.288500564866802888e+05 2.051950775620074710e+05 6.959403401578111807e+05 1.176916137651244411e+06 8.922176135197955882e+05 6.813699887165129185e+05 1.045426919696977013e+06 6.884120058323318372e+05 7.128678945380375953e+05 4.084220867242074455e+05 5.663758677657097578e+05 9.373626537696243031e+05 1.198938751452265307e+06 6.766212182826970238e+05 2.564627178415218077e+05 1.331499658924122108e+06 5.511662841835841537e+05 1.399624582472637412e+05 2.781733521401199978e+05 2.370984741295759159e+05 2.254600875113393413e+05 1.032434180402674829e+06 4.737042427666527219e+05 6.836929005280196434e+05 4.031138642565091723e+05 6.862678925117691979e+05 6.055019340106352465e+05 5.267364626090015518e+05 6.268866740987887606e+05 6.612924234685188858e+05 8.859643657632055692e+05 6.037420355171221308e+05 1.074232054159197956e+06 6.552311913397805765e+05 8.042635151114756009e+05 4.424340755568993627e+05 1.264762810107921017e+06 1.422815242390730884e+06 8.617593823731285520e+05 2.731997251646639779e+05
1.099547791049279971e+06 3.601307804620682145e+05 8.185339109735103557e+05 5.440236332559216535e+05 9.365506075637304457e+05 3.877459320313769276e+05 1.013604753449986340e+06 4.072060367001719424e+05 8.954281295031845802e+05 2.327242075986093550e+05 4.885094553879448213e+05 6.781352413154600654e+05 6.663948991716891760e+05 3.008032199535055552e+05 7.289090930315342266e+05 9.354104826483752113e+05 5.555910879060876323e+05 1.808391434541652270e+05 5.586752700892016292e+05 2.408133891002002929e+05 8.184402161585432477e+05 6.243470746705360943e+05 6.572341750095855678e+05 2.942990118098828825e+05 6.024494362418302335e+05 1.922802643040561816e+05 7.012974660320675466e+05 1.593374867757835309e+05 4.061758343067646492e+05 1.802673370687011338e+05 9.413899153853632743e+05 1.013121226524784113e+06 4.207214036163612618e+05 6.346382311809294624e+05 5.535783749549478525e+05 2.727948402040618239e+05 3.792595755657132831e+05 4.031775635135498596e+05 3.832684066183199175e+05 1.791310671516105358e+05 7.495537468814016320e+05 1.129489672714091139e+06 2.164679736304803228e+05 5.048405864652168239e+05 3.623512227482720627e+05 4.305978357420102111e+05 9.316284723508101888e+05 4.117885649231058196e+05 4.981213612040962907e+05 1.010474935430272017e+06 7.213419884377925191e+05 1.103531142399070319e+06 9.885106973172597354e+05 1.066191776064164937e+06 1.301515151992784085e+05 5.405714272384699434e+05 7.112643621169949183e+05 5.042497804454480647e+05 7.994243541469195625e+05 6.012332026464488590e+05 8.047114291955657536e+05 2.935153273769365042e+05 6.480036203074869700e+05 6.214388639796387870e+05 3.205261437182808295e+05 8.137291145649140235e+05 7.243553487956434255e+05 1.045458824396901182e+05 3.511487813623704133e+05 5.145985783584661549e+05 1.121959576103690546e+06 5.496405860132194357e+05 1.112931904453123221e+06 1.715058622268793406e+05 4.657996606105375686e+05 6.041274619150548242e+05 4.834080811128501664e+05 3.169622528939601034e+05 3.195805310010820394e+05 6.899934362633234123e+05 2.307252257841458195e+05 2.565654443667090381e+05 2.123409042739546567e+05 1.029242094982418115e+06 1.101488580747080967e+06 7.207333392831985839e+05 9.597099685673413333e+05 7.023729004051140510e+05 1.874831595348547271e+05 5.229495325993655133e+05 9.034486553213944426e+05 4.294752602473266306e+05 9.724261025575832464e+05 2.862806154192858376e+05 7.654203323106414173e+05 1.860870994489918521e+05 3.469249148351313197e+05 6.461596828518031398e+05 3.915596267432508757e+05 1.426980292658731050e+05
6.475034251040734816e+05 1.446592320973424939e+05 1.914609486728631309e+05 7.186368810840416700e+05 6.074396029955553822e+05 3.874417175968875526e+05 6.659339882363065844e+05 8.015852826027701376e+05 3.212280104023423628e+05 4.836137177345705568e+05 7.605793356326260837e+05 1.300041991941627057e+05 7.582102372704811860e+05 6.683544865753143094e+05 8.599366657650353154e+05 6.067549553037427831e+05 8.692818424155379180e+05 5.290856985515159322e+05 5.433638778386184713e+05 7.854727115699726855e+05 1.629757056380747526e+05 5.938385449750819243e+05 4.852544784245695919e+05 6.391462294374122284e+05 5.377018399587582098e+05 1.008582461710722069e+06 4.396245895358478301e+05 6.896038978672417579e+05 4.315649630209530005e+05 1.490397216969363799e+05 9.619727424059185432e+05 2.017501042555857566e+05 3.156531321975337341e+05 5.375166898992444621e+05 8.466060083371293731e+05 1.173729302371481608e+05 8.841873951345201349e+05 4.517731576387168607e+05 1.140310102129094535e+06 1.408541009887566033e+05 6.363738615425095195e+05 1.021806354043830070e+06 5.685721887770572212e+05 1.246451091065048677e+05 3.816753010497266077e+05 8.880619253904380603e+05 4.232745138956750161e+05 1.047505828475462156e+06 6.889304847418006975e+05 1.779435257575993019e+05 5.901426663530312944e+05 5.246082832812664565e+05 2.253084392224594776e+05 3.599932120954218553e+05 5.971304197789907921e+05 6.101944948983247159e+05 2.275038790913464909e+05 8.043663150652012555e+05 8.514492078712959774e+05 2.722614369441681192e+05 7.060884578754492104e+05 4.491057925536910188e+05 7.147836451042526169e+05 3.034829577472477104e+05 1.553838372697660234e+05 7.258623961172607960e+05 2.307614076964303094e+05 3.843539741296623251e+05 3.161680131086222827e+05 4.562511236230041250e+05 6.972813655541617190e+05 2.047959016702640220e+05 3.159383286405839026e+05 7.043043646785414312e+05 6.450834407648344059e+05 4.186417238382231444e+05 1.863891844558683515e+05 4.504767033651602687e+05 1.684669670948083804e+05 2.011557002374366566e+05 4.612048331074258313e+05 5.950285645822633523e+05 4.093307281723342021e+05 6.261041461653216975e+05 8.197155230130477576e+05 6.304011842310519423e+05 5.502161188970060321e+05 4.529229016925994074e+05 2.480240164972638013e+05 1.922814391606702120e+05 4.865546775535832858e+05 9.844984151233494049e+05 8.200402240097438917e+05 1.000659595848551486e+06 9.628244400225351565e+05 1.100874130737955449e+06 3.067527489182402496e+05 3.961584193874349003e+05 3.196288836936022853e+05 7.774215660512602190e+05
5.998931685353664216e+05 6.577826861912499880e+05 2.300573932276212727e+05 8.105732294140764279e+05 9.100608217735636281e+05 9.370791461829568725e+05 1.024248587230196921e+06 3.962051566521108616e+05 4.836800237047235714e+05 2.723580689006701577e+05 2.336821930245244002e+05 3.684946948399908724e+05 1.802770663500358933e+05 1.355688157607333560e+05 1.068110684057530249e+06 4.653578410951326368e+05 5.212122868099411717e+05 3.577130356932496070e+05 3.651402589213860338e+05 1.029663721649769810e+06 2.746498653690403444e+05 4.270544681941654417e+05 5.718684325789995492e+05 1.110211230249236804e+06 4.085037759731500992e+05 8.711895158425316913e+05 4.269015532629985828e+05 1.917724692469208967e+05 1.006856670773284277e+06 1.874015253573158407e+05 1.711495686015471583e+05 1.306947799118759576e+06 3.394945341798447771e+05 9.029338478388442891e+05 2.933667447295338497e+05 2.443405840124678798e+05 7.525015355544833001e+05 5.032709046003652038e+05 1.319834470889378572e+05 2.422511015244566370e+05 8.882010724706595065e+05 1.010720627319676219e+06 8.391577111184791429e+05 6.058225964377208147e+05 6.035944808692567749e+05 1.021398752227308112e+06 5.022636119109310675e+05 2.443453752245968790e+05 8.456759624700661516e+05 9.891821278721645940e+05 5.819591658938971814e+05 5.454832090274792863e+05 3.495523715095501975e+05 9.386425131935081445e+05 4.475217186953178025e+05 3.095656126520570251e+05 7.591543814169124234e+05 4.529445631114201387e+05 1.881427130236774392e+05 8.070051164487990318e+05 1.342035314110170875e+05 5.553482230154108256e+05 8.303358596609781962e+05 5.962704614518069429e+05 8.663577711603515781e+05 6.215923296248434344e+05 1.814974853721047402e+05 3.385646351698582876e+05 1.000297226011668681e+06 5.473178944873277796e+05 5.037602690943682683e+05 6.609434176256204955e+05 4.216286499222589191e+05 2.759473292849995778e+05 7.614445441003037849e+05 5.263704580594692379e+05 2.397483815796030685e+05 1.998312146193552180e+05 5.441928126083386596e+05 7.129750267755273962e+05 7.033507482506596716e+05 6.211947875180788105e+05 2.450754751816637872e+05 7.254280663127701264e+05 8.781317435746983392e+05 6.340371451657881262e+05 5.725214325707722455e+05 8.650023537704794435e+05 7.604530385466202861e+05 1.121925945833114674e+06 4.886611954624976497e+05 5.426619010117492871e+05 7.575841121237538755e+05 4.032209597797297756e+05 8.272235176333971322e+05 6.656487183647180209e+05 1.503475023225373880e+05 3.308444687878731056e+05 1.121282711836945964e+06 9.234784920194444712e+05
2.169515923413555138e+05 3.192767571378228604e+05 2.674311057613517623e+05 9.673945588224836392e+05 8.683089877106018830e+05 3.595386894428779487e+05 1.210730787287052255e+06 7.411110803960714256e+05 5.168411960632593837e+05 2.954380536542971386e+05 8.747048336887169862e+05 9.954271516324566910e+05 4.378327129138722084e+05 6.761531847790919710e+05 1.627400367441588314e+05 6.709852108196908375e+05 1.243324962829387659e+05 2.591050254378270765e+05 4.481436217010885593e+05 9.264783415262342896e+05 2.345361669258306792e+05 2.000211375338632788e+05 1.182991541487889132e+06 2.580549055533854407e+05 1.089484263007850619e+06 4.575359761874974356e+05 6.589167165379201761e+05 4.290180574531320017e+05 8.699305101235464681e+05 7.216554548681172309e+05 8.316588216368883150e+05 7.741338766740387073e+05 1.270891596491964767e+06 8.231143831973696360e+05 4.454792304718668456e+05 5.072328515312191448e+05 3.682354920995255816e+05 8.593821334432240110e+05 1.465447668200159969e+05 4.612348286653521936e+05 9.489078962869317038e+05 1.822231429025999387e+05 9.614531620683739893e+05 2.355736020302679390e+05 6.261216221574550727e+05 5.774614109185177367e+05 6.396029549461074639e+05 5.363761244126589736e+05 4.054133156500050100e+05 6.677605231283954345e+05 1.983354569355131243e+05 6.358091960824023699e+05 3.325438988800340449e+05 4.796657222260079579e+05 2.393381179785649292e+05 3.990791129298560554e+05 1.083177559275323059e+06 1.354951944724447094e+05 6.590075476398905739e+05 5.154048971383667667e+05 1.055268399838359328e+06 4.929252274002280901e+05 1.010502985131931491e+06 3.691671166801638319e+05 5.113728259533643140e+05 4.123851717974062194e+05 8.836295585284819826e+05 2.236695142459198833e+05 9.875692700267483015e+05 8.254403790074882563e+05 1.215356785204704385e+06 7.592926473546733614e+05 5.576126122818323784e+05 4.774919070616725367e+05 4.173948338280699681e+05 2.276662479468291567e+05 7.528083199878158048e+05 2.784073321776532684e+05 4.335866709680437343e+05 4.762229884900067118e+05 7.215074229347524233e+05 4.441605640654516756e+05 4.047183512485507526e+05 3.959942331756274216e+05 6.666962498931819573e+05 7.540458845735953655e+05 4.669103039677351480e+05 5.678745075196831021e+05 1.035869828284722869e+06 2.336467086833544890e+05 4.938567785523280036e+05 2.437971577570859226e+05 1.098505105804348830e+06 8.583662496147999773e+05 6.367186085301821586e+05 1.065512488655654015e+06 1.071010964466282865e+06 1.965578988785206748e+05 1.891840765549177886e+05 1.458241207872649247e+05
8.654863946954503190e+05 7.251941229895059951e+05 6.724936532835373655e+05 8.041634320136698661e+05 3.896753035914605716e+05 4.906888144069276168e+05 2.056853048413364450e+05 1.004639349199961405e+06 1.478367603098662803e+05 4.256017212766766897e+05 1.603250455455292831e+05 8.731637889538318850e+05 4.871195632993055042e+05 2.162801250721813994e+05 1.604165191472104634e+05 4.945346708186100004e+05 1.457471585004801746e+05 2.019572278052082693e+05 4.371681846415745676e+05 2.564952283268875326e+05 1.484951352706480771e+06 7.064138197289907839e+05 6.315847054125871509e+05 1.667201755953952670e+05 5.696523225765598472e+05 8.171541153088975698e+05 7.793349669042471796e+05 3.985898952929297229e+05 3.105516477796315448e+05 4.409333798038514797e+05 5.462647823899473296e+05 3.156670836198250763e+05 6.073457980377806816e+05 6.980146963669171091e+05 4.240381706947794883e+05 4.067913123154275236e+05 5.723959431986886775e+05 2.897056161632694420e+05 1.058364293873344082e+06 1.176094545735361753e+06 1.220970378606371523e+05 6.272083645254115108e+05 1.344004025009689212e+05 1.107019585400210461e+06 9.113082257834854536e+05 5.181759433195787715e+05 3.923188411157836090e+05 5.918924317082486814e+05 1.332625024703263771e+06 2.982058506226860336e+05 7.808870259198886342e+05 5.641711024724490708e+05 8.514670510061212117e+05 4.644504479321582476e+05 5.962751975925321458e+05 7.511691747256610543e+05 9.779731146320784464e+05 3.397459167809730279e+05 1.591621761404121935e+05 5.297371565439827973e+05 2.273798766471649869e+05 1.631509428449077241e+05 6.470814312940299278e+05 4.033431815818556934e+05 3.506548275847189361e+05 1.112608818884271430e+06 4.804998704219528590e+05 5.015545492301087361e+05 3.945911606643497362e+05 1.014184324903383618e+06 7.446103908208908979e+05 6.786452759430158185e+05 7.997163794440387283e+05 9.988271132448542630e+05 7.076234080416492652e+05 5.815008983858961146e+05 1.280495498597433325e+05 6.355692316189914709e+05 6.974740420388588682e+05 7.866500647542843362e+05 3.768566633616465260e+05 5.222920534667518805e+05 1.001251870439087623e+06 9.687971907625311287e+05 1.523443914236572164e+05 8.621619176205026451e+05 1.742368898546767596e+05 7.735254478050598409e+05 7.806985348618789576e+05 3.737446884767573792e+05 7.154467048057827633e+05 2.236713866736484633e+05 3.540033525059844833e+05 1.907590636316669988e+05 3.273007708116056165e+05 4.560781259865916218e+05 5.261011956092466135e+05 8.746018134493762627e+05 3.425297028135932051e+05 4.447119022458436084e+05
1.107157117052587448e+06 6.979204875521814683e+05 1.124387343867997406e+06 9.422101855875551701e+05 1.001672395678363740e+06 5.603960678860298358e+05 1.128309676102397963e+06 5.056360378214378725e+05 7.101359123392413603e+05 3.232794936217443319e+05 4.248572293260882143e+05 9.763872784887842136e+05 9.801236162354795961e+05 4.927444096244786051e+05 1.431773156929841498e+05 1.125584743043285562e+06 3.078529837801231188e+05 8.139350816150570754e+05 6.615397307857673150e+05 1.593458759862929117e+06 1.470638148006573319e+05 1.702061220262304414e+05 1.649092442677111831e+05 2.726343070620385697e+05 4.303906204067147337e+05 7.757584096570566762e+05 7.880873549644449959e+05 4.892635297627913533e+05 7.003229224707487738e+05 5.459464329618207412e+05 1.343479102745977871e+05 8.517689891559210373e+05 2.593439986159699038e+05 2.735728889966878924e+05 6.328585436963241082e+05 1.085470732528787805e+06 2.353297458543231478e+05 6.977137127881161869e+05 3.066299029735381482e+05 1.131317823034024099e+06 3.869322703976387857e+05 7.603239511761562899e+05 6.697068199665745487e+05 1.031630064478925429e+06 8.509617892335598590e+05 1.003389668905349914e+06 6.800628138763534371e+05 6.397592108757703099e+05 4.419885846145756077e+05 3.739780810859837220e+05 5.734793078538797563e+05 8.700556323529381771e+05 1.032890759054293274e+06 9.375511448276340961e+05 7.487546240982618183e+05 1.882790514623060008e+05 5.688360909439785173e+05 9.676662444144727197e+05 1.690589296140565129e+05 1.904907373953085626e+05 6.313669897963040275e+05 1.813123720268602774e+05 7.673534854404514190e+05 4.516079434273721417e+05 9.389674344758193474e+05 9.303417840728575829e+05 8.895177195922693936e+05 7.179940142305648187e+05 3.313718325504854438e+05 2.386301383686836343e+05 8.860420531568067381e+05 3.942769599486412480e+05 6.558095879365638830e+05 7.610614674155991524e+05 3.419766757768186508e+05 7.843095300935674459e+05 9.908663582568819402e+05 5.935901729440269992e+05 9.486269586991072865e+05 1.023833789416914107e+06 4.017106081738855573e+05 7.030435966746351914e+05 7.757686896524293115e+05 5.439887179859241005e+05 4.211863164070853381e+05 7.316025252476833994e+05 1.091127153125462355e+06 4.266960634983549244e+05 4.747569510070720571e+05 1.817296296961786575e+05 6.845282235805785749e+05 1.984422954588493740e+05 7.015200279318834655e+05 1.094403681364850840e+06 1.292260127230271901e+05 1.864758668454205617e+05 4.913831546658056905e+05 4.201935258539803326e+05 1.516386513841963606e+05 6.241118830621195957e+05
6.102697591501595452e+05 5.861769745667203097e+05 1.060157565637548920e+06 4.615180425378662185e+05 8.642270952623116318e+05 6.957666082360149594e+05 1.001310906983941561e+06 8.978894541095290333e+05 9.465255807878791820e+05 6.302297285939452704e+05 7.407624416958647780e+05 3.548997313882025774e+05 3.903266147268506465e+05 6.367538542286023730e+05 4.951487169707745197e+05 6.149759043174484977e+05 2.153311713564865058e+05 9.314138407331388444e+05 4.797072827787284623e+05 1.002357337084329803e+06 7.275359059353752527e+05 9.838410094192741672e+05 9.956992777956760256e+05 3.290525921658974839e+05 8.825576487252773950e+05 3.062489373593117925e+05 1.100375018605483056e+05 3.385530701750642038e+05 1.182161064718862996e+06 3.641027503884104080e+05 3.116312675793654635e+05 4.041102895222638035e+05 1.051855955374437850e+06 3.190229881091974094e+05 3.809440629503148375e+05 2.682868052333098603e+05 5.672165511015700176e+05 7.699328831365035148e+05 5.933786620392365148e+05 4.122114398756099399e+05 6.539351776374542387e+05 5.731030967375132022e+05 5.251273496190423612e+05 3.981389339244970470e+05 6.711455053189643659e+05 8.382552009533067467e+05 3.966985597157245502e+05 9.250050713322695810e+05 6.885189912127448479e+05 8.177171653411603766e+05 5.809762881934727775e+05 1.790057246366036707e+05 3.741894451336973580e+05 5.150310724494974711e+05 1.041859247302929987e+06 4.270281440631578444e+05 2.139212149197360850e+05 2.964238134248527349e+05 6.855195088486468885e+05 5.976784903894250747e+05 9.408173930716499453e+05 8.053996748857586645e+05 8.974822194356988184e+05 2.219472111640549556e+05 9.511916706874843221e+05 5.014549801320716506e+05 7.810394635655560996e+05 3.675868611057862290e+05 2.820622743895595195e+05 6.574659889052368235e+05 7.012890217501543229e+05 5.429486761683746008e+05 1.073602771585320588e+06 4.381548439117252128e+05 2.521772998419895011e+05 8.204493678255717969e+05 4.019989620440858416e+05 4.074950147129484685e+05 1.015148221326637897e+06 2.108594284408265667e+05 4.337693611715217703e+05 4.376452131411305163e+05 1.303065044866543496e+06 3.520091068322461797e+05 4.203004378058549482e+05 2.185714258979175065e+05 7.027658165139609482e+05 7.255975393793405965e+05 4.144641172901605605e+05 8.661342546895367559e+05 3.324115806538815377e+05 3.056636201227866695e+05 4.905395709026795812e+05 4.200055487957391888e+05 6.628084290718180127e+05 6.097288111079477239e+05 6.400270781837638933e+05 5.558803963472867617e+05 1.007604320151022985e+06 3.989576254131138558e+05
1.437041654558278678e+05 7.112139901396693895e+05 1.369547610654350428e+05 8.762046115850352217e+05 3.482566882356465212e+05 3.462882894074163632e+05 2.191529064933125337e+05 9.286610782579822699e+05 8.143577362819460686e+05 6.940017533161614556e+05 8.100821393494214863e+05 8.860515988667955389e+05 2.536000695586864604e+05 7.969667743960323278e+05 3.385608168858627905e+05 5.266180958051404450e+05 1.062972889227401232e+06 6.558914607568524079e+05 7.465817267906561028e+05 4.704325240965278354e+05 3.212727283822130412e+05 2.474551288962001563e+05 6.942420849222642137e+05 3.671562761567526613e+05 7.510853927633747226e+05 3.391638854715402122e+05 5.703513989761631237e+05 9.591190891190342372e+05 1.069308450375510147e+06 8.837689258943184977e+05 7.259713640682100086e+05 2.597599529287321493e+05 9.718033551236211788e+05 1.116178694134469610e+06 7.322702109471311560e+05 8.745185454868585803e+05 6.274423078486756422e+05 4.066770942239845172e+05 1.643565843736285169e+05 1.431170308629779320e+05 9.443241197788454592e+05 1.185776171948700678e+06 7.148439299342588056e+05 8.708574719919979107e+05 4.201109554625771125e+05 1.665789358018301136e+05 1.050614792790277861e+06 6.375448998725208221e+05 1.352764600351915869e+05 4.387734426332690055e+05 5.449375248445422621e+05 2.183845869820212247e+05 8.327062797368138563e+05 5.588510947243415285e+05 7.142439453471931629e+05 9.097287044944915688e+05 2.377261963470128831e+05 2.249792590849224362e+05 1.052728653553029755e+06 1.506363242996698536e+05 3.671849867152574589e+05 3.592582291405529832e+05 2.938137225997596979e+05 1.081588492276340490e+06 7.690034981262857327e+05 5.969819105601265328e+05 4.862987790973449592e+05 6.916535086589151761e+05 9.525030309543311596e+05 4.204653215887769475e+05 3.006839536500492832e+05 9.894729048841313925e+05 6.962369914528479567e+05 9.991438839594058227e+05 4.297572992632266250e+05 8.538503945047109155e+05 5.321930841527566081e+05 9.537845792345975060e+05 6.038675616034750128e+05 3.615498236804426415e+05 5.688547050784567837e+05 1.280417187061256031e+06 7.462178883830058621e+05 1.208659955647788476e+06 3.058061265586387599e+05 8.047634166007355088e+05 9.210420596876093186e+05 1.892898687215821992e+05 7.327002818963960744e+05 9.474565812259413069e+05 1.530933441579520295e+05 6.256245843811917584e+05 2.337805505516783160e+05 8.807850103803561069e+05 1.977421176311704330e+05 4.005462518408663454e+05 4.391541696047456353e+05 4.795861624046781799e+05 1.053252345888723386e+06 7.814220996790303616e+05
2.062986901366555830e+05 7.992347616608343087e+05 4.137907775932578952e+05 5.803384511948747095e+05 6.100763483800786780e+05 1.308653323779605707e+05 3.003013175365749048e+05 3.228279815392738092e+05 4.218178385513832327e+05 4.856367841096212505e+05 5.491042272546561435e+05 2.620239566953271860e+05 4.921592208878956153e+05 5.968906756011950783e+05 8.790424043076304952e+05 3.683780536067814683e+05 4.055628161541373702e+05 4.878283322659743717e+05 2.010120923735089018e+05 2.408898465657837223e+05 4.763218233026600210e+05 7.617110896946066059e+05 3.353396904786785599e+05 3.941272758731629583e+05 8.296970313771119108e+05 6.950187385726611828e+05 3.116514971416878980e+05 1.318949693716223584e+06 6.589457942391168326e+05 3.581642907758358051e+05 2.807113177833937807e+05 9.595589260639030254e+05 4.060842322051412775e+05 3.310905278199691675e+05 1.018015458893121802e+06 8.588413322580889799e+05 8.337604198337314883e+05 5.424329875433639390e+05 4.324127689250357216e+05 4.520362153774468461e+05 9.904135244607205968e+05 1.507601707082072971e+05 5.346962997402441688e+05 6.105971402885064017e+05 1.472258348705827084e+05 2.660072896879829932e+05 7.852688005189041141e+05 3.682663320856432547e+05 6.513172299587549642e+05 5.480637081516070757e+05 1.697650000819400593e+05 1.050456774575693998e+06 5.447103002325395355e+05 9.974382124414829304e+05 4.205836516783689731e+05 3.978580697652110248e+05 1.022205144435747061e+06 8.733002191781334113e+05 1.168521126287319697e+06 1.073621495862606214e+06 1.034731906225518789e+06 2.268031872638989589e+05 2.361939263224635797e+05 7.712173685583049664e+05 6.850915673269948456e+05 8.266870487320262473e+05 5.703747492513664765e+05 8.099019457162482431e+05 1.689948999285931350e+05 2.342279506359997904e+05 4.757393881362661486e+05 4.006848849213191424e+05 4.495830780531312921e+05 2.637718496228159638e+05 7.264719264143152395e+05 1.257649769238358567e+05 3.066780170233086683e+05 6.009429029199815122e+05 6.698696110361529281e+05 3.660777944993635756e+05 1.015366744656843250e+06 3.642248987619979307e+05 7.873971267037159996e+05 8.488783278856953839e+05 3.995107625926960027e+05 8.304771361688125180e+05 5.321063650489351712e+05 1.043867811541651492e+06 1.184897966629730538e+06 8.511725291386973113e+05 5.570605398160567274e+05 4.005976885319983121e+05 3.592929241249354091e+05 4.188166673309025937e+05 9.724186128466689261e+05 9.868837411924753105e+05 4.326041971245804452e+05 1.099295564019960351e+06 8.187738754369212547e+05 8.269129883446074091e+05
5.008438711214421201e+05 1.794557314340375015e+05 3.681239908640024951e+05 4.109897725683887256e+05 1.933344778295122378e+05 1.968504381754084025e+05 6.114201273466182174e+05 1.305917192868391139e+05 1.065865239354009507e+06 3.286897450435152859e+05 1.341509877846691059e+06 9.226059406979292398e+05 2.619476277296859480e+05 2.953711235415679403e+05 7.038920634355633520e+05 4.158232061069514020e+05 3.863896334990443429e+05 6.159809941507313633e+05 4.321033043500524946e+05 1.025461112684390391e+06 1.925456717560141988e+05 4.176374784331315896e+05 1.925102975576518220e+05 9.197195382829293376e+05 6.112912969760386040e+05 7.689090690259349067e+05 5.062726632491528289e+05 5.605053295511325123e+05 2.763476983904916560e+05 5.845777010009033838e+05 1.677735263355254137e+05 3.555710885145690991e+05 4.915334261695910245e+05 3.338906517023778288e+05 2.575940129751374770e+05 6.306273441292482894e+05 1.430972712433011038e+06 5.775916364313265076e+05 2.258906724603728799e+05 7.965076257455707528e+05 7.500657640794934705e+05 9.548919550218373770e+05 3.049878756412521470e+05 2.144469265402349702e+05 3.962147390763688600e+05 2.908857229177702102e+05 4.393787507893668953e+05 1.339292115702137817e+05 2.084061259022996528e+05 7.243226730960664572e+05 2.769952463132899720e+05 9.411354854998923838e+05 6.783874683447796851e+05 1.573792761572529271e+05 7.034981193271791562e+05 5.293448645777120255e+05 4.364546795341804973e+05 5.565639058967544697e+05 7.373485286611759802e+05 9.846323487773461966e+05 7.887615758038081694e+05 3.542610499614130822e+05 2.387148932591034682e+05 4.399932375127616688e+05 3.046271763036174816e+05 6.676993571559287375e+05 4.298733530681289849e+05 6.216563593103068415e+05 6.262235409687202191e+05 4.779629511353509151e+05 6.489877830073328223e+05 1.125744303257175488e+06 2.102299255813339842e+05 9.619433709905684227e+05 8.466666603098274209e+05 9.541723553457581438e+05 1.712576921243050019e+05 8.919368962175863562e+05 6.866290140634996351e+05 1.315602967794148426e+05 2.757869062857838580e+05 6.912289448500284925e+05 1.012546060783689376e+06 1.604056150092617318e+05 2.710848364023747854e+05 1.128324875809841556e+06 6.126351126568473410e+05 5.801579271332786884e+05 4.772389457469691988e+05 1.719657084484554944e+05 4.126017125570753706e+05 1.264963985945935274e+05 7.209959931649675127e+05 6.882315184850050136e+05 3.938113128725334536e+05 3.703898119869223447e+05 4.712327483077432844e+05 4.581986687463357230e+05 9.485185781764651183e+05 2.922694286520513706e+05
6.065384512583428295e+05 6.203771607432684395e+05 1.027868834457720746e+06 4.729904439451051294e+05 1.163785279276258079e+06 7.488193880691089435e+05 1.820500167662452441e+05 1.080590745296895038e+06 9.336335120196897769e+05 5.540116400456320262e+05 6.137542002959580859e+05 3.355935696501116618e+05 4.640376326894115773e+05 1.003466254870875506e+06 5.060338736423559603e+05 5.305853295907573774e+05 5.600587738950023195e+05 4.154059117233638535e+05 1.070857572249616729e+06 4.299811828767333063e+05 4.086689534702256788e+05 7.720706081742274109e+05 4.152952916303012753e+05 5.004825292840966140e+05 4.469881869354819646e+05 6.161960663396329619e+05 5.163899776949423831e+05 9.843127143497979268e+05 8.342204496266535716e+05 3.291279298462706502e+05 1.120343487402585801e+06 7.912300964069134789e+05 2.320894362414883508e+05 8.743664015553446952e+05 2.045694113436450134e+05 6.559496895877841162e+05 5.006400702131810831e+05 5.772950218505590456e+05 6.256108532445156015e+05 8.280451095492799068e+05 8.379277096721522976e+05 2.395432038862475019e+05 1.810872217710666009e+05 1.339023275466010673e+05 4.482791707829295774e+05 8.488319210494421422e+05 9.114671985690682195e+05 1.619689269484092365e+05 4.368518177839840064e+05 2.191840218364491302e+05 9.181046244384385645e+05 4.827249754203435150e+05 4.598665979955336079e+05 1.136503713556788862e+06 5.039215915931790951e+05 5.701419807847164338e+05 6.855653282565930858e+05 3.135089454484328162e+05 5.351445075384879019e+05 5.382055964462828124e+05 7.702169781514781062e+05 4.844516107859726180e+05 1.026718502975531272e+06 7.543218290208101971e+05 1.735188872493071831e+05 1.033323253145324532e+06 1.728524865492809622e+05 1.224003362741103396e+06 1.464346790838566376e+05 7.080469438509986503e+05 1.345745566368608561e+05 4.858386391616152832e+05 9.396219764668979915e+05 1.840628398601925583e+05 8.300417049362461548e+05 2.286560830012645747e+05 4.355576765093862195e+05 7.086561070053612348e+05 5.698825210443668766e+05 6.409934711773229064e+05 4.992817891103124130e+05 6.363206992807256756e+05 7.401433656888215337e+05 6.156906944242641330e+05 6.279036593552883714e+05 5.314081330775232054e+05 3.390611956606221502e+05 1.031575727360527613e+06 8.172246067057379987e+05 5.732389028192386031e+05 4.438771299073225236e+05 1.739802571130546276e+05 1.665326207512498077e+05 3.203002408199688070e+05 7.626448069885885343e+05 4.932446048278920352e+05 6.663962208853799384e+05 7.047116727809099248e+05 2.790463807471346809e+05 1.869372183520333783e+05
7.535025868181555998e+05 1.220807165322697489e+06 3.844939656380750821e+05 9.554271022095174994e+05 5.061781240059944685e+05 5.718685794360763393e+05 7.992033342464095913e+05 1.017724094452848076e+06 8.196199190560829593e+05 4.150011001913000946e+05 9.369076905458502006e+05 9.661756450854514260e+05 2.050385829895948409e+05 9.535758953285345342e+05 1.641282216192809283e+05 7.462156855268545914e+05 4.102576166122473078e+05 9.167376787680415437e+05 9.950444420904439176e+05 4.778722668904572492e+05 7.844561668847032124e+05 3.235963377648343449e+05 6.640212482401649468e+05 1.906822757376608788e+05 1.614151289119817375e+05 7.574738958876522956e+05 4.828840216344647342e+05 1.064778423557514790e+06 1.190554313797866693e+06 9.487087580908575328e+05 7.315309324227672769e+05 3.587490756554577383e+05 4.214853908438884537e+05 6.062416163919601822e+05 1.089461720446569379e+06 7.290793738120268099e+05 7.008101942514081020e+05 2.498549571016551636e+05 3.544173793196143233e+05 5.428766060579590267e+05 4.957000184368972550e+05 1.238920957740379032e+06 1.149891204673397355e+06 6.616117641819135752e+05 1.472695615651852859e+05 5.862586271013937658e+05 1.137699864446924767e+06 1.074039965102807852e+06 1.123919090078777401e+06 4.526222485422212048e+05 9.439533790885878261e+05 3.165372485138431075e+05 8.533460873031484662e+05 1.998025224179850193e+05 1.882077890658126562e+05 3.961235041174374055e+05 1.753246785793049785e+05 3.646339691492874408e+05 3.778459293449094985e+05 4.595388497144948924e+05 3.375613810500348336e+05 7.734973981034004828e+05 7.471188565488723107e+05 9.743265799878161633e+05 1.828505163344796165e+05 9.364645493167544482e+05 7.493672383939280408e+05 7.077819402560017770e+05 5.689590103172190720e+05 6.488610453500968870e+05 5.113913299450349296e+05 2.432773204196570732e+05 9.177470274565501604e+05 4.617820181333259097e+05 7.160618891002921155e+05 4.907933399313050322e+05 9.879831132690322120e+05 1.764599388539929059e+05 2.909934609407015378e+05 3.941132510223332210e+05 7.221902349131054943e+05 4.100838112619126332e+05 1.117052053169907071e+06 1.493380361483673099e+06 2.178074386703903438e+05 6.564909313441495178e+05 4.310274294057756779e+05 1.039536702634115121e+06 5.977486513578427257e+05 8.236785346577081364e+05 2.607514401252809912e+05 1.069184870145424269e+06 1.925205041244860040e+05 1.028740871779467445e+06 8.460818020016670926e+05 8.655780335113428300e+05 2.915364649819878396e+05 4.941282805729711545e+05 4.533134680882183020e+05 9.242174768296547700e+05
5.831035496644782834e+05 4.822939131858105538e+05 6.223190518691450125e+05 9.070230097124336753e+05 9.993715858569080010e+05 9.428015790356309153e+05 7.733155890423828969e+05 9.240021843551379861e+05 8.303164010983086191e+05 4.170936299636539188e+05 2.844135296168791829e+05 1.865787952990883205e+05 2.747470663967148284e+05 4.052033834587896126e+05 4.206059005254967487e+05 5.365051750688537722e+05 2.081610581554716337e+05 2.879489668825794361e+05 9.837505454599956283e+05 1.259166343912830052e+05 7.295509318854737794e+05 4.550839770055266563e+05 5.601719272726387717e+05 2.415694644027175091e+05 3.909544654442297760e+05 4.167813751042124350e+05 8.050213710560484324e+05 8.335613550661957124e+05 9.118850803809628123e+05 9.446668841959818965e+05 1.065811269378303550e+06 1.023651686641743057e+06 1.081648483392193215e+06 1.492383642503765179e+06 2.863521715299327043e+05 4.066370022420315654e+05 8.536919357188967988e+05 4.591515876031028456e+05 1.789219793885865074e+05 1.255861508971897885e+06 2.983405552763357991e+05 3.913717598278173245e+05 8.030506225145902717e+05 2.988019618543523829e+05 6.230912263787010452e+05 1.165035253285022918e+06 6.681449949553292245e+05 1.089079965475555509e+06 4.778182602004821529e+05 1.641604751047623286e+05 2.216219227390518063e+05 3.219977250558628584e+05 3.443245900056422106e+05 8.353065311377645703e+05 4.158194612514943001e+05 4.038126102276897873e+05 9.605488896182805765e+05 3.946907297623868217e+05 2.347867234559022472e+05 3.521533939101538854e+05 1.387641357081055176e+06 7.488422243445437634e+05 4.701357993729527225e+05 6.542641374893761240e+05 3.762045077980651404e+05 3.529457245534939575e+05 2.915816051759541151e+05 4.059949431024767691e+05 3.979574552919021226e+05 3.162366687920033000e+05 3.612351456792347017e+05 3.020601696734161815e+05 6.159953127157145645e+05 4.269446925292941742e+05 2.115996064647854946e+05 5.868492862640856765e+05 9.660796739857947687e+05 9.824459406186793931e+05 4.947667784284147201e+05 6.918771719868067885e+05 7.150551104106265120e+05 3.277389556143610389e+05 3.947987431423370726e+05 2.330437318833500321e+05 1.276926963418060332e+05 2.620267836940546404e+05 2.448778422706263373e+05 4.957096375754244509e+05 6.123922477661705343e+05 4.672011176939710858e+05 3.567613651216348517e+05 4.325571294314818224e+05 4.060778439223026508e+05 3.781677299143398413e+05 3.187082366794511327e+05 1.394882879535640357e+06 7.284409860993907787e+05 7.071000828486474929e+05 3.215301321234881179e+05 8.446725614931659075e+05
6.302232668825682485e+05 1.897867045693649561e+05 1.071225596083954209e+06 6.380564764993825229e+05 7.049570709561605472e+05 5.414470625585969537e+05 4.912043928891306859e+05 6.005272973927765852e+05 7.159654040008668089e+05 8.765456871457890375e+05 4.354342431363771320e+05 3.760751634277168196e+05 3.122480673017191002e+05 3.049744565758640529e+05 3.582573614482266712e+05 9.348329671940524131e+05 3.033417363108171849e+05 8.912103942588998470e+05 4.120662349409725284e+05 6.897677903648957144e+05 7.112559912636202062e+05 1.864138380876279261e+05 8.937693788212835789e+05 4.550260786030176678e+05 1.023745895456478698e+06 7.704890308861590456e+05 8.175509965588167543e+05 3.138969785594777786e+05 3.894121724241921911e+05 6.083777627161090495e+05 6.172169433086665813e+05 1.018769716839314206e+06 1.668585333188291697e+05 5.551831556611428969e+05 7.083444028599575395e+05 5.081985102393944399e+05 1.108750736620949581e+06 3.960894332756311633e+05 2.896767403905533138e+05 7.793128649141961941e+05 1.121354378090400249e+06 9.852826319131989731e+05 2.850699440356863779e+05 4.856247051150584593e+05 5.270815400250969687e+05 2.360722735915100784e+05 6.302569705816826317e+05 7.776152705354945501e+05 1.725045454201889806e+05 3.297622789892959991e+05 4.302355760479349992e+05 3.805024637205250328e+05 4.816238410588655970e+05 2.298557401041077683e+05 1.409375800583221717e+05 8.688917165911493357e+05 6.508396507451612270e+05 2.177643361183639790e+05 5.150015174628013629e+05 4.428248622381333844e+05 2.103969204347343184e+05 4.572361307510413462e+05 1.794015778869856440e+05 6.475678953607671428e+05 7.798441938178808196e+05 1.411284942580982752e+05 7.411108601104562404e+05 8.447339477512476733e+05 9.004284661094746552e+05 1.016053448347730213e+06 4.319835791182313114e+05 1.019525149642120581e+06 2.527288032365927647e+05 6.915756009796988219e+05 2.883788909747675643e+05 5.055739539922414115e+05 2.245329971429457655e+05 5.006363253577239811e+05 3.824942862524969387e+05 6.304907670478699729e+05 2.614769691558340273e+05 3.788209869059968623e+05 1.808086155393356457e+05 1.022546219996500993e+06 7.685844414577771677e+05 9.791657409523722017e+05 9.435896875380143756e+05 3.989491077026623534e+05 1.021894321432803874e+06 5.791582710118355462e+05 3.268249171686636400e+05 1.070025333195669577e+06 9.671990920533281751e+05 2.504820735336505459e+05 1.910620664952732041e+05 3.429733213281883509e+05 1.934258412883858837e+05 6.993723166129403980e+05 2.617680765962234291e+05 7.526799669027356431e+05
