8.782414458110312698e+05 2.740370307877589948e+05 6.456717502142983722e+05 1.835948430708567612e+05 3.834133178388038650e+05 4.693877461382530164e+05 4.233857948455829755e+05 1.383882146344656067e+05 5.888217970904648537e+05 3.066305821875181282e+05 2.881705558542619110e+05 2.490168070503688068e+05 1.489132226824501122e+05 2.003056364057988976e+05 3.474486071708248928e+05 2.292663842979719630e+05 1.997578778666527651e+05 1.376152232324201323e+05 1.450650165575397259e+05 2.230430403136353125e+05 3.414320195934188669e+05 2.158218208499111352e+05 1.291118955958244769e+05 3.166803607351368410e+05 1.002239043709006975e+06 1.308735196599894261e+05 1.484154414422357513e+05 2.198826576648221817e+05 2.830817929306331789e+05 3.140370067821597331e+05 1.395256410510356072e+05 1.062462414028615225e+06 4.854549383343344671e+05 1.343457165970138158e+05 3.177542531088775140e+05 3.290882417212787550e+05 1.350746049831975251e+05 1.626954362499495735e+06 1.307460660745042696e+05 2.576264683890994056e+05 3.298604162308347877e+05 5.129296945382693666e+05 3.273729877790978644e+05 1.028275481703243917e+06 7.627031092480586376e+05 3.065565478637010674e+05 3.420026694794035284e+05 4.640498952553202398e+05 3.922230168732036836e+05 5.981420447521890746e+05 3.691412331203864887e+05 4.274352318799112109e+05 7.990660963081858354e+05 3.658882387275474030e+05 6.353694325660719769e+05 2.243729780006911024e+05 3.321575179111025645e+05 2.253504036321410385e+05 1.283763068555140053e+05 7.012935743195336545e+05 1.379980245601058414e+05 1.328783757575229974e+05 1.426744862407564942e+05 2.598056989081400388e+05 1.632676024352516979e+05 2.394588712099233235e+05 1.343668273017967585e+05 1.499323098308608169e+05 1.358995378975763160e+05 1.400218711133767792e+05 1.327767873746805999e+05 1.831649740500724001e+05 1.355848048249646090e+05 1.311904005173486075e+05 2.435897221361753473e+05 1.327709681630143314e+05 3.316181118681966327e+05 7.951964123358007055e+05 1.353305676894069766e+05 1.312074451168189989e+05 1.329801477117113536e+05 1.392565805292934238e+05 2.029109727330321330e+05 1.296006726615205262e+05 1.327450295318332210e+05 1.379766935697078006e+05 1.276485382545405155e+05 2.164672577022311743e+05 1.232194609911036212e+06 3.693426476011503255e+05 1.074283968135829316e+06 2.491030121544215654e+05 1.377336542862524220e+05 1.486186182079205755e+05 1.828743989665862173e+05 1.322144716278015403e+05 5.527133133443469414e+05 1.313741370774985116e+05 1.430672554925266886e+05 1.238085102330916998e+05
9.858738785041980445e+05 7.785596349675409729e+05 1.475217518802356790e+05 5.628308847900207620e+05 2.435892815649450931e+05 1.812726839018683531e+05 3.384539416482573724e+05 5.288580700825521490e+05 3.600462642143981066e+05 3.089665092074518907e+05 4.223281668930924498e+05 2.330876421492985392e+05 1.591866829150949838e+06 1.884621088084759540e+05 4.122145973027600558e+05 3.073733485674547846e+05 2.840479839957117219e+05 2.150407247729424853e+05 3.027880851314664469e+05 2.469592659765508724e+05 2.502177124383643968e+05 5.560249404250788502e+05 2.320315745532485016e+05 3.107355862682619481e+05 2.336871310937301605e+05 2.028751212491703336e+05 3.361914248095643707e+05 2.218119374392328318e+05 2.954267823736565188e+05 3.577641052416897146e+05 2.340460497893092688e+05 2.215117065029502846e+05 1.093302914146064781e+06 5.069838186433188966e+05 3.169760941734439111e+05 3.044796767271558056e+05 2.910734062618577736e+05 2.510880976179975551e+05 7.063365729066197528e+05 2.451719419239545241e+05 2.124042914597072522e+05 2.319281320998121228e+05 2.484551521603351575e+05 2.989624215678373002e+05 2.841153546796711744e+05 2.380483640591350850e+05 4.131545927367731347e+05 2.296434949139335658e+05 2.262088566742881958e+05 2.168789348026330117e+05 2.536869905909883673e+05 3.299667774686715566e+05 2.844457280309568159e+05 2.308239688111261930e+05 1.434524891405460658e+05 1.436489839092387410e+05 1.802192597331998404e+05 1.294013141798312281e+05 1.224313396387258981e+05 3.614172117401366122e+05 1.783770662053024280e+05 1.685950264657351363e+05 1.685721534760311770e+05 1.539672722645618196e+05 1.325363272686356504e+05 1.436938946390225901e+05 1.156682500044933404e+05 1.447227753187391208e+05 4.098923096338295145e+05 1.869351807100934675e+05 1.446929357964568189e+05 1.459900968196952890e+05 1.706636185345785634e+05 2.961934130285652354e+05 1.767313674460976908e+05 1.413617216531132581e+05 1.694079905283586995e+05 2.624138622341007576e+05 1.417215214911528747e+05 3.584130299495825893e+05 1.907981276140827104e+05 2.437695669837913592e+05 1.483787547087499406e+05 6.744744615347529761e+05 4.145219055498620146e+05 1.207075771646607755e+05 1.328528409833029436e+05 1.317902749616066867e+05 1.399339771529413702e+05 1.304511311715520569e+05 1.330895195196215354e+05 1.262154151139326423e+05 1.242102102308417816e+05 4.987410246394465212e+05 3.845247689099235577e+05 1.640688362888697884e+05 4.561906552216520067e+05 1.802027199549307697e+05 1.788559671325869858e+05 3.105887291915111127e+05
3.644680573668281431e+05 1.039484274657714996e+06 6.788331795727184508e+05 1.060819083339773118e+06 3.311061680986431311e+05 3.061483769760066643e+05 2.618235334998314502e+05 2.445298644272651582e+05 2.316561160794003517e+05 2.012017950024018355e+05 2.333696077366601967e+05 4.987169767931285896e+05 3.128155597605535877e+05 1.097435545714372303e+06 2.282186508410275273e+05 1.584140861914432899e+05 2.702956999004540266e+05 2.357758242249538889e+05 2.719870161391245201e+05 2.050654027632364596e+05 4.534355063189982902e+05 2.396854716793498956e+05 3.013402028546450892e+05 2.040200373766546254e+05 2.142016935791956203e+05 2.901286012585810968e+05 1.560879839099441422e+06 2.090000526349493011e+05 2.320135478470773378e+05 2.102901736970710335e+05 2.356526294946944981e+05 2.185903153894145798e+05 2.271320186158787110e+05 1.937408497180164850e+05 2.933408428126219078e+05 3.033715666545322165e+05 2.291355713568561187e+05 2.191054165861182264e+05 2.086862741333364975e+05 2.405783994202643225e+05 2.596863958904145402e+05 2.217008033464016044e+05 2.484187683195701102e+05 2.074147304914237757e+05 2.076764665164629987e+05 2.367098168759547698e+05 2.447730597463645972e+05 2.431276730584479228e+05 2.497277788731889159e+05 2.058647641891259991e+05 2.368869448676508910e+05 2.460782336588532780e+05 2.214071993357074680e+05 2.657763202205230482e+05 2.355591549653425755e+05 2.545624790540386166e+05 2.371772996655219467e+05 2.170710605732923432e+05 2.499845951861570065e+05 2.298735281675292063e+05 2.536974908719760424e+05 2.033747106671421789e+05 2.353023937237782811e+05 2.357517213072321319e+05 2.414872611540062353e+05 2.303582115922108351e+05 2.485495996178205532e+05 2.173693089390387468e+05 2.644954878685058211e+05 2.399113745776619180e+05 2.616726194963353628e+05 2.158478696238998091e+05 2.334146745020881353e+05 2.339196792747651634e+05 2.308558551539157052e+05 2.270447855122887122e+05 2.501038614896132785e+05 2.803239271720596007e+05 2.092055056853237620e+05 2.025410581138312991e+05 2.150177049261617940e+05 2.241771991602476046e+05 2.287870060851879534e+05 2.105316434455186536e+05 2.454769640723660705e+05 2.569997374569305102e+05 2.391443033515229763e+05 2.211076476134048717e+05 2.373311140962838836e+05 2.394267095101148880e+05 2.231306956313209666e+05 2.145620808455422521e+05 2.074814770328070445e+05 2.368529841686522705e+05 2.255372241909027507e+05 2.261240834267337632e+05 2.228692349633006670e+05 2.242205219978890964e+05 2.067651999980892870e+05 2.044683186034366372e+05
2.111906829345727165e+05 6.119773765243494418e+05 8.669699448847875465e+05 7.949051947526037693e+05 2.500250726679364452e+05 2.670801357050517690e+05 2.139272544170174515e+05 6.185067155852310825e+05 2.640296205067828996e+05 2.046885307900245534e+05 3.651483360606073402e+05 5.554427622585692443e+05 2.655236342628385755e+05 3.000216649481720524e+05 1.091762089696794748e+06 2.954941347004813724e+05 1.942035596525892615e+05 2.694336488599264994e+05 1.995544991724874126e+05 1.879166999825578532e+05 1.832019820334136020e+05 2.554944524202341854e+05 1.892522733099339530e+05 3.143188255124446005e+05 2.491747518364143616e+05 3.038191870244688471e+05 1.858173780704042874e+05 3.262865758395642042e+05 1.913793144953242445e+05 1.912314477761707385e+05 3.257531175082667032e+05 3.157231463088747114e+05 1.788418321389497141e+05 3.498109133931701072e+05 3.038862823514093761e+05 1.581052567733169766e+06 4.117959077769433497e+05 2.187696829515311692e+05 1.825361504045597976e+05 1.748842542061291460e+05 1.771042192068335426e+05 1.767678063582665054e+05 1.718160794443809427e+05 1.589590544461311365e+05 1.540417655167436751e+05 2.132409362259569170e+05 1.893002405026277120e+05 1.468859892378466320e+05 1.417755190025607008e+05 1.270640470890720899e+05 1.852756590285395505e+05 2.359603317847567378e+05 2.927926987736492883e+05 3.803065930944085703e+05 2.430369153850158909e+05 2.673795222131430055e+05 4.057678286332815769e+05 5.646351708349818364e+05 1.457258917600532004e+05 1.347572101260697236e+05 5.793773083418094320e+05 2.703674946538506192e+05 8.774730895854707342e+05 1.909438649056233407e+05 1.308271862522745359e+05 3.334001490660299896e+05 4.303180730107998243e+05 1.357417766828766908e+05 1.337867418486308597e+05 1.897200865279238205e+05 3.227105693064115476e+05 3.197834507668825681e+05 2.699257302098494256e+05 1.226858154170332564e+05 1.288006779144875036e+05 3.348299862795455265e+05 8.333977562826952199e+05 1.299284117639919568e+05 1.392834920886080363e+05 1.446312374670868739e+05 1.348607994365828636e+05 2.585437193333506875e+05 1.887106460537421808e+05 1.345985126975058229e+05 1.172499374353693129e+05 2.596263864174272167e+05 1.528867621438000351e+05 1.303575189636906871e+05 1.254317490381208627e+05 1.210021541034884140e+05 1.309018630758023501e+05 1.241858135989665461e+05 1.305039721834804805e+05 1.240851981442576216e+05 1.293149805758363218e+05 2.779533602391472086e+05 1.253929512341567315e+05 2.775378097833460197e+05 1.278048125413380185e+05 2.408974831337747746e+05
5.991866024248488247e+05 6.814579561054866062e+05 4.165581523475511349e+05 8.339206409044667380e+05 2.785416329743419192e+05 3.529371334145040601e+05 5.020937717016686802e+05 3.049362370216396521e+05 2.989170060168521013e+05 2.174269503416634689e+05 2.476556622345034557e+05 2.700036562462003785e+05 2.500660274352153356e+05 1.043108927597541362e+06 2.171505469660837261e+05 2.300809637884397816e+05 2.495839323665114644e+05 3.299225000600311905e+05 2.363606825331141881e+05 2.477554149038864707e+05 2.307706780494002160e+05 2.782396030388692161e+05 2.298061941978389223e+05 2.443156366665548412e+05 1.836727874643422838e+05 4.356662038891051197e+05 2.457691178694273112e+05 2.910962425372925354e+05 2.310583527056205494e+05 1.742151182930484356e+05 2.076437541026167455e+05 1.868668554551351408e+05 2.077696289745268296e+05 1.870679578646108275e+05 2.220200889883925847e+05 5.382585017081822734e+05 2.394835615559520666e+05 1.856205712304235494e+05 3.243902838360187015e+05 3.168308892388064996e+05 1.884416589605383924e+05 1.801528069059700647e+05 2.531450879777776718e+05 2.750813314605343621e+05 2.250005166467821109e+05 5.721947122892707121e+05 1.516057645775714773e+05 1.476075714844619797e+05 1.479104917409625195e+05 1.959189053804430878e+05 1.383883523129750392e+05 1.287705446780516941e+05 1.309128314637221774e+05 1.241218573420415487e+05 1.264989043434655759e+05 1.703895648722268816e+05 1.351250503890614491e+05 1.162758528024154366e+05 1.271798347155228403e+05 1.291642134294169664e+05 1.272249657309218455e+05 1.437788055650864844e+05 1.284666056005811843e+05 2.908376455822688877e+05 1.439636619104466226e+05 1.266351326392866031e+05 1.374866223260228580e+05 1.143188629333353456e+05 2.658124103471345734e+05 1.208245488262928411e+05 1.330018274876666837e+05 1.573616459651889978e+06 1.866922607480129518e+05 1.136417049524371250e+05 1.263901383209969790e+05 1.280565163923217042e+05 5.392949088130822638e+05 1.438601276713372790e+05 2.330733970128537330e+05 2.379747335922791099e+05 1.927468292368936818e+05 1.312701347314570157e+05 1.331705662688534358e+05 1.313218559581752052e+05 1.321894324962155079e+05 1.800098231846185226e+05 1.974622631142870814e+05 1.263500463390439982e+05 2.220129664201701526e+05 1.290914641050214996e+05 1.387593132888477121e+05 1.297283465326208097e+05 2.430890312901278667e+05 1.340093312841486768e+05 4.205204297068277374e+05 2.097237459520429547e+05 2.044346332614569110e+05 1.400423943898527068e+05 1.288283696520223457e+05 1.282052367182338348e+05
7.513663303511991398e+05 3.193825676616218989e+05 1.056099317178615602e+06 6.266713081957335817e+05 3.178069380851619062e+05 4.116750444027773920e+05 2.443256229477738962e+05 2.504447351218866243e+05 2.805226798683072557e+05 2.173390747383626585e+05 1.998223848376155947e+05 3.064865337523600901e+05 2.422981508604206902e+05 2.347620331098735041e+05 5.483439114540476585e+05 1.178199264645085932e+05 1.298978654920277768e+05 2.126535997046264238e+05 1.814500138220450317e+05 1.321499095854349434e+05 1.427998287557633594e+05 2.004216902107012575e+05 7.593622576090532821e+05 2.432223958729522419e+05 2.471757516648162273e+05 2.399676942665958777e+05 2.156331278634208720e+05 2.004757703292147489e+05 2.182543431120777968e+05 2.231412876979816356e+05 2.391286814299836115e+05 5.609484707802281482e+05 2.340731082057006133e+05 3.822122105223277467e+05 1.633696570893127937e+06 2.817988862224068725e+05 3.239972942986333510e+05 1.702250115177275438e+05 3.335140734433194157e+05 1.436172077092567633e+05 1.607852589097972959e+05 2.059871512054632476e+05 3.252346753130669240e+05 2.363203335512768826e+05 2.289798844983656309e+05 1.336962778893523209e+05 1.372293287275553448e+05 1.304090566190629324e+05 1.296489702826369612e+05 9.945033471911553061e+05 3.633014981776577188e+05 2.732347322203344665e+05 1.338506981055558426e+05 1.358406298526646278e+05 2.335346383766589861e+05 1.318480815784427396e+05 1.286455509486021037e+05 1.219688701826163102e+06 1.436251930628050759e+05 1.362794938693999720e+05 1.339244662509212794e+05 1.315704482748452283e+05 8.578453475635646610e+05 1.832257912369818368e+05 1.309249930653906049e+05 2.195584155964908714e+05 1.308945202219648054e+05 1.322501028260482126e+05 4.741132397254038369e+05 2.200227409589079034e+05 9.881869508915623883e+05 1.348382018038978276e+05 1.357353333286342677e+05 1.309423772718509863e+05 1.980128670092952379e+05 1.334719353474807867e+05 2.910551592700714828e+05 1.310174946666090545e+05 1.400780439452339779e+05 1.353963321240894729e+05 1.264420522976284119e+05 2.512840049583832151e+05 1.305977954983896780e+05 2.376865632934247551e+05 1.290970446739380423e+05 5.434092566753344145e+05 3.459883705424219370e+05 3.094877784013791243e+05 4.215058039775568177e+05 1.276887403793010599e+05 1.329183117038319469e+05 2.823160984895888250e+05 1.385565954515277408e+05 2.741606110178448725e+05 1.281450161381986836e+05 1.366292707119513361e+05 3.157821828537285910e+05 2.248161559440560231e+05 1.273697943443000840e+05 2.555362332585698168e+05
5.136399687899749260e+05 2.792143852429376566e+05 1.002799817456580116e+06 4.405575725444460404e+05 3.336001684045646107e+05 2.934261300599449314e+05 2.753655366183164879e+05 2.618400916352351196e+05 2.284491430229879916e+05 1.949628107393911923e+05 3.094693845525160432e+05 1.648932368463453604e+05 2.373961717812845018e+05 7.124403201590775279e+05 3.144321624614270986e+05 2.509150999815850519e+05 2.611440441628398257e+05 2.848893281884173630e+05 2.485030459244905214e+05 2.376689037299454503e+05 2.960835455780209741e+05 2.154379731655535579e+05 3.344655237293191021e+05 2.423295966319799772e+05 1.856188273026371317e+05 2.416610665043408517e+05 2.299993112537663255e+05 2.419214991728239111e+05 2.125509649651121581e+05 1.715894973320889694e+05 2.199412536384457489e+05 1.811708018048724334e+05 1.739561725524674694e+05 1.665952920087532548e+05 1.710623354979571595e+05 1.800951838604799414e+05 1.749628043850562535e+05 1.747604353332935716e+05 1.819058581882797007e+05 3.504718436670873198e+05 2.451983211263658886e+05 1.728174060650721076e+05 1.813190356667178567e+05 2.335427705872840597e+05 2.287692547360356839e+05 6.113292595303786220e+05 7.948053319404131034e+05 1.785533864830764360e+05 1.722383853257126466e+05 1.572152551596568373e+05 1.698693236778369464e+05 1.673326981053884956e+05 2.993611385312158964e+05 1.690117884924194659e+05 3.063659273780784570e+05 1.589906837890363531e+05 6.067390580251845531e+05 1.459146581750818295e+05 1.748107155249461357e+05 1.578789940751669346e+05 1.575831137797831325e+05 1.578527433726977324e+05 1.653109718011631921e+05 1.697154908899404109e+05 1.587032844898349140e+05 1.595702001710298646e+05 1.667624887906340882e+05 1.784990126504094223e+05 1.714002169172916911e+05 3.092327978018703870e+05 3.428985710761221708e+05 1.599027029499284108e+05 2.954239920891982620e+05 1.573024038204276934e+06 1.619629608796662360e+05 1.449497796451267786e+05 1.439319683175703394e+05 1.520488782709653024e+05 1.464909620585213997e+05 1.537009836701432941e+05 1.381741153736974229e+05 1.589101877538422996e+05 3.727161015111943707e+05 1.597239411732534063e+05 1.444985062054059817e+05 1.333267304128433752e+05 1.492118565480229736e+05 5.175438337469738908e+05 1.379221453442621278e+05 1.595815632373434491e+05 1.225570492964246369e+05 3.942823202319426346e+05 1.123051238183718175e+06 1.339446132061380195e+05 1.501258949937203433e+05 2.874457060376888257e+05 1.940766751382765069e+05 4.050331026782970293e+05 2.043496030140181538e+05 1.334432523246778874e+05
4.470297842024716083e+05 2.269997554611299711e+05 3.366704358796565211e+05 9.196770231592099881e+05 2.105299545891360031e+05 6.068834185316306539e+05 5.121214299021018087e+05 2.643468685068339691e+05 3.566208596134534455e+05 3.476567770771192736e+05 3.794482869093381451e+05 1.912061700018349802e+05 6.682010943586480571e+05 2.485260841284058115e+05 1.813048088874075911e+05 2.824389260771563277e+05 3.148805905452858424e+05 1.966405977698660281e+05 1.842044835107187682e+05 1.799229205094511854e+05 2.918537313391735079e+05 5.011387234172886820e+05 1.894893006318098633e+05 1.754147386816224316e+05 1.826175459393489582e+05 1.736257624869126303e+05 1.827441918109119870e+05 1.747161212103840080e+05 3.070222132969434606e+05 1.579666383785718586e+06 2.925129727567080990e+05 2.397404329403239244e+05 1.775019265278094681e+05 3.020918908019943628e+05 1.783316506543172291e+05 3.123586139662432834e+05 1.086167275643817149e+06 5.891818172141195973e+05 3.888746388090148685e+05 1.977360230624852702e+05 1.755944366721617116e+05 1.576115489812690357e+05 1.489527180575287784e+05 1.379844861733428843e+05 2.805575767811702099e+05 1.329541356519918481e+05 1.454160783995126549e+05 1.490620347940352221e+05 2.645249694266635343e+05 8.227668459252387984e+05 1.463021956434927706e+05 2.313249900855963351e+05 4.251992961721101892e+05 2.751587618542512646e+05 7.797326558680884773e+05 2.461459714855046186e+05 1.373802610881860601e+05 3.167912745423529414e+05 1.302570503660584945e+05 1.272216063752911723e+05 1.295229760893520288e+05 1.287081212418652722e+05 1.219704287033433211e+05 3.539656836657978711e+05 1.303838063804290869e+05 1.317529732641119626e+05 2.183426042152050650e+05 1.288960340501352912e+05 4.812254178096405230e+05 1.272330336915758380e+05 1.348849023543046205e+05 1.320342321017917420e+05 1.124592943775448715e+06 1.271225604555900063e+05 6.289109520447226241e+05 8.542811263108212734e+05 1.267109384265919361e+05 1.718946846947118465e+05 2.914227241760442848e+05 1.598751672480376146e+05 3.169782603153259843e+05 1.317403068412421853e+05 1.367448747670561715e+05 1.324425406679956359e+05 1.465869148010434874e+05 1.432489360536020831e+05 1.367464993734677264e+05 1.469675867011163209e+05 1.260402329785034526e+05 1.828602089015451784e+05 1.260467314041496866e+05 1.315929265861554013e+05 1.317014356087397027e+05 1.283988218810933613e+05 1.291965128077348636e+05 1.591032680955004762e+05 1.805755533585320227e+05 3.168859973568572314e+05 1.323269457914580998e+05 1.330912359117060842e+05
5.089353289077227237e+05 1.313844794871286955e+06 4.691586123842524830e+05 7.145414043561520521e+05 6.244994388876650482e+05 2.286345500823859766e+05 3.084990998464231379e+05 2.157311366050174693e+05 6.784197034731263993e+05 2.469048003582108940e+05 3.067461587069210364e+05 2.128256978414438490e+05 2.686061092324354104e+05 2.526586789824442531e+05 1.577716782663312333e+05 2.443829522791105264e+05 2.543038453847457713e+05 5.239135758796965238e+05 2.757736707917416934e+05 3.109280424673439702e+05 2.505112246633855684e+05 2.277847983220363094e+05 3.027424125805969234e+05 3.251486170660909265e+05 5.798175491436393932e+05 2.234854472573472594e+05 2.177811696107865428e+05 3.135425390047395485e+05 2.147661020394183870e+05 1.136748964874962810e+06 2.112418259115512192e+05 2.707572349784128019e+05 2.263548509657131508e+05 2.360770464465044788e+05 2.534258052799869620e+05 2.086369852269520052e+05 2.159228034473119478e+05 3.085187419804385281e+05 1.936301194821463141e+05 2.984161683137278887e+05 2.207217072157036164e+05 2.043265464529682649e+05 2.778763887737951591e+05 1.984008450489364332e+05 1.888387972103419015e+05 1.991600594214691955e+05 1.835380644535579486e+05 1.872013040903006331e+05 2.090863128104058560e+05 1.963316104803821945e+05 2.842021104977617506e+05 2.184048165443436592e+05 1.373249877559239394e+05 1.315244636526876129e+05 1.522155243388083472e+05 1.436973549588935566e+05 1.371439313374247286e+05 1.475284338772278570e+05 1.387239849833218323e+05 1.501660420470770914e+05 1.357009779512418609e+05 1.333119529194953211e+05 1.385365494605512649e+05 1.335155151850066031e+05 1.467903669237472059e+05 1.341857341690283502e+05 1.488541310661924654e+05 1.411138544432596827e+05 1.304497268507556291e+05 1.470441910237764823e+05 1.627914183638870309e+05 1.466217658210699155e+05 1.489073116851108789e+05 1.369333015750948107e+05 1.388888779448111600e+05 1.439391000643600419e+05 1.441507394690926303e+05 1.656611341435410141e+05 1.419996320802498085e+05 1.464601771438074938e+05 1.461376606461280026e+05 1.620844116821391799e+05 1.436998698863328900e+05 1.632488781579659553e+05 1.579003801369687717e+05 1.518655639249110536e+05 1.289481315981126681e+05 1.448278515571543830e+05 1.521211686669959163e+05 1.413525614429509151e+05 1.567564736518871214e+05 1.561143777980631858e+05 2.954389898681614432e+05 1.326688290661341161e+05 1.325836152473494294e+05 1.278181581781877612e+05 1.320461367035758740e+05 2.598916837265776703e+05 1.510168218069640279e+05 1.523677967702643946e+05
1.579399214048839349e+05 2.027003062564330176e+05 4.203411172161149443e+05 6.681795797969039995e+05 2.981647673554649809e+05 1.327892151548006223e+05 1.363326818311722251e+06 2.024669503614759014e+05 4.131523164520835271e+05 1.476851670923902129e+05 6.127699641675738385e+05 2.413466455030172656e+05 1.410962224154822761e+05 2.549743397257864126e+05 1.638521486721239053e+05 3.896467766043017036e+05 3.513718205476857838e+05 3.491683769681158592e+05 1.299186365898207296e+05 1.296645004185033613e+05 2.551802517045257264e+05 1.360045866002896510e+05 4.103595721377815935e+05 1.768945623726370686e+05 1.992326435316533025e+05 3.354584244252316421e+05 2.124899825639913615e+05 1.826029520173468336e+05 2.973301235168860876e+05 3.914299519444798352e+05 1.385715840519236517e+05 1.802246567307704245e+05 2.797849433432493242e+05 2.528692903876395721e+05 2.275547834255752678e+05 4.445077341948907124e+05 3.295816447848924436e+05 3.536799365087099141e+05 1.482911452839007543e+05 3.017310262501483085e+05 5.302361401765129995e+05 2.606023434781096585e+05 1.318102383454774972e+05 2.962341658673635684e+05 1.273755309488606581e+05 1.809202819890700630e+05 1.672535237838852045e+05 7.525245921155331889e+05 1.337635017162350414e+05 2.441773707287939033e+05 2.109549406121184002e+05 2.250805721107459394e+05 1.288379061834438471e+05 1.236964032121269993e+05 1.311097484465104935e+05 2.077987801042618521e+05 1.795692335972313304e+05 4.266661780832361546e+05 1.910695929204566928e+05 2.100689518680804467e+05 1.340874776061147277e+05 1.416985934300451190e+05 1.402733638573126227e+05 1.080449982788829366e+06 3.425064626811973867e+05 3.161987429519323632e+05 1.303344440455061995e+05 1.393112664332485292e+05 2.654894165639556595e+05 2.078884730638874462e+05 1.223968465828240442e+05 1.371179927062436182e+05 2.657811114326520474e+05 1.277676393437854567e+05 1.380433391468507762e+05 1.307443037895832676e+05 1.304138753668938298e+05 4.871088794469718705e+05 1.261823539145290997e+05 1.297619676246294548e+05 1.271300777022061957e+05 5.310507930955191841e+05 3.031728506725537009e+05 1.852048739175456285e+05 1.344361438420231570e+05 5.297595522481872467e+05 1.246929661563910486e+05 8.067091994391460903e+05 2.959229940788631211e+05 7.894065720848980127e+05 1.471957016341468843e+05 2.393687743933366728e+05 1.303742882061421697e+05 1.369618102051190799e+05 2.978028013755432912e+05 7.283061713029334787e+05 1.282920108934590098e+05 2.742670823984892340e+05 1.272467923639539367e+05 1.170868159373682865e+05
3.352722830804499681e+05 1.012564050775591400e+06 3.529898551050575916e+05 1.077761984284519916e+06 3.212795939505511196e+05 2.113228910179176892e+05 2.310857048361654161e+05 2.080772578360506741e+05 2.872977658899968956e+05 4.093336285996000515e+05 2.620308039065306948e+05 2.401313481215001084e+05 2.938490233695836505e+05 2.024976618476514413e+05 3.002087057925488916e+05 2.630446684501494747e+05 1.280908534125795122e+05 2.323459955545721168e+05 2.336904904493608337e+05 2.534996376753234654e+05 2.937479489865098731e+05 2.616495445781508752e+05 2.629714785545237246e+05 2.255863845973450807e+05 2.228598361103885982e+05 2.228607539671183040e+05 3.237267835632583010e+05 2.516305325881114695e+05 2.356777236976842978e+05 2.093840288192490407e+05 2.379120439776410931e+05 2.441782335141198128e+05 2.332188589473754400e+05 2.386516896446968021e+05 2.242053957189837820e+05 2.470810472074465360e+05 2.416238565925191215e+05 2.572416844908775529e+05 3.112104853402050794e+05 2.164378679297463968e+05 1.915762498352471448e+05 2.270617658617880370e+05 2.202246327251711336e+05 2.484467262355565617e+05 1.891712449178366805e+05 2.220703691800451488e+05 2.427762991451869020e+05 2.800386573004710372e+05 2.475679702025486040e+05 2.442816576104216219e+05 2.604741372501061705e+05 2.294416949333433004e+05 2.373908849265214812e+05 2.328773611725259107e+05 3.021820059757156414e+05 2.446623111533598567e+05 2.664949286113341805e+05 1.934153226502636098e+05 2.284515845218889881e+05 2.336757680274165759e+05 2.330456410253478098e+05 2.382907333071777830e+05 2.231227469920418225e+05 2.352887176585058623e+05 2.513125686598112516e+05 2.372505997039552312e+05 2.402549099944513582e+05 2.457632435863572755e+05 2.412176499182262341e+05 2.503735828682008432e+05 2.107421263507718104e+05 2.038609360911296681e+05 2.312382526246403577e+05 2.430184848218836705e+05 2.223234773518252769e+05 2.280347123523970658e+05 2.482036961306684825e+05 1.928057556389399688e+05 2.152717676689407963e+05 2.439268692701261316e+05 2.482315255467127718e+05 2.585461975465208525e+05 2.276349857466158282e+05 2.120980393832779082e+05 2.434633699787658115e+05 2.457918623591890791e+05 2.243729412864219048e+05 2.628621434608827112e+05 2.104309545622713340e+05 2.388069726462262624e+05 1.933063914135836530e+05 2.168551439561993757e+05 2.666172789134022896e+05 2.546901529251389147e+05 2.301989818067437154e+05 2.386188303737738170e+05 2.304406718408064335e+05 2.664120094343737583e+05 2.450609546882000577e+05 2.559973644795675064e+05
2.313575189280966588e+05 6.869768450497840531e+05 4.067052540684515261e+05 2.747216968367060763e+05 2.517605194581705728e+05 5.288600159388190368e+05 2.218110930110415211e+05 7.018479597842680523e+05 3.402743452573918621e+05 2.036295811238432943e+05 3.621198861381202587e+05 1.859243083794135018e+05 2.935635148552453611e+05 3.837538059712506947e+05 2.415920987496717426e+05 2.565538426576456986e+05 2.468140059705096937e+05 6.652801805306117749e+05 2.835105605233419337e+05 1.920536821917642083e+05 1.864761605595740548e+05 1.910143195881945721e+05 1.961928856142564327e+05 1.975057328090053343e+05 1.756831934179230011e+05 1.675754712103922793e+05 1.510777583152483567e+05 1.939906536055696779e+05 3.306818980039099115e+05 2.155402040481067670e+05 1.454749589087224449e+05 1.625654787513058400e+05 1.537723745665788301e+05 2.914322882431676844e+05 1.830764743041954061e+05 1.547863308958705515e+06 1.376477612534877553e+05 3.804209580429283087e+05 1.398602732575470291e+05 1.840284018756944861e+05 1.248022278214936960e+05 1.290298392041899206e+05 3.972642898896380793e+05 1.163887418373138178e+06 6.066227105061287293e+05 1.364862135620613990e+05 1.351727789390054822e+05 1.389599108771221072e+05 2.023356417777260358e+05 2.146387953110099770e+05 6.157822598116182489e+05 1.311403038970419730e+05 3.097484497126118513e+05 1.422279214060590311e+05 1.346498392458302551e+05 2.362693925027789373e+05 6.231891066203555092e+05 1.214671586798854114e+05 3.794725550412712037e+05 3.533913990671636420e+05 3.228706068058007513e+05 1.274165775018125278e+05 2.384960395004754828e+05 1.924756209304040240e+05 1.536626723302459286e+05 3.242482363285314059e+05 1.170666506250169332e+05 1.173286161142385827e+05 6.430571068198260618e+05 1.157645056397362350e+05 2.160559661016557948e+05 3.154795838470834424e+05 1.562664483010387048e+05 3.001478151771010598e+05 2.670598327141909976e+05 1.305854227896734228e+05 3.021613725564321503e+05 1.149147355222519691e+05 1.253502250033895398e+05 1.346369341802107811e+05 1.545750035624260490e+05 1.345755295649943291e+05 1.832997337751259038e+05 1.370255002835924679e+05 3.280613436120983679e+05 1.726541744242635323e+05 1.324320312084406323e+05 1.241204254855432227e+05 1.953633083448254038e+05 1.330113823762227839e+05 1.409978740668956889e+05 1.370899980759879691e+05 2.109854318126788130e+05 4.104321562479657005e+05 1.917526618986941176e+05 1.339907813996415935e+05 1.408685755893838650e+05 1.786940388483345741e+05 2.206951811562154908e+05 3.302685320471253945e+05
1.206499027191937901e+06 5.982743262640724424e+05 1.825796751706818177e+05 2.542362911294403602e+05 2.135213047426088888e+05 3.316471895693932893e+05 8.252354399568823865e+05 2.947548928903867491e+05 3.275734844031319954e+05 5.293786784196338849e+05 4.069354892505276948e+05 3.134311846262931940e+05 1.966187344225647394e+05 4.784050643649093690e+05 1.771196942712961463e+05 1.770526173014901869e+05 1.753236689369023079e+05 1.788462194941176567e+05 3.121335922103918274e+05 9.235247519986209227e+05 1.791352525782979501e+05 2.273188024603712256e+05 1.698865426700859680e+05 1.801315860583795584e+05 1.718517289997622138e+05 1.623394840673208528e+05 1.615466210670775326e+05 2.115722176199714595e+05 2.122300822524115501e+05 2.913298554321340052e+05 1.530940509076338785e+05 1.390478048375574872e+05 2.988267256289194920e+05 1.441971095910767326e+05 1.369292630054841575e+05 8.243728014880478149e+05 1.357793170231211407e+05 1.866431921272435575e+05 1.602153065949272132e+05 1.382607977632496331e+05 1.583562612174726382e+05 2.865744213584605604e+05 1.409220866367249400e+05 2.255989408774072945e+05 1.446861895494935743e+05 2.597481125769191131e+05 1.404785782649373577e+05 1.544599777570609585e+05 2.070634300067011209e+05 1.652585438247631246e+05 2.391273597162928490e+05 5.527769391728491755e+05 3.120781903781875153e+05 1.055587006266370183e+06 2.900187154509022948e+05 6.689369217417081818e+05 3.161564113995589432e+05 3.188560483272008714e+05 2.213421600078414194e+05 1.796292247130840551e+05 1.537829482761048712e+05 3.460767050740875420e+05 2.561839280384448939e+05 1.831930788231355837e+05 1.437366759411935927e+05 1.351802686499197735e+05 2.227745121487963479e+05 2.533511651707283454e+05 1.791681485634901328e+05 5.111158627833194914e+05 1.333913383480464690e+05 1.385716666590293171e+05 1.338123684085238783e+05 1.287945558101004572e+05 1.240989384595011215e+05 1.414504967560091463e+05 1.333908885982489155e+05 1.321268897386542521e+05 1.383086180988666310e+05 1.177003003612142522e+06 2.221286163681114558e+05 1.278979658208345500e+05 2.523120962813122023e+05 4.298750786387808621e+05 1.262609958791291865e+05 2.676009276134795509e+05 1.287270749833334266e+05 3.457311503724927898e+05 1.214443958329890302e+05 2.204992371015606623e+05 3.969552291716159089e+05 1.274672431932915788e+05 1.573450217441008135e+05 3.106716300113369944e+05 1.397839993633095582e+05 2.638207713865085971e+05 1.331375601408536604e+05 1.458386229235940555e+05 1.381198516838380019e+05 3.395864299956216128e+05
4.149258726537344628e+05 3.639459804589788546e+05 8.204367381169712171e+05 6.214417276926353807e+05 2.977508690417772741e+05 3.011661588615607470e+05 2.257796485103492159e+05 2.187181728318608075e+05 2.166024212842457346e+05 2.245598536308565817e+05 2.282984125908378337e+05 3.093032524844416184e+05 2.539136461318187357e+05 2.329647778474618681e+05 2.136260505526014313e+05 2.439711833930356952e+05 2.221293873677644006e+05 2.777840156725188717e+05 8.218128623546651797e+05 2.760646313750543632e+05 2.118746881266744458e+05 2.104702388303021726e+05 2.160444194639962516e+05 1.909055535657259752e+05 4.604490331619275385e+05 2.664443914197973209e+05 3.226971318838887964e+05 7.913519877806166187e+05 2.213802694192582567e+05 1.568539316794459242e+06 2.464293689293645730e+05 2.690105719789418508e+05 2.152789636657015653e+05 1.598940383824000892e+05 1.309632676910188020e+05 1.298747079667376383e+05 1.342193001896332134e+05 1.438860479453838198e+05 1.317253274194136029e+05 1.356504315811376728e+05 1.314983047358913755e+05 1.402646075041113363e+05 1.576662532423587108e+05 1.461184774404774362e+05 1.252086180671325128e+05 1.265106345524710632e+05 1.310229926284199173e+05 1.302271649509396957e+05 1.343117375408805965e+05 1.262243825741817418e+05 1.266342514968260948e+05 1.261114311250257306e+05 1.245702028187946271e+05 1.241718805338098173e+05 1.291092429898756527e+05 1.323168034745950135e+05 1.262811520129132405e+05 1.318569297173169616e+05 1.248759684311572200e+05 2.901766418798132217e+05 1.356111105988376075e+05 1.311130343736027717e+05 1.320424285623879114e+05 1.368267751230466529e+05 1.301940211444304878e+05 1.253672787814272306e+05 1.324908750033812539e+05 1.383488936521655414e+05 1.272310970138761913e+05 1.325639363990648126e+05 1.336587742633770686e+05 1.387135581308725232e+05 1.402606331844717788e+05 1.316033075457682426e+05 1.370130633249051170e+05 1.459497937306944805e+05 1.237405980136617145e+05 1.357077609124742739e+05 1.386777341827126220e+05 2.668324796022460796e+05 1.513654237929013907e+05 1.436321871310853458e+05 2.200233467443494883e+05 1.373690265218146087e+05 1.344170065292090585e+05 1.288926746945046179e+05 1.715036042993243027e+05 1.331803139073227649e+05 1.337073472415124124e+05 1.381957125425471168e+05 1.353441244333045615e+05 1.376776283114719554e+05 1.303336363315840717e+05 1.350933476176178665e+05 1.309211472456931951e+05 4.578352341956464807e+05 1.341630998220741167e+05 1.401636983352489187e+05 1.338110191591312469e+05 1.228327918151589693e+05
3.649381468695076765e+05 4.465320488550937735e+05 1.261427685894909082e+06 7.229574162820520578e+05 2.122286503959132242e+05 4.335002455783758196e+05 2.815130472796459217e+05 5.545907709277990507e+05 2.892457699416932883e+05 2.056540059268539189e+05 3.319985818397889379e+05 2.041648935257347766e+05 2.816068889516897034e+05 2.343015811028557655e+05 2.254588942975907412e+05 2.289645379338451603e+05 3.019492375090654823e+05 2.050849898258481116e+05 2.598675624517213437e+05 2.049880274409233534e+05 1.674748557556833257e+05 2.390558036056459823e+05 2.410368688567459176e+05 2.513649232076729240e+05 2.239356376261270198e+05 3.218600098321397090e+05 1.501345595612486359e+05 2.970751429173774086e+05 2.279708845954142453e+05 3.132283015747619211e+05 2.445576020576364826e+05 2.961459414785054978e+05 2.448773466279922868e+05 2.255576740388402832e+05 2.497231345181366778e+05 1.911998735046692891e+05 2.728627432449245243e+05 2.510288775017977750e+05 2.338915561445673520e+05 2.018368233594071353e+05 2.452251409000075073e+05 2.159938455581901653e+05 2.466715729631959402e+05 2.417762758810519299e+05 2.461090369307017536e+05 2.210107770141531073e+05 2.224765758543380362e+05 2.545219648579899804e+05 2.169713996895822929e+05 3.228569123833937338e+05 2.444417685383492499e+05 2.109426964033443073e+05 2.473162021015938371e+05 2.094905919855663669e+05 1.838672629482295888e+05 2.074988245249982283e+05 2.481401437307045562e+05 2.480103037177221850e+05 2.647407759009489673e+05 2.425021904114314239e+05 2.286400572227641242e+05 2.563564300322233757e+05 1.971817844548275461e+05 2.562405047272631491e+05 2.581916111347059195e+05 2.127217781025080185e+05 2.004087484308125859e+05 2.292063381107154419e+05 2.394485361431469792e+05 2.511319711696768936e+05 2.249911361510046700e+05 2.404901933885408507e+05 2.291331665722243197e+05 1.043769931299997028e+06 2.444476795356884541e+05 2.615401911273752630e+05 2.543100868105076661e+05 2.564614511992348125e+05 2.457715593683282787e+05 2.184644772317736933e+05 2.326834547598109930e+05 2.338571365172038786e+05 2.072222926494763524e+05 2.462464767974059796e+05 1.913315675882456417e+05 2.247018827812092495e+05 2.223764927565323305e+05 2.643609300719328457e+05 2.122572691687450279e+05 2.177921655344082392e+05 2.271604721744991839e+05 2.327439048040285707e+05 2.124359391597470676e+05 2.380793876165987167e+05 2.003189453283794282e+05 2.266643338978310057e+05 2.691184935732191661e+05 1.955513221173356869e+05 2.305541740040002624e+05 2.521714255589194654e+05
4.509196610229100916e+05 3.608052583013157710e+05 6.512186888602551771e+05 1.138183685086280340e+06 2.422948465761938132e+05 2.640981109759525862e+05 2.182863395976749016e+05 3.697011624397683772e+05 2.762864222752173664e+05 1.021500450752958073e+06 2.798710199473599205e+05 2.309509818253810809e+05 2.096714097613158810e+05 3.189974716921119252e+05 2.437929906875331071e+05 2.064429037860249518e+05 2.406759675906306948e+05 2.234829690441770945e+05 2.601569993928626936e+05 2.546787531445561326e+05 2.266646643262536963e+05 3.421992376766345697e+05 2.446520862293910759e+05 2.201512959724686807e+05 2.415376147741971654e+05 2.366889631710561516e+05 2.976468391600339091e+05 1.780104007989247330e+05 2.266832968178664742e+05 2.397955777726438537e+05 2.548862438368705043e+05 2.340213778004151245e+05 2.312265591299040825e+05 2.110030179476197227e+05 2.102135877315454709e+05 2.254380956640959193e+05 2.161354341373126081e+05 1.888226429318993178e+05 2.632001717372940038e+05 1.996206032141598989e+05 2.134993679667692340e+05 2.484345921695900324e+05 2.172443702809929382e+05 2.319110783217744320e+05 2.483273130750235287e+05 2.269713753310478642e+05 2.762358116551420535e+05 2.174372670513052144e+05 2.360127781182914041e+05 2.721969483303399174e+05 2.375271132223425084e+05 2.183328015053319687e+05 2.279861577313963207e+05 2.277029622160168656e+05 2.172896022606322076e+05 2.577811088909180544e+05 2.431296005575802992e+05 3.011669298612136627e+05 2.408656885766581981e+05 2.389360783738248574e+05 2.456213796502159385e+05 2.195065016198594240e+05 2.137439033566940052e+05 2.310025653735898377e+05 2.669568859033886110e+05 2.383317431458604697e+05 2.305028474556758301e+05 2.348112118734504329e+05 2.222092041889785032e+05 2.468637721623936377e+05 2.491180282905193453e+05 2.161011062956220994e+05 2.196238220670487790e+05 2.154484367322720645e+05 2.605471252172513341e+05 2.347660900366187270e+05 2.245801199074481847e+05 1.817298132675245870e+05 2.248766610596773680e+05 2.429078463716864935e+05 2.367872289125370735e+05 2.517583716734230984e+05 2.366851632441952243e+05 2.335921512793415459e+05 2.232432065092467237e+05 2.020506472631563956e+05 1.952231516222012870e+05 2.644231791153406375e+05 2.601946498759146780e+05 2.161469257035683549e+05 2.797303308678325848e+05 2.425063574809842394e+05 2.217214918370888918e+05 2.033198962632449111e+05 2.458293476280297618e+05 2.405634750698395364e+05 2.106275227595023462e+05 2.010461448581805162e+05 2.057993210042988940e+05 2.386288166549928719e+05
1.581762511556452664e+05 3.203634260772409034e+05 6.945060605177239049e+05 4.025856193514363258e+05 3.676471826500616153e+05 7.012794760401655221e+05 5.134602157280318788e+05 1.809627971127894416e+05 4.427232371410218184e+05 3.474612001651562750e+05 4.972220084660740104e+05 1.747376908435317746e+05 3.317581768051477848e+05 7.040520642206834164e+05 3.462247370074524079e+05 1.649371103980246698e+05 1.526697349200641620e+05 3.344944912877081661e+05 3.147459593201744719e+05 2.968742607935168198e+05 3.340148560750398901e+05 3.136998963624780881e+05 2.837426130617428571e+05 1.585195552725388436e+06 3.525019958960912190e+05 2.298191726919967914e+05 2.966522679648732883e+05 2.637393758517194074e+05 2.782939768715362297e+05 3.989113287196681486e+05 1.640917827071121137e+05 1.601928741764535080e+05 1.478667007963888755e+05 1.404864626542454062e+05 1.409413065566447331e+05 1.801686307559899578e+05 1.442069857294882240e+05 2.690804943046098924e+05 1.683181825189251686e+05 1.937355628632534354e+05 1.776777511629494256e+05 2.190735118861941155e+05 1.315308519355262688e+05 1.313251602424021112e+05 1.311401386828306131e+05 1.266347930322966131e+05 1.337177557368271518e+05 1.150917992639770237e+05 1.329517675816292467e+05 1.342623843845250085e+05 2.248949080514636589e+05 1.538174964034105069e+05 2.414951547218815831e+05 3.353576804705805844e+05 1.037661704906698433e+06 2.427666249352559389e+05 1.318632629287518503e+05 1.277268497907179117e+05 2.435539624379865127e+05 1.290675172229438176e+05 1.432157371756890789e+05 2.178716152129304828e+05 5.172650990153007442e+05 1.541956166617748095e+05 1.357266687611059460e+05 1.446953772953578155e+05 1.947821765349876368e+05 1.281402157475023996e+05 2.426651099809519073e+05 1.388393962885134388e+05 1.360180882727834396e+05 1.226763798498520046e+05 1.368670965691820602e+05 2.669367297696045716e+05 2.352239536876587372e+05 2.942553401866841014e+05 2.182152791296620853e+05 1.135093812191442354e+06 3.662064045843281201e+05 3.027057166685438133e+05 1.293735949065945024e+05 7.322987012200207682e+05 1.345788705634904036e+05 5.099910844324846403e+05 1.283239064148158359e+05 2.535333780887069588e+05 2.733599278782645706e+05 1.402305733765743498e+05 1.761408551404824830e+05 1.299066034880944644e+05 2.492826000021532818e+05 1.436158125670276349e+05 2.083620320650051872e+05 3.339482931050025509e+05 1.831807244715539273e+05 2.182133883447989065e+05 1.296983326175598486e+05 2.597534361459513311e+05 1.731390047060218931e+05 1.317400131270886923e+05
8.715634139599393820e+05 3.957526532843722962e+05 1.230698136298944941e+06 2.698189834721861407e+05 2.282717947456767433e+05 3.641600613626124104e+05 2.250879883931218646e+05 2.308083285324522294e+05 3.419447710768945399e+05 2.701066581284065032e+05 2.542855066072864865e+05 1.111509079665022669e+06 2.299589806290636188e+05 2.986554719202934066e+05 8.630882920606471598e+05 3.207972051676937263e+05 2.188767417604825459e+05 6.881166028224474285e+05 2.448559789233250485e+05 2.114644795970401028e+05 3.118511126232615206e+05 2.379291161128133826e+05 2.120358454112739419e+05 2.094120601637738582e+05 2.209066737038713181e+05 2.566325213365149975e+05 2.498325981117198535e+05 2.963879435838563368e+05 2.385809045337028801e+05 2.366592246130140848e+05 4.217504678674237221e+05 3.112374703280580579e+05 2.312597121149805898e+05 3.389514199957508827e+05 3.142897110969787464e+05 9.952687662751808530e+05 3.960567575760541367e+05 4.356772181698614149e+05 1.780381017150268599e+05 1.801680616848175705e+05 1.761210845065249014e+05 1.761084547979243216e+05 2.088465686326100840e+05 1.868967225131193409e+05 1.835750540797645808e+05 2.873507078661656124e+05 5.627173642696923343e+05 1.709026100698559894e+05 1.547729118304824224e+05 1.654238865360500058e+05 1.699927386937114352e+05 1.491958858409263194e+05 1.513999168488032592e+05 1.494703984316428832e+05 1.641705164573851798e+05 1.463057752847385709e+05 1.531238445370797126e+05 1.351638665501601645e+05 3.240547888441813411e+05 1.213721696869294974e+05 1.397877533973340178e+05 1.422507576814937638e+05 1.130354422253403900e+05 3.251619443458060850e+05 3.040294312869722489e+05 1.396025941592530580e+05 4.048427024782895460e+05 2.291204634350853739e+05 7.548268705077564809e+05 2.022874910136863473e+05 5.269337650916164275e+05 1.375755626431301062e+05 1.271515096568445151e+05 4.001080303238417837e+05 3.074719998087621643e+05 5.775152707514161011e+05 1.656893674165463774e+06 3.262908346947899554e+05 2.263436531136108970e+05 1.660814758114711731e+05 1.342934079419886111e+05 3.287954087102375343e+05 6.812843710407671751e+05 1.429261717346055957e+05 1.673621980206808366e+05 2.229388085034113610e+05 1.325907745298410300e+05 1.832095818871354568e+05 1.666921809651396179e+05 1.357988123000597989e+05 1.262767921934471960e+05 1.161908225549766939e+05 1.466925233963619394e+05 1.447275389951662510e+05 9.666911134248470189e+05 1.971714310309166030e+05 7.454313953084666282e+05 1.172826498492155661e+05 5.095808759028502973e+05 4.900000914312352543e+05
1.373972047234161757e+06 6.166584458457831061e+05 1.108326907097446499e+06 6.583097562397088623e+05 2.270189570239151362e+05 2.962308615831366624e+05 1.774117746398190211e+05 3.127385699380669976e+05 1.443696299419897841e+05 1.339717083367985615e+05 1.554854990811468160e+05 1.236803315407900809e+05 3.234261304128800984e+05 3.231513241080100415e+05 1.766603620494886418e+05 1.583190513056508789e+05 1.634168459394997626e+05 1.475646341466469457e+05 1.442780645546356391e+05 1.341940132367301849e+05 7.685240831992324675e+05 1.773584471638238756e+05 3.690077033233508118e+05 1.504885952590257803e+05 1.482835087159097020e+05 1.432592802989457268e+05 2.134814881176748022e+05 1.586623847939598199e+05 1.286105806072008127e+05 1.292212306894654903e+05 2.078221120223306643e+05 3.528201250386027968e+05 2.921812593345970963e+05 4.401399477324357722e+05 4.440434822610120755e+05 1.350871979775289074e+05 1.842662919828962767e+05 1.355475857345755794e+05 2.043301995227524603e+05 1.845516169258886075e+05 6.634217042243295582e+05 1.860799034522310540e+05 3.129104294321346679e+05 2.943543034992796020e+05 2.533121746168509708e+05 4.208032764366499032e+05 1.247755181906596263e+05 4.905741190299852169e+05 2.383636111315154121e+05 1.996428887755568430e+05 1.247602542332448356e+05 1.114612903982152056e+05 2.080541278464624193e+05 2.843452594333246234e+05 4.717779919194500544e+05 7.255503248291652417e+05 2.989073134497865685e+05 3.086501423498613876e+05 2.575478264244993334e+05 1.132247868901087437e+06 2.517618962432651024e+05 2.111742900133804069e+05 2.178520097931842320e+05 2.464887175455065153e+05 3.854450120671136538e+05 3.196586222516443231e+05 1.325740970730624977e+05 2.045252807920813793e+05 1.761633793446291238e+05 5.716264488307832507e+05 7.311950702882381156e+05 1.934941665433442104e+05 1.391939918788956711e+05 1.688763862676551798e+05 4.606064272339352756e+05 1.363400907706943108e+05 8.793471327418885194e+05 3.020817576636985759e+05 2.487045338337926951e+05 4.543913623173004598e+05 2.552835289437507454e+05 3.759319777778846910e+05 5.347637438527420163e+05 1.565227249142497079e+06 1.691210501575221133e+05 2.321588078531185456e+05 2.515999496018780919e+05 9.832840539556965232e+05 1.947227361331727298e+05 3.745809661003151559e+05 1.505045292518532369e+05 2.793065380585988169e+05 1.349624796050982550e+05 1.495092421284434677e+05 2.058942457472837123e+05 2.720136339842856396e+05 2.568790576541104820e+05 1.774940513170686900e+05 1.855363486969069345e+05 1.488953611904902791e+05
7.949987427104940871e+05 1.021907905712403357e+06 2.923821047441884875e+05 7.897491162164193811e+05 2.624358724384787492e+05 4.797676410372730461e+05 3.130921283503446612e+05 2.742763160371899139e+05 2.420749281037593901e+05 3.598352673093763296e+05 2.970878460545163252e+05 5.117147826565786963e+05 2.819622280060229823e+05 3.172948474585316144e+05 2.373515272299522476e+05 2.556532232773364522e+05 3.012692341723052668e+05 1.500749649595031515e+06 2.174341830526934355e+05 2.248662342072280589e+05 3.018224998518294888e+05 2.376321527464885439e+05 2.518452376343212090e+05 2.252866309465619852e+05 2.209372566901046957e+05 2.050631264785468229e+05 2.236512305398643948e+05 2.338782839362559898e+05 2.492307594540602295e+05 2.156546607822994702e+05 2.395117764718228136e+05 2.099691257701590657e+05 2.209874083818151266e+05 2.312088261378864117e+05 2.181564995846925594e+05 2.354469928729741077e+05 2.385632449702236045e+05 2.426324159242402529e+05 2.167348863674750319e+05 2.129153540868002456e+05 2.469593210479546688e+05 2.208136397457496496e+05 2.264888029768445413e+05 2.215848413271722093e+05 2.536875780192953534e+05 2.444024291989145859e+05 2.563726760963389243e+05 2.447928854517259460e+05 2.183887173373048427e+05 2.203661845900243788e+05 2.346039231096165895e+05 1.951912285651425773e+05 1.754665792297154840e+05 1.822276220434408169e+05 6.337638441459548194e+05 3.901526258051700424e+05 1.989466393746810209e+05 3.111001956755651627e+05 3.812276806797899771e+05 3.452772151482558693e+05 6.853410775003945455e+05 2.963887512977784500e+05 2.177374062019147677e+05 1.824576369399018586e+05 1.847175470654825040e+05 1.795272508304151706e+05 1.757412937489125761e+05 1.754813016516597709e+05 2.766652584618307883e+05 1.774541796207308362e+05 2.293395925507322536e+05 3.143964027632382349e+05 1.719956672921126592e+05 1.815423134947829240e+05 3.121656804816618678e+05 1.844472566157225228e+05 2.565651690096901148e+05 1.651884012134799850e+05 1.724507039444252150e+05 1.532129959612347884e+05 1.690253544148843503e+05 2.486157036594930396e+05 1.340409147342173965e+05 3.011481688696587225e+05 1.445180840894503344e+05 1.514015322766475147e+05 2.080552843459418218e+05 1.508546548799618904e+05 3.716318189992735861e+05 1.516213222491397755e+05 8.417376228142998880e+05 1.496433042823824217e+05 1.540141931005837105e+05 1.508780602265690686e+05 1.528704977225498878e+05 1.670278595283229079e+05 1.532447721612167661e+05 1.722715383107891539e+05 3.281555524268340087e+05 1.937006108789867430e+05
3.500425437174753752e+05 1.140089082228584448e+06 3.902614836133116041e+05 7.818996788926242152e+05 2.693112251293200534e+05 2.201010524950852850e+05 3.031430203288386692e+05 2.277972628164255293e+05 4.826551448803485255e+05 3.104565211081661400e+05 1.011482374976782943e+06 3.021673753394443193e+05 2.400342021652294206e+05 3.043309105084072216e+05 2.096000005077457754e+05 3.690204431747589260e+05 1.847358124144033936e+05 5.868511586918142857e+05 2.611640901538163016e+05 2.266811673902535695e+05 2.350671837582271837e+05 2.666287521225234377e+05 2.611275961702437198e+05 2.537719290527541307e+05 2.285078858536883490e+05 2.418848583321745973e+05 5.181370996227781870e+05 2.076297292517870374e+05 1.524327846981535666e+06 2.717391764649728430e+05 2.555334796883807285e+05 3.192464311514738365e+05 2.543943827725626761e+05 2.853276598482495174e+05 2.654770254981048056e+05 1.970504758710776805e+05 1.811222104696024908e+05 2.259389884386238991e+05 3.107001569984958041e+05 1.816721718648998940e+05 1.598580400414615287e+05 3.530533707907523494e+05 1.462153296825946309e+05 3.105177972234404297e+05 1.443233332485440769e+05 5.354055827066816855e+05 2.186712336387043179e+05 6.364112366685426096e+05 3.699269919095420046e+05 3.470442729242605856e+05 1.531769976202962280e+05 1.466914770396901004e+05 1.657621901694801927e+05 1.341074868828220351e+05 1.298209399195122242e+05 1.322416401870004483e+05 1.410366994065617037e+05 1.213415316292923526e+05 1.425624067554936919e+05 2.686769127005639020e+05 1.466031884008609341e+05 1.396780603395684157e+05 1.768995004418428289e+05 1.301598676955186093e+05 1.445993144100281352e+05 1.352843536030669638e+05 1.198880816335486947e+06 1.442646087749783474e+05 1.347922355388748110e+05 2.915977410972621292e+05 1.869601096988719364e+05 1.349012493826604332e+05 2.424310198006110440e+05 1.357713500267073978e+05 1.365819093046991911e+05 1.358821353339813359e+05 4.008353767107196036e+05 1.305525818758850073e+05 1.028020097246774123e+06 5.938202245547572384e+05 1.369109976565632678e+05 6.785701585482576629e+05 1.350075096562569961e+05 1.412482929184577952e+05 1.349949900904639799e+05 1.373221882928983832e+05 1.498824334961693094e+05 3.041549940875942702e+05 2.217936170189081458e+05 1.419570618851266627e+05 1.273232681866719504e+05 1.312026539046899998e+05 1.381163271139959688e+05 1.349454258270605642e+05 1.292213316537057544e+05 1.336051897874975984e+05 2.013279268741962151e+05 1.374816567211152287e+05 1.403063883424469677e+05 1.389102823637475958e+05
4.768824501931564882e+05 5.487968186787473969e+05 1.102482950013761176e+06 3.076333406647075899e+05 2.708528389353776583e+05 6.633272751239788486e+05 3.010921428948782850e+05 2.760088807572927908e+05 8.980363111862798687e+05 3.014433332367934054e+05 4.703267502869979944e+05 3.254067550927497796e+05 3.051495469256202923e+05 3.438485895056235022e+05 4.372649267408841988e+05 2.676679127976124873e+05 4.945044916893377085e+05 2.768766775809482206e+05 2.985077337010820629e+05 1.359755180776602938e+05 1.570469753068349382e+05 3.030279027378005558e+05 2.447659188210075663e+05 3.223041790607727016e+05 1.048312165612497338e+05 1.954325881707826047e+05 2.319951723553488846e+05 2.244561908918050467e+05 2.066052175701038213e+05 2.438342208118309209e+05 3.276618556490667979e+05 9.013974291018767981e+05 1.968503831040046061e+05 2.415375046313896019e+05 8.531564213885247009e+05 2.666512028981316835e+05 2.536041999139700783e+05 2.388254766378968488e+05 2.398952753706231015e+05 1.023310684509527520e+06 3.065847260653026751e+05 2.823124454198046005e+05 1.960043394848429016e+05 2.180100830791719491e+05 2.326045374381919974e+05 5.189744052458732040e+05 1.852676553178566392e+05 2.228088950618906529e+05 2.010521476411927142e+05 2.607147074989586836e+05 3.125208910360530135e+05 2.349972247182900028e+05 2.420415364759331569e+05 2.741453378818627680e+05 2.967702859831771930e+05 1.554000466196123976e+06 1.775126470944122702e+05 1.802897511300402402e+05 1.633785162424677692e+05 1.603950963711394288e+05 1.675784083519272972e+05 1.558398652073466219e+05 1.508014742610434769e+05 1.637166363045520557e+05 1.549051199138273951e+05 1.705172754575963481e+05 1.891899875522569928e+05 1.361361521839238412e+05 1.583142233792527113e+05 1.478873342156723666e+05 1.289551807377967052e+05 1.456709213205118722e+05 1.283638056468555878e+05 1.233998712384651299e+05 1.265698638472381426e+05 1.571990641669450270e+05 1.353116231265061360e+05 1.975786106333429634e+05 1.312216994318311336e+05 1.374454289159942418e+05 1.395532868957339670e+05 2.287727058773393510e+05 1.239971573267454660e+05 3.170506241398949642e+05 7.899765978283064906e+05 4.257947649040656979e+05 1.200643431684920070e+05 1.307657082085197035e+05 1.510703787471415999e+05 1.212021826205903781e+05 1.338558748175113287e+05 1.853317033604545868e+05 1.629388628689448815e+05 1.322449811854965228e+05 1.354322478579223680e+05 1.382080210012922762e+05 1.482692727580321662e+05 1.474506363408190955e+05 1.381247897530437331e+05 1.876738534490157035e+05
8.360504356600460596e+05 1.908756497934725776e+05 2.269268225653885747e+05 6.654227787521368591e+05 6.581979245757630561e+05 5.090745127022133092e+05 7.646129121026651701e+05 1.563478989072316326e+05 1.486352956646991079e+05 1.525875133142182895e+05 1.757819731591725722e+05 2.841234685331616784e+05 1.723197625033672084e+05 2.705798683439669549e+05 1.528797221826832974e+05 4.176022327347113751e+05 2.955056079096025787e+05 3.312401384669091203e+05 1.633083185597808624e+05 2.180525798457567289e+05 2.535873113501437183e+05 2.343587085057118384e+05 2.160609959565345198e+05 1.605143443174611311e+05 1.603199973335159593e+05 3.801823520074773114e+05 4.006713740702580544e+05 1.601147278544874571e+05 4.172213221918888157e+05 1.552452886321323458e+06 3.095616842252539936e+05 2.348619509934678790e+05 3.082162164023317746e+05 4.386595549702487187e+05 2.959563306352855288e+05 2.499431264191094670e+05 1.747469061250978848e+05 1.519382581779027241e+05 1.481888501513764786e+05 1.862807121475532476e+05 1.930788914445619739e+05 1.602865506342859589e+05 1.048401950357795926e+06 1.346080859431965218e+05 3.266129656926429598e+05 3.193342883976400481e+05 2.942546242584349238e+05 4.880643683025821811e+05 2.302433142867878778e+05 1.877245007833601558e+05 8.895407761533192825e+05 1.700256163217690482e+05 2.454118696730962256e+05 1.350245817914292857e+05 1.486110367113333195e+05 1.459727034346676082e+05 1.366269760701271007e+05 1.365379990387506841e+05 1.535826352234166989e+05 1.600774995855310990e+05 1.856419389350907877e+05 1.421436254440040211e+05 1.320770776539338112e+05 1.391657127130538283e+05 1.445366798667939147e+05 1.755792002504488046e+05 1.482872076785303652e+05 9.573316182093610987e+05 1.652885393826894870e+05 1.981092052516438125e+05 1.334643354937589320e+05 1.986329710158757516e+05 1.349112448424467875e+05 1.379981805957499018e+05 1.282925616074968275e+05 1.227359854658782569e+05 3.159219540765262209e+05 1.044736287579286873e+05 1.382660846180126537e+05 1.296955698688034754e+05 1.322227139812341775e+05 4.221559035420636646e+05 1.360219983424519305e+05 1.810583276412158739e+05 1.345767044216083304e+05 4.422736342005490442e+05 1.016067546627098345e+06 3.248143703594059916e+05 1.345384665102493309e+05 2.694973848312363843e+05 4.476372952147207689e+05 1.735637153719853959e+05 1.523314129294993763e+05 3.800373673584550270e+05 2.499624381247021956e+05 1.444809659633015399e+05 1.389704111581097823e+05 8.410617131185540929e+05 6.294048323938357644e+05 2.193925772425699397e+05
9.265624172026740853e+05 7.256982833339917706e+05 1.102916472104329616e+06 2.712351629775639158e+05 3.052237097493794863e+05 3.122481040159882978e+05 1.420827715428253869e+05 4.698593042117000441e+05 2.535920291337343515e+05 2.066428313388866372e+05 3.950575787401104462e+05 2.512097870632202539e+05 5.948746950800976483e+05 2.989635964244513307e+05 2.637903352573519805e+05 1.306193284172682761e+05 1.293850864728502638e+05 3.803174605180881335e+05 1.317769752175934264e+05 1.369621865263782383e+05 1.342100940866344026e+05 1.385564944872874767e+05 1.269503613545323315e+05 3.120107462656897260e+05 1.338412074669708381e+05 1.314009568511401594e+05 1.486683201498334529e+05 1.286968481255111750e+06 2.291172509365314618e+05 2.130124082573979686e+05 5.417316348590709968e+05 2.375313904347028583e+05 2.015682584802990023e+05 2.114137955484264821e+05 1.340348018083976640e+05 2.672303154231641092e+05 2.898036249048660393e+05 3.103777322864893358e+05 2.636684989550525206e+05 1.772723338454440818e+05 2.278105717390060599e+05 8.146557092906736070e+05 4.070822728987401351e+05 1.731088622910187987e+05 4.040328224142777035e+05 2.039801289660476032e+05 2.630347188831996173e+05 2.846506303672934882e+05 2.545206982157030143e+05 3.401695260188609245e+05 1.432856136085206235e+05 2.289681542893601290e+05 1.554199090392429498e+05 1.313536688724263804e+05 1.348458934432926762e+05 1.348201016691882978e+05 2.382687414599343319e+05 1.458423035290801490e+05 1.369920535843624384e+05 2.318572184888760676e+05 1.572702898491692031e+05 1.765386358899967745e+05 1.492759890334400814e+06 1.830885165844889707e+05 4.592772972608015989e+05 2.101112834204538958e+05 1.341467986865547718e+05 1.251356851713911165e+05 1.371891082456602308e+05 1.302039615328130603e+05 2.083376537902645650e+05 1.653908620509156608e+05 1.311784683798625774e+05 1.281619138805923430e+05 1.180154299479331676e+05 1.335542854532688507e+05 1.019039640146382269e+06 2.727900306347982259e+05 1.827997588573276007e+05 1.450958290079555009e+05 1.250172357604242570e+05 1.298078145682776085e+05 1.328746767949023342e+05 2.786024318041168153e+05 3.738554554268967477e+05 4.438065283676745603e+05 1.268906455956985010e+05 1.244787200385461474e+05 1.343696726576588117e+05 1.390217560635688133e+05 1.276487585401556425e+05 1.389814805102698738e+05 1.312826267615481338e+05 2.205059374556874100e+05 6.474526859840560937e+05 1.703161179767168360e+05 1.525878804569101485e+05 1.346432673916456697e+05 5.370583122484359192e+05 1.608125376118037675e+05
1.201122442755012074e+06 1.861629694862682663e+05 7.248096511625723215e+05 3.700015218759930576e+05 4.181699821934301872e+05 2.082235274844945525e+05 7.406732260217387229e+05 2.451124280936012219e+05 2.242871951107339992e+05 7.439574642576565966e+05 2.170491972259910544e+05 2.774812330945277354e+05 4.719678414054196910e+05 2.410409074263565708e+05 3.256655539762539556e+05 2.155525583996884234e+05 2.483046236566655280e+05 1.831026699352608412e+05 1.694471830107166024e+05 1.848197045194973180e+05 3.279360010970914736e+05 1.730695229515841638e+05 1.823229873576559185e+05 1.762260138878633734e+05 1.651438484478206956e+05 1.694119373122963880e+05 3.415684131034512538e+05 6.956044780232820194e+05 1.722726030245955917e+05 6.213081611813304480e+05 3.417749675819013501e+05 2.987902867167507065e+05 1.769707995526053710e+05 2.171629563890691788e+05 2.850878238847807515e+05 1.765355151771158271e+05 1.784474841736044618e+05 1.765283375374896277e+05 1.589971455004134041e+05 1.696963994699628092e+05 2.829816180471545085e+05 2.865227276674442692e+05 1.463165050299086724e+05 1.632712555050358642e+05 1.413444016966239433e+05 1.472917553409092361e+05 1.655203165640715451e+05 1.495972278745518415e+05 1.375241626662673079e+05 1.505876320001596469e+05 3.081800161329126568e+05 1.656065583823934721e+05 3.199727128245452186e+05 9.142190064732258907e+05 6.000012920581242070e+05 1.355103023942154541e+05 1.096474292718499666e+06 2.297565197916279431e+05 3.392631608554237755e+05 1.586239449541202630e+05 1.498287847703187435e+05 2.993311613304241328e+05 1.493302784232879640e+05 6.630273929732535034e+05 1.612314474232356006e+05 1.493214302844137128e+05 1.419488011745594267e+05 1.513067635693067277e+05 1.457903436596122338e+05 5.499558147284651641e+05 1.790958765245941177e+05 1.414597579304117535e+05 1.371419304097540153e+05 1.295692268899612391e+05 2.188949336808650696e+05 3.093571857458783779e+05 1.442043514806739986e+05 4.258239527480699471e+05 1.342017232332596031e+05 1.580829344976508524e+06 1.420794489014639112e+05 1.392081544082348410e+05 1.374424917744592240e+05 5.359104773365511792e+05 1.260393701931775431e+05 1.602026034577882383e+05 1.251919497889212944e+05 2.499251547843420703e+05 1.639971700354153872e+05 2.175745784180672490e+05 4.963646201377332909e+05 4.429747298849576619e+05 1.330707401709320256e+05 1.352322009836857906e+05 1.351863815757395350e+05 2.942639496828085976e+05 5.026148206099807285e+05 5.427530258278732654e+05 2.501392173308410565e+05 8.822722319966121577e+05
8.977563281694543548e+05 1.720327487039922562e+05 2.456213062216775725e+05 1.111050224728714442e+06 4.813979381605535746e+05 4.772536314546442591e+05 7.215968588944936637e+05 3.782714110105259460e+05 2.794209030071185553e+05 3.090510988836603938e+05 1.762900252161921526e+05 2.555339569738801511e+05 3.204365609014627989e+05 3.143176139415614307e+05 1.584216309737613657e+06 2.245591377026074042e+05 3.001520740323268692e+05 2.293931770266117237e+05 2.718726695477393805e+05 2.833394353146579815e+05 2.101794434612008918e+05 2.660748072290191776e+05 3.138818889948416036e+05 1.394263840242866136e+05 1.894249221607891959e+05 4.956171910456097685e+05 1.448603895782219770e+05 1.601361506305584917e+05 1.286764643632581719e+05 3.055938079399262206e+05 2.022172749738648417e+05 3.171840437941231066e+05 1.954733410095809959e+05 1.936617488250515307e+05 1.784593795968212944e+05 2.169606791229794617e+05 2.506071039773692901e+05 1.532412108771055355e+05 3.095528360863797134e+05 1.315886401952277520e+05 1.379832470667577873e+05 1.306477452616195660e+05 1.253439101490892499e+05 1.322925536997965246e+05 1.327097654762784077e+05 1.466509261293722666e+05 1.339150215051727428e+05 2.199671555553576909e+05 1.375546997596641886e+05 2.300881230709314113e+05 1.328701701183595287e+05 1.318096233814686129e+05 2.379184322604797489e+05 1.324300578164718172e+05 1.343081395425001974e+05 2.008950656404730689e+05 2.589384895127915952e+05 1.290275812766348827e+05 1.328515743410159776e+05 3.956039237798928516e+05 1.304626043806732196e+05 2.423159389238421572e+05 1.241575693116804352e+06 1.301664395497032237e+05 1.288959606215969252e+05 1.363671308299510565e+05 1.344880211043854069e+05 1.384564481037509686e+05 7.684817883611283032e+05 1.293214055729441607e+05 1.348947417784469144e+05 1.289644327336320130e+05 1.370008925446693902e+05 1.314703835341741215e+05 1.309658009755927487e+05 1.334943310516852944e+05 4.866660686462988378e+05 1.239281345006725751e+05 1.961661392691531801e+05 1.309937038201754185e+05 1.908760169361644657e+05 1.850018256518029666e+05 1.393248690699825820e+05 1.333125954192061035e+05 1.344080941403637407e+05 2.361200939271270763e+05 4.652235035841747886e+05 1.958023008615029103e+05 1.221771300388701638e+05 2.661159639247786254e+05 1.309124643210302893e+05 1.252405411241912370e+05 2.294365182213878143e+05 1.278327888144590688e+05 1.259214990319503850e+05 1.261431981464404089e+05 4.565836080447681015e+05 1.350129066538275802e+05 4.446385471360065276e+05 1.706952478774837800e+05
5.254175759169713128e+05 4.938164295704907272e+05 1.938587943077820237e+05 7.904326624801562866e+05 5.325025120134706376e+05 5.246492196914107772e+05 1.638262100409427949e+05 4.460904129110347712e+05 1.587956943053803989e+05 1.611320435394098458e+05 3.253086545654801885e+05 1.639523051984679769e+05 1.410899075611819862e+05 1.776897750861083914e+05 1.863802812455903331e+05 2.654259926639338955e+05 1.516070954698295391e+05 3.241776715031526401e+05 2.974718956673544599e+05 2.246333555977703654e+05 1.779208179821067024e+05 2.393150430603804416e+05 1.772347200766612659e+05 3.051079863728997880e+05 3.240891166858718498e+05 4.012680910873659886e+05 3.077996195898587466e+05 1.567723819447261747e+06 4.064608104641996906e+05 2.750074072795248940e+05 3.465842064170693629e+05 1.476995040145080129e+05 2.276249443939929770e+05 1.032494612089757808e+06 2.703415193084003404e+05 2.768060576841656584e+05 1.548399337288846145e+05 2.979525405224254355e+05 3.227535250013611512e+05 3.309580627367398702e+05 1.687817735959584534e+05 1.427846841197234171e+05 1.372369561169790977e+05 2.627321749479582068e+05 1.408377356032661919e+05 2.557528658039119036e+05 1.470952422150819912e+05 1.735841835770575562e+05 4.351751505387194338e+05 2.885253625516919419e+05 5.899990401319690282e+05 1.350680331290129398e+05 1.378327552773573552e+05 3.093530003191909636e+05 1.488080638369291846e+05 1.631570924849966832e+05 1.392179020467041701e+05 1.499797354880840576e+05 3.272687559688739129e+05 1.847563173337447224e+05 1.690036012103906251e+05 1.987143481935303425e+05 2.900760631393734948e+05 1.309083064300447877e+05 2.323684646873149904e+05 1.343286261047069274e+05 1.364991736990846694e+05 1.260275940913355880e+05 1.317947908167167625e+05 1.372014809543764859e+05 1.415698364880038134e+05 1.238178264788980741e+05 1.791302594376884226e+05 8.499781405334826559e+05 1.257091987703724153e+05 1.262391508889624965e+05 5.783426635218304582e+05 1.301363338489692978e+05 1.409296405976103269e+05 4.189017342926105484e+05 2.959178173669076059e+05 1.278435919881675509e+05 1.390385253060203104e+05 2.184333986029062944e+05 1.269198793325392180e+05 4.588917240057921736e+05 3.061534435451545869e+05 2.065394439568540256e+05 1.284618052098848857e+05 1.975732319929069490e+05 1.346691509514230129e+05 1.269703155598358426e+05 1.261366171136885096e+05 1.268191629135900293e+05 2.664712295505735092e+05 1.265162518356567743e+05 1.259243811020816211e+05 1.300621710252101038e+05 1.507569765667879838e+05 1.230176573390864214e+05
1.337536659635196440e+06 7.096711831198632717e+05 6.925472073994826060e+05 2.254971138518151711e+05 1.109220458980937256e+06 2.997636921357245883e+05 2.583432777807203529e+05 2.090396122599990631e+05 2.353329950671462575e+05 2.906132479689935572e+05 1.251883885048100783e+05 3.704192568308108603e+05 5.501779360570508288e+05 9.873714351872302359e+04 2.756768552638937254e+05 2.734690977576942532e+05 2.859909949067985872e+05 3.114429968069708557e+05 1.933463548955944716e+05 1.837308877953318297e+05 1.929417269348766713e+05 1.694181603809237131e+05 2.455749544568280689e+05 2.476674291577781260e+05 2.459886141277660499e+05 3.182324197507782956e+05 2.431981644552883517e+05 2.411036153981291864e+05 2.643954598421038827e+05 2.779601707360814908e+05 2.088860548291214509e+05 2.074566214725669415e+05 2.645124865751397447e+05 7.667932256926468108e+05 2.499382801355767006e+05 2.893190699801265728e+05 2.476911465756733960e+05 2.138016181878570933e+05 1.769394822809882462e+05 4.904201026707427227e+05 1.682938960298574821e+05 1.844562883259427035e+05 1.787536811786300095e+05 1.582059713565527345e+05 1.608405873134631838e+05 3.072682356147703831e+05 2.518988404673352779e+05 1.475182823817974422e+05 2.474819303127072053e+05 1.511653218472610461e+05 1.426287494399159041e+05 1.363727848274059652e+05 1.418194200899419084e+05 3.984731439169127843e+05 1.443937695739807095e+05 1.467781777863768802e+05 4.635827061799066141e+05 1.275512270840584679e+05 1.307639826378678845e+05 1.298242717394410138e+05 1.087630045556794154e+06 3.348273061378948041e+05 1.591950390827621100e+06 1.333346974092571181e+05 1.330431769333393604e+05 1.391804075992962171e+05 1.664942543399486458e+05 1.687718791004123632e+05 7.129732644906063797e+05 3.185426553254144965e+05 3.637438684071004973e+05 3.216469569280433934e+05 1.302579498656536016e+05 2.300627718680572871e+05 1.284457794313844497e+05 1.302844392108725297e+05 2.009583977548218681e+05 1.300142772610547254e+05 5.419767760344373528e+05 1.882047601386046736e+05 1.278272724955136073e+05 2.145991439002872503e+05 1.568351890450255887e+05 6.161143403764211107e+05 2.561703804731146083e+05 2.429388148577463289e+05 2.712467279723580577e+05 1.710724319219837780e+05 1.444229115251484618e+05 1.574967801757882116e+05 1.403610650678347738e+05 1.531404669224544486e+05 1.587975850902435777e+05 7.217375479740209412e+05 1.533966590928463265e+05 1.303575556779598701e+05 1.292835990542481159e+05 3.187562222292794613e+05 4.439628577258758596e+05 1.489625207674019039e+05
8.436167325398655375e+05 3.658700651642994490e+05 1.146666296696486883e+06 1.904972725352239795e+05 2.503388144552800804e+05 4.733000186628959491e+05 3.023762795311224181e+05 5.136966556216007448e+05 2.563751175952399208e+05 2.561444969133372651e+05 2.500567570822454582e+05 2.827593315043575130e+05 1.901975923129792500e+05 5.730606550423322478e+05 2.235234648830911610e+05 2.224314540175063303e+05 1.842874210448138183e+05 1.733345081894464965e+05 3.472664676813846454e+05 1.983593946390234923e+05 1.879736438140679966e+05 1.613011164204461966e+06 2.181299368109352363e+05 3.179660577278214623e+05 2.023665735495167028e+05 2.884564498684266000e+05 2.224985860587160860e+05 2.453226356418354844e+05 2.228508778287067835e+05 2.374055706341965706e+05 4.575884408781667007e+05 2.049680548784852435e+05 3.026561340480057988e+05 2.533849606555156352e+05 5.971658857630261919e+05 3.229879823243938736e+05 1.804335242081793258e+05 3.097171324409947265e+05 6.272316413720764685e+05 1.869790542617727770e+05 1.860551213205293461e+05 1.169386114469382446e+06 3.214054871795958024e+05 3.566142510449996917e+05 3.384188795211830875e+05 1.842075858664651169e+05 4.171502433667414007e+05 1.880622904170217225e+05 1.895544317453488766e+05 3.028491776753948070e+05 5.688049572437073803e+05 1.873358435297390097e+05 1.753248621506509080e+05 1.745060972334956750e+05 9.353319875408518128e+05 1.748525881489547319e+05 1.593319612782707554e+05 1.847795941804097383e+05 1.690399666940210445e+05 1.544901385291986517e+05 1.625648362515950284e+05 1.742978722557975270e+05 1.687566059644302586e+05 1.656595370728313574e+05 1.585390432066236681e+05 1.604919486132566235e+05 1.595693190285693563e+05 1.494325093058411439e+05 1.424553295894077164e+05 1.219519889616437868e+05 1.424353111341331387e+05 3.400087175198187470e+05 1.231179148296707717e+05 1.368601851080074848e+05 1.297613159463513730e+05 1.449392701855718042e+05 3.809756372218162869e+05 1.304504978504085739e+05 2.873748842124257353e+05 1.371383783042100840e+05 1.600731305874977843e+05 1.287261020551999536e+05 1.565735080913901620e+05 4.034993273687110050e+05 4.264744928838071064e+05 1.346270213275300921e+05 1.448751670715700311e+05 2.452656734531907423e+05 4.313307994120737421e+05 2.748963099009628640e+05 1.343105993985357636e+05 1.317171952087885293e+05 1.366521804159244639e+05 6.185382164281940786e+05 1.382057080023334711e+05 1.733881660938643327e+05 1.263109639994936733e+05 1.248243665258138935e+05 1.267475700886739796e+05 1.723372935669043509e+05
5.734909095629430376e+05 6.334167474450541195e+05 8.262442746456224704e+05 7.448138613007292151e+05 5.908468827503209468e+05 4.851602328955646954e+05 3.885634486633798224e+05 2.465229536015240592e+05 1.270176769670880021e+05 1.333196170231882716e+05 1.311812494857535639e+05 1.381058268330082938e+05 1.335952952919515083e+05 1.385303080347893410e+05 1.314478776871620503e+05 1.322290655498036649e+05 1.293049942946172523e+05 1.355603072288491239e+05 1.280399123640815524e+05 1.364186317710541189e+05 1.265174450494053744e+05 1.172745727099942596e+05 1.972732213422395289e+05 1.293988451452283625e+05 1.241884845620499545e+05 1.640354997324473516e+05 1.417858448907697457e+05 1.694235206642250996e+05 2.378655269985802588e+05 1.276563216796083143e+05 1.271278197746511432e+05 1.475115269562668982e+05 2.521990714036178251e+05 2.241318386806661729e+05 1.272299221572621900e+05 1.438510959611170983e+05 2.317055701999962039e+05 1.320386102783923852e+05 1.276462436127162800e+05 1.278155239293735358e+05 1.485374980301503092e+05 1.500754312307218206e+05 1.417342705211282882e+05 1.347490962725792488e+05 1.250650102032047726e+05 1.376163154819284682e+05 1.296974698322339391e+05 1.798237185541059880e+05 2.029562964983443671e+05 2.304145863525485620e+05 1.317890450335888891e+05 2.237031261593612435e+05 1.308531432405902451e+05 3.964920052372745122e+05 1.204633905602932791e+05 1.355078150024779898e+05 3.449931201332813362e+05 1.716915446432962199e+05 1.377861556911908556e+05 1.371583600452154933e+05 1.371135869939410768e+05 1.651837201441585494e+05 2.058560445501939103e+05 1.315850054825781554e+05 1.289388796022773604e+05 1.301822083283193351e+05 1.343463590967245982e+05 1.799328517192664731e+05 1.434608049225170980e+05 1.325097920305802254e+05 1.120872136164619733e+05 1.288419998244582821e+05 1.203785255270658818e+05 2.901178806919783237e+05 1.389338621031334042e+05 1.766632441196198924e+05 1.067750443648260261e+05 2.214882827992085367e+05 1.188674029215687042e+05 1.240935231047959242e+05 1.262646397703460680e+05 2.708275060896381037e+05 1.229565831522926455e+05 2.541808709401015076e+05 1.256036452464577451e+05 2.677982484532289091e+05 3.054658954260762548e+05 1.523523859557728574e+05 3.641907544916533516e+05 1.178767234389419900e+05 1.448744695004554815e+05 3.667788167552337982e+05 5.198855799785738927e+05 1.287071024208953168e+05 3.467038582203520928e+05 1.324644590867006918e+05 1.127399290726484614e+05 2.779358842470138334e+05 1.624174835322101426e+05 1.299906975216689170e+05
