0.000000000000000000e+00 5.473248205224440222e-01 0.000000000000000000e+00 1.631085667705267639e-01 5.449020853810876419e-01 2.762728299086272821e-01 0.000000000000000000e+00 2.454264530266687394e-01 5.980616110805601071e-01 4.909837502031303980e-01 5.861106633142679767e-01 5.064670879873730547e-01 3.215285154275089874e-01 6.062576317213833610e-01 6.054539499050707319e-01 6.082347359956831179e-01 6.149306412930518606e-01 6.330990210204809898e-01 6.288637650520474409e-01 6.422440715050399263e-01 6.274945247834980977e-01 6.345680875512689223e-01 6.421538938778132977e-01 6.310985373613446914e-01 5.920091955182165133e-01 6.415246296944081550e-01 6.469164848597824813e-01 6.338214316418856464e-01 5.393084747836053294e-01 6.200752192611337366e-01 6.309776820227981364e-01 6.271049920700043634e-01 6.173006181929647784e-01 6.576200372996628962e-01 6.476797166293144503e-01 6.166769205297589762e-01 6.266647421724736988e-01 3.652719011087224299e-01 6.402468040575742814e-01 6.520747935776889381e-01 6.499443007467895494e-01 6.563883519302576852e-01 6.572182582417309682e-01 6.574182818675547990e-01 6.750314939804524794e-01 6.552705946742624077e-01 5.813947074015229921e-01 0.000000000000000000e+00 5.165403557151452274e-01 5.341173854467481386e-01 2.467189062415816037e-01 5.789226776312917933e-01 0.000000000000000000e+00 0.000000000000000000e+00 6.210847386243671941e-01 6.581923992765873477e-01 4.247274704045891913e-01 0.000000000000000000e+00 6.575995030251503559e-01 8.006177561941445475e-01 8.641548836507231268e-01 7.160699837964356052e-01 5.387181143913701842e-01 8.238626786427766246e-01 8.572426262682796283e-01 8.822385285706758618e-01 8.759347536962270864e-01 3.096659516319349437e-01 0.000000000000000000e+00 0.000000000000000000e+00 2.092027557820782258e-01 0.000000000000000000e+00 8.920547776908069881e-01 6.964113847614616937e-01 7.143687315231174173e-01 1.949337775731208033e-02 7.967536015723228893e-01 8.221678587927997439e-01 3.818979217894077349e-01 0.000000000000000000e+00 9.006509692837268988e-01 0.000000000000000000e+00 0.000000000000000000e+00 0.000000000000000000e+00 0.000000000000000000e+00 8.975104622877985161e-01 8.991930357933373141e-01 9.194191724877298633e-01 0.000000000000000000e+00 8.303064824253469922e-01 8.901191130668789642e-01 9.142066829732180544e-01 9.124150056717753587e-01 0.000000000000000000e+00 0.000000000000000000e+00 8.996555517716646744e-01 9.180368199716002486e-01 5.603428702109187753e-01 0.000000000000000000e+00 8.967197690186172743e-01
1.871457905941754651e-01 3.177109340246871416e-01 0.000000000000000000e+00 0.000000000000000000e+00 5.375669580141797521e-01 5.651671258666500774e-01 5.558106094647466966e-01 5.534669807604432057e-01 6.013094900661081210e-01 4.564558933372199756e-01 2.141974397312410294e-01 6.449070947683275268e-01 5.804835917453662342e-01 6.384966901069522027e-01 6.210765743947417317e-01 6.172356754573077309e-01 5.687018043429047376e-01 6.462080523891001738e-01 6.565380294733912381e-01 6.559337527806580193e-01 6.335288800803066112e-01 6.403082831806630182e-01 6.581500937230736481e-01 6.046542265031218388e-01 6.564673965170860770e-01 6.518495350602955263e-01 6.495218637138963080e-01 6.540896264888942380e-01 6.745599478693574680e-01 5.367167029788673105e-01 6.339229897104085021e-01 6.335145308282376098e-01 5.783798800616473113e-01 6.429620289102853103e-01 4.479643832491569388e-01 5.194581400528818227e-01 6.161273194354266458e-01 4.748799309673525371e-01 0.000000000000000000e+00 4.903944258021544766e-02 6.701591807003349777e-01 0.000000000000000000e+00 6.750496779464364439e-01 6.485379503435790838e-01 6.481361712856471557e-01 6.404782475974113432e-01 6.714593961184144311e-01 6.247139860937833689e-01 6.416781419514566709e-01 6.596568888907671235e-01 5.331676134003192624e-01 6.897121395519734133e-01 5.854754615093171743e-01 7.182732124912709626e-01 7.393069894163399880e-01 7.746610725053698632e-01 8.043898776820064267e-01 4.619194329127148113e-01 9.214270781737983196e-01 5.150469511210419293e-01 8.219386418610423739e-01 0.000000000000000000e+00 0.000000000000000000e+00 0.000000000000000000e+00 5.417398071061582110e-01 5.802713217751040986e-01 0.000000000000000000e+00 0.000000000000000000e+00 3.867465464335665404e-01 0.000000000000000000e+00 0.000000000000000000e+00 0.000000000000000000e+00 0.000000000000000000e+00 0.000000000000000000e+00 8.519176930457443842e-01 9.051315232422709744e-01 8.779053018467366520e-01 8.744736039941668482e-01 8.602727924638152723e-01 0.000000000000000000e+00 0.000000000000000000e+00 0.000000000000000000e+00 8.915829841788143195e-01 6.881180118673771995e-01 8.937166932213843618e-01 8.370289833192229301e-01 8.627559552744448190e-01 0.000000000000000000e+00 8.600200724467724767e-01 9.016992068874568611e-01 8.907587680879891501e-01 0.000000000000000000e+00 2.214703148472547678e-01 1.729202698991618992e-01 8.719720098166555688e-01 0.000000000000000000e+00 7.801719275025577049e-01 2.067182941167354793e-01 8.315206023310125483e-01 0.000000000000000000e+00
0.000000000000000000e+00 1.301613851653978249e-01 0.000000000000000000e+00 1.119743266701892087e-01 0.000000000000000000e+00 1.992635793408818745e-01 2.188819138797484520e-01 2.622700627969175580e-01 5.733181813943087901e-01 6.238916255096912389e-01 6.095765147645831883e-01 4.311389574448921125e-01 5.938833810190559115e-01 8.448085045486987132e-01 5.523946215691835082e-01 6.248046585228056449e-01 7.030501404514521990e-01 0.000000000000000000e+00 0.000000000000000000e+00 0.000000000000000000e+00 8.315202312296658960e-01 6.632111738881677487e-01 2.780649401616409611e-01 5.136630214241891812e-01 2.827201900791026512e-01 3.600629989072278159e-01 8.132343360758096384e-01 8.076820414282500638e-01 6.293904815633386551e-01 5.800566396460891117e-01 3.680520532345343820e-02 2.490961505428657130e-01 8.601891709603787239e-01 0.000000000000000000e+00 0.000000000000000000e+00 9.165028107051551576e-01 8.282683938297540349e-01 8.799445037463695662e-01 9.438339300813317623e-01 6.700307796344071587e-01 5.728974452425875108e-02 0.000000000000000000e+00 8.467205423868924274e-01 7.543930013588100447e-01 8.510073814425052063e-01 4.799421862867109811e-01 0.000000000000000000e+00 5.922689664608449256e-01 7.350777947699010939e-01 0.000000000000000000e+00 0.000000000000000000e+00 8.835664528893023562e-01 7.951959655201434884e-01 0.000000000000000000e+00 3.999793401012808336e-01 8.821795234565645849e-01 6.815455596179813558e-01 8.182181034603596137e-01 4.175297433112643564e-01 9.094168778924972552e-01 5.116285510667256675e-01 5.329815060749932831e-01 6.574394346443116488e-01 5.516592224006474643e-01 0.000000000000000000e+00 0.000000000000000000e+00 8.599932294493675133e-01 0.000000000000000000e+00 2.753836710821450096e-01 2.777454837524324649e-01 1.545690918334141351e-01 6.463028069329351810e-01 0.000000000000000000e+00 8.542446221894502978e-01 5.742388838352531222e-01 0.000000000000000000e+00 0.000000000000000000e+00 2.510438604980025357e-01 0.000000000000000000e+00 5.964156529078871172e-01 8.691876364130258770e-01 1.905097315258763857e-01 5.451631551784291707e-01 0.000000000000000000e+00 7.564162459005385752e-01 3.990605550172939830e-01 2.221642898279752587e-01 8.314401970392465424e-01 0.000000000000000000e+00 8.677647101496667181e-01 0.000000000000000000e+00 4.761220380995750401e-01 6.336357572681308170e-01 4.959917010254346059e-01 3.945306755047626734e-01 6.258371397818607296e-02 2.347036187793206385e-01 0.000000000000000000e+00 5.755643959951266542e-01 6.886657574549764904e-01
0.000000000000000000e+00 0.000000000000000000e+00 3.193059276124253776e-01 0.000000000000000000e+00 2.953642623855293192e-01 2.774174301620274674e-01 4.099487303771138236e-01 4.813691946648828712e-01 5.450040764011815364e-01 5.822915356558352462e-01 4.422450929956220356e-01 6.543370273866355724e-01 6.198130980099767484e-01 5.837617154906630246e-01 0.000000000000000000e+00 0.000000000000000000e+00 0.000000000000000000e+00 0.000000000000000000e+00 3.165287906850546840e-01 0.000000000000000000e+00 0.000000000000000000e+00 3.377779919418320009e-01 6.310203586776584883e-01 5.953857229705900034e-01 5.386559549158126403e-01 0.000000000000000000e+00 6.326533283031999799e-01 6.258167755954653355e-01 3.964601860313594628e-01 2.769165051943257572e-01 0.000000000000000000e+00 6.464832858878374333e-01 6.170483929777175192e-01 6.236167631123006316e-01 6.134269386365801546e-01 6.505953362091958514e-01 6.263694692010194354e-01 6.328260141298234220e-01 6.816589929295957528e-01 3.808969686822585854e-01 6.428363492542327196e-01 6.455659233590126389e-01 6.424667323130071050e-01 6.504299487090557941e-01 6.160448112360299433e-01 6.663218690759181717e-01 6.381289286724597387e-01 6.911589400019646501e-01 6.527975753004402470e-01 6.724073126581102677e-01 6.463661415627569573e-01 6.253117066627263965e-01 5.547015730903968045e-01 6.258526487256378390e-01 5.287349315154880047e-01 6.000380968526155545e-01 6.389018090770036684e-01 6.171245924542219097e-01 0.000000000000000000e+00 6.185772068253100331e-01 6.670721122983187534e-01 4.561089445032500134e-01 5.518769351906598342e-01 2.209017721216890995e-01 5.465797727188960176e-01 4.633517913353003559e-01 3.588893599734552242e-01 6.621276816565097034e-01 6.796604884776413780e-01 6.575374053998173096e-01 4.966100795693390024e-01 6.544418016668289706e-01 9.010192255200147882e-01 8.380232875272453086e-01 7.845405325548738817e-01 8.017280914232075562e-01 8.385488907344967879e-01 7.309277684107393647e-01 9.061761735329837419e-01 7.899720955643355635e-01 8.269034830769151911e-01 8.141233712018430824e-01 9.049122023464233333e-01 2.603568188793473070e-02 7.942821903043359999e-01 4.450001493928693597e-01 8.732698749262065574e-01 7.765710074359327697e-01 8.854295053497434065e-01 8.961377584066808621e-01 9.076834635024726428e-01 0.000000000000000000e+00 6.478892651897013577e-01 8.979317860166520227e-01 8.889445773048519905e-01 0.000000000000000000e+00 8.241986490619093164e-01 8.560476799321889985e-01 8.534665463660539020e-01 1.503160075377870386e-01
0.000000000000000000e+00 0.000000000000000000e+00 1.072320534869469766e-03 4.086304237683869856e-01 1.960320752022531032e-01 4.699494475511536429e-01 4.472790209121890737e-01 4.003808099080905514e-01 1.098585464614273977e-01 7.150405486609340278e-01 7.505076939602315367e-01 5.334435891017497156e-01 5.712463844263986346e-01 7.651157273682653859e-01 9.083442713003397895e-01 9.058299359765946690e-01 9.280046021415978563e-01 8.091612513958454933e-01 7.364020080750615094e-01 4.470327023933753363e-01 7.063305526550531788e-01 4.698000792591423003e-01 2.150248565711807558e-01 0.000000000000000000e+00 0.000000000000000000e+00 0.000000000000000000e+00 0.000000000000000000e+00 8.904291063917487703e-01 0.000000000000000000e+00 1.972282121551640344e-01 0.000000000000000000e+00 0.000000000000000000e+00 0.000000000000000000e+00 0.000000000000000000e+00 3.130901037571236500e-01 1.823476975833803471e-01 5.811481724069238464e-01 0.000000000000000000e+00 4.533720411468744604e-01 4.721586138675347155e-01 6.072842217465609371e-01 5.452447356244594090e-01 5.695108052785188280e-01 6.237017453206747941e-01 4.475276897395312758e-01 6.274989779996573702e-01 4.350280377071611970e-01 0.000000000000000000e+00 7.973199022272527969e-01 8.866316263118684260e-01 3.995514293235249981e-01 4.566782758191771929e-01 6.778558226290672950e-01 0.000000000000000000e+00 7.306127033674657545e-01 8.017451620851516747e-01 5.994844136434703818e-01 0.000000000000000000e+00 0.000000000000000000e+00 3.063627785457417319e-01 8.363690414244979721e-01 0.000000000000000000e+00 1.186364617450162834e-01 0.000000000000000000e+00 8.402447001880646305e-01 0.000000000000000000e+00 5.132962495932876790e-01 0.000000000000000000e+00 7.591444593003809915e-01 1.465734195320930466e-01 7.506712259536385545e-01 3.856312941116608606e-01 4.372888798860579684e-01 4.800181692874297967e-01 5.755869713270456156e-01 8.418627020592928112e-01 8.557524069607347350e-01 8.944867285156041792e-01 2.002206033261258178e-01 4.678534671454891991e-01 8.131332728090823192e-01 5.701883744872078275e-01 8.557573549786895439e-01 9.022500449862778105e-01 0.000000000000000000e+00 0.000000000000000000e+00 7.039259396294563764e-01 8.888759235557288640e-01 7.512052407914132646e-01 7.871926701786607916e-01 9.062638771512330216e-01 2.647593178546540568e-02 6.776629736292779649e-01 5.746854424556762098e-01 2.359892066193211846e-01 0.000000000000000000e+00 5.920858897965163292e-01 8.555267773419946709e-01 8.774166850736976331e-01 8.265457413787812291e-01
0.000000000000000000e+00 1.692372127344868998e-02 3.161456285446778147e-01 2.921090850734979205e-01 4.372145668413989217e-01 5.068537137403182902e-01 5.937297450615585115e-01 5.482600577661306263e-01 5.612769323003411470e-01 6.584459851967722210e-01 6.125992589331865634e-01 5.993208816500634750e-01 6.540062523863554578e-01 6.171951017100781867e-01 2.526087175638846993e-01 6.388477519808472005e-01 0.000000000000000000e+00 0.000000000000000000e+00 6.153518413214564831e-01 0.000000000000000000e+00 6.465755664226949806e-01 6.512969651551903105e-01 6.520178913712084690e-01 6.660356262372315594e-01 5.573758530945316370e-01 0.000000000000000000e+00 0.000000000000000000e+00 6.683452373180955863e-01 5.115349098269306172e-01 0.000000000000000000e+00 0.000000000000000000e+00 6.771872835531458218e-03 0.000000000000000000e+00 6.530156591917991582e-01 6.571573976208865409e-01 6.316539523767740194e-01 6.823612403778345215e-01 6.558036199084461559e-01 6.323933099596739105e-01 2.456607880644980924e-01 6.496914570292979807e-01 6.338827870645254992e-01 6.246322200970798599e-01 6.503966732883096347e-01 0.000000000000000000e+00 6.405101623132198885e-01 4.324245452848926585e-01 6.164579707352578763e-01 6.383311789063632613e-01 4.275183690068967701e-01 5.774536111005038608e-01 3.780044192360915156e-01 4.659023940843986383e-02 0.000000000000000000e+00 5.859837466537267670e-01 2.380818161877538974e-01 3.523363596196443237e-01 4.205183770810917432e-01 0.000000000000000000e+00 0.000000000000000000e+00 6.982921263860911720e-01 5.535714457895145602e-01 7.389794306277305269e-01 5.910139635568276706e-01 7.577562928631544903e-01 8.403839868934929180e-01 6.906638908055842130e-01 9.049305100128561818e-01 6.697510929195106266e-01 5.677000162577257184e-04 8.011512762301237212e-01 7.935602744847267687e-01 0.000000000000000000e+00 9.030216883863330102e-01 0.000000000000000000e+00 8.635794291625767949e-01 9.087505035744309900e-01 2.475275515384051939e-01 8.695989404055208816e-01 0.000000000000000000e+00 7.612800238496840732e-01 9.004140829241394917e-01 5.357515920767784712e-01 0.000000000000000000e+00 8.350012855613351270e-01 9.294781218885451723e-01 6.199517662131607265e-01 2.056063353192809917e-01 0.000000000000000000e+00 8.789492099347562259e-01 8.757834680472582622e-01 8.843520744400800160e-01 8.955138133425772917e-01 8.639448402885407940e-01 9.103864420107454780e-01 8.583027391151011321e-01 8.839361935309768548e-01 6.429497825658471166e-01 9.277335744581223231e-01 7.864538073975563259e-01
6.861150541992634411e-01 0.000000000000000000e+00 6.228686227975309686e-01 0.000000000000000000e+00 5.425587659279063057e-01 6.820265069631904487e-01 6.012314350828708021e-01 6.326947679535717128e-01 3.966415927396282903e-01 6.272247341045111835e-01 6.441960645882189862e-01 3.609862681324861877e-01 7.878399946276009036e-01 6.076203158661425130e-01 6.866139381095588412e-01 1.654726060488939388e-01 4.324692011469349340e-01 6.553283627838850656e-01 5.353444938995450819e-01 8.708361922951252110e-01 6.539012307052642914e-01 4.903527232883289622e-01 5.197852040396958584e-01 7.118950781844947395e-02 1.812906308601122396e-01 4.960229353887744552e-01 0.000000000000000000e+00 0.000000000000000000e+00 0.000000000000000000e+00 0.000000000000000000e+00 0.000000000000000000e+00 0.000000000000000000e+00 5.792758424128174877e-01 0.000000000000000000e+00 7.484577610466591757e-02 7.546324854278236849e-01 7.141396228292529180e-02 0.000000000000000000e+00 6.381218777468741221e-01 0.000000000000000000e+00 2.588365403627269079e-01 5.534949370618880149e-01 8.709279780281872219e-01 6.424346938967496756e-01 7.803564885722726885e-01 9.001799179744274237e-01 8.826936225220710641e-01 5.787190666924506566e-01 7.555630839046776348e-01 3.202979433621436223e-01 4.525107381152222025e-02 0.000000000000000000e+00 0.000000000000000000e+00 0.000000000000000000e+00 0.000000000000000000e+00 8.747420339682162593e-01 8.899365312043459042e-01 7.217483292013943119e-01 8.604530240178197564e-01 8.939825254860073178e-01 7.898872834440787138e-02 5.959408905851215632e-01 8.177283733832806378e-01 9.177022102574050599e-01 2.764741833142764782e-01 0.000000000000000000e+00 6.100815836973220163e-01 3.550889729330264366e-01 5.228124014244586171e-01 6.189544931943655737e-01 4.340278268027052411e-01 0.000000000000000000e+00 9.037158953053952004e-01 8.592928375078618952e-01 6.102073870538234912e-01 8.951544635386079474e-01 9.290555611552030468e-01 4.670744017185017860e-01 0.000000000000000000e+00 8.955023092008322916e-01 8.960470859776586972e-01 2.463030562575906635e-01 9.401544602296739717e-01 4.584781173502452956e-01 5.257544929003984402e-01 7.451896725002769839e-02 7.550611074831605762e-01 2.107756843022491888e-01 0.000000000000000000e+00 0.000000000000000000e+00 6.197605253192067787e-01 4.236188979069225868e-01 5.936336298127860012e-01 6.691862766699672171e-01 4.127989124195426962e-01 0.000000000000000000e+00 6.881815938980967440e-01 3.740938460208311778e-01 0.000000000000000000e+00 0.000000000000000000e+00
3.559605662957690542e-01 0.000000000000000000e+00 0.000000000000000000e+00 4.096118631297268053e-01 2.992265615006178825e-01 5.341246837732315234e-01 5.866770876696467685e-01 5.934336680371865569e-01 4.733085023151241688e-01 6.024989935824484055e-01 5.245858947599172373e-01 5.927058764462560525e-01 5.685730321756303773e-01 6.377495393957733905e-01 6.589109751840770413e-01 6.480266963883966058e-01 6.413208950551182452e-01 6.363779488186955824e-01 5.882514232824236355e-01 6.010889321657717499e-01 4.381877801228888369e-01 6.440489847545117774e-01 6.508834345546156142e-01 6.432251397650331493e-01 6.378285839826017822e-01 4.335478690610871100e-01 3.880695536593504191e-01 0.000000000000000000e+00 0.000000000000000000e+00 6.544366062479764490e-02 0.000000000000000000e+00 0.000000000000000000e+00 0.000000000000000000e+00 0.000000000000000000e+00 0.000000000000000000e+00 0.000000000000000000e+00 3.008682829329170638e-01 6.434487901765912898e-01 1.104515896071475017e-01 2.756259384112581534e-01 6.400951473072589160e-01 3.518309814357832299e-01 6.470302892727435307e-01 3.564740777841434172e-01 0.000000000000000000e+00 6.222916839039981385e-01 2.799235703310348211e-01 6.181897770194471065e-01 6.153891988570153737e-01 6.244783367386848028e-01 7.684534128796934871e-01 6.980641464588225320e-01 8.437574218346447497e-01 7.752707920178533163e-01 5.181682845473952748e-01 6.768545911959081840e-01 4.070907861315183340e-01 0.000000000000000000e+00 7.355509489868313766e-01 1.272676914900787160e-01 0.000000000000000000e+00 6.934251322252750205e-01 7.378881452677935604e-01 8.600255152665228220e-01 0.000000000000000000e+00 0.000000000000000000e+00 6.619528929222554536e-01 8.867248964503169351e-01 8.553794501073896939e-01 0.000000000000000000e+00 8.966825351835072677e-01 8.853593671952337818e-01 8.409427418210417837e-01 0.000000000000000000e+00 6.055736919395774409e-01 7.466283241831987993e-01 0.000000000000000000e+00 4.581604236724332035e-01 0.000000000000000000e+00 6.399698387525528664e-01 2.163418952503066706e-01 0.000000000000000000e+00 7.958147151653945928e-01 8.652806814358949827e-01 0.000000000000000000e+00 2.189334351167030734e-01 6.222966319219529474e-01 2.340205294381007550e-01 0.000000000000000000e+00 8.812683459501833294e-01 8.994881850643426935e-01 8.979860905137062588e-01 9.319038876908988245e-01 0.000000000000000000e+00 8.214988867653072457e-01 8.847510083876878317e-01 7.727836707928598114e-01 3.083136583248808904e-01 5.192947317599236889e-01 0.000000000000000000e+00
0.000000000000000000e+00 1.011069175232235384e-01 3.122718252878442513e-01 0.000000000000000000e+00 1.635315759179961081e-01 3.594927089128218678e-01 3.037535649777129421e-01 4.839516889359556373e-01 4.571493889787011100e-01 4.120886553672395980e-01 0.000000000000000000e+00 7.079412561997979747e-01 5.985350126983881580e-01 5.511377013082087162e-01 7.775839904117346491e-01 5.845934773088693470e-01 6.813163426862239858e-01 8.630204268341302720e-01 6.674615213113636036e-01 7.902396596352428970e-01 3.430794220790818749e-01 8.814863061410933565e-01 2.100110299775552192e-01 0.000000000000000000e+00 7.362822660405546893e-01 8.587885107778162608e-01 0.000000000000000000e+00 7.900529956578969948e-01 0.000000000000000000e+00 0.000000000000000000e+00 4.994229040762089289e-01 0.000000000000000000e+00 0.000000000000000000e+00 8.103403640744805125e-01 5.853591830873787760e-01 6.511914486723036077e-01 5.358593351677447547e-01 2.858025269389495304e-01 5.459717850126967198e-01 5.445495391018062570e-01 9.072183498147190495e-01 4.349226139996111851e-01 3.556011855666875721e-01 1.477447854701176289e-01 0.000000000000000000e+00 0.000000000000000000e+00 8.820730173700869203e-01 8.695709841040760724e-01 0.000000000000000000e+00 0.000000000000000000e+00 8.616458674462795786e-01 8.974453958516925844e-01 5.860001988134264650e-01 6.010476162158489011e-01 8.691478048684895263e-01 4.849413543771453616e-01 8.325470686557412403e-01 5.761636009694561800e-01 0.000000000000000000e+00 8.699790718849004234e-01 0.000000000000000000e+00 8.669215678901642796e-01 0.000000000000000000e+00 3.978765252458162927e-01 7.943860986813873204e-01 7.408130423813402698e-01 9.062983895764679110e-01 6.622785962041318752e-01 8.453675068771452361e-01 8.602464442682058454e-01 2.529977245504707040e-01 8.970532654287726171e-01 0.000000000000000000e+00 4.506158095953628484e-01 9.188105662792861450e-01 6.124618277344912043e-01 6.045187745116085143e-01 2.020998450828127568e-01 2.555946763115052311e-01 0.000000000000000000e+00 0.000000000000000000e+00 0.000000000000000000e+00 8.621792637818098681e-01 4.279122003109887551e-01 1.620916563054733070e-03 9.195062576037347224e-01 0.000000000000000000e+00 5.349795775753766192e-01 8.869577006950914999e-01 1.224665600870082222e-01 9.028397250260442597e-01 0.000000000000000000e+00 1.008353795753963306e-01 6.439910929444402354e-01 2.000693486022692147e-01 9.283409436620772004e-01 1.589816569327477391e-01 7.815887924439222090e-01 8.688089893390328333e-01 8.178051913620293378e-01
0.000000000000000000e+00 4.936738020144961769e-01 0.000000000000000000e+00 4.972909577650353463e-01 4.659427281620085459e-01 2.551887842136483786e-01 6.620879738124222369e-01 5.884860211837068533e-01 6.418675273386776903e-01 3.726803828418105979e-01 6.627903449611097786e-01 5.865147926807284806e-01 5.305391025622666623e-01 6.639222040682762893e-01 6.152819505678445156e-01 6.823400876010775606e-01 6.390812984283149589e-01 4.855742367986798369e-01 4.435340671354103675e-02 6.565403797819197029e-01 5.919484585978209701e-01 6.053732972124070688e-01 1.080550712296737409e-01 7.936080228579909246e-01 8.465288066911429432e-01 6.632166167079180941e-01 7.328443831655413465e-01 7.942912204371035401e-01 8.735400367065400129e-01 8.525725632220656491e-01 8.476440899381607608e-01 6.533746378944218502e-01 7.352426874682456148e-01 8.303223160828024918e-01 6.897577850176066505e-01 0.000000000000000000e+00 6.687676743509889388e-01 6.413942494212985235e-01 0.000000000000000000e+00 0.000000000000000000e+00 0.000000000000000000e+00 8.643267035742044913e-01 1.423714853720739471e-01 3.049838587170682902e-01 0.000000000000000000e+00 0.000000000000000000e+00 0.000000000000000000e+00 7.352771998934806152e-01 0.000000000000000000e+00 0.000000000000000000e+00 2.863401909399658773e-01 0.000000000000000000e+00 9.114685735374660203e-01 8.309095221135914811e-01 0.000000000000000000e+00 0.000000000000000000e+00 0.000000000000000000e+00 8.502476132855415480e-01 3.048129356218412522e-01 6.659585608575850912e-01 0.000000000000000000e+00 1.969582823131721672e-01 7.693488804290682381e-01 0.000000000000000000e+00 5.996379259005188977e-01 8.782970611683100781e-01 8.195272253107578342e-01 3.742529247980788676e-01 2.384022467379972310e-01 8.574724617022813078e-01 3.053240349514625973e-01 6.403554130516827536e-01 2.259348959853384742e-01 9.075216633153498913e-01 0.000000000000000000e+00 1.872413028032597349e-01 6.813612459491640294e-01 5.039703181273677002e-01 0.000000000000000000e+00 8.928570988021821142e-01 0.000000000000000000e+00 9.748591159621328162e-02 5.746046660625636626e-01 3.215634144166466118e-02 0.000000000000000000e+00 8.154963224838585045e-01 8.900862087474793460e-01 9.217420195166230457e-01 5.021340468141071156e-01 9.058713756269664019e-01 8.834047764026284888e-01 0.000000000000000000e+00 0.000000000000000000e+00 8.876699678796887705e-01 8.654068558937431099e-01 0.000000000000000000e+00 1.247911543847417537e-01 8.902285879641295141e-01 4.728854467799865069e-01 0.000000000000000000e+00
5.220718068370699960e-01 0.000000000000000000e+00 4.986083366203956646e-01 0.000000000000000000e+00 3.514341194706939175e-01 6.149738127497077489e-01 1.832225999331303090e-01 5.582003784364789611e-01 5.272187351136803368e-01 4.769927346340633867e-01 6.443280529671640000e-01 5.820291670037806009e-01 3.554316231763981482e-01 6.459811857658713796e-01 6.435274636620730293e-01 6.546608751617789546e-01 6.612122983348668326e-01 6.403890595737755653e-01 6.623967301328033130e-01 6.431996574725658000e-01 5.840251974467576268e-01 6.492251063370555464e-01 6.643117367817700236e-01 5.052782338983893284e-01 6.287431571143985432e-01 5.992007685142100026e-01 2.901912951644316507e-01 6.491831718848883881e-01 5.866965086401194629e-01 6.321507333794385008e-01 6.496434612551361676e-01 6.268857948746056064e-01 6.323930625587761423e-01 2.157176563976370004e-02 5.345371010697662628e-01 6.120970351107717367e-01 5.221548716884866215e-01 6.363470237064778878e-01 6.582199844766855046e-01 6.779946145327001572e-01 6.855233949523150683e-01 6.606665319544494652e-01 6.406603346581488667e-01 6.839733046275169315e-01 4.068411586256973633e-01 8.072422863325149356e-01 8.712582582266718001e-01 9.114396276324302493e-01 7.169400927537918911e-01 8.339750666375040922e-01 4.788384690316624948e-01 0.000000000000000000e+00 0.000000000000000000e+00 3.236422468475863568e-01 0.000000000000000000e+00 4.736780574061252302e-01 0.000000000000000000e+00 0.000000000000000000e+00 0.000000000000000000e+00 0.000000000000000000e+00 0.000000000000000000e+00 0.000000000000000000e+00 0.000000000000000000e+00 5.536375559481578057e-02 0.000000000000000000e+00 8.601142084883630634e-01 0.000000000000000000e+00 3.061146663704194526e-01 7.702375444537550297e-01 5.565756967410118161e-01 6.719106553558945594e-01 3.972910510213114449e-02 2.381473155754309234e-01 0.000000000000000000e+00 0.000000000000000000e+00 0.000000000000000000e+00 6.054831432110041600e-01 4.037011464315645726e-01 8.459294780163646443e-01 4.168787078488581099e-01 0.000000000000000000e+00 8.117745470786870143e-01 7.937403823382824797e-01 2.265361420170743101e-01 7.520012531798958566e-01 0.000000000000000000e+00 0.000000000000000000e+00 5.638073486824393132e-01 7.296563751972466871e-01 0.000000000000000000e+00 7.993497028927714076e-01 5.795161923849732055e-01 8.153564172761857964e-01 2.342775944334100913e-01 4.572219856796320980e-02 8.316104088568926356e-01 3.837144938061856081e-01 7.377348804116428127e-01 8.770382854006022466e-01 5.227922305200146530e-02
1.286255435860538809e-01 0.000000000000000000e+00 5.953969797114372353e-01 0.000000000000000000e+00 3.345087127786293690e-01 6.069550548521160938e-01 6.426954544429689387e-01 5.957387640516669247e-01 6.411839586582184225e-01 6.482336472393572802e-01 6.055372003071606279e-01 6.009545934782981602e-01 6.451715663280129798e-01 6.729436778044134426e-01 6.194971670635610606e-01 6.473053990710317951e-01 5.517356692780495120e-01 5.464594121821448880e-01 6.657384977590441455e-01 6.942124855823368357e-01 6.439705586699276951e-01 0.000000000000000000e+00 4.747604363337434852e-01 0.000000000000000000e+00 0.000000000000000000e+00 0.000000000000000000e+00 0.000000000000000000e+00 6.257499773530751375e-01 0.000000000000000000e+00 6.537817360716551285e-01 6.891208514063715818e-01 6.517289271226466285e-01 4.310497539587002103e-02 2.289532024003386457e-01 0.000000000000000000e+00 4.032161478966549417e-01 0.000000000000000000e+00 1.732777641963981208e-01 0.000000000000000000e+00 3.277489780496433726e-03 3.117375011989474420e-01 6.728412538327485093e-01 5.847224968770414755e-01 0.000000000000000000e+00 0.000000000000000000e+00 5.335124902517706103e-01 6.619986620883375750e-01 5.953797853490442327e-01 6.358216679001241767e-01 4.793174990199141616e-01 4.869989257934354554e-01 7.147428016805023043e-01 7.550893111855030426e-01 7.400208647067726409e-01 7.305325454765976279e-01 7.926138423504174302e-01 8.434936924776524902e-01 8.020634433400959384e-01 6.281466735499441345e-01 7.117194390096545087e-01 7.823771354045748749e-01 8.775794748644113463e-01 7.005862749108463516e-01 8.613416880425066591e-01 3.970973361183799955e-01 2.574781393460098822e-01 0.000000000000000000e+00 8.715764157811671797e-01 0.000000000000000000e+00 8.330434785570591805e-01 8.419092134280682371e-01 3.581864012476355108e-01 8.843383436902553241e-01 8.146784151159257581e-01 0.000000000000000000e+00 8.689767271477014665e-01 8.585972698838622019e-01 8.825320697358459698e-01 8.968448301724255556e-01 8.275140684925407220e-01 3.357334709228977920e-01 6.916069830277741248e-01 2.774319649647697950e-01 2.779901632402986267e-01 0.000000000000000000e+00 0.000000000000000000e+00 0.000000000000000000e+00 0.000000000000000000e+00 8.546900675058335395e-01 6.524060633797645892e-01 7.677893888701557978e-01 4.597685604328640152e-01 8.334093844848186050e-01 8.454703019501567107e-01 0.000000000000000000e+00 4.342123878724202801e-01 9.130947396383196635e-01 1.984235759802695509e-01 0.000000000000000000e+00 0.000000000000000000e+00
0.000000000000000000e+00 1.080709203496852955e-01 0.000000000000000000e+00 6.195267314708411410e-01 6.186104822460561925e-01 6.012934090077549643e-01 5.200084833499074577e-01 5.400683666410178718e-01 6.433370886712610481e-01 6.381655440053254358e-01 5.059270736778281874e-01 6.517865715318202913e-01 6.584701067843020672e-01 6.448445023411989441e-01 6.727771770002335394e-01 6.403754525243997575e-01 6.401797584142864261e-01 6.501202027850836451e-01 6.488462118621647345e-01 5.135248480228007395e-01 6.588016239872753754e-01 4.576958047864750356e-01 6.959852367151022623e-01 6.421180207476407942e-01 7.217195069968075360e-01 6.836816189690798629e-01 6.878779092961192498e-01 7.197159308264494681e-01 6.001632817068726089e-01 5.530627895437583152e-01 4.415496799971834196e-01 7.373168965949088438e-01 8.496926930719077564e-01 8.480652899665653832e-01 8.975262959452540157e-01 8.400351516276777231e-01 8.407482847154170713e-01 7.181874880802036065e-01 3.075508904320322090e-01 0.000000000000000000e+00 1.274063983496529981e-02 0.000000000000000000e+00 9.290858523026201965e-02 3.776864163071572689e-01 0.000000000000000000e+00 0.000000000000000000e+00 0.000000000000000000e+00 0.000000000000000000e+00 8.971890885216325939e-01 0.000000000000000000e+00 0.000000000000000000e+00 0.000000000000000000e+00 0.000000000000000000e+00 0.000000000000000000e+00 8.246697003712087914e-01 0.000000000000000000e+00 8.352532633756846181e-01 7.246089020815282833e-01 9.044395429312884760e-01 8.960987927652865892e-01 0.000000000000000000e+00 3.222232171483666030e-01 8.898217371877938930e-01 6.708082369555592450e-01 8.679381381789833538e-01 8.217255059876382717e-01 0.000000000000000000e+00 3.098441421285331177e-01 9.232104675451666687e-01 7.463741197607696165e-01 9.065135046570539368e-01 8.150951155405025683e-02 8.946088208586394641e-01 2.405506606714267470e-01 4.004922949376352181e-01 0.000000000000000000e+00 1.941918918622970724e-01 8.890284462091863071e-01 8.343905764452607121e-01 5.088794632161364184e-01 2.925713845760397613e-01 8.540230746855229649e-01 8.986278484424472524e-01 5.026892144286386754e-01 7.586696969776154376e-01 0.000000000000000000e+00 4.349123159372426661e-01 0.000000000000000000e+00 2.535793640610605748e-01 6.499856166967123983e-01 0.000000000000000000e+00 8.850644653251260596e-01 4.390424265241362617e-02 5.045100541109025505e-01 2.866550704325661059e-01 8.527910182147712126e-01 5.541042854730248157e-01 0.000000000000000000e+00 0.000000000000000000e+00 8.158070580114216153e-01
3.874269452900235000e-02 3.458367050844088353e-01 0.000000000000000000e+00 6.927875801117956422e-01 6.585965286430478516e-01 4.009261433369368244e-01 5.816865167604089448e-01 6.535990305086731844e-01 7.454130909734935084e-01 8.992611947406650152e-01 6.309090282736748989e-01 5.150883598463014135e-01 8.233370754355252563e-01 7.073803983646184124e-01 4.532569378792002945e-01 3.672098851160667810e-01 5.293244878548055699e-01 6.565153922912478901e-01 6.704643497076988590e-01 7.581111894509643401e-01 8.817419949689090375e-01 5.653498932798565191e-01 4.005745866612464567e-01 7.565289060843476132e-02 0.000000000000000000e+00 2.564738154016290017e-01 0.000000000000000000e+00 2.942525046013042545e-01 0.000000000000000000e+00 0.000000000000000000e+00 0.000000000000000000e+00 0.000000000000000000e+00 0.000000000000000000e+00 0.000000000000000000e+00 5.950427016258716950e-01 0.000000000000000000e+00 6.953734142949880015e-01 0.000000000000000000e+00 5.821943071030230010e-01 4.664102849336274059e-01 4.957511964277178454e-03 0.000000000000000000e+00 5.708955081031770185e-01 1.911191727123499051e-01 8.178291892491102999e-01 8.972688753111541793e-01 8.299162075091600643e-01 8.443770373830378206e-01 2.988600370706140930e-01 9.097919376534731040e-01 5.640971788341433424e-01 8.032019822715014135e-01 5.020601976461314120e-01 0.000000000000000000e+00 8.619467069379329605e-01 8.258056415931880334e-01 0.000000000000000000e+00 3.936908422322675793e-01 4.014358819616206109e-01 5.793486401269778430e-01 9.117757217520118251e-01 0.000000000000000000e+00 8.806234955102205664e-01 8.310865374559254226e-01 8.838768173155189256e-01 8.975337179721862846e-01 8.903425160775393365e-01 0.000000000000000000e+00 5.408849133040130042e-01 4.653936837196961385e-01 7.944640299641758663e-01 4.380702646964617086e-01 2.946042468276679482e-01 2.610614475612267893e-01 4.800432804785504937e-01 5.435064350667044852e-01 8.168961167632788900e-01 3.929713385714113660e-01 5.953698893131346148e-01 0.000000000000000000e+00 5.344672103161544063e-01 0.000000000000000000e+00 5.660907971183672949e-01 4.305041576664001002e-01 0.000000000000000000e+00 0.000000000000000000e+00 7.851970108370304180e-01 5.737941807215630741e-01 8.341886973127037308e-01 2.952043177051395517e-01 0.000000000000000000e+00 1.601465595223188487e-01 0.000000000000000000e+00 7.922835621519327409e-01 0.000000000000000000e+00 8.042808975865513021e-01 0.000000000000000000e+00 7.986345905978501358e-01 9.016421809805273968e-01 5.503784279530405943e-01
0.000000000000000000e+00 4.277873247078537999e-01 0.000000000000000000e+00 1.530982007210053564e-01 7.424310751776806716e-02 4.191119029774323379e-01 2.558790636434588595e-01 2.966269347173765558e-01 4.187349877097234496e-01 3.825414733746573259e-01 4.410682687752910391e-01 3.011324761665925553e-01 0.000000000000000000e+00 4.475945498321459159e-01 4.659833637594625322e-01 4.815130892120316752e-01 5.075461579279839652e-01 5.911059966907874497e-01 6.757474721785158289e-01 6.520011918106108917e-01 6.473219749311804883e-01 6.417020161380887489e-01 6.364973197518557502e-01 5.047637637315363079e-01 5.922188059288278073e-01 5.913936620846360626e-01 6.358824048205197199e-01 0.000000000000000000e+00 6.599208656486571511e-01 6.363454156006426166e-01 6.477668017453194205e-01 5.929230325842484994e-01 6.210168270779371502e-01 0.000000000000000000e+00 0.000000000000000000e+00 6.448640470121205226e-01 4.745813799340032335e-01 3.727108440773450049e-01 6.730268045060545656e-01 6.908254435918093073e-01 7.295373753654331717e-01 2.941039403622106030e-01 6.823379846934467530e-01 6.984670388207943059e-01 3.994590869384430643e-01 6.255313986599206899e-01 9.108280526132136456e-01 7.812852315423935989e-01 8.846464815083920907e-01 8.731308356216759270e-01 7.702228241003394871e-01 7.622556492899269509e-01 7.525982315461456906e-01 7.350977105421692137e-01 2.271458769921138807e-02 3.209085906279936506e-01 8.201375324003734590e-02 4.290989205672294249e-01 0.000000000000000000e+00 0.000000000000000000e+00 5.336268513167515826e-01 3.027397779489934826e-01 0.000000000000000000e+00 0.000000000000000000e+00 2.883736098436139872e-01 0.000000000000000000e+00 7.635609364264100973e-01 0.000000000000000000e+00 0.000000000000000000e+00 0.000000000000000000e+00 0.000000000000000000e+00 8.653313986199320240e-01 0.000000000000000000e+00 7.960501171195953907e-01 8.969070514982074860e-01 2.836804998575197592e-02 0.000000000000000000e+00 6.193909083779811642e-01 2.400627242508564241e-01 0.000000000000000000e+00 8.843427969064147076e-01 2.911371706467211218e-01 8.271213195673764451e-01 9.134715312055796677e-01 0.000000000000000000e+00 8.130320858419061159e-01 0.000000000000000000e+00 7.985765750873298208e-01 8.694816723799914104e-01 0.000000000000000000e+00 3.537881080875903694e-01 8.762547667574555055e-01 9.098612099048406510e-01 8.507166853876590995e-01 0.000000000000000000e+00 5.280044803649067697e-01 8.877028721990883886e-01 9.006279610002368985e-01 7.647386884001076135e-01 4.470945526178106699e-01
0.000000000000000000e+00 0.000000000000000000e+00 2.919341726387947866e-01 0.000000000000000000e+00 7.754045895158630242e-02 1.935113074551668144e-01 0.000000000000000000e+00 0.000000000000000000e+00 4.078774591361112867e-01 5.564057323242634912e-01 6.271826759518951411e-01 6.518191047498732571e-01 6.318341839307785035e-01 6.353537091020464711e-01 6.468827146372407855e-01 6.472037173020601664e-01 5.758868212151080357e-01 5.834974913318753398e-01 3.370446338307023226e-01 6.659024008537978156e-01 0.000000000000000000e+00 6.394232064689934214e-01 6.623592488967955383e-01 1.546681217740131578e-02 6.707437890216976228e-01 2.496125844543445882e-01 5.860048375802591192e-01 0.000000000000000000e+00 0.000000000000000000e+00 0.000000000000000000e+00 5.457898835026323558e-01 2.268788850357826847e-01 3.165718384412616881e-01 4.681681301623039082e-01 5.844987227650344508e-01 4.647042392679154865e-01 5.337739930006831779e-01 0.000000000000000000e+00 6.476470597108126004e-01 6.489028666677475465e-01 6.831826113583356896e-01 2.917947622329175594e-01 0.000000000000000000e+00 6.293017883414984137e-01 6.343382521172672428e-01 6.180261213255912045e-01 0.000000000000000000e+00 6.642044884925991655e-01 6.599303905832201167e-01 6.439731563793540392e-01 5.736751808897495586e-01 6.365830441629231062e-01 6.657798137089669943e-01 5.297474815397188452e-01 0.000000000000000000e+00 2.375286741680726621e-01 6.599448635357380022e-01 8.626176581726074932e-02 5.092344525792830146e-01 6.146252248847902111e-01 6.649666069580912886e-01 5.491470518347576490e-01 6.450400727508635024e-01 6.605992389102638418e-01 0.000000000000000000e+00 1.115440655839048389e-01 3.225622182284966222e-01 6.485860698181897810e-01 6.617009151079058515e-01 6.565713048941373975e-01 6.042357478845924446e-01 6.382319711463689815e-01 6.353816654034912803e-01 6.478267964630216591e-01 6.570604164689719529e-01 4.637125327693194521e-01 0.000000000000000000e+00 6.425691562846720384e-01 6.436314957395732339e-01 4.704703810664601638e-01 6.308066043020099656e-01 9.152997001394391763e-01 0.000000000000000000e+00 5.539722352438554154e-01 0.000000000000000000e+00 3.036546046186164305e-01 5.391004724788293068e-01 0.000000000000000000e+00 2.503253773658495329e-01 5.968090203352958145e-01 0.000000000000000000e+00 0.000000000000000000e+00 5.637816189890743068e-01 1.052058710595577956e-01 0.000000000000000000e+00 2.578092854476366491e-01 0.000000000000000000e+00 9.506937693985663407e-02 0.000000000000000000e+00 6.468218540163964692e-01
1.293767686807673345e-01 0.000000000000000000e+00 1.850850029662147178e-01 1.172321060115437963e-01 2.301502825691722487e-01 1.537270010277271282e-01 1.101972537529913726e-01 2.368333384824145571e-01 2.796221432622492675e-01 6.908395454429805405e-01 3.310899106978543172e-01 2.134485108261097441e-01 4.106553382661752745e-03 3.618265962067768182e-01 3.670694077938180255e-02 0.000000000000000000e+00 9.095581438051074663e-01 6.122984194415330705e-01 3.194254840962588715e-01 6.417497645113527938e-01 0.000000000000000000e+00 4.973458807643339474e-01 0.000000000000000000e+00 7.981530247503966224e-01 6.672875984802514315e-01 3.779302298918813530e-01 5.386036296259403278e-01 5.253183869679048934e-01 4.380200113891080105e-01 0.000000000000000000e+00 3.226168319766730130e-01 0.000000000000000000e+00 5.109583729598566881e-01 0.000000000000000000e+00 6.148163420782953859e-01 0.000000000000000000e+00 0.000000000000000000e+00 5.333138891811087801e-01 5.941355443840786732e-01 8.721935573205829018e-01 0.000000000000000000e+00 8.214578182162821651e-01 7.097073275083244370e-01 0.000000000000000000e+00 0.000000000000000000e+00 8.089905447764039748e-01 5.998316408034504166e-01 8.471118069066703171e-01 8.413811362118394088e-01 7.198622684574633723e-01 8.919947829731047495e-01 8.936950456428319756e-01 8.985006843810081634e-01 8.444366609993935180e-01 8.515746717010259648e-01 0.000000000000000000e+00 5.153697783674821009e-01 0.000000000000000000e+00 9.077583022740394192e-01 8.550558497331440799e-01 8.567822131975829647e-01 8.462689120480656468e-01 8.806969735768497287e-01 8.205671749844134499e-01 0.000000000000000000e+00 8.644277668409318105e-01 0.000000000000000000e+00 4.928572862766131824e-01 8.647148755827606115e-01 0.000000000000000000e+00 4.343277076158799654e-01 8.513218279835343960e-01 2.643647520791469335e-02 0.000000000000000000e+00 0.000000000000000000e+00 9.117650835134089027e-01 5.225382812297613144e-01 9.010683345982164472e-01 8.998855109061152380e-01 9.099226890279293878e-01 8.020992236949317511e-02 7.706674035135805401e-01 9.186282318176508532e-01 5.744504116028219531e-01 8.805308438740164778e-01 8.685103764554590322e-01 2.781860119759730909e-01 8.908651504740179305e-01 8.879940630557299208e-01 8.803643430698365746e-01 8.695558926493138774e-01 7.259289095714270834e-01 9.098237286688327652e-01 2.371450172259003120e-01 8.794111074108392767e-01 1.383168939092159211e-01 8.903300223322033746e-01 6.382363006620794810e-01 5.169105911586150404e-01 0.000000000000000000e+00
5.236288243870049763e-01 0.000000000000000000e+00 0.000000000000000000e+00 0.000000000000000000e+00 4.690665355973392958e-01 4.156392602762863375e-01 0.000000000000000000e+00 5.880088467021882259e-01 6.428451319861024915e-01 6.645869702805072832e-01 6.587173839815945176e-01 5.361883165115163274e-01 6.638688891748130150e-01 6.397067278978050275e-01 6.550505315757215730e-01 5.351797249016493341e-01 6.299863466255486433e-01 6.012963778185278496e-01 6.942624605636805724e-01 6.099557803408205414e-01 5.151729091031045371e-01 1.923308340715941256e-01 6.658445090437263847e-01 5.080468354947880183e-01 6.711934401533424799e-01 2.804802842011772102e-01 4.377329335723914583e-01 0.000000000000000000e+00 0.000000000000000000e+00 0.000000000000000000e+00 0.000000000000000000e+00 0.000000000000000000e+00 6.362384147123694156e-01 0.000000000000000000e+00 0.000000000000000000e+00 0.000000000000000000e+00 6.464344242105335425e-01 6.323592923362344465e-01 3.380937373375743626e-01 5.046000771125681572e-01 9.795022123104930867e-02 6.010341328669220884e-01 6.648109917934119650e-01 6.961112874725013944e-01 6.584803739215583374e-01 6.913482016887366743e-01 6.898691154215902399e-01 6.407226796843796812e-01 5.976777685877144863e-01 0.000000000000000000e+00 5.972011507582157819e-01 0.000000000000000000e+00 6.376875654708892283e-01 4.572118267802685598e-01 4.392978679510541329e-01 6.796056891787917165e-01 3.305850582409009530e-01 6.342418894675970753e-01 6.052264647795975172e-01 6.087563807885706391e-01 4.035296976094298049e-01 0.000000000000000000e+00 6.164078720534652556e-01 4.437846997073784383e-01 5.891471382326960438e-01 6.177400021873533653e-01 1.599198475246511597e-01 1.814796451459866067e-01 6.399745393696100182e-01 3.566986250239558842e-01 6.486928233055651027e-01 6.590022661153436268e-01 6.716584301406473001e-01 6.275687450528204536e-01 6.532406703082949129e-01 6.363346536615908100e-01 6.422361546763122320e-01 5.613786140693128868e-01 6.306695442046612587e-01 6.320888831550032227e-01 6.292499578534216376e-01 0.000000000000000000e+00 3.563277710782416507e-01 6.771101563232749809e-01 6.679866297168195466e-01 9.120636963969827038e-01 6.658240984696627285e-01 7.273137360965341580e-01 8.752082609600096985e-01 8.473126964356363366e-01 9.024654074677617155e-01 9.083171809020370580e-01 8.321691637844413902e-01 8.945582273750514180e-01 9.105625914499372309e-01 8.824161624152541128e-01 9.223206902164400312e-01 9.001943909269451982e-01 8.950699761320293213e-01 8.195326681305080685e-01
0.000000000000000000e+00 2.376250522802990095e-01 5.785908743710303781e-02 4.467611799081042806e-02 2.789277507925138067e-01 1.873491850572310546e-01 3.608245066017536778e-02 1.996162493206121158e-01 3.563444397137269792e-01 4.880859434878863645e-01 5.447399140926182382e-01 6.246183656468063949e-01 6.109222519478469948e-01 7.861110334537357858e-01 5.030412659061246350e-01 6.138898257162541672e-01 7.670097049409241308e-01 7.639874555741161810e-01 8.434805802300722188e-01 8.827875111627638827e-01 2.520087703868620355e-01 5.803167816900640652e-01 4.937183032509774305e-01 6.385190798881977825e-01 1.145685879464607704e-01 6.781929063522398327e-01 6.664344364843904911e-01 0.000000000000000000e+00 0.000000000000000000e+00 4.050835917230308225e-01 0.000000000000000000e+00 4.286344872319445276e-01 0.000000000000000000e+00 6.060155499429434878e-01 6.575035114768267297e-01 4.058167333583749814e-01 0.000000000000000000e+00 4.464218077266275952e-01 0.000000000000000000e+00 0.000000000000000000e+00 0.000000000000000000e+00 1.920673985031679243e-01 7.510193190167606669e-01 7.230765009209185745e-01 2.416686807908758616e-01 6.289961245323389960e-01 0.000000000000000000e+00 7.069724342842430564e-01 8.438320132053137579e-01 0.000000000000000000e+00 7.645958143816620201e-01 1.848637028631851253e-01 3.711685468808256227e-01 4.812077346539944678e-01 5.850168420951291637e-01 0.000000000000000000e+00 6.264285980155795963e-01 9.058428008232772832e-01 3.061949093053462079e-02 8.042035848060071768e-01 7.132024836911649013e-01 5.597389646195322088e-01 0.000000000000000000e+00 9.026468760262549296e-01 0.000000000000000000e+00 0.000000000000000000e+00 8.285559973733782613e-01 8.226707011174589912e-01 0.000000000000000000e+00 2.629344579078018995e-01 8.887695411697000836e-01 0.000000000000000000e+00 5.656934094263702528e-01 8.374208663412452402e-01 7.976376886804015243e-01 8.474893406766236259e-01 6.792212281837016752e-01 3.114441455844506601e-01 8.448374504537344842e-01 4.526036448836021076e-01 4.143335711133442900e-01 0.000000000000000000e+00 6.732573821427494387e-01 7.668135160290152630e-01 4.496909631893813986e-01 0.000000000000000000e+00 8.768331900563747228e-01 8.742168018623114323e-01 0.000000000000000000e+00 8.542054091471582566e-01 0.000000000000000000e+00 8.860045887365430861e-01 8.943415041886300099e-01 8.832309772719652008e-01 7.839273494298220069e-01 8.770189881305784363e-01 5.592343904885888062e-01 5.399141121812760513e-01 1.641665148594930734e-01 4.347799873820633043e-01
0.000000000000000000e+00 2.307895510263796857e-01 2.311340413139283678e-01 1.656161294946961182e-01 5.159629220198169719e-01 5.467817137016773854e-01 4.904404269065782418e-01 5.542928049571037574e-01 6.085352043859899585e-01 5.040014597153708031e-01 5.832523170422136971e-01 5.365388217333912912e-01 5.836362832355082020e-01 5.712824431072444087e-01 6.336707644951612428e-01 6.437013864931852014e-01 5.903683090639472164e-01 6.480375820278972965e-01 6.391456226617276970e-01 6.877205623251557709e-01 6.645217801439523564e-01 7.443058482556522693e-01 7.361653691163718705e-01 4.392312552593373165e-01 7.466101402172148349e-01 2.421466747878681935e-01 8.143597627596348421e-01 6.672017503687351914e-01 8.010761900576591765e-01 8.715129574508965193e-01 7.268893198564588820e-01 5.677072527339845909e-01 1.198034981673304009e-02 5.030943643238023136e-03 6.217502470392912706e-01 0.000000000000000000e+00 8.193531787791967780e-01 6.573074462653667460e-01 0.000000000000000000e+00 0.000000000000000000e+00 0.000000000000000000e+00 7.354951600843906423e-01 0.000000000000000000e+00 0.000000000000000000e+00 8.520074067962878084e-02 0.000000000000000000e+00 2.737877497410401775e-02 3.486945874797798828e-01 6.103249024802506195e-01 0.000000000000000000e+00 2.405786169728715007e-01 0.000000000000000000e+00 4.356558793354042280e-01 5.558353495545208522e-01 4.564366269923083586e-01 8.555726702085256763e-01 8.601226201188862941e-01 9.191405990768730661e-01 7.219450129150987161e-01 0.000000000000000000e+00 0.000000000000000000e+00 0.000000000000000000e+00 7.116902457037210805e-01 5.651086774045587235e-01 0.000000000000000000e+00 8.974967315379739352e-01 4.186588810085557499e-01 0.000000000000000000e+00 0.000000000000000000e+00 8.965891413446098746e-01 8.814354652566075421e-01 3.261530103208701986e-02 2.738055007554531239e-01 7.465289927227557465e-01 8.990767573713988048e-01 5.996867875778227885e-01 8.942667891175121175e-01 8.527766689627022112e-01 0.000000000000000000e+00 2.964963070433691006e-01 0.000000000000000000e+00 0.000000000000000000e+00 9.021206543167591407e-01 7.665414987419486570e-01 1.053414467515200424e-02 8.961146264227420888e-01 3.673154634491779258e-01 8.775224489574819930e-01 4.583891767275072859e-01 0.000000000000000000e+00 7.389481344141662911e-01 5.420183186667903996e-01 8.548435797628820554e-01 4.735729738748096218e-01 5.081735356795438197e-01 2.049920543527454231e-01 7.835273021781743452e-01 1.483048392523795556e-01 9.275251392017752616e-01 9.006706376550972504e-01
0.000000000000000000e+00 0.000000000000000000e+00 3.340380325706765463e-01 0.000000000000000000e+00 0.000000000000000000e+00 4.570122670311279611e-01 4.409786787251964157e-01 4.753149545209184312e-01 5.028853724154352944e-01 6.203549059760302686e-01 6.450539272011369674e-01 6.173404497375011291e-01 5.466676000375941813e-01 6.369892764370144178e-01 6.392550975589782469e-01 6.650548053781361046e-01 6.387251648360163792e-01 5.858007936898470547e-01 6.681353176563621377e-01 6.278296292994887118e-01 6.619801070210069582e-01 4.147115378348685821e-01 4.924811750618219852e-01 6.353120220507770810e-01 6.600039923502981631e-01 6.777639131955564000e-01 1.897929647374514694e-01 6.699550749596983046e-01 2.869626515986830051e-01 6.322348496846705856e-01 0.000000000000000000e+00 0.000000000000000000e+00 0.000000000000000000e+00 0.000000000000000000e+00 6.419693328080982031e-01 4.947812612081229910e-01 5.104918057918288454e-01 0.000000000000000000e+00 0.000000000000000000e+00 6.190565460646838547e-01 0.000000000000000000e+00 4.974485985245648972e-02 1.471984315125681453e-01 6.617855262149334727e-01 6.483964370300709934e-01 6.565022800436676187e-01 6.381849649757981302e-01 6.240588685165644467e-01 2.841860713233321789e-01 6.421451111459434147e-01 4.719326131474479991e-01 6.263145462017208898e-01 6.519188073116630733e-01 4.798920566798061116e-01 0.000000000000000000e+00 6.794664024733633179e-01 0.000000000000000000e+00 6.703537615064084632e-01 6.248246979955226488e-01 6.671777524816543403e-01 6.421354625109315650e-01 6.787505479757488525e-01 6.540982855203152369e-01 6.304050726449758058e-01 6.727704971759945751e-01 6.733335816192538292e-01 7.867524202811301270e-01 6.177284980456084762e-01 6.330833110634744854e-01 7.870699593333810862e-01 8.434020304450392524e-01 8.757097425797313317e-01 8.284313073209166323e-01 9.017470789611697901e-01 8.665596203767687022e-01 7.571207199568570356e-01 8.647479036026091137e-01 8.484168466422558064e-01 8.106889519393980503e-01 8.916053739600598993e-01 5.525403406979531029e-01 1.738033364785373236e-01 0.000000000000000000e+00 7.191460428585022546e-01 1.302110199705071858e-01 8.393064322833806434e-01 8.736235345095276772e-01 8.507008517302037109e-01 9.049280360038787219e-01 3.571839328099876698e-01 7.864235007875830519e-01 7.527036243285835093e-01 8.923930984184682558e-01 0.000000000000000000e+00 8.273217142945469282e-01 8.927972277849287597e-01 8.619855488788783493e-01 8.993407341292888324e-01 8.593528322255641339e-01 9.477379162476897712e-01
0.000000000000000000e+00 3.802648439259734281e-02 0.000000000000000000e+00 1.668060041123829718e-01 6.419458761104811229e-02 1.580184788501724780e-01 1.521886313204593999e-01 0.000000000000000000e+00 1.271457846977167017e-01 7.670608396139759477e-02 1.072473923426069398e-01 1.001311451886976178e-01 2.348765674693979455e-01 2.286680264780234506e-01 4.134007151032984551e-01 5.919506852059006619e-01 6.543017727587073784e-01 5.234031947682649122e-01 6.757950968513309897e-01 2.177420606310736528e-01 7.270417188094675520e-01 3.978018101746984003e-01 6.262166991466642241e-01 6.845059587603539164e-01 6.059388556646436719e-01 0.000000000000000000e+00 0.000000000000000000e+00 6.254387470237166013e-01 6.485827299060702433e-01 0.000000000000000000e+00 8.680911556342363333e-01 0.000000000000000000e+00 0.000000000000000000e+00 0.000000000000000000e+00 7.830950928098202590e-01 5.098973942098931067e-01 7.442057745925159118e-01 2.488604548000987737e-01 8.830907009629458404e-01 4.616745678741753234e-01 7.922321027652025061e-01 0.000000000000000000e+00 6.925735783352494623e-01 8.186432619031280833e-01 7.693738679197401620e-01 6.194183698776305480e-01 6.350167490793228176e-01 5.007149088769946577e-02 6.210201669900566879e-01 5.646896421340092953e-01 0.000000000000000000e+00 8.423928821831524472e-01 0.000000000000000000e+00 4.765928420079768024e-01 4.495181845874212656e-01 8.218513093441397466e-01 8.762451181224435448e-01 8.466476828225076856e-01 9.108844600178986894e-01 8.085475734689980820e-01 0.000000000000000000e+00 8.097660228903741375e-01 8.721576841904103983e-01 0.000000000000000000e+00 8.412393754974335502e-01 8.849869051436841660e-01 9.135934998481661795e-01 6.928799843471020736e-01 8.398362413058937381e-01 8.657631131864905738e-01 0.000000000000000000e+00 9.109696896271706201e-01 5.039527835887402940e-01 7.565718610652178988e-01 2.984355589803144304e-01 2.545317338169157395e-01 5.326051474593043178e-01 8.735097300965667388e-01 0.000000000000000000e+00 7.960409632863789664e-01 2.899974565610513033e-01 5.483955716078684484e-01 3.254128950727209757e-01 8.953914735986441276e-01 6.079075483084201981e-01 2.123679874052245287e-01 0.000000000000000000e+00 0.000000000000000000e+00 3.709050030745066895e-01 8.562368179185122496e-01 5.260122846358448179e-01 8.902770785400867526e-01 0.000000000000000000e+00 3.609247271591730644e-01 6.501778471942574189e-01 8.279373714285761521e-01 0.000000000000000000e+00 8.802429929294943722e-01 8.854426175973236779e-01 1.456158698199413737e-01
2.975235774210155393e-01 0.000000000000000000e+00 5.439325212628394191e-01 0.000000000000000000e+00 5.695001670399159055e-01 1.261296164353564453e-01 5.903316937310815193e-01 0.000000000000000000e+00 2.059560519507944720e-01 5.933200491748988892e-01 6.134281756410688846e-01 5.884686412706404690e-01 6.565670990788757821e-01 5.946339953428030345e-01 5.857751876969308213e-01 3.432856307273492447e-01 5.847821204933971728e-01 0.000000000000000000e+00 0.000000000000000000e+00 0.000000000000000000e+00 0.000000000000000000e+00 0.000000000000000000e+00 0.000000000000000000e+00 0.000000000000000000e+00 0.000000000000000000e+00 6.028958246224254136e-01 4.953319756064951673e-01 2.609960718739986474e-01 6.592021660407185735e-01 3.076539019808292585e-01 6.844268523233011312e-03 6.463745531932800770e-01 4.719556214309379438e-01 6.014752486675948306e-01 6.457425675999999282e-01 4.781583948888838420e-01 6.540484342394202733e-01 6.604096061221450542e-01 6.495594686503529669e-01 6.569135840361625123e-01 6.656682359040856367e-01 6.628114977378666284e-01 6.760740413635343282e-01 6.494175842354983352e-01 1.266753518906615639e-01 6.465795248370588277e-01 6.786444129906177292e-01 6.884280051922471166e-01 6.629913581905245712e-01 4.990522975313924636e-01 6.117491894485473924e-01 6.901685942083061187e-01 6.671959364476383048e-01 6.887647178140730020e-01 6.323277487217724424e-01 6.320855432428836851e-01 6.802380458734185176e-01 4.425040598853327567e-01 6.632656020856708690e-01 6.187986306287884819e-01 6.659521284342437841e-01 7.242710761556625521e-01 7.975891981044441748e-01 7.165843302628398526e-01 8.454282437975406683e-01 6.822405087397367396e-01 7.226567852979004503e-01 0.000000000000000000e+00 7.996902502285123671e-01 7.750185668026060570e-01 8.641062693743170042e-01 6.580633797084153302e-01 7.934256883963555218e-01 0.000000000000000000e+00 0.000000000000000000e+00 8.603429306183248970e-01 8.376123546360969563e-01 7.747352927746922191e-01 8.290794976729989330e-01 7.113722118496745850e-01 1.217522905013948692e-01 0.000000000000000000e+00 9.161480378177940809e-01 8.951531028336704443e-01 7.087818007498741801e-01 0.000000000000000000e+00 0.000000000000000000e+00 2.671733630394771963e-01 0.000000000000000000e+00 4.857316765449800067e-01 7.183116833308696991e-01 0.000000000000000000e+00 0.000000000000000000e+00 4.219016264254756288e-01 6.237703990697980316e-01 8.479036134798914048e-01 0.000000000000000000e+00 6.279663182954907663e-01 8.186186455138028117e-01 9.076329937193334807e-01
1.064150893349368188e-01 0.000000000000000000e+00 0.000000000000000000e+00 0.000000000000000000e+00 0.000000000000000000e+00 2.856586014666885331e-01 3.134240640439622250e-01 4.427752421943694783e-01 5.467652615419775763e-01 5.795302942361444387e-01 6.488870330102920470e-01 5.434007948833688983e-01 4.563178127111681137e-01 6.491014058881848792e-01 6.100896242264985947e-01 6.569640538193017854e-01 6.179329748875915795e-01 5.760240050129056266e-01 6.688423894221067201e-01 6.175177124807328388e-01 6.498371761580675754e-01 6.625762194841147146e-01 5.205105834718734004e-01 6.655904283217459749e-01 6.503975391914517123e-01 2.785343524399928605e-01 6.614071265418380863e-01 0.000000000000000000e+00 6.221775083896905478e-01 6.479511154141366358e-01 6.503313594513059348e-01 6.309784242254913300e-01 0.000000000000000000e+00 4.162365169685460775e-01 6.244711621126503021e-01 0.000000000000000000e+00 6.761031109690189833e-01 0.000000000000000000e+00 0.000000000000000000e+00 6.789675185630679177e-01 6.446060078757762657e-01 6.576364894593627053e-01 6.734261095550090337e-01 6.041677126377136275e-01 6.539092712344408698e-01 5.324454501798123740e-01 6.611383254664421338e-01 6.638892997488766712e-01 6.215366163640916319e-01 6.481929497916788518e-01 1.390357017550472307e-01 6.657524759097666056e-01 6.504535754947901038e-01 6.425790523205816562e-01 6.439768673928201181e-01 6.516247713446975398e-01 6.509825186141610098e-01 6.621334955776065900e-01 6.670923991719335255e-01 6.676818318108022066e-01 6.574623192273527650e-01 4.448390604833275530e-01 6.757352258340776352e-01 6.505021897711962264e-01 6.694937959858596743e-01 6.386159373396634864e-01 6.668824795102000769e-01 0.000000000000000000e+00 6.657491359976470680e-01 6.740973081905812236e-01 6.689686875804037314e-01 1.473833636836297811e-01 6.352103402818054523e-01 0.000000000000000000e+00 6.629321056755155261e-01 6.973846598931759955e-01 0.000000000000000000e+00 3.452509834590062887e-01 2.020192851654857569e-01 5.747637448398112969e-01 3.052656174144834367e-01 6.384566111615180839e-01 7.006802872519880543e-01 6.803464074666292216e-01 6.217739975254744644e-01 5.808227165259450819e-01 6.284943955117195946e-01 6.300687311244964617e-01 2.818299488736927816e-01 6.456004357842475283e-01 4.726377057060107689e-01 0.000000000000000000e+00 6.510937253176957151e-01 0.000000000000000000e+00 6.802014305405527095e-01 5.972644853880375582e-01 6.206383037043929907e-01 6.406668907819390579e-01 5.024492974080539964e-01 6.305629144177348211e-01
0.000000000000000000e+00 0.000000000000000000e+00 4.308309742523163677e-01 0.000000000000000000e+00 5.174865713736690465e-01 4.233024412335992248e-01 6.963485449334353428e-01 6.330192342309594045e-01 7.491370929867446904e-01 8.414526350712866476e-01 5.970710178860039186e-01 6.647084441212982586e-01 6.344200181139707517e-01 5.329426641340478943e-01 7.744554823593468029e-01 8.010900445079326415e-01 3.159588408668831394e-01 2.708925407352223980e-01 0.000000000000000000e+00 0.000000000000000000e+00 5.847697504485100950e-01 6.257894377962649468e-01 2.810729021266043515e-01 5.361144054933161263e-01 0.000000000000000000e+00 1.416908545772753714e-01 4.807724636995308054e-01 0.000000000000000000e+00 0.000000000000000000e+00 0.000000000000000000e+00 7.900987648239792271e-01 8.104022297614719983e-02 0.000000000000000000e+00 7.330669202730596412e-01 6.955430076103896742e-01 5.127895107044890821e-01 8.307840898584366585e-01 3.887201252450734335e-01 7.381074661636412015e-01 0.000000000000000000e+00 8.478563599084228963e-01 7.779661010982961145e-01 6.732891731581092110e-01 5.450543606336474278e-01 8.008411592048049199e-01 8.383486197077751889e-01 5.218626293780297409e-01 2.411836745246881755e-02 6.121463915898710528e-01 1.793271490977443872e-01 8.040521754565894685e-01 9.185477028254360743e-01 0.000000000000000000e+00 8.190822747961700179e-01 0.000000000000000000e+00 0.000000000000000000e+00 9.134324418637365106e-01 2.855005122930318051e-01 6.052665437250316360e-01 0.000000000000000000e+00 0.000000000000000000e+00 8.576780518483042570e-01 5.599473998758792703e-01 8.916445870023519404e-01 9.024537796255678312e-01 0.000000000000000000e+00 3.357324813193068302e-01 3.967121947708212026e-01 8.716894779914349245e-01 8.898942256508320936e-01 0.000000000000000000e+00 2.896313341575064149e-01 9.135780372920573322e-01 8.688449861696542209e-01 4.497320317384064237e-01 8.509390987947285101e-01 8.712121179592431375e-01 8.056195838442296031e-01 8.815652270274728641e-01 9.080784390357167224e-01 5.044532137546464678e-01 4.669315277000561371e-01 7.345718599340200772e-01 8.643834820802360763e-01 8.650750912898719225e-01 0.000000000000000000e+00 0.000000000000000000e+00 7.936671516725510855e-01 8.668811178433836195e-01 0.000000000000000000e+00 9.028488788592606840e-01 0.000000000000000000e+00 0.000000000000000000e+00 4.932363663021773204e-01 8.406240894647508677e-01 5.296594686703472998e-01 0.000000000000000000e+00 0.000000000000000000e+00 8.029555709773511518e-01 8.576478689387798671e-01
5.599881591737821962e-01 0.000000000000000000e+00 4.498731430254556685e-01 0.000000000000000000e+00 3.925524579264231262e-01 5.794919470969945863e-01 3.237549688816197535e-01 6.110650022658438152e-01 5.944087986756340092e-01 5.119324830696009299e-01 6.836159340307295107e-01 6.324815083797187265e-01 6.239370235744268189e-01 6.483357001096755612e-01 6.693430051386862756e-01 6.569910205171555218e-01 3.469485865690827286e-01 6.383912973245143840e-01 6.480634354217111870e-01 6.431181388767600593e-01 6.201291526568413204e-01 5.461387806186720484e-01 4.785866149177618323e-01 2.392298336660541591e-01 0.000000000000000000e+00 0.000000000000000000e+00 0.000000000000000000e+00 6.464655967236488943e-01 2.506999577875860252e-01 6.306756055266559136e-01 0.000000000000000000e+00 6.601458767651527948e-01 1.142456911185180807e-01 5.466834955452740674e-01 0.000000000000000000e+00 4.900456369240075438e-01 4.991306617657519928e-01 5.632545313764363536e-04 0.000000000000000000e+00 6.601904089267462972e-01 5.610243359837472354e-01 3.649672887533784160e-01 6.540308687756807293e-01 6.181312667071312550e-01 5.400503682257071780e-01 6.473823407502293792e-01 5.534590639317155114e-01 5.106006003366105883e-01 6.500489513265341746e-01 6.060756683610946105e-01 6.543148850062877608e-01 4.705014298791267424e-01 1.003206929327577351e-01 4.236242788764484346e-01 6.767303959452420914e-01 0.000000000000000000e+00 0.000000000000000000e+00 0.000000000000000000e+00 6.708615518490225194e-01 1.194967983669117106e-01 0.000000000000000000e+00 6.552411539674312113e-01 6.587687196678757573e-01 6.218546502181381275e-01 4.958934828690312879e-01 6.363349010624885782e-01 6.283539955022514611e-01 0.000000000000000000e+00 6.502394500177950398e-01 0.000000000000000000e+00 6.404125626590609910e-01 6.660766947862565290e-01 6.206175220289826822e-01 5.646075668861836316e-01 6.415857377161503505e-01 4.503451220881216632e-01 8.579076398814082793e-01 8.482204103294491704e-01 9.035090681548834102e-01 8.336106451151311658e-01 8.176430200735599341e-01 8.900994446955085015e-01 8.411618153159916567e-01 9.015512611506074636e-01 7.123369516504168830e-01 8.254580433318615684e-01 9.128714603281080642e-01 8.080506687658847165e-01 0.000000000000000000e+00 8.919702902842283621e-01 9.163687194185793361e-01 9.012712033343642792e-01 8.110726707317948980e-01 8.950134450268953934e-01 9.320713780986696895e-01 7.483856127598553787e-01 3.406635213875256474e-01 4.430147262633830629e-01 7.963251032174348820e-01 0.000000000000000000e+00
5.663004075289785888e-01 0.000000000000000000e+00 5.772847599877953817e-01 0.000000000000000000e+00 4.366348446877665879e-01 6.031267733604669390e-01 6.090071215984315112e-01 5.253346535769314318e-01 5.628195387479827394e-01 6.328884828565031206e-01 6.197116636419027769e-01 5.065299587405115433e-01 6.635342794606179373e-01 6.679503854853005018e-01 6.587025399277299798e-01 6.581465064100563422e-01 6.770803445150971323e-01 6.253780101033210581e-01 5.067383630717463561e-01 6.623765669596374250e-01 5.013144694901146003e-01 6.602299930703848796e-01 4.833569990280099371e-01 6.592659954723358862e-01 6.573091780716509014e-01 6.079059402025849268e-01 6.598306880214304115e-01 5.264486998194605194e-01 3.068262222774356673e-01 6.570987636081219163e-01 2.586239611413426731e-01 6.377720528774678543e-01 0.000000000000000000e+00 4.884217283563457856e-01 0.000000000000000000e+00 5.436984800135761242e-01 0.000000000000000000e+00 6.564975794266104669e-01 2.711754436617895836e-01 0.000000000000000000e+00 0.000000000000000000e+00 2.432824845781205239e-02 0.000000000000000000e+00 0.000000000000000000e+00 0.000000000000000000e+00 6.036701894323558415e-01 7.036932590851306957e-01 6.055682491198272066e-01 6.039950268110901854e-01 0.000000000000000000e+00 0.000000000000000000e+00 0.000000000000000000e+00 3.979416535321466664e-01 0.000000000000000000e+00 0.000000000000000000e+00 4.978579387724340055e-01 6.455983328766167206e-01 0.000000000000000000e+00 5.064000114189729507e-01 8.574043027549535512e-02 0.000000000000000000e+00 6.440230076602488918e-01 8.756086793130040125e-01 7.993039337266892863e-01 8.082943586501598610e-01 8.912115117308557766e-01 8.942204014491856867e-01 8.626843327145486962e-01 8.906354387404651352e-01 8.291984975048125595e-01 9.122645859259486123e-01 8.909209393764585538e-01 7.191633609213441414e-01 7.847405561806977126e-01 8.490376991951376073e-01 8.725665141739279429e-01 8.991110223957360370e-01 8.975241930376232080e-01 7.992648443848461293e-01 0.000000000000000000e+00 7.207614470203042023e-01 3.550895605101585528e-01 8.310110801821142257e-01 6.595417237728685711e-01 7.719782571702629159e-01 4.701874472147807849e-01 9.051181635937929348e-01 6.868818732818127160e-01 7.848011694006443717e-01 4.859486780574113207e-01 0.000000000000000000e+00 9.291331213366449404e-01 0.000000000000000000e+00 0.000000000000000000e+00 9.083285613433331740e-01 7.661737373074561930e-01 0.000000000000000000e+00 2.675220127546191207e-01 7.674813747524679153e-01 8.896881407030136080e-01
1.679242252450615369e-01 0.000000000000000000e+00 6.527082635763555851e-01 0.000000000000000000e+00 5.359253912074417592e-01 6.399975476530999074e-01 1.790752022085070616e-01 6.420463981877446713e-01 6.450870789214343537e-01 5.740198103403032492e-01 6.510681193247795928e-01 5.411681254817024556e-01 6.593845005023539763e-01 6.389317445856302902e-01 6.378436754373639772e-01 6.183666686613321639e-01 6.817768794573694224e-01 6.507698775425523330e-01 4.799099623197801701e-01 6.455989513788611411e-01 2.733460772883474776e-01 6.830691780467212926e-01 7.846688099203527056e-01 7.278205368355572524e-01 3.848600218129523132e-01 5.598722518531903392e-01 6.619775093115807252e-01 6.582710727620690871e-01 6.962431521509975241e-01 2.724210453316927016e-01 8.326245051367342498e-01 0.000000000000000000e+00 0.000000000000000000e+00 0.000000000000000000e+00 5.403838646358624098e-01 0.000000000000000000e+00 2.547203460763313165e-01 8.721899700075657069e-01 0.000000000000000000e+00 0.000000000000000000e+00 0.000000000000000000e+00 0.000000000000000000e+00 7.401260100883126913e-01 0.000000000000000000e+00 8.275981847977728068e-01 1.827080215283844733e-01 7.648541009189039341e-01 8.679220571206301971e-01 5.852220611398056827e-01 9.069739177277506004e-01 2.181215890707649263e-01 8.913537672470569495e-01 8.466982763060957318e-01 9.352617363754928137e-01 8.986065719652415185e-01 8.584062763908059113e-01 8.477350097680806940e-01 9.081781415975064276e-01 8.574170439011872258e-01 4.631373256820708884e-01 0.000000000000000000e+00 0.000000000000000000e+00 0.000000000000000000e+00 8.983501409347326438e-01 8.529907944396972752e-01 5.008832188002393382e-01 0.000000000000000000e+00 0.000000000000000000e+00 5.473647139172047593e-01 6.492656955468412150e-02 0.000000000000000000e+00 0.000000000000000000e+00 6.874818204588354353e-01 8.892597660485744848e-01 8.473554967909455726e-01 4.346223311599776151e-01 0.000000000000000000e+00 2.898761064207092120e-01 8.031198451734513633e-01 1.446788698448583654e-01 7.279822133222312308e-01 1.594374776242800107e-01 7.884046871766955400e-01 4.913798390404142680e-01 0.000000000000000000e+00 7.019061587002962677e-01 0.000000000000000000e+00 8.361572662560314839e-01 9.696381838919855556e-02 0.000000000000000000e+00 4.344812817231528679e-01 6.674232978726625243e-01 8.875466385321647556e-01 5.173647573566436675e-01 0.000000000000000000e+00 0.000000000000000000e+00 9.006288269033789762e-01 5.646585314711183301e-01 7.185543836115539928e-01 0.000000000000000000e+00
0.000000000000000000e+00 6.515272953909874154e-01 0.000000000000000000e+00 5.234555819083616113e-01 3.749928390329986816e-01 6.706058630212068383e-01 6.914576765859872243e-01 6.456177538470894151e-01 4.600028800081372715e-01 3.385665823033824906e-01 3.615822568951450600e-01 5.720224191923887203e-01 6.672018740691840755e-01 5.586207744119658924e-01 6.058972923138231659e-01 6.281808148738324826e-01 5.272639476277426462e-01 6.161735834033041925e-01 5.629575884489224080e-01 2.911497880925059678e-01 5.016060314481027849e-01 0.000000000000000000e+00 0.000000000000000000e+00 6.368914293819576411e-01 0.000000000000000000e+00 6.260775361416847096e-01 4.497052505912259648e-03 5.034381278712138919e-01 3.392029901877097742e-01 0.000000000000000000e+00 1.689960741719696846e-01 6.630396013655841525e-01 0.000000000000000000e+00 0.000000000000000000e+00 6.374854389374345898e-01 4.953962998399079054e-01 6.346364938994943916e-01 0.000000000000000000e+00 6.434245448886126706e-01 4.586633896975413349e-01 6.025897897119194546e-01 5.277992613202303618e-01 6.514053267484009035e-01 6.388607405279785878e-01 0.000000000000000000e+00 6.204249204300910092e-01 2.981940338538944801e-01 7.450402578205973514e-01 7.522425927556425362e-01 8.858698789477229552e-01 6.816539212111920598e-01 6.388776874894738222e-01 5.895320940295816214e-01 0.000000000000000000e+00 8.561849874304354735e-01 8.744315458415509168e-01 9.061435166144818920e-01 8.479626185940027927e-01 8.657117775002092230e-01 8.718823269912243656e-01 8.799865155113172077e-02 8.955443673534483340e-01 8.726046139121801382e-01 8.496006599379479773e-01 4.195155066169850566e-01 0.000000000000000000e+00 0.000000000000000000e+00 8.830732591996550696e-01 8.458724521094352911e-01 9.084010498063713746e-01 8.724014977751344269e-01 6.998577101921103771e-02 9.006643289322048274e-01 8.615513603033423395e-01 6.825394927246570820e-01 9.330729806331754528e-01 0.000000000000000000e+00 7.673279861958682835e-01 4.653632224841617315e-01 8.871087389431625558e-01 8.019663384877324663e-01 0.000000000000000000e+00 5.545107032977893979e-01 0.000000000000000000e+00 8.519158375390112337e-01 1.175728543605141369e-01 6.754077907459169472e-01 0.000000000000000000e+00 2.814970709657818038e-01 9.079949412327289471e-01 0.000000000000000000e+00 8.989982075863659494e-01 9.120232463502020437e-01 0.000000000000000000e+00 5.260240361784875862e-01 2.337325393305737520e-01 8.150761120590448439e-01 0.000000000000000000e+00 0.000000000000000000e+00 6.510370705121130142e-01
0.000000000000000000e+00 0.000000000000000000e+00 1.194751275945251795e-01 4.113809650992505396e-01 2.822927431780301033e-01 4.009875606098011191e-01 2.284455512207295980e-01 1.893941699528485512e-01 4.186059372164391279e-01 5.089251396068819044e-01 5.377687752965122359e-01 6.123516106345474608e-01 6.396526708016485596e-01 5.810117308118194490e-01 5.813070037832737125e-01 5.231593811835408836e-01 6.244998606167883048e-01 6.689824183302283123e-01 6.490344839453459080e-01 6.327654009098768739e-01 6.635089208685994722e-01 0.000000000000000000e+00 0.000000000000000000e+00 6.487044511477589870e-01 5.997116513680458283e-01 6.975778799943119779e-01 6.236205978262157057e-01 6.934306987454742499e-01 8.179922264407217813e-01 7.403325898379266023e-01 6.882335480866224042e-01 4.424807114256084084e-01 1.989893045206233835e-01 4.691876692618958677e-01 3.229845315609410350e-01 0.000000000000000000e+00 0.000000000000000000e+00 0.000000000000000000e+00 4.893517083309553706e-01 0.000000000000000000e+00 0.000000000000000000e+00 7.852122259922414971e-01 5.183837088791035663e-01 0.000000000000000000e+00 0.000000000000000000e+00 8.840285977662831751e-01 7.854002506745249024e-01 8.369080042802274910e-01 3.241470065292030855e-01 8.917227656860381435e-01 7.822898028876722476e-01 8.325307401964903153e-01 9.292187220472634124e-01 0.000000000000000000e+00 5.270015171254635034e-01 8.698343423597216795e-01 8.716750050389171500e-01 0.000000000000000000e+00 9.353900137409717486e-01 8.801831219122410177e-01 8.504168354995966794e-01 8.400018762069314526e-01 6.616825919789169619e-02 8.318454397097468922e-01 9.085347699916005437e-01 1.912353119712833505e-01 8.906909802420079902e-01 7.812024759420991282e-01 2.389867622840233241e-01 9.076007079021781720e-01 4.294182842011012302e-01 8.278871490463346472e-01 8.637722781623662360e-01 7.146113081033528269e-01 0.000000000000000000e+00 3.489186399177968689e-01 5.755147302649050722e-01 0.000000000000000000e+00 8.731025082188844655e-01 9.055877304977060227e-01 2.105269381621263924e-01 4.713636529328673989e-03 8.792930971826166120e-01 9.278597489159703393e-01 6.480784031760246089e-01 0.000000000000000000e+00 3.921390819514096182e-01 4.064467088193610689e-01 0.000000000000000000e+00 5.530104024036616162e-01 8.383562891356051150e-01 5.486272006983786698e-01 8.969082885026962160e-01 4.900667587756522003e-01 8.657877295758158454e-01 9.278050733175695619e-01 9.363839468476474748e-01 5.448124025556564387e-01 5.172547876575976922e-01 8.949017435215652627e-01
