1.064501488249877248e+01 3.518123376163942773e+00 9.923171887315552553e+00 5.650666767358779374e+00 3.134938487513311500e+00 3.094178475388164706e+00 3.591120516020676057e+00 3.509238127798869566e+00 2.692962662721502198e+00 3.091041129519199071e+00 3.153333520992048555e+00 3.047678590026394740e+00 2.418004511759198838e+00 2.409244415112610227e+00 2.404625845417894148e+00 2.519805747270583929e+00 2.677312937789949832e+00 2.465965722347127631e+00 2.834926952370281583e+00 2.386543254862571573e+00 3.126173328942265517e+00 2.918567573870050058e+00 1.087406521871172060e+01 2.481422745051054868e+00 4.808442830217295239e+00 2.446583089951810841e+00 2.475022901594638558e+00 2.501416124814543007e+00 2.400316227664207158e+00 2.560759508918071248e+00 2.691262379751123035e+00 2.392600632947066597e+00 2.342594055780048645e+00 2.359094882216946409e+00 2.308454342648900592e+00 2.394897524806959499e+00 2.441076239789353952e+00 3.612651498975424591e+00 2.362715030949690931e+00 3.184994636630189557e+00 2.819162199569159366e+00 4.474952075810267438e+00 8.193652637662557581e+00 7.730931300952516239e+00 2.950904369148714679e+00 2.501086925175683096e+00 2.374454681061465067e+00 2.443817882805034980e+00 2.625535559808385599e+00 2.511021388296422963e+00 2.546435659096158322e+00 2.425778754980399299e+00 2.390123082748774497e+00 2.441145535789686960e+00 2.549798173328925444e+00 2.786479447936189402e+00 5.697147103219196040e+00 4.165484516682295357e+00 3.775053395896121877e+00 3.054326118682992419e+00 2.514705247457684756e+00 2.886755124145540474e+00 2.638976016537896374e+00 2.571467399186101233e+00 2.614480316793096115e+00 2.703460395849984099e+00 4.617878480204219649e+00 2.800229205704968471e+00 2.607060233734804555e+00 2.488451838082280432e+00 2.629500792149839672e+00 2.763661339776269266e+00 2.605930028187817271e+00 3.626766937148981906e+00 3.613445697467902118e+00 3.957312698816430441e+00 5.012584308920234655e+00 2.469692695140838445e+00 2.452161854351388559e+00 9.884067299037143428e+00 2.380840386039223766e+00 2.488679101035512709e+00 2.419776185319341355e+00 3.282568641572162882e+00 3.368214657902717235e+00 4.115946778449518284e+00 2.446210602131382750e+00 2.933533938999833612e+00 6.213405447581718200e+00 5.380768795362834034e+00 2.475645518302917125e+00 2.388164641631060459e+00 2.869318714429592188e+00 3.755257780284716684e+00 2.546520839066340969e+00 2.593931521732231626e+00 2.496083649222192946e+00 2.469687807765500231e+00 2.385312683572029080e+00 2.530253035703609488e+00
5.543406682692724630e+00 9.024692165440525216e+00 1.034462841584764625e+01 4.343532647552160952e+00 3.468244918050436887e+00 3.418698801459937098e+00 3.540148333126100777e+00 3.347796949230390950e+00 3.288460721640750872e+00 2.780444063040716784e+00 2.761901710105353125e+00 2.840470632396895123e+00 2.696333206213753719e+00 2.877966226894279611e+00 2.796290330280517544e+00 2.763377348359288721e+00 2.355093867306051525e+00 2.401933599802954067e+00 2.425835832542386328e+00 2.424068522710224549e+00 2.795472218558705979e+00 2.790656408359264429e+00 2.629954270761588386e+00 2.617075338548627172e+00 3.082317164540290477e+00 2.438430424240128680e+00 2.486813694598345670e+00 2.494247916135294396e+00 2.535782926349804178e+00 2.958692750848572750e+00 2.729840527885946333e+00 2.653998237385831960e+00 5.576193640149872621e+00 2.603558429304895672e+00 1.071869555670639507e+01 2.380328258923415152e+00 2.554538927407099980e+00 2.583159222839207292e+00 2.410596647139253257e+00 2.872556949689470063e+00 3.164080510262785140e+00 2.802316289523552051e+00 2.987469616840625175e+00 2.405454255537740060e+00 2.588384350723233585e+00 8.382288569006425050e+00 2.422042880181608293e+00 4.027827750197771728e+00 4.571689641372910451e+00 2.661901646955259437e+00 2.384277956393257902e+00 2.519859333850186012e+00 2.401687136446607251e+00 2.409387196292136935e+00 2.526221474696849878e+00 2.499403049822511047e+00 3.147309132691086919e+00 2.562813428404002281e+00 2.478388732260671024e+00 2.422542439760832611e+00 2.331461836603180959e+00 2.673814798891544164e+00 2.705591640595731651e+00 2.386636114993999414e+00 2.608942745985655787e+00 2.467569130556336532e+00 4.623151609096033177e+00 2.559256291903298397e+00 2.996552454808662169e+00 2.425901986658572707e+00 2.423835150537819505e+00 2.556131862669155375e+00 2.348499925229055929e+00 2.663515528111621844e+00 2.410386664548824331e+00 2.346343545410139786e+00 2.759728922669229423e+00 2.438959831718740645e+00 2.515342875390217170e+00 3.199931852057062098e+00 2.417290256763326539e+00 3.274722309564721545e+00 3.684206863107351904e+00 2.389569063844351859e+00 2.344052588220300049e+00 2.634131405733782572e+00 2.403169058468834773e+00 2.416904677758956677e+00 2.487474712112854203e+00 2.444442245004505576e+00 2.420740394653944971e+00 2.468291763909931547e+00 3.798166492067533984e+00 2.335818582619058503e+00 2.660626740188433814e+00 2.687133245786716085e+00 2.344945930612498231e+00 4.833896280979287141e+00 2.445590080012534973e+00 2.418249229624353180e+00
1.083893476477984663e+01 3.584179046647301803e+00 9.493338397453570110e+00 6.999750626087188010e+00 3.002223904790549014e+00 3.053098340178357795e+00 3.162206550918776227e+00 2.921876850621453414e+00 2.726651166379451485e+00 2.720193547164571513e+00 2.411542528816338127e+00 2.565328506662927666e+00 2.498938225518012590e+00 2.476529784140915513e+00 4.460889002372478096e+00 4.283720948161749753e+00 3.555202496462854356e+00 4.098475458909724978e+00 2.572764299141949262e+00 4.895745317689303100e+00 8.964281413472930282e+00 4.342304869047525884e+00 4.222384387665781169e+00 2.533597047729738705e+00 9.480157844362587127e+00 2.407894103126278829e+00 2.511703526254357666e+00 2.391168108325580022e+00 2.535620246570685410e+00 2.529205217340896539e+00 2.513287035863974950e+00 2.443971486029953510e+00 2.774417405601205200e+00 2.525823502705014878e+00 2.744579280964259294e+00 2.740296194676695052e+00 2.478388557711551865e+00 5.562390295801491469e+00 2.669494009994227035e+00 2.452842072269012075e+00 2.602503628977413719e+00 2.639340300549720464e+00 2.576382876932620913e+00 2.430229757520658840e+00 2.585021487392228146e+00 2.461275762062648198e+00 1.060947528543143292e+01 2.644165536401600569e+00 2.505090558323366690e+00 3.875225739026891603e+00 3.665892471321697599e+00 3.057114715411744843e+00 2.788767263241882510e+00 2.959659054772606712e+00 2.758347890037914585e+00 2.837982783800568676e+00 2.483492548506835096e+00 2.464094206690787825e+00 2.394137363392731199e+00 2.606424176744345900e+00 2.437685099501034180e+00 2.662391955431165247e+00 2.472974567680523261e+00 2.531556743075107363e+00 2.544089369835524472e+00 2.481261810763128572e+00 2.369846409764782891e+00 4.139158669422412729e+00 4.123752964159537626e+00 2.452153301444546685e+00 2.579845931458061958e+00 2.340101668906622745e+00 2.810365796705772024e+00 3.482064320917786837e+00 2.629987958741598852e+00 2.538729315482336713e+00 2.707610999356055981e+00 2.706761992440141373e+00 3.116285121338120412e+00 5.095399487635184244e+00 2.945732827844290469e+00 2.769490233063697460e+00 4.591537621720083173e+00 9.780510797582822491e+00 8.640288923937697874e+00 2.494112989666132929e+00 2.503087781729369077e+00 2.866212089205609992e+00 2.754812746726233108e+00 3.290152451704288161e+00 2.726225441077659628e+00 2.498274589766715792e+00 2.605234449947702036e+00 3.359070029546474156e+00 3.428147145283632735e+00 7.875333692698642807e+00 4.423822100511912048e+00 3.736123356736939183e+00 2.562661221572037018e+00 2.681861862386095030e+00
4.552576512817678278e+00 8.998178852426594432e+00 5.510629150888014749e+00 1.076247107941528824e+01 3.977479405855310013e+00 3.916003904260437540e+00 3.465798437595366988e+00 4.025032520602488617e+00 2.647721276509350297e+00 2.665292438145341336e+00 2.931467277428199125e+00 2.962670376177491516e+00 2.607739404357712676e+00 2.471450055673204194e+00 2.487564255811016700e+00 2.439893320408360378e+00 2.490152121052659595e+00 2.435204407418595896e+00 2.630034563356432376e+00 2.631064752258103212e+00 2.619653429039593195e+00 3.257245055354874186e+00 2.462482420123856208e+00 1.063386189197671783e+01 2.678640209292542984e+00 2.651120446057154911e+00 2.443160007174672632e+00 2.521624199994679127e+00 2.436740439667783864e+00 2.417261805256892604e+00 2.383085087712468741e+00 2.343434335240002220e+00 2.427199410261778656e+00 2.996522432360155364e+00 3.038847102790042776e+00 2.450210918845801444e+00 2.310628351928858848e+00 2.493929014894468832e+00 2.595583105498346477e+00 2.627869456081554755e+00 2.417281703856484221e+00 2.406738937055242111e+00 2.420352197412786399e+00 2.285367079747134156e+00 2.432714289683719944e+00 2.583935442772404834e+00 3.250801050971293904e+00 4.803515657679787942e+00 2.542504289283834318e+00 1.021199063473734192e+01 2.551216908569993613e+00 2.486247282706457895e+00 2.416931732872436456e+00 3.074804919547047710e+00 2.507646481076191147e+00 2.667306211333849930e+00 2.308510023817933465e+00 3.220906721517957205e+00 3.101161138353676350e+00 6.061152534649289159e+00 2.539798777935833307e+00 2.794850998243381124e+00 6.301234375197311444e+00 2.477703976065948055e+00 7.848691911532960752e+00 2.554449383708937038e+00 4.348998129573360849e+00 1.029864798866469222e+01 2.564503587525466255e+00 2.619096268251024373e+00 1.076576656678627231e+01 2.559694061094316631e+00 2.491422489542385321e+00 2.515038112628048772e+00 4.835726952141728319e+00 5.220259359992783565e+00 2.500906092288165183e+00 2.402630923534261331e+00 3.094336267791945261e+00 8.036573790681773133e+00 3.376780830477845718e+00 3.922575329501052810e+00 2.533468055930630847e+00 2.622151925132192307e+00 3.575780441226629858e+00 5.053162789961386459e+00 8.679654637698469344e+00 3.018955834261301874e+00 2.886282445130676777e+00 2.555173588004605367e+00 4.452755711613029632e+00 2.883567159031999338e+00 1.043020077244988641e+01 3.050495114614223180e+00 4.000434709622942009e+00 2.637547157447913460e+00 2.465943729158105224e+00 2.560936850823204658e+00 2.641154040447596607e+00 2.436814623043454642e+00
5.125915910149442034e+00 1.029354277602557310e+01 5.962324219736559350e+00 8.755607243241934512e+00 4.174957297382682953e+00 3.902373712638328218e+00 3.652799192790327165e+00 4.321674210449744535e+00 3.091882107175629280e+00 2.652086051784712240e+00 2.789415015023330113e+00 3.503315676183536009e+00 2.384376227547382321e+00 2.547799935012027728e+00 2.478773438519444650e+00 2.442802356029378785e+00 2.568927360403126414e+00 2.573280266338381139e+00 2.575632839367307358e+00 3.115453220235889997e+00 2.696731352754707878e+00 9.325954170473689686e+00 2.409741007356807962e+00 2.900019984461109868e+00 2.708059765141585640e+00 2.646886757170331617e+00 4.799822896513445514e+00 5.349530437691457863e+00 4.962874116157662385e+00 5.431273535716122147e+00 4.530660823604155674e+00 1.072691193284659406e+01 5.799351547195993106e+00 2.567630460447278384e+00 2.351342457635649197e+00 2.767311860055758910e+00 2.799374089569880653e+00 2.945404326401907635e+00 2.502563610724333643e+00 2.437185365372690260e+00 2.407518997069062472e+00 2.424994854885956119e+00 2.496007022158852617e+00 2.633591699857136259e+00 2.765187771823899077e+00 2.573429680384438534e+00 2.908291343573865984e+00 3.002715435110289377e+00 1.001933029890060389e+01 2.940766556304076129e+00 2.667034612904334523e+00 2.697815302785100400e+00 2.487611907720565618e+00 2.526660116633464348e+00 3.563669525138262628e+00 2.580729324550464110e+00 2.672897717819131547e+00 2.530356543331310437e+00 2.534793581942031970e+00 2.628724746765761289e+00 2.663904423549257050e+00 2.745459357623396102e+00 2.409096048361268227e+00 2.590474052778605429e+00 2.425699858778509466e+00 2.581550752705541019e+00 2.328397975913409468e+00 2.483004160071241362e+00 2.772020497095995850e+00 4.294994028477832515e+00 2.906362575806419990e+00 2.464897481737465590e+00 2.594872690583097441e+00 2.824391342082927636e+00 3.376286507372197931e+00 3.513640605683983953e+00 1.092407284317345351e+01 7.967478870934452395e+00 2.512800567468692403e+00 2.584258009544734058e+00 2.523760681214003654e+00 4.495739479517114390e+00 2.731299409424436053e+00 2.628386470572701583e+00 2.382999558644047777e+00 2.615468613906152928e+00 2.444097161395796025e+00 2.528242229850127476e+00 2.452796864047132264e+00 3.616578505059767856e+00 3.811631211124617113e+00 3.475972207558565952e+00 2.737159372455086892e+00 2.819859174202228314e+00 3.240750861784507109e+00 2.677645453862075087e+00 2.726304511828669064e+00 2.595368759179937257e+00 2.815087175831712418e+00 2.467446073427282283e+00
9.818407505956187720e+00 4.690615890971544744e+00 1.068223294389658840e+01 4.195861648999411386e+00 2.980345219990302663e+00 2.991467838965613080e+00 3.362805380697907687e+00 3.001397589260133891e+00 3.013153123341757222e+00 2.995928267158310732e+00 2.828420633951137741e+00 2.868495191685084489e+00 3.298005067480020980e+00 3.312245831921182493e+00 3.500905501945265286e+00 3.153832033276557478e+00 2.685497545990450430e+00 2.896343107264617078e+00 2.540422267389708111e+00 3.063292357839386693e+00 2.839102167302164137e+00 2.975721413822009165e+00 2.727011435761533598e+00 2.526252893538310396e+00 2.645550234564419068e+00 2.460348557141320391e+00 2.524693820805385069e+00 2.481802913032728597e+00 2.658837262618130470e+00 2.607526105334018407e+00 2.538052064899740223e+00 1.026456203666226585e+01 2.507689769257758883e+00 3.092499661959450474e+00 2.922669652720977229e+00 2.422456736143292932e+00 2.720992458483268095e+00 2.629526625419484898e+00 2.484633750648333805e+00 2.646370964523019342e+00 2.689024485493528349e+00 2.445872500487442647e+00 2.408169367087298340e+00 2.503837993843801790e+00 2.385065871117443503e+00 2.508232617018551380e+00 3.052584816669595469e+00 3.340505683422088090e+00 3.345766244777317322e+00 3.739173078948053508e+00 2.622825161085046375e+00 2.572919473308941107e+00 2.435352948719057498e+00 2.489741930622478616e+00 2.517513568236909638e+00 2.607654224387530473e+00 4.813339282109819095e+00 2.425203441083430889e+00 2.435286794602870675e+00 2.375865387043048393e+00 2.528822256573314942e+00 2.525568660990944903e+00 2.478699778791131347e+00 2.689232198945406882e+00 2.452394179229078208e+00 2.551656946899561795e+00 2.672651778110142207e+00 2.557461752408537237e+00 2.500089900606664806e+00 2.920885760722488733e+00 2.484661678507409821e+00 2.437441079832356472e+00 2.533839845554581860e+00 2.515772266223512688e+00 2.588851793264520307e+00 2.777491215590772722e+00 2.664744004812733547e+00 2.438500592986057480e+00 2.582331336366718855e+00 2.535875437382993702e+00 2.392220639514511582e+00 2.495440086619606923e+00 2.456764190978017126e+00 2.627332019343457947e+00 2.548167535457117605e+00 2.380783308477237181e+00 2.425944052996306333e+00 2.431538875914852849e+00 2.461160210545720428e+00 2.696380159926825115e+00 6.663240870114029768e+00 2.561957788621556986e+00 2.447210768584547225e+00 2.425377990202656875e+00 2.546132467276063238e+00 2.580489319511528379e+00 2.370090429433460599e+00 2.613005900382995517e+00 2.419742846437569206e+00 2.349572005919341233e+00
6.043656429134565577e+00 6.526478144218181399e+00 4.665961176979130265e+00 1.067791390049046463e+01 3.771747435577984309e+00 3.677620775740721992e+00 4.210225645118745419e+00 3.808433471260399106e+00 2.784202629225007275e+00 3.080669769953036763e+00 3.331033251819939256e+00 2.958931534043673484e+00 2.811385687209408513e+00 3.430928760047616155e+00 3.046855765478364120e+00 3.247895157234421681e+00 2.863158526913872848e+00 2.641140076518058599e+00 2.631352583755706576e+00 2.412773274655999778e+00 2.611790165767587268e+00 2.504839731239039136e+00 2.440377345115973817e+00 2.402607184854046896e+00 2.537058705862226038e+00 2.411978028868806412e+00 2.383938632905482802e+00 4.938788432293923947e+00 2.403456366319080661e+00 2.449434873461723061e+00 2.486298949245748791e+00 2.421170134585478806e+00 2.468202045662649446e+00 2.394677243818496670e+00 2.382546254581418221e+00 2.438132119795371366e+00 2.399505097907164597e+00 2.417938183093892857e+00 2.358580485962587847e+00 2.528198418021201821e+00 2.340205351083442853e+00 2.476890053522997626e+00 2.492594412328867914e+00 2.462239971397251814e+00 2.904979448585674362e+00 2.413788975980774687e+00 2.416927194595336559e+00 2.300229762700097158e+00 2.617796575509268475e+00 2.576302758886896083e+00 2.668428911268710735e+00 5.184114775678206222e+00 2.689280199953194117e+00 2.919853477231387107e+00 2.766705650964687457e+00 8.843781079917118149e+00 2.465360735099890732e+00 2.684056119363883219e+00 2.355190218419863868e+00 2.956211360569657831e+00 3.020888791207609003e+00 2.302967914733393240e+00 2.373049735200815746e+00 2.389776079099753758e+00 2.464235067830003345e+00 2.426191912745606860e+00 2.457622448997250686e+00 2.347502551561799322e+00 2.613416789009653129e+00 2.405026959293874889e+00 2.450542562172330463e+00 2.471117015953721463e+00 2.667435203132957788e+00 3.794692266398462355e+00 2.477015205241482665e+00 2.406610818001730490e+00 2.440006951884976516e+00 2.398621181167404970e+00 9.494917717884325370e+00 2.299963400744158282e+00 2.582989735644439122e+00 2.474084874627918929e+00 2.473092039237762219e+00 3.207072307426353852e+00 9.248257470130919700e+00 2.296825356678716012e+00 2.576712600218838300e+00 4.620616806786635777e+00 3.588206593024319435e+00 4.341832539130900948e+00 2.616871814275609776e+00 3.320917083066084796e+00 2.510934462835048731e+00 1.068465010009962768e+01 2.452543418726016444e+00 2.512474684263097391e+00 2.767186184689915951e+00 7.848761731180650791e+00 2.388249821601242662e+00 2.798685144196296104e+00
8.500863276678940039e+00 5.820620357373664788e+00 1.057505419912009259e+01 4.165416442525797791e+00 3.900557005405425492e+00 3.229537826365437514e+00 3.211700302773508042e+00 3.710117981659954545e+00 2.588684051560944166e+00 2.623974567035148642e+00 2.575523222520433198e+00 2.686258405601155808e+00 2.419850019596773816e+00 2.500453660971131420e+00 2.425750128924846205e+00 2.419170848973866139e+00 2.658115851108370009e+00 2.480906428756384674e+00 2.384661615357316578e+00 2.480393254345860665e+00 9.320005536490471698e+00 2.356716825016613281e+00 2.457512657601257811e+00 2.447522862409722944e+00 2.704467893366155895e+00 4.968483426653104829e+00 2.766184098196440289e+00 4.571094428876349980e+00 5.093471068965977011e+00 3.959336072206496748e+00 5.548013383047333491e+00 2.670512329555790654e+00 2.477218380416261301e+00 2.772646604786658919e+00 2.500106657322110681e+00 2.469820639645230909e+00 3.012352291982749009e+00 2.431945226264410564e+00 2.673896662428461024e+00 2.460795402886538419e+00 2.853558849003808184e+00 2.306106133347955112e+00 4.806050809087423659e+00 3.397250205689462899e+00 2.410665594041347060e+00 2.307334610049066814e+00 2.600339394448131891e+00 2.451005815534756049e+00 2.558162741671348162e+00 2.395835551773679573e+00 2.667846964505211638e+00 2.918295626342296334e+00 2.408075634210273819e+00 2.324993569892027878e+00 2.512622003719723995e+00 2.525851081465852577e+00 2.439074685039191337e+00 2.616457085568329344e+00 2.783638835569907766e+00 2.707620774106732409e+00 2.400462325276999209e+00 2.558683421693999094e+00 2.577135881832961051e+00 2.684444316605041347e+00 2.396891923043234396e+00 2.530751722537237569e+00 2.567386266229481073e+00 2.393056555246484418e+00 2.657198420937718630e+00 2.386995686179604892e+00 3.196481015969966588e+00 1.081197879519955762e+01 2.477446516115089814e+00 2.524806928634643288e+00 2.636468094792859151e+00 2.481390802562236431e+00 2.814052623202060399e+00 2.554829726239730370e+00 2.420338757130606311e+00 4.277516076071508522e+00 2.425884182648411880e+00 2.453819198238438304e+00 2.392607440362716442e+00 2.646481628664608454e+00 2.977142592750746442e+00 2.715849892332635740e+00 2.814379204604132045e+00 2.558997435559486444e+00 2.390288380764681531e+00 2.989058013825580673e+00 2.435249615640475707e+00 2.453550567143949923e+00 5.632779671816989797e+00 7.550052332467045879e+00 2.533026795757227667e+00 2.469218968831259353e+00 2.385490723673639568e+00 2.610518924532265306e+00 4.598108348764221809e+00 2.795227849791789509e+00
1.066803581673523382e+01 4.583385479655758488e+00 6.125553479482387154e+00 5.157436339197487563e+00 3.394448692325887862e+00 3.456624135888855864e+00 3.382252596267337985e+00 3.212884443998336614e+00 2.538224344880416261e+00 2.749302056483153400e+00 2.841987464242967665e+00 2.426201687496283732e+00 2.306463435395010197e+00 2.938471584484494858e+00 2.517306552981507739e+00 2.573813164799377606e+00 2.669685315828898453e+00 2.723085651521024886e+00 2.347843096893408976e+00 2.383525300591156082e+00 2.577450070247567560e+00 2.607334450401108672e+00 2.653552613484448042e+00 2.438406511010794642e+00 2.367905249009872204e+00 2.276348999502329828e+00 2.507012344126043235e+00 2.509277642595356461e+00 2.416940111230159616e+00 2.413086066677652131e+00 2.481658386362009860e+00 4.796815066090944768e+00 2.977464810424837349e+00 9.780827778783336868e+00 2.594247630187149323e+00 2.418373508597241983e+00 2.617186002690216284e+00 2.533623404646741850e+00 2.403307650469500345e+00 2.728629331547637982e+00 2.479373014743985415e+00 2.632784584729835675e+00 2.664197316971318230e+00 2.433556140085746389e+00 4.323174634678609962e+00 2.411639578126627548e+00 2.335687147132281538e+00 2.600304833722525188e+00 2.403656225060594398e+00 2.355761692236209459e+00 2.416467432215295918e+00 2.347448615883958478e+00 2.420181837472421993e+00 2.638367712857394132e+00 2.491407303769012760e+00 3.297046094618994339e+00 2.736199701397583173e+00 5.705703501043648096e+00 2.380198394378711058e+00 3.155290216618570565e+00 2.429055216497387981e+00 5.593890477151705731e+00 2.370422247309109220e+00 3.480127872989095206e+00 4.779800367047045917e+00 2.675899264473339478e+00 3.888584681317723835e+00 8.901400442370052346e+00 3.180932180429326905e+00 5.640543965738394228e+00 2.496068987096177860e+00 3.432399161827974776e+00 2.741688398451640474e+00 2.706591108852419048e+00 2.888279287054620781e+00 2.358597068128914565e+00 2.399185847568100716e+00 9.505891970108294231e+00 1.078930556280859498e+01 2.389847120591278351e+00 2.369134598456579699e+00 2.598516927094294715e+00 2.720461130964344498e+00 2.647414419157751553e+00 2.402101341506530208e+00 2.798406738351130851e+00 2.569714576930834937e+00 2.555484459985946533e+00 4.521070396797409963e+00 2.396457993932838981e+00 8.364797350867039682e+00 2.690195710083533864e+00 2.698640047373442652e+00 8.572940891775591155e+00 1.066227290301487329e+01 4.601123510249728987e+00 2.940577345058835501e+00 1.023616080037478682e+01 2.547411912319988758e+00 1.034603877273099037e+01
5.111634999410859415e+00 1.024865712091840386e+01 4.867480578813059289e+00 9.738401171667820932e+00 3.738027338529454902e+00 3.741696361015582450e+00 3.157557958775552898e+00 3.272774341394161013e+00 2.644720078953381126e+00 2.769082486321186032e+00 2.948655478296608567e+00 2.796209164940077319e+00 2.519391018563303053e+00 2.534811909599550717e+00 2.984800760807662101e+00 2.618722733135880887e+00 3.030024343009652288e+00 2.796948904107356526e+00 2.342728982249210556e+00 2.530957690497924517e+00 2.443965725909019060e+00 2.360200476338123021e+00 2.543605868775268952e+00 1.021162477978344540e+01 2.786355518061538916e+00 2.702844237459116616e+00 2.477146640728259630e+00 3.480000103033821901e+00 2.746280436680234249e+00 2.416523113384328791e+00 2.343073716759681346e+00 2.454184180446739472e+00 2.446483946052090630e+00 2.396166671452851116e+00 2.358025419763449815e+00 5.535814145104637873e+00 2.444321980661359195e+00 2.376963824650336843e+00 2.620085787207915740e+00 2.344952214380790156e+00 2.464923140457991657e+00 2.419634625983649201e+00 2.514534538419082033e+00 2.425017546271455604e+00 2.499549147435303098e+00 2.403855036507392740e+00 2.642026436945487333e+00 2.405478343316193257e+00 2.348069312551925858e+00 2.423117579108681863e+00 2.492721309538544983e+00 2.451388601753218044e+00 2.701252698590015378e+00 2.521068784697302334e+00 2.326093578441389642e+00 2.680674753826239876e+00 2.464018801471282494e+00 2.411079100904793382e+00 2.462302634531053691e+00 3.729520512654863396e+00 2.550529534138481935e+00 2.473149640447106723e+00 2.956286765789163162e+00 2.365205323233686485e+00 1.093311448754935356e+01 2.453656867557558297e+00 2.414155703680268328e+00 3.223150026798248025e+00 8.692417669296263583e+00 2.446884885378952657e+00 2.447679956617026420e+00 2.625111056350428296e+00 3.265575586619048121e+00 2.501943612252843341e+00 2.455598901058065220e+00 2.574316040811867268e+00 2.461974307637790016e+00 2.596857837716052941e+00 2.468586577372303914e+00 2.566906605249848816e+00 2.558452667758382315e+00 2.490985243998724563e+00 2.545743222740189715e+00 2.523831548156409088e+00 2.474159232552708865e+00 2.416040310520549905e+00 2.930815161918771228e+00 2.678065244493812891e+00 2.535636305089654208e+00 2.928585820568018860e+00 3.053827606398483496e+00 2.419624676683853171e+00 2.499951134056880520e+00 3.057975591667767112e+00 2.395390975167011050e+00 2.805173484056159960e+00 2.472644669845186272e+00 3.798676873692150568e+00 2.584380717575549991e+00 2.366150506714294277e+00
3.428051841464535787e+00 1.015409897565841568e+01 6.332769117273132409e+00 8.981039525311567573e+00 3.033724086140763720e+00 2.687566302151515263e+00 2.855889952491069472e+00 2.743537571820719112e+00 2.689106174481326050e+00 2.626155732828995060e+00 2.529594112778531745e+00 2.702591664883597034e+00 2.419969236645205246e+00 2.561832113255714471e+00 2.469845949267518659e+00 2.429165007893381301e+00 2.530340659361460798e+00 2.549790842265918123e+00 2.469829541650311544e+00 2.578673834122460207e+00 2.540856894696580603e+00 2.420051623829479581e+00 2.401135910328092038e+00 3.064112738699748206e+00 1.092054695096509143e+01 2.615866934996226689e+00 2.514992555307930644e+00 2.453279841460030308e+00 2.343588287563159511e+00 5.734299534148182609e+00 2.634655751287936720e+00 3.115332083147147380e+00 2.420385187196320231e+00 2.501264790728173981e+00 2.514130108109835504e+00 2.853059463973702581e+00 2.560283862568180968e+00 3.139581494084719537e+00 2.508811945545262212e+00 2.445325114449550252e+00 2.618841426536954398e+00 2.875199972452788355e+00 2.334035912464404561e+00 2.573545580999604176e+00 2.541446696170444941e+00 2.470036382356594284e+00 2.355493061141721078e+00 2.788869374476629748e+00 2.703045667142703223e+00 2.343114561253580419e+00 2.425055423430327650e+00 2.352942549411592754e+00 2.519357505132411745e+00 2.437343157776470814e+00 2.433010674088165626e+00 2.443650141101458839e+00 2.445445553341815792e+00 2.404699156047968689e+00 2.584894415633431475e+00 2.686176542064238948e+00 2.401932203410000355e+00 3.129977103348435818e+00 2.511652034264185929e+00 3.076151391452756290e+00 2.419832739233970464e+00 4.761054838936903622e+00 2.708843490686909661e+00 2.551464419221055824e+00 2.449277255607062109e+00 2.358206601749206044e+00 2.471134296316524814e+00 2.507786993117167906e+00 9.651495259794694803e+00 3.219925755467907713e+00 2.306860883739487722e+00 5.372566732250410482e+00 2.716286963327177340e+00 2.555142692810502325e+00 2.588902063410857490e+00 3.687426247062354001e+00 2.494615516580384273e+00 2.587966480131806968e+00 2.808958930804811516e+00 2.516991142723066677e+00 2.477967545235979063e+00 2.924302385182215858e+00 2.714174569886306010e+00 2.752179324164472529e+00 3.002390773748528918e+00 2.543098279936560235e+00 2.540642548378171384e+00 2.340314967930316570e+00 4.555124231761898734e+00 2.379909515586392299e+00 2.593792755182446896e+00 2.425519200440110712e+00 2.521023052828065047e+00 2.372399888829938241e+00 2.486563740259614352e+00 2.682896764113984922e+00
4.080837619510189640e+00 1.011110822578956281e+01 4.643665319783933931e+00 1.068336402218917236e+01 3.197883692692065960e+00 3.462572071675596330e+00 3.555627349019050421e+00 3.248605921247909478e+00 2.835760948061942788e+00 2.886746571238698156e+00 2.470422310459202464e+00 2.474209328149926890e+00 3.066694669271337492e+00 2.775027978420257391e+00 2.978956507197741299e+00 2.926267284617341424e+00 2.606884288222625301e+00 2.719871154941361446e+00 1.045274553668910045e+01 2.737395188315161043e+00 2.646571696010128871e+00 2.716888983239387212e+00 3.129234920493487504e+00 2.385648166979180917e+00 2.371960897795085010e+00 2.422959612155782594e+00 5.088286960124968950e+00 5.773118210969299113e+00 5.522279257301626387e+00 2.396306136199112480e+00 2.611368105997299072e+00 2.607240193876726675e+00 2.343467499572655210e+00 2.432978382501108872e+00 2.410433269163657855e+00 2.427648874243785393e+00 2.434045401266936359e+00 2.505757335958809229e+00 2.369254164603249446e+00 2.461397771896987052e+00 2.518099005982793237e+00 2.589896993390444990e+00 2.373557324039524907e+00 2.348116440814116856e+00 2.424434028565883192e+00 2.506293899951309800e+00 2.584508487530823295e+00 2.551938843727111550e+00 2.477436392266174625e+00 2.530232613456659951e+00 2.640967621988263403e+00 2.501490482739333387e+00 2.578793923916487429e+00 2.302161148704331417e+00 2.390242474346325086e+00 3.304783857074276909e+00 1.152765112991990648e+01 3.652870408830971360e+00 3.678674005126130631e+00 2.524792441057747361e+00 3.283893818485325244e+00 2.624858309225789110e+00 2.719720344502350340e+00 2.499663128010157553e+00 3.220528299027475505e+00 2.579374474287032815e+00 2.751893238158061195e+00 5.836282998940039768e+00 4.415894777713150532e+00 2.444082673818900542e+00 2.603145096990568508e+00 2.507786818568048748e+00 4.395882372095666568e+00 2.381459337215998673e+00 2.446683804793604367e+00 2.510494948152838024e+00 4.647883473799145904e+00 2.491872128073511217e+00 2.412397994049663819e+00 2.570073799018202099e+00 2.939258801012203381e+00 2.697728726421964485e+00 2.366922362919511080e+00 2.622308670241257023e+00 2.541960394228326425e+00 2.608226745498591015e+00 2.637219005103768499e+00 2.428867052546862748e+00 2.574634942052692832e+00 2.506885097818127850e+00 2.486090886695631497e+00 2.659154418367764006e+00 2.396245567654740949e+00 8.207650080631518463e+00 2.395482264356366464e+00 2.594159133783701776e+00 2.404872483323360122e+00 2.431002835569710196e+00 3.103421898545889679e+00 2.638101176352336097e+00
9.691525656601477579e+00 4.068668054917762511e+00 9.607698791191495502e+00 7.786169813419209440e+00 3.881385926542610498e+00 3.708705181088940428e+00 3.773602543617116556e+00 3.550802462265409076e+00 3.446585466943937970e+00 3.135928181019322469e+00 3.030949802439788066e+00 3.766172336709910251e+00 2.649221002541739090e+00 2.657304197703969528e+00 2.632680728003896409e+00 2.572171879431296659e+00 2.384961316195027159e+00 2.547988797159030483e+00 2.394433398698938120e+00 2.442662542184878660e+00 2.383863576784215788e+00 2.407213187012179123e+00 1.057014029231564578e+01 2.945586555682379259e+00 3.000163876085445658e+00 3.070917710661887678e+00 2.368953067372585153e+00 5.603157638989645584e+00 2.727465088922401470e+00 2.378892941516021153e+00 3.846750843011099263e+00 2.521228322592274473e+00 2.441049533774112490e+00 2.520275284401301441e+00 2.471235360256556657e+00 2.363132028795521755e+00 2.453408135062661533e+00 2.776771200473965973e+00 2.581964783216344816e+00 2.434746390529747284e+00 2.618438741718900342e+00 2.537664565855058729e+00 2.469759896551740219e+00 2.651417703207196386e+00 5.677702331337434849e+00 2.586593476759976085e+00 2.502126365180672884e+00 2.626114015589500195e+00 3.536248905802594766e+00 3.520368426935425621e+00 2.394302486859518631e+00 2.404127158584265622e+00 2.368597859914960413e+00 2.337092616640287890e+00 2.448836169982778532e+00 2.351499028195594754e+00 2.573464764757402712e+00 2.591117615381191452e+00 2.839240061106352631e+00 2.422555356395655224e+00 2.949168652707132576e+00 2.711490004432612011e+00 2.549626416995607325e+00 8.364177352395550713e+00 2.337372418878407299e+00 4.473948767472957222e+00 3.959741026163100752e+00 2.452936328793394072e+00 4.528462202898387190e+00 3.374957839476650623e+00 3.106100180231291308e+00 2.337328781598600802e+00 1.042979861127919072e+01 2.530445039734757984e+00 2.377207669769895393e+00 2.814354767727440532e+00 2.410402723067793129e+00 2.563194294582153088e+00 2.410665768590466662e+00 3.562842860509609189e+00 2.474999861110900756e+00 2.541294838436718440e+00 2.376791370120541647e+00 2.631319070324815268e+00 2.616463718434859587e+00 2.485986855420572628e+00 2.341840352683231430e+00 2.521615123440479334e+00 3.012313192980042409e+00 2.434604132997578496e+00 2.435981500097389674e+00 2.385209001395208972e+00 2.500841683663170834e+00 2.790585541416858550e+00 2.374773058654932711e+00 2.459905726025844341e+00 2.359792904144730752e+00 2.375260574344930653e+00 2.388028318768944835e+00 2.382086492201377581e+00
8.016495056398982300e+00 9.913014524969559815e+00 3.501232257896456090e+00 9.310338308071267832e+00 2.721466010243728029e+00 3.323236142664119708e+00 2.933534986294549007e+00 3.221577688332261324e+00 2.945429810573314544e+00 3.016976447249280824e+00 2.878188951570411991e+00 2.746136957304230908e+00 5.633968351318918266e+00 5.739487483069813933e+00 5.823779347333414513e+00 5.733501146476843502e+00 3.062844115701214509e+00 2.620498944973123301e+00 2.777768225042984263e+00 2.701760636526962411e+00 2.682031349580863200e+00 2.456351556860167040e+00 2.595277120892343525e+00 2.765730095937334099e+00 2.356180959220590232e+00 2.585756513733288298e+00 2.961757484283940478e+00 2.514550247839812513e+00 2.639535970112372620e+00 2.366974902204398212e+00 9.581417279407894227e+00 2.421639846265315921e+00 2.509857320220305610e+00 2.448174628820912524e+00 2.465166112831953971e+00 2.495586707879756894e+00 2.601356841264099717e+00 2.456750750695836594e+00 2.384113356573827947e+00 2.568252553508199032e+00 2.564631532029858718e+00 2.518124141055961829e+00 2.379379409911303256e+00 2.511358268096528956e+00 2.574561805971737449e+00 2.580130271973280820e+00 2.702636524007238084e+00 2.472034271575253239e+00 2.582238127137052253e+00 2.595704417136208697e+00 2.634494293352652949e+00 2.624586536247154545e+00 2.393650720448329494e+00 2.762307362258434207e+00 2.463705485802272221e+00 3.130181674916168610e+00 3.311613964109584973e+00 1.062677659412910103e+01 2.534763384944406006e+00 2.957186741047891587e+00 2.467682412934713909e+00 2.511689562324819658e+00 3.609120719391723853e+00 2.385856753176656131e+00 2.528851929923583430e+00 2.670249633131355882e+00 2.430600499849894902e+00 2.753520035949246214e+00 3.210843266598109036e+00 2.365786397251589346e+00 2.834937076219196772e+00 4.294263714962991862e+00 3.894162572971705316e+00 4.374944507048047271e+00 7.997222040850539670e+00 8.024291118260086009e+00 2.530320237114511261e+00 2.612789808573393824e+00 2.748319170392792721e+00 4.319951759741223363e+00 1.036430359256678457e+01 2.748316552156004011e+00 1.043073000537937922e+01 5.015647296864410798e+00 2.603272343298484337e+00 2.447351455174643142e+00 2.416437409766789113e+00 7.707326674461364213e+00 2.334993314383358776e+00 5.393971690741078184e+00 2.889995803093087900e+00 8.512007888843273307e+00 2.831234714851297074e+00 1.057971256601399368e+01 3.931323731356653362e+00 2.928951675521916265e+00 2.844168280938575766e+00 2.593311872358979642e+00 2.875790297574010168e+00 2.431323307752609075e+00
3.059844314538199050e+00 1.030649711345803965e+01 8.009300839900969748e+00 1.040466074532475815e+01 2.873167871606760571e+00 2.827997352337014991e+00 2.861822877053556535e+00 2.857390202170815741e+00 3.146350159830060278e+00 3.166859681339099009e+00 3.406167221994235383e+00 3.294386315140230614e+00 2.777055890087423595e+00 2.730309366820187211e+00 2.968313549202063584e+00 2.962624295210015912e+00 2.542229025322815250e+00 2.591956323899071712e+00 2.576509774142297982e+00 2.574035889475509986e+00 2.576626372953940702e+00 2.917912491025595578e+00 2.592319386067061249e+00 2.624716575340977798e+00 2.671886903869694407e+00 2.772141983282976785e+00 2.598557597039074629e+00 2.532799532803995390e+00 2.774084016783483708e+00 2.664477991955033431e+00 2.799334292370697419e+00 2.764507553906276005e+00 3.968772546690085612e+00 5.042665405931143319e+00 4.173357031057620681e+00 4.640487478519307984e+00 5.766370142020027956e+00 2.617003249762386741e+00 2.405678376606825708e+00 6.608996589430446988e+00 1.065273134996150972e+01 2.546050254640907617e+00 2.617550461251159977e+00 2.588115370530506443e+00 2.625458932745045271e+00 2.417585070225698907e+00 3.252352792641211909e+00 2.643586207874889737e+00 2.943040582229350832e+00 4.200118902017329958e+00 2.763717195494421297e+00 3.415784529365341715e+00 2.937281857687850994e+00 2.427283542937245464e+00 2.368615489376002081e+00 2.638692374219154146e+00 2.726303639083072827e+00 2.425888022729034699e+00 2.456877647905514106e+00 2.657839539852635546e+00 2.416334425786445639e+00 2.592664295126651641e+00 2.448203254876465618e+00 3.385521552172200188e+00 3.178057705533915200e+00 2.356986852504055818e+00 2.552052649752846847e+00 2.448510984973660598e+00 2.498903141145048412e+00 2.588287650511182481e+00 2.569943061727901767e+00 2.374417502099069655e+00 2.417156377588880023e+00 2.469952075132007874e+00 2.395312602612478692e+00 2.456197255438771432e+00 2.472086112663663293e+00 2.702320939199677419e+00 2.341410089104339676e+00 2.460485578199912649e+00 3.292730891293492501e+00 3.085613001009513301e+00 3.081572887095911373e+00 2.506046040202008829e+00 2.574501411976485077e+00 2.607906273315692580e+00 2.422459703478319515e+00 2.366416170473756075e+00 2.655981988125833748e+00 9.817491472178490497e+00 2.528947582840919139e+00 2.490330161154270083e+00 2.483248703387276546e+00 2.476425927414976247e+00 2.930180152223027523e+00 2.454385261032087762e+00 2.993360998712736532e+00 2.423876344129956895e+00 2.366777661699673185e+00 2.859946124923640198e+00
6.856687375183762256e+00 7.493103936828415357e+00 1.066193357952709775e+01 3.522786630433180743e+00 3.015065832590234418e+00 3.050107964667780447e+00 3.245706660377567943e+00 3.010793219249823682e+00 2.725169244357223963e+00 2.696338442687330250e+00 2.614787697792052779e+00 2.535910521755958325e+00 2.717968918640037757e+00 2.513480959935434633e+00 2.655867309354502215e+00 2.562180687846808524e+00 2.611870283813312099e+00 2.484179573840108013e+00 2.737035966227794326e+00 2.715503237781853318e+00 3.612594246864318404e+00 3.465740138189545849e+00 4.332802414996869800e+00 2.813533165023244464e+00 1.035950558637750518e+01 2.350878506076746532e+00 2.540708877043477365e+00 2.760787912175572956e+00 2.468767235710702668e+00 2.467552897488248576e+00 5.620396808200868399e+00 4.941024057412969128e+00 2.387552497869935397e+00 2.406295058645050666e+00 2.405255618640060877e+00 2.648594720301956862e+00 2.859053829826157411e+00 2.367267970175578551e+00 2.571830286804971610e+00 4.596903261645086225e+00 3.598308448750397126e+00 3.393000283734551648e+00 1.095440948009490789e+01 2.545622958397042890e+00 7.456406031805892454e+00 2.487756783489523116e+00 2.464761507973588728e+00 2.495608875617898459e+00 2.537704188505123248e+00 2.528329155311502152e+00 2.342911909726159259e+00 2.518941380032177602e+00 2.464279926953644395e+00 2.616252514000596552e+00 2.647841889950735439e+00 2.813359663198733873e+00 3.022211524433102703e+00 3.031834417376024771e+00 3.170840099453925642e+00 3.276200740604564565e+00 2.556594243285984724e+00 2.925403441026292573e+00 2.300066733822740073e+00 2.870866266920648613e+00 2.395660479007096111e+00 3.101785675102266548e+00 2.397072755930752308e+00 3.986014159588977979e+00 2.379809498941075852e+00 2.925014196490419049e+00 2.468770901242206772e+00 2.666653572177064557e+00 2.697560111972792107e+00 2.437046075175548054e+00 2.394297774033299575e+00 3.016015379798822948e+00 2.601289116205840024e+00 2.452973507755789040e+00 2.426325268272695457e+00 2.470446398237655661e+00 2.403039543022369440e+00 2.398622403011239523e+00 2.254401367799988787e+00 2.608036486958634992e+00 2.723256360559627609e+00 2.402261752147099028e+00 2.447278144544568157e+00 2.491568936253415689e+00 2.826553482022778674e+00 2.303886915846117489e+00 2.465728335544980609e+00 2.581366254286519002e+00 2.445414832696832352e+00 2.346212109923362377e+00 2.467330172812116196e+00 2.717222721155347021e+00 2.610053925678647690e+00 1.021305747895405069e+01 2.307902941981266220e+00 2.343907712451342551e+00
5.198312950134276633e+00 8.050779296200850865e+00 5.857899860061447583e+00 1.001177441662755463e+01 4.836577355450597082e+00 4.671662649409523915e+00 4.350785512554233847e+00 3.478881941376060993e+00 3.007279894578045454e+00 2.572443477860812067e+00 2.552328437361223834e+00 2.472546922338419773e+00 2.379306622928586190e+00 2.507635833579918039e+00 2.557152451369268942e+00 2.423556221045296333e+00 2.455800679839890144e+00 2.499038067614209879e+00 2.439184825533422529e+00 2.394907823204993846e+00 2.751746616897911668e+00 2.501893342106506601e+00 5.604062501623712222e+00 4.618640910756998785e+00 8.749051178323810518e+00 9.975237794991196338e+00 2.442874619364738376e+00 2.546423266108693628e+00 2.418124776102345219e+00 2.511304856066046032e+00 2.620708578465313465e+00 2.461987224272612629e+00 2.370037017402977675e+00 2.439316261020199939e+00 2.456482294150467371e+00 2.443849999842972576e+00 2.835044423927520540e+00 2.435353821464653290e+00 2.802126380081834345e+00 2.461431285327878360e+00 2.829434066137362702e+00 2.333591510406855640e+00 2.448191210987238797e+00 2.563806787441516466e+00 2.654772188180479109e+00 2.571616638683039469e+00 2.811830962012553670e+00 2.413827900434362128e+00 2.450565777205187423e+00 3.031486017334049876e+00 2.501709716433080821e+00 2.886414927912169137e+00 2.397030689593019126e+00 2.618328601224668706e+00 2.607868221607701376e+00 2.707456872483779531e+00 1.085166428294675001e+01 2.464268232162656336e+00 2.654337909971845377e+00 2.958966792965757264e+00 2.615068372775767980e+00 2.554987518643510480e+00 2.441108531376411150e+00 2.831494793038943580e+00 2.388184540230652075e+00 2.489572094329472129e+00 2.451419671496440245e+00 2.570138033094076846e+00 2.896151452331706899e+00 2.742051460619630010e+00 2.500736779642515728e+00 2.416009764424685624e+00 2.387173551732095778e+00 3.305472278800503538e+00 2.469655516178443477e+00 2.370923726928644726e+00 2.288582972719751307e+00 2.516584268726151485e+00 2.483747041122666310e+00 2.453146311383822553e+00 3.207271642520509669e+00 2.599402065677889340e+00 2.393947279401893891e+00 2.907614092991269494e+00 2.539331160845427426e+00 2.503657510054522195e+00 2.901798290887783072e+00 2.496918866757688704e+00 2.407117010447485494e+00 7.730543801907834300e+00 2.624209684698745715e+00 4.658408785688465947e+00 2.868293762001497882e+00 2.744586612027266614e+00 2.695299526329697937e+00 1.086864302487208889e+01 2.776236731070896191e+00 1.054456675175962665e+01 4.845914336936226974e+00 3.543579619711842543e+00
5.813489327656810701e+00 6.051093618006540886e+00 4.191069577480184272e+00 1.072448779467878488e+01 3.100402198783282159e+00 3.785034463631695267e+00 3.613463152379824628e+00 3.544285147251753809e+00 2.640087545329126595e+00 2.646625980786208032e+00 2.839660724483687115e+00 2.777871732670685212e+00 2.651681796024585314e+00 2.467587632762974437e+00 2.748594259804692630e+00 2.506216400142373679e+00 2.440902563415724202e+00 2.466759920839605602e+00 2.669981176585986660e+00 2.331747398962234374e+00 2.582993750274181100e+00 2.511210599541664035e+00 4.567752511439651997e+00 4.040765330914792841e+00 4.118646355127466130e+00 2.439334588677718685e+00 2.561377761898369521e+00 2.541039647624410147e+00 2.772118419151881508e+00 2.534503830404116975e+00 2.468088763284272069e+00 2.572238033547483482e+00 2.461456245851927349e+00 9.989412579865289743e+00 2.597463697708886077e+00 2.643598077214996955e+00 3.134846325578360293e+00 2.561289440044041132e+00 2.411273374074491826e+00 2.739912361163517218e+00 2.537532432171804686e+00 2.740071724509370643e+00 2.612316431362053049e+00 2.558832137543579410e+00 3.489962668562757386e+00 3.575596815553204522e+00 2.688296964764594676e+00 2.690479003304037331e+00 2.717678468905646127e+00 2.783843756235878875e+00 3.316227297330724522e+00 2.939197010623997297e+00 3.298562228268590246e+00 2.658716649176745328e+00 4.584168507004605431e+00 2.445296837492235476e+00 5.901514099384176149e+00 7.554049507297317945e+00 2.372413154562999171e+00 2.355201215014375293e+00 2.502407389262626847e+00 2.443270496767142586e+00 2.527747383097122214e+00 2.458175420606958372e+00 2.577657609150327378e+00 2.476503601773031527e+00 2.387769287876013724e+00 2.881361905459699724e+00 2.370054297765781026e+00 2.715402697489178951e+00 2.474180178447016321e+00 2.635344173014163793e+00 8.179032403436199417e+00 3.028436644221173868e+00 3.220765336731384210e+00 5.372268253256534010e+00 5.448559134993059772e+00 1.086892369985580409e+01 4.039120380015208234e+00 3.486890604064381893e+00 2.783932427188445580e+00 8.636224024049166559e+00 2.661755025695109911e+00 2.654155157044015834e+00 2.861499088437392313e+00 3.155532490796055800e+00 3.565640533792560962e+00 3.338136353677716439e+00 2.566878328292534039e+00 2.539296774668939882e+00 2.619957842703523276e+00 3.055599629056864330e+00 2.364723044017265519e+00 2.782088839391181789e+00 2.498365006210474970e+00 2.620457925930105070e+00 2.936197558559220155e+00 5.041035815354050875e+00 2.597012139137448550e+00 2.540118551922255108e+00
1.046431604870434384e+01 2.576540145689043104e+00 9.699126223449049178e+00 1.001587282994697681e+01 2.861724431350312958e+00 2.959406656746206288e+00 2.564651430629450335e+00 2.563439012447307430e+00 2.576196283924168107e+00 2.710396279651543061e+00 2.599100968447224602e+00 2.770614154842392818e+00 3.025505964509371815e+00 3.910896946130127283e+00 4.721641647815704168e+00 2.940173438396946892e+00 2.540824777658643008e+00 2.576846479393284817e+00 2.554314108141537254e+00 2.623326640704582324e+00 3.906085325109547313e+00 3.040388022414568958e+00 2.994471131111013040e+00 3.249384410319656968e+00 2.560947149221239005e+00 2.557757264067386682e+00 2.725819439826340229e+00 2.621272372120412975e+00 2.653727337152793186e+00 2.974626292647986503e+00 2.671794392836504883e+00 2.677627649851913816e+00 3.167107541088399980e+00 2.938579804938414863e+00 2.954895958407171452e+00 3.032161173327215575e+00 2.959855946179093866e+00 2.958925948471858192e+00 2.471941585992944557e+00 2.659403150862660770e+00 2.636923493444919497e+00 2.768268738327354761e+00 2.765756452854337244e+00 2.629912553522093077e+00 2.540062172556745157e+00 2.623538717884441596e+00 3.437005513084345321e+00 3.351892569763906593e+00 3.111969219816141941e+00 2.632052700272921708e+00 2.340664589816126018e+00 2.370278244285747515e+00 2.331463232996134671e+00 9.188535139889552283e+00 2.533670183810694088e+00 2.434695945834290942e+00 4.221709929869092548e+00 2.412174047529697329e+00 2.380794654169986924e+00 2.457146279000002487e+00 2.414913421406827965e+00 4.726538099708228025e+00 2.406878227252384317e+00 2.504758565898598910e+00 1.058112152650438453e+01 2.358925918669536159e+00 2.403967620689293039e+00 2.919556569179583949e+00 2.331859808595015959e+00 2.389511986282364830e+00 2.328573572327350405e+00 2.402954013953948476e+00 2.490822040572248319e+00 2.384075653964075503e+00 2.465092627652759827e+00 2.447645570440538876e+00 2.491055587293772522e+00 2.449012988240554023e+00 2.336275552213191720e+00 2.357987891702816086e+00 2.376353251831284652e+00 2.359560230168802786e+00 2.458450335469739123e+00 2.567991078927598814e+00 2.426809991176785974e+00 3.829757788057984502e+00 2.484593255252673494e+00 2.353326208375650985e+00 2.405757098259596827e+00 2.592865550261119090e+00 2.445513976596552563e+00 2.457513355797734445e+00 2.537716581492588386e+00 2.378852271571241239e+00 2.721862934940847634e+00 2.358741071152275826e+00 2.368622820439009402e+00 2.819637147722573012e+00 6.562044272751642815e+00 2.537372719727713388e+00
9.239975463521890475e+00 9.034197412277089612e+00 2.946190844733139080e+00 1.054290923332345820e+01 2.659052656231255085e+00 2.440276281175941975e+00 2.339020162563899330e+00 2.441849841485763228e+00 2.591667619655872112e+00 2.412223095832199515e+00 2.496945921871168483e+00 2.543783210680402362e+00 2.504209085271276169e+00 2.428847328496390290e+00 2.503655066366853088e+00 3.213826311045679063e+00 2.477974003553390148e+00 2.537899858067775405e+00 3.205667187016585373e+00 1.097658420020136205e+01 2.918063650562845002e+00 4.969785563082529833e+00 3.780897998604280996e+00 3.321302836619574261e+00 2.630016235698913629e+00 2.539801570721741175e+00 2.594244488303003582e+00 2.498195169917468039e+00 2.497214902063895625e+00 3.155633729285206801e+00 2.772694605794446154e+00 2.818010524480507151e+00 1.033705996603801225e+01 2.479335137585113369e+00 2.377913197309806215e+00 2.451021001308128611e+00 2.424203798277624333e+00 2.352180118858814062e+00 4.777751160387334828e+00 2.831408216675807221e+00 2.548684549948264433e+00 2.610506007897442693e+00 3.395085447512823595e+00 3.429933480969790338e+00 2.579093973852436772e+00 3.282146930900113002e+00 3.766388079421273183e+00 2.951641664628324335e+00 2.375484346315778428e+00 2.550810558220435453e+00 2.410617942131798586e+00 2.397707416528257696e+00 2.610613006507528144e+00 2.556144081107500909e+00 2.613277149714272163e+00 2.745646997926563859e+00 2.517550572650185892e+00 2.430092561912947424e+00 2.411496273299743365e+00 2.437032983991606283e+00 2.372403030714083982e+00 4.722674280405043667e+00 2.323341113380316791e+00 2.503019533023751908e+00 2.836164156527354319e+00 2.803932788916702723e+00 2.378208359870417343e+00 2.651778845334874735e+00 2.531478021422336688e+00 3.948679499379519342e+00 2.414277538965488024e+00 2.488762186416264122e+00 2.656713698033628557e+00 2.426405735416658604e+00 2.734691073360114189e+00 2.508902012890782629e+00 2.550732011116783937e+00 2.414156401876745406e+00 2.474305330165500916e+00 2.478624024473387255e+00 2.465337170968795455e+00 4.505439174072495057e+00 2.445971469838043699e+00 5.801111700514266722e+00 2.366931090375472557e+00 6.230955314225163022e+00 2.410485982997663701e+00 2.443066274297648111e+00 2.556484102791753088e+00 2.700089852357732578e+00 2.557202721515606125e+00 2.617534402732191179e+00 2.467514845780257371e+00 3.101872251465402464e+00 2.367679207900474481e+00 2.924686393244512850e+00 2.701103633642196300e+00 2.367103894003506070e+00 2.667147022537116108e+00 7.888285935541678562e+00
5.385266227968807051e+00 9.299593064291723721e+00 5.496620885873662488e+00 8.503163135873858636e+00 4.073555779354324891e+00 4.058051977486445416e+00 5.178959991089228332e+00 4.529988460396897842e+00 3.713407185262646681e+00 3.267722540785526153e+00 3.389250270457103031e+00 3.357544470244440138e+00 3.153272777898557866e+00 2.745808979509205550e+00 3.332990296544699582e+00 2.945498233828050871e+00 2.778569580049349952e+00 2.877623761522358770e+00 2.846110314439082689e+00 2.646444624251332645e+00 2.525363391226735477e+00 2.539565754861667024e+00 2.396597807777338662e+00 1.016209472171191486e+01 2.480853016725901750e+00 2.565186947327235512e+00 2.614158273668124366e+00 2.373395517006002375e+00 3.075630536880986199e+00 2.510115303818521770e+00 2.471807183171140565e+00 2.531930452739370008e+00 2.815988722032513714e+00 2.804651058542316999e+00 4.143092308373286237e+00 2.754796339109025993e+00 2.756147698390072343e+00 5.518882880539728752e+00 2.636505099206134961e+00 2.387401163783566371e+00 2.389374965223772573e+00 2.548162822630898550e+00 2.402288981809697965e+00 2.470931644789103654e+00 2.327407409661802706e+00 2.432251385419533118e+00 2.403425820223215936e+00 2.583698928715853604e+00 2.953419971054997539e+00 2.669227822587407761e+00 2.802316464072671209e+00 2.480345602436312191e+00 2.454706082313224957e+00 2.381375902737008943e+00 2.445990670241158238e+00 2.457150817277102384e+00 1.102173377357680195e+01 2.718324300646781655e+00 3.176982832057722472e+00 2.955886001011420738e+00 2.434467111938986239e+00 2.402350946747023208e+00 2.477825113154690673e+00 2.356757145863154435e+00 4.251073979098221045e+00 2.631714074981623241e+00 2.472676437784885106e+00 2.433415628044769630e+00 4.225785302704777813e+00 2.582133921312874669e+00 2.656059138836531552e+00 2.473259780941337915e+00 2.446366649043970831e+00 2.563713403662730705e+00 2.564682500372672536e+00 2.495562969199542014e+00 2.819498904820145757e+00 2.457315242547413181e+00 2.628434122482250057e+00 2.478006469689566060e+00 2.430522127295362100e+00 2.659808628466622249e+00 2.740006094040541740e+00 2.452551971632858763e+00 2.293282184107550137e+00 2.706122619016416930e+00 7.544100207501443833e+00 7.517659506921109624e+00 3.057592630900185515e+00 2.565768370443376689e+00 2.747281475878994961e+00 3.141879607788447437e+00 2.894565848132659269e+00 2.465263511240482153e+00 1.101057659387588394e+01 2.322668750173058960e+00 2.421529007574607206e+00 2.524810943264385710e+00 2.498855140137261177e+00 2.474283686074717270e+00
4.326406586170196356e+00 9.591771533160372343e+00 3.417684321978996298e+00 1.051913285049898761e+01 2.998465513155377682e+00 2.928525426572766488e+00 2.647603281304753864e+00 2.656764840925561533e+00 2.342148955526022647e+00 2.467950869480083576e+00 2.471820972551559414e+00 2.473460861526686205e+00 2.889326930868214127e+00 2.752999181377476567e+00 2.679103986302326046e+00 2.568771313490538333e+00 2.481799945697702015e+00 2.571374539054672947e+00 2.539626148856918952e+00 2.524131423543239272e+00 2.581197814386466227e+00 2.512339932343055082e+00 2.458666252730221213e+00 4.707726592031018065e+00 2.438105588329249063e+00 2.410281935077288828e+00 2.362733707705447994e+00 2.661377126851986130e+00 2.389081548154353918e+00 2.515016817635502999e+00 2.751573464171639394e+00 2.693688088861004637e+00 1.028914134543517456e+01 2.348084672874417578e+00 2.419386591685229071e+00 3.339542172283961552e+00 2.507275913296074243e+00 3.699850653368850661e+00 2.422757135177480592e+00 6.677066556749672088e+00 6.873065668138964135e+00 2.413408982548220116e+00 5.957838307372454345e+00 2.478167054879254039e+00 1.052061302703002355e+01 2.553370844701240649e+00 3.132945485669990759e+00 3.506840521097182695e+00 3.261492882720355091e+00 2.412947125578748686e+00 2.382349712273169828e+00 2.543205976743122321e+00 2.383502609205656597e+00 2.451727052495397352e+00 2.398506676945193039e+00 2.367691949986177935e+00 2.486135920368391705e+00 2.470290525874187182e+00 3.006226316094398054e+00 2.548198081552981886e+00 2.508143946065984675e+00 2.469204306705244267e+00 2.453380730850942992e+00 2.702738635241984877e+00 2.414754756257451618e+00 2.367908216344898786e+00 2.479376854824608678e+00 2.482206819694617650e+00 2.399937281526367983e+00 2.624738044882642729e+00 2.344578155618289195e+00 2.367167604432023786e+00 3.144766301122204677e+00 2.673525745550106247e+00 2.345845207674749577e+00 2.322688823321769735e+00 2.390227114023833366e+00 2.550427422903734698e+00 2.474630689723738008e+00 2.639791684572038832e+00 2.443666025071308479e+00 2.591960338528813690e+00 2.575376950358521988e+00 2.591038370081062858e+00 2.357555009887136066e+00 2.418414876738498531e+00 2.318604373931884677e+00 2.870184827159190544e+00 2.300522132474800419e+00 2.353406500970494974e+00 2.425160851098339787e+00 2.360531421468175406e+00 2.443589747106206467e+00 2.402057704226723711e+00 2.648724933944899274e+00 2.760668171479784050e+00 2.652924236655235024e+00 2.419345747191330442e+00 3.339570798339514646e+00 1.084995649436424436e+01
3.739323889387064614e+00 1.036199116583528124e+01 7.511261932603243707e+00 6.975139200276340823e+00 3.746021688189999477e+00 3.401340938847640327e+00 3.227498743554641170e+00 3.118630363304039310e+00 3.023660282122677678e+00 2.884091853684392248e+00 2.938325312322583205e+00 3.038863859505488652e+00 2.439248885060178562e+00 2.361969531661477273e+00 2.738021470554943271e+00 2.676391492989556475e+00 2.448680995815786687e+00 2.512653248012065799e+00 2.451088726366388304e+00 2.436438469691522890e+00 2.947115605966797780e+00 2.850758208385828940e+00 2.801355571171332937e+00 2.955596947669982821e+00 2.564441448039021854e+00 4.967931851436351742e+00 1.088109186805527706e+01 2.723909348814651743e+00 2.532544341991687542e+00 2.378718916044152643e+00 2.416335473081161034e+00 2.500077507619199668e+00 2.414975909991510683e+00 2.939142900397037295e+00 2.894817897060821377e+00 3.459773351097928717e+00 4.437338486108286517e+00 4.188536869760216774e+00 2.473857088027329176e+00 2.561694044902406819e+00 2.406607676117584305e+00 2.946375168603041939e+00 2.527295649976565528e+00 2.394237903685405122e+00 2.473077028013508816e+00 2.471147212951347427e+00 2.605454730936165308e+00 2.496001436587037325e+00 2.640591468636331651e+00 2.901789388882702436e+00 2.418740061747616465e+00 2.422136613058632371e+00 2.408615165537800973e+00 2.333006945406568278e+00 9.912140382980476616e+00 2.726572095628442050e+00 2.376315898319770525e+00 2.513578183794843657e+00 2.684452694962764507e+00 2.387258033505801347e+00 2.531094711556516774e+00 2.529772152880142233e+00 2.446509255674378380e+00 2.706532460348359148e+00 3.436819443723250878e+00 2.442375757981990692e+00 2.987456002009325928e+00 4.220702781451159069e+00 3.495427103289242332e+00 3.816416649777313541e+00 3.734104172525734455e+00 2.435379480185179801e+00 2.492062212064348081e+00 2.525669550381857587e+00 2.392124462949818398e+00 2.515499445950162727e+00 2.383242531018010091e+00 2.528106954282727692e+00 2.442350273810583783e+00 2.475719701678588347e+00 2.731596492025358813e+00 5.798397112612065918e+00 2.525832230160975911e+00 8.008072014101619729e+00 2.765911103373971169e+00 6.032686366089458296e+00 2.664150712356484707e+00 2.482408598476442574e+00 2.336631632416412696e+00 2.372734499491493843e+00 2.415105250888857302e+00 2.424282519930395452e+00 2.598098009208152703e+00 2.462321311286810754e+00 2.613968538775525818e+00 2.650466585056534985e+00 2.445427051135177887e+00 2.729184572295895617e+00 4.675677279151718935e+00 3.013236906918985714e+00
3.411873930898205565e+00 1.080995123263062929e+01 8.738540528560506004e+00 9.833671477334251065e+00 2.723172926080637879e+00 2.871573889049990225e+00 2.625189952552318129e+00 2.746413792207322846e+00 2.383438898777139325e+00 2.313631644074258809e+00 2.682041647978897547e+00 2.790504899723776244e+00 2.556002521771808755e+00 2.479540930996680714e+00 2.572216738554937709e+00 2.342298718670318802e+00 2.399603194512169857e+00 2.429313025546484539e+00 2.410585825093860990e+00 2.462191621291226262e+00 2.473084708174754454e+00 2.505412950546576756e+00 2.699472995770388462e+00 2.600633858812265942e+00 2.883129564390099819e+00 2.679926985399476269e+00 2.651230761100505706e+00 2.772780483961104991e+00 5.735767143142633806e+00 3.456458663323829672e+00 2.575943536799529365e+00 2.524464812360960764e+00 3.604586980568951216e+00 4.060516960148153665e+00 2.671326252098741083e+00 2.357384999045009977e+00 2.403526185966771145e+00 2.472181940130118605e+00 2.854566521069098695e+00 3.284657994529296410e+00 2.906249991624519247e+00 3.994646660829411999e+00 2.799149270304317927e+00 2.617633197533673073e+00 2.846987947410550390e+00 2.609387846239681785e+00 2.404510817548324297e+00 2.709394716805424874e+00 3.654655697222413124e+00 3.313382146687342988e+00 2.675236152369400155e+00 3.488113495193678304e+00 2.696988812705565675e+00 2.731211960315703902e+00 2.794421083762727687e+00 2.808616116334651913e+00 2.652614761066847571e+00 2.435777801275253118e+00 2.528723636320952650e+00 2.495026754305280203e+00 2.767359337416188225e+00 2.522023917477706156e+00 2.783301606671563455e+00 2.467505420127819260e+00 2.862140905548785863e+00 2.843914661068340344e+00 2.893835883716056934e+00 2.940911781171272388e+00 2.669432917802498029e+00 2.735608328981645965e+00 2.510499835528176238e+00 2.690567150609246561e+00 3.145204419411461672e+00 2.872033476880911707e+00 2.639132412548722773e+00 2.615283940938012197e+00 2.818735776070890431e+00 2.737866820035309345e+00 2.840235514733297606e+00 2.850960336265892625e+00 3.059711308109348771e+00 2.388998113675363744e+00 2.453309863908537114e+00 2.515072149706297555e+00 2.468300665915012182e+00 2.595792564441417483e+00 2.468705096224258266e+00 2.405044239656678240e+00 2.720390962218415698e+00 3.815604996372913060e+00 2.556878234702965269e+00 2.471083327973710997e+00 2.417690323344592329e+00 2.462486783851836947e+00 2.572275387058997609e+00 2.395983045779425336e+00 2.657548391921766839e+00 2.829575625473054856e+00 2.793329453571089083e+00 2.622207780850344339e+00
8.776669038164204295e+00 8.269084388634253102e+00 3.377842438220977517e+00 1.056412323507769280e+01 2.901676281053444217e+00 3.156724312182130010e+00 3.423906648981159595e+00 2.885612525611088053e+00 2.506743887580674013e+00 2.762563425816338292e+00 2.716286963327177340e+00 2.670187842743149798e+00 2.631698714659131522e+00 2.420372270561497619e+00 2.606848505653183601e+00 2.458049919790235016e+00 2.634481027619592020e+00 2.609698892770142109e+00 2.354854211365354111e+00 2.569379617171040575e+00 5.542013431623063369e+00 2.704026633192752715e+00 2.487966940629070756e+00 2.916643868027061881e+00 8.089800100902030167e+00 2.543594697631638368e+00 2.701801131922623167e+00 2.517103726904967420e+00 2.408032695126944400e+00 2.465078838272340978e+00 2.447181444332517053e+00 2.345274781153119825e+00 2.707516917380793142e+00 2.469742092541579392e+00 2.352623997269005507e+00 2.437723500307263702e+00 2.329652809531523872e+00 2.423757476179763781e+00 2.352021628258556873e+00 4.111609232836755723e+00 2.573543486410173831e+00 3.763571554833444743e+00 2.539957792183448415e+00 2.338782950310871467e+00 2.429146331137624237e+00 2.523464296809557972e+00 2.373018316359355229e+00 2.471995521670785401e+00 3.241611738040528934e+00 2.465214637487098681e+00 3.738030480413601087e+00 2.642312348402779509e+00 2.660356189053633802e+00 2.825039792060851873e+00 1.016868011088206813e+01 3.697214263472063500e+00 2.446571046062584465e+00 2.920162080074178323e+00 2.802432713786075613e+00 2.647378985686548614e+00 3.381338307980833235e+00 2.541042265861198413e+00 3.650248681060198841e+00 2.506078506338185186e+00 2.403488832455256574e+00 2.305129705575005516e+00 2.437291316688060316e+00 2.481458527620496124e+00 2.504531826592724553e+00 2.806061764523900326e+00 4.033067016560455187e+00 2.598135188170547671e+00 3.017621231695700956e+00 2.488754157156779723e+00 7.853921403144966895e+00 2.510230331688091621e+00 2.607949910595499077e+00 2.564970855517633819e+00 2.784969947153124181e+00 2.635907443021905383e+00 4.471849290666908949e+00 1.054632201770256117e+01 1.028661666697469101e+01 4.924159819709843511e+00 7.973937188345809446e+00 5.409302688980924145e+00 8.463191387571136204e+00 2.886790906714981730e+00 1.021013063932287146e+01 2.838828648832337542e+00 9.798277105134108211e+00 9.575645987329810538e+00 2.715069308671457904e+00 1.025800736813709513e+01 2.754272342653109718e+00 7.285325552677285543e+00 1.069065319340804443e+01 4.036481197332513204e+00 3.838112407100611190e+00 1.000798041697206031e+01
7.892503740458652217e+00 9.513128078394922582e+00 1.048697252437986016e+01 4.242306376839505511e+00 3.160914887436504728e+00 3.083992486986620207e+00 3.270249662933678358e+00 3.057200593578404124e+00 2.815329275460078495e+00 2.766627976606631734e+00 2.738468839947519218e+00 2.694044518162463930e+00 2.781466397232022381e+00 2.735459089484707729e+00 2.801173341890860868e+00 2.895027006905654066e+00 3.007449556321933226e+00 2.997097397158885457e+00 3.034074929870407722e+00 2.969308130083412767e+00 3.030399623615988247e+00 3.088440696740972324e+00 3.439408007161370406e+00 3.104373540343908999e+00 2.541579353501056460e+00 2.683790455604421421e+00 3.013583910568006896e+00 2.955551564898983852e+00 2.585469729530399885e+00 2.742692928632785243e+00 2.535225067364758278e+00 2.753508166609138996e+00 2.461480682728619307e+00 2.485160714439276664e+00 1.087019860662262971e+01 2.527927517788163492e+00 2.376138556414636671e+00 2.315733040920619157e+00 2.446630567312240156e+00 4.956677622425144314e+00 2.385545357547957046e+00 2.456532215198565794e+00 2.370201442673288472e+00 2.396315387302431432e+00 2.539532066881656558e+00 2.400242567935893856e+00 2.426458100152426578e+00 2.556116153248424894e+00 2.852902718864637865e+00 2.478797875396136163e+00 2.542449655409516840e+00 2.608314543705561928e+00 2.658922617137431832e+00 2.485068028856967981e+00 2.419884754871499677e+00 2.393697848710520493e+00 2.654178197527753635e+00 2.365212828845812965e+00 2.496350185727250537e+00 3.562800619622756404e+00 2.352772887667704982e+00 2.440427440713191398e+00 2.363749758128462108e+00 4.057999612750677443e+00 2.454123088255010465e+00 2.466504904576416468e+00 2.435608837727842424e+00 2.439689447037104664e+00 2.349857917376632965e+00 4.040468597412108842e+00 1.021416481856642022e+01 2.700906393137471273e+00 2.398262482727395728e+00 2.861039151508232514e+00 2.449443775466803697e+00 3.826043033702619667e+00 2.919198219837813468e+00 3.058849733656849867e+00 2.509404714354153132e+00 2.915777231650105605e+00 5.699530047794867826e+00 2.948129736349500263e+00 4.550751078128814520e+00 2.509407158041822239e+00 2.727189301314024927e+00 3.203894466161727461e+00 2.542414745585671376e+00 2.767253909748175644e+00 2.484126510907863405e+00 2.450363300226885421e+00 2.533857824113861845e+00 2.536055572074034981e+00 7.298746285356323860e+00 2.634570571317754517e+00 2.489257033169269384e+00 2.811834103896699855e+00 2.511661983563981959e+00 2.994751107898251608e+00 2.456825632267984449e+00 2.704175872689690951e+00
5.861709918235909811e+00 8.911152850759439303e+00 5.477726292815701115e+00 8.344134924329559055e+00 5.333568968032968094e+00 5.988179831669247832e+00 5.603351737610224426e+00 4.506770983852188550e+00 3.689131591957190537e+00 3.149272810282377932e+00 3.193299334624717822e+00 3.439220192309083490e+00 2.730768954651108693e+00 2.818718670257206238e+00 2.614648756693149334e+00 2.504582969484657973e+00 2.420531983005589360e+00 2.434975049875933273e+00 2.421821377349310467e+00 2.323036525167267552e+00 2.329042585810710442e+00 2.521268817987935229e+00 2.621730563558380744e+00 2.424993283943883249e+00 2.794223494159763899e+00 2.670902795935499174e+00 2.845369877075326404e+00 1.093549254474968713e+01 2.534912449892224640e+00 2.572973059888543634e+00 2.312970626559750720e+00 2.597316727350497789e+00 2.392452964392201231e+00 2.396026159411873913e+00 2.428311811798605113e+00 2.441895747904119673e+00 2.365529111849850263e+00 2.850803591156827910e+00 2.284170370985721288e+00 2.360134496771055801e+00 2.745053530921195861e+00 2.520214192209572435e+00 2.803909922982084080e+00 2.531516247679447051e+00 2.432684616333451455e+00 2.536967416672870623e+00 2.529390588505514348e+00 2.404618339805767224e+00 4.081216740197148418e+00 2.398692571757168324e+00 2.406347074282580323e+00 2.471826383574255548e+00 3.610803372901061348e+00 2.626288215610487420e+00 2.455655804070933090e+00 2.584856189376321112e+00 2.488563549518584939e+00 2.371702914196869294e+00 2.428606974359216242e+00 2.469525651633739383e+00 2.361086662216433041e+00 2.487211142942823194e+00 2.475095688577355624e+00 4.659117455112522954e+00 2.497378105490371869e+00 3.960282826629177855e+00 4.305013846117874188e+00 2.729181255862630273e+00 2.826977287284258900e+00 2.427264167985011767e+00 3.213533068525380010e+00 7.956501825924576998e+00 2.453662278580254430e+00 2.529924708810345813e+00 4.094872066892426332e+00 5.811718352293145706e+00 4.448713503109996914e+00 7.902242184918501167e+00 6.619318726144987508e+00 2.416068238379626365e+00 3.139520052794752214e+00 2.317022958911698183e+00 2.556735802621676878e+00 2.522198292047812984e+00 2.872015323772512563e+00 2.536607845487265589e+00 2.642912099176439433e+00 4.826324340187269968e+00 2.375737093440417169e+00 2.339673674466280939e+00 1.043419166351186789e+01 2.468859048547415558e+00 2.333492541056254588e+00 2.481607418019196043e+00 2.395190418229020679e+00 2.470526865381618808e+00 2.304594014328101181e+00 2.330712497234344038e+00 2.482050249134671649e+00 2.586344569715960162e+00
3.519827673764063913e+00 1.064403740743110838e+01 8.453162493376895625e+00 6.487916752798803088e+00 3.032435913640877168e+00 3.099119611855210454e+00 2.872746510032949452e+00 3.190680050541614410e+00 2.923054009881512538e+00 2.842906290806572756e+00 2.694503407796908778e+00 2.707200983474994160e+00 2.460109599397100055e+00 2.457458547374297808e+00 2.538555464559587804e+00 2.813621137779334092e+00 2.430483028292655501e+00 2.586184682722749262e+00 2.427926232794235251e+00 2.371940475548135474e+00 5.975890177282793481e+00 2.345637494222871045e+00 2.892670768345224186e+00 3.045913200234544593e+00 2.947994286232980876e+00 2.643509406262430250e+00 1.068623360970924452e+01 2.838149652758548580e+00 3.023549268882849805e+00 4.271976585223757006e+00 2.461423081519274803e+00 5.674926302145267165e+00 2.600079141711366226e+00 2.553726401257103706e+00 3.128067535984104808e+00 2.666251061908129660e+00 3.348022466692430754e+00 3.060018165460947959e+00 8.062335844286556252e+00 2.564243858436058066e+00 3.244657969269258757e+00 2.538862671009425309e+00 4.031272302516574868e+00 2.595212188619991700e+00 2.371618083324925408e+00 2.448741913458396535e+00 2.307650718503984510e+00 4.105338730277686032e+00 2.493758131306746506e+00 3.661900882063240381e+00 3.641572193441719563e+00 2.491106381087467181e+00 2.459113098475439685e+00 2.531555346682153651e+00 2.892919151741882633e+00 3.194216066598892123e+00 2.448311824428623940e+00 2.386047535363970074e+00 2.589254303533455204e+00 2.462878995722737496e+00 2.483681759752076168e+00 2.541290998356095621e+00 2.708890269850862342e+00 2.468925028114483222e+00 2.665474318327574643e+00 9.988625014239342903e+00 2.553973213711688839e+00 2.465074823642599000e+00 2.447935147429334268e+00 4.764744109120861992e+00 4.889007023490708370e+00 2.697441069473480280e+00 2.497237593449395110e+00 2.445792731539956133e+00 3.086105578623968615e+00 2.534938283161870309e+00 8.082974532143822444e+00 4.468481889058803169e+00 2.610112574182707590e+00 2.493574854731559487e+00 2.461782129057522361e+00 2.435302504023601156e+00 2.745881591942803457e+00 2.898003069388455089e+00 2.531003422367161360e+00 2.355204531447640637e+00 3.380472195251234435e+00 2.692595236825531479e+00 2.664137621172542936e+00 2.554980187580503159e+00 2.429510091502090852e+00 2.719914443122929182e+00 1.037314415635733589e+01 1.004712410425317515e+01 2.725991719807016267e+00 4.691406249383399896e+00 2.400036250876969035e+00 3.202841934972795457e+00 2.600516910902384904e+00 7.896195803428518012e+00
5.359391066534765713e+00 1.052306928223576854e+01 4.996846262134353900e+00 1.014114603461890241e+01 4.627012984711547539e+00 4.310742897309105537e+00 4.950798808089617253e+00 4.317962597978525885e+00 3.644067198551934172e+00 3.621274923661659262e+00 3.300661006878161885e+00 3.182411309665646559e+00 2.974880785263817717e+00 3.428138417827671702e+00 3.386937494627360490e+00 3.252261328902737336e+00 2.388195536825163501e+00 3.092357229878162084e+00 2.767129805324406000e+00 2.607872236237443353e+00 2.491037259636253776e+00 2.521664346292100678e+00 2.408103038421992359e+00 9.682704642312279120e+00 2.433441286765295697e+00 2.370669932509290589e+00 2.457420670215425762e+00 2.526757340492872927e+00 2.815181956003451891e+00 2.443848603450018420e+00 4.535764290752081429e+00 2.478782165975406127e+00 2.725891528612580661e+00 2.498974008087453846e+00 2.709928138913779261e+00 2.399274693069786579e+00 2.843166019895980945e+00 2.740091448559843101e+00 2.520005256913858904e+00 2.777035293291354900e+00 2.446094701516217107e+00 2.605952894122435914e+00 2.900933400002018825e+00 2.693143146510781794e+00 2.410384395410274383e+00 5.835198350713170612e+00 2.706772290838175721e+00 2.656093175914780780e+00 2.614910231273749552e+00 2.828254812287872788e+00 2.628259398813904912e+00 2.466354094137405362e+00 2.411699448474522001e+00 2.494872452883884595e+00 2.452558080852031530e+00 2.573495310853267437e+00 3.003693608374431001e+00 2.382323879003524603e+00 2.824396404007385453e+00 2.404702472481234032e+00 2.420018983144184510e+00 2.521896671169790327e+00 2.533719057564077559e+00 2.612494820561901854e+00 2.859380934875586533e+00 2.559741713003865549e+00 2.790606836409403879e+00 2.659042008734982421e+00 2.741668848950287174e+00 2.406584635633846503e+00 2.375439312643018219e+00 2.785881093555483190e+00 3.175400020644582266e+00 2.690176684229538040e+00 2.474368516946660712e+00 2.384497015537886622e+00 2.606004386112607651e+00 2.581275314195402348e+00 2.472045617268002982e+00 2.427155074785495525e+00 2.576111802150462982e+00 2.430641169794674372e+00 2.384314611708295395e+00 2.434945900173022704e+00 2.610235631311761839e+00 2.353504772124618949e+00 2.425703175211774809e+00 2.453771546328889830e+00 2.463273651281307153e+00 2.454589658050701395e+00 2.378290921603810837e+00 2.372584736347198131e+00 2.434241769026065594e+00 2.335084254474475429e+00 2.362162059339983688e+00 2.363332062086154650e+00 2.367596646167080543e+00 2.385683949548622618e+00 2.460644417898408154e+00 2.451082966245453854e+00
3.822804798442741347e+00 1.011946005204628207e+01 5.483089139954796742e+00 1.004424194919651825e+01 2.952267946868107007e+00 2.959616115689277294e+00 3.086643539009422899e+00 3.382082934523450657e+00 2.907673788790044789e+00 2.526080962655872675e+00 2.891865398709116075e+00 2.636599879377874434e+00 3.133078492098841039e+00 2.415613887022281414e+00 2.497010330496162833e+00 2.539041758405750748e+00 2.570210994625913514e+00 2.611714585998962335e+00 2.726149686759915536e+00 2.624820257517797906e+00 2.863739077284418233e+00 2.777330455851965585e+00 2.532715574677648185e+00 5.433993010993661166e+00 2.460966635572499062e+00 1.030863918024918036e+01 2.653224810238541842e+00 2.350594514659766432e+00 2.476342318386866914e+00 2.571767274572931417e+00 2.487169600252447044e+00 2.437891242010839843e+00 2.735455773051442385e+00 2.714959691824583743e+00 2.793144606053828749e+00 2.608788619113379337e+00 1.085148414825570917e+01 2.428107065681753163e+00 2.471992903433996691e+00 2.390290649903231479e+00 2.410007892960104314e+00 2.510569655175866721e+00 2.342800896486331386e+00 2.473448992186578987e+00 2.486896954528216241e+00 2.561793363351246189e+00 2.491419173109119978e+00 2.311939739461602805e+00 2.703635817714805878e+00 2.985892390999300261e+00 2.912165286725964641e+00 2.978283794892245151e+00 2.459335997700690779e+00 2.339767756441543778e+00 2.328238612567556043e+00 2.481549293162493619e+00 2.447685716737960870e+00 3.324334754820527316e+00 3.422424377860693756e+00 2.397326899448345205e+00 2.502182744546182835e+00 3.930817538910898357e+00 2.360076895561711297e+00 2.330117982934261089e+00 2.490504884822615228e+00 2.390541127889320716e+00 2.356825918216129523e+00 2.310700615264217994e+00 2.428234137440549834e+00 2.534170092488157167e+00 2.340899183832365615e+00 2.452586183260226704e+00 2.433072988123729186e+00 2.436856514832069109e+00 4.512542974126749762e+00 2.487045844926916160e+00 4.773353220779319450e+00 2.545662057399749489e+00 2.446842120844741952e+00 2.396623291948745571e+00 2.892182554458749610e+00 2.422092801229706716e+00 8.110198609171241912e+00 2.567153941351791868e+00 2.526376474314722120e+00 2.527829072084919915e+00 2.457197072793697146e+00 2.600141630296049389e+00 2.399985457083274376e+00 2.527607743801741691e+00 2.554705970914199042e+00 2.518096213196885813e+00 2.553068176528503042e+00 2.594470529412400861e+00 2.573745439741117913e+00 3.112587821894678086e+00 2.513071467701730732e+00 2.455109116229517330e+00 2.856919792294501992e+00 2.546810939702494281e+00
