-5.779965613449852491e+00 -1.324373270706247396e+01 -1.441020632747043884e+01 -3.629891415335364968e+00 -2.348866820988808612e+00 -1.116539940223070460e+01 -1.245035001461241286e+01 -1.433714111928366641e+01 -1.690094165168836682e+01 -1.298413219249103889e+01 -1.708807675582250241e+01 -1.654978112315076544e+01 -1.721689201924052171e+01 -1.855418044157475777e+01 -1.768961750489365414e+01 -1.498675691432435109e+01 -1.561114223510435828e+01 -1.495937822461821121e+01 -2.283533966566529827e+01 -2.283533966566529827e+01 -2.293122967477187046e+01 -2.325550527336678641e+01 -2.320437231108034126e+01 -1.919332485424951429e+01 -2.289120983693928935e+01 -2.320437231108034126e+01 -2.320437231108034126e+01 -2.424222004523472407e+01 -2.459472883200881199e+01 -2.453684203041654044e+01 -2.447566652620065142e+01 -1.987331711516940302e+01 -2.261578491822209713e+01 -2.390602886832572338e+01 -2.035495770300136797e+01 -2.327816284920728762e+01 -2.524431261670124371e+01 -2.504300208192016086e+01 -2.619202902453648107e+01 -2.581299877908545426e+01 -2.604848948867939384e+01 -2.143370431403601728e+01 -1.952012492735286386e+01 -2.337035224205765971e+01 -2.152026844102743297e+01 -2.498865204872164725e+01 -2.480751884158527432e+01 -2.502751813016888605e+01 -2.525288762889596939e+01 -2.566161478540011842e+01 -2.478112842137210592e+01 -2.623397641854622364e+01 -2.572538214625398112e+01 -2.424716810570801329e+01 -2.722309812039186028e+01 -2.400935689349353197e+01 -2.408920120529971598e+01 -2.449576556195185617e+01 -2.476962880693065827e+01 -2.496803949563267366e+01 -2.581902064696454246e+01 -2.592980154512835256e+01 -2.586694199154527851e+01 -2.508448860882240083e+01 -2.656196868841385950e+01 -2.621108036066062752e+01 -2.708314545165947962e+01 -2.653637608672000781e+01 -2.587314981932376412e+01 -2.678824793147542138e+01 -2.375608147048696139e+01 -2.739323253382513101e+01 -2.689778126538391945e+01 -2.539579739681651560e+01 -2.556822471483683756e+01 -2.640314380655628668e+01 -2.181560504115131849e+01 -2.547141077566789491e+01 -2.352635484752407180e+01 -2.654710514969992730e+01 -2.784331235826114082e+01 -2.828398695334544044e+01 -2.708385211245692048e+01 -2.679474059007877074e+01 -2.331913338814219117e+01 -2.612865581459766418e+01 -2.616765883583618191e+01 -2.150449150146155120e+01 -2.823894860511965987e+01 -2.079540846172919188e+01 -2.605418377601239754e+01 -2.790482538010965996e+01 -3.575567146116822670e+01 -2.627281109261785375e+01 -3.566835363335000864e+01 -2.571397164014411274e+01 -2.702846585007469571e+01 -2.629938325520916464e+01 -3.519753278584413181e+01 -3.598182078902845404e+01
-1.345833716168308136e+01 -1.196303228163154309e+01 -1.889309849267539221e+01 -4.152158983232909328e+00 -5.353643712302006641e+00 -1.275105839186763035e+01 -1.486696747071736802e+01 -2.333073934111528658e+01 -2.216561392897409632e+01 -1.421547811344864520e+01 -2.320437231108034126e+01 -1.507131682561927200e+01 -2.333073934111528658e+01 -2.232533103396098539e+01 -1.879133489391149681e+01 -2.310848230197376552e+01 -2.310848230197376552e+01 -2.320437231108034126e+01 -2.285151290434586713e+01 -2.461617577191279338e+01 -2.530972543033860234e+01 -2.496755951322843359e+01 -2.592686674427259774e+01 -1.970334139309386856e+01 -2.571576596436370110e+01 -2.562484624600644167e+01 -2.089453401259087428e+01 -2.611705770116999759e+01 -2.527887769693081310e+01 -1.944643572090708616e+01 -2.514253600886452489e+01 -2.611705770116999759e+01 -2.420254481100988286e+01 -2.513751513702786156e+01 -2.619571618614778785e+01 -2.575127118444582663e+01 -2.508747082554164365e+01 -2.373705168334062066e+01 -2.639038759739487716e+01 -2.635626903789880160e+01 -2.633799866817505020e+01 -2.579572171916056078e+01 -2.585344328842437278e+01 -2.420254481100988286e+01 -2.414499635196453653e+01 -2.293865811579142644e+01 -2.630567845236821967e+01 -2.869133567844115262e+01 -2.601161004165961188e+01 -2.373082019255073405e+01 -2.568873144471232095e+01 -2.589229110723338323e+01 -2.828535224657975533e+01 -2.818880110955336704e+01 -2.742107244499143803e+01 -2.658940248559094144e+01 -2.675936039130570876e+01 -2.782171527780932507e+01 -2.395060706732898836e+01 -2.775379600866615704e+01 -2.869133567844115262e+01 -2.821450429558139206e+01 -2.815164797823847920e+01 -2.749911024705253126e+01 -2.745234493300798562e+01 -2.381652737887015547e+01 -2.005351555294031130e+01 -2.342804516015086591e+01 -2.555611953297371031e+01 -2.395922884981086298e+01 -2.775460917653452952e+01 -2.815840463233416102e+01 -2.793853306272345804e+01 -2.830672651998163047e+01 -1.876963414487702764e+01 -2.808153065611968913e+01 -2.746624932474424696e+01 -2.712057426120472670e+01 -2.803138876247989231e+01 -2.800096242817440739e+01 -2.555761631679214574e+01 -2.774825256476165336e+01 -2.595164823715835212e+01 -2.869133567844115262e+01 -2.662733517789743232e+01 -2.814057455764399407e+01 -2.364678450984288816e+01 -2.835731922779196168e+01 -2.764081267622900029e+01 -2.512536542877071710e+01 -2.096926095115051680e+01 -2.442788079422196290e+01 -2.717232171164340215e+01 -2.828535224657975533e+01 -2.591825270794085867e+01 -2.869133567844115262e+01 -2.394125128353276111e+01 -2.869133567844115262e+01 -2.852363378645894798e+01 -2.717984979348902996e+01
-1.193106473586030702e+01 -1.226303086514113794e+01 -8.036455238206077212e+00 -1.483669453324389131e+01 -9.698824552321012149e+00 -9.732959247318914819e+00 -1.485747847464030968e+01 -1.369014613205786723e+01 -1.360877812023784905e+01 -1.518122174120036938e+01 -1.447715568214079163e+01 -1.332680422416851762e+01 -1.584464791362907299e+01 -1.490525205662721753e+01 -1.584464791362907299e+01 -1.583473473394711739e+01 -1.586261522537704849e+01 -1.426941795599196006e+01 -1.584557845328327552e+01 -1.586261522537704849e+01 -1.586334100834930894e+01 -1.495143260322235967e+01 -1.497487583473554551e+01 -1.584022199736887337e+01 -1.585250932264973223e+01 -1.585086123065534736e+01 -1.584006545948647116e+01 -1.585241871261885649e+01 -1.510122037221998603e+01 -1.586261522537704849e+01 -1.585241871261885649e+01 -1.598084781985433089e+01 -1.458625040242281479e+01 -1.560252542971930723e+01 -1.503524116749216155e+01 -1.585241871261885649e+01 -1.517570874740356679e+01 -1.580967666840510866e+01 -1.584006545948647116e+01 -1.455305944865553691e+01 -1.584148462987620043e+01 -1.579957422915441256e+01 -1.584681584188645864e+01 -1.551536964633896254e+01 -1.667972256241847973e+01 -1.576428039548974702e+01 -1.603724890729345631e+01 -1.646675600136433104e+01 -1.667972256241847973e+01 -1.684462370221847038e+01 -1.698625439560278494e+01 -1.629216610404198207e+01 -1.618479100561539141e+01 -1.760714793317351123e+01 -1.723122279928870881e+01 -1.686483492981183829e+01 -1.612580931546678542e+01 -1.682978105820078696e+01 -1.636768485808133633e+01 -1.599786597174825253e+01 -1.655911663777499854e+01 -1.763039054099938951e+01 -1.687258946120172354e+01 -1.603887802302281784e+01 -1.762749446820073729e+01 -1.626763883347420858e+01 -1.671755070541690458e+01 -1.592442320621111307e+01 -1.762749446820073729e+01 -1.732946281249271792e+01 -1.763039054099938951e+01 -1.717951133802630537e+01 -1.806929261203071135e+01 -1.722917873480067641e+01 -1.671560000781321520e+01 -1.752158143656100364e+01 -1.806929261203071135e+01 -1.618306268526322000e+01 -1.761677721789902407e+01 -1.638326549052922232e+01 -1.739419498441122158e+01 -1.658745829973506858e+01 -1.617668687599100608e+01 -1.543648416467575579e+01 -1.726352168421367850e+01 -1.602863281653144156e+01 -1.796794842904864353e+01 -1.808277762394194355e+01 -1.600807327902834132e+01 -1.583025202382878938e+01 -1.205452812237306404e+01 -1.743119687086371528e+01 -1.610310526296161271e+01 -6.442764574534030508e+00 -1.338297309820652359e+01 -1.583934757527876691e+01 -1.474058960580377509e+01 -1.558082880634203704e+01 -1.849424501893295414e+01 -1.699887925769134966e+01
-2.480072332969103499e+01 -1.340622041917639962e+01 -1.230649558896033824e+01 -1.442520117665644719e+01 -3.812265135350885181e+00 -1.355133313729466060e+01 -7.642976215955607167e+00 -2.753879614924444752e+01 -2.585687872621853245e+01 -2.618769455661758006e+00 -1.146571100976227875e+01 -8.676400809813371140e+00 -7.192401748544582141e+00 -1.187245933863328951e+01 -2.519362920327084510e+01 -7.460599717794669239e+00 -3.224597981064075913e+00 -2.796756839925583549e+01 -1.212817035742955341e+01 -1.005248572167813315e+01 -9.422897471379831913e+00 -8.998017463426052132e+00 -7.217067068532766250e+00 -9.795137079137015590e+00 -1.356576965727657935e+01 -1.272525688159042367e+01 -9.788125131581136174e+00 -1.198709250725115716e+01 -2.623415621580631552e+01 -2.652823177401828492e+00 -7.509832131825990409e+00 -1.174870525206141103e+01 -3.093205234517298230e+00 -4.568437035215472619e+00 -6.837365301183518262e+00 -1.301493541056442460e+01 -2.531569196503615871e+01 -1.043358429563355116e+01 -1.548493032880539388e+01 -2.823877554922515998e+01 -2.816130990595946670e+01 -1.841178533253936322e+01 -1.234180046664124575e+01 -2.552643779433363846e+01 -2.397117602766013889e+01 -1.020796363392966732e+01 -2.528525411381360399e+01 -2.514631716640276338e+01 -1.052799016232523321e+01 -2.931920010599563398e+01 -2.824666794141149140e+01 -1.429637066095356346e+01 -1.139837532279908139e+01 -9.930955013423332645e+00 -1.083903079004791081e+01 -1.242024120650371621e+01 -2.595478276579345334e+01 -2.932103246034998634e+01 -1.222351363182797179e+01 -2.485181847934387633e+01 -2.768120933933605698e+01 -2.371584559616567134e+01 -2.580655144207727503e+01 -2.936064307182868305e+01 -2.836191347979018218e+01 -2.964264722107435190e+01 -2.823699276498448185e+01 -2.964942042051198356e+01 -2.488106887093674402e+01 -2.626462170638427907e+01 -2.698477157702523144e+01 -2.499677439635729925e+01 -1.547040907272025301e+01 -2.479087867366573761e+01 -2.486569743329616244e+01 -2.498061175669855061e+01 -2.776487656307580210e+01 -2.964942042051198356e+01 -2.478895775245618083e+01 -2.481571431170849706e+01 -2.497562084262880333e+01 -1.201732008233268445e+01 -2.499548271150657541e+01 -2.930464952657587219e+01 -2.484170162308151575e+01 -2.759304300317366554e+01 -2.805919626637498254e+01 -2.605125421237605465e+01 -2.840333094624490684e+01 -2.540979672897958608e+01 -2.435628041140097366e+01 -2.823012420870666261e+01 -1.983672285759801923e+01 -2.933725354320821666e+01 -2.805516734416260505e+01 -3.107779073531853342e+01 -3.269091983062681805e+01 -3.367577128602355430e+01 -1.728334535330291288e+01 -3.106431067028420046e+01
-1.335043266955705299e+01 -4.892476756697500484e+00 -1.243975644152129689e+01 -2.158470922084273980e+01 -1.422752396225977023e+01 -6.602399643107234262e+00 -1.656745340708717151e+01 -1.754030860243853951e+01 -2.145946418571285008e+01 -2.163523421090387444e+01 -2.141183028528584842e+01 -1.629968147631452169e+01 -2.159462757663029819e+01 -2.173385646682650929e+01 -2.256366475245310710e+01 -2.318566169075710803e+01 -2.489730668027321059e+01 -2.398660814475874403e+01 -2.249422430012988627e+01 -2.247681364191406672e+01 -2.491764454403024232e+01 -2.537446546689571392e+01 -2.193698447052925005e+01 -2.310848230197376552e+01 -2.374417812765218017e+01 -1.932526256644372253e+01 -2.325274928517772466e+01 -2.273485634924418619e+01 -2.282658443129140835e+01 -2.247654380076157565e+01 -2.307782083568280029e+01 -2.349966385737125663e+01 -2.483918573530551299e+01 -2.722246617453891915e+01 -3.016099927840954464e+01 -2.273622282798362093e+01 -2.481775118168403438e+01 -3.016099927840954464e+01 -3.016099927840954464e+01 -3.016099927840954464e+01 -3.016099927840954464e+01 -3.016099927840954464e+01 -3.262160526607276978e+01 -3.262160526607276978e+01 -2.519455957182127648e+01 -3.262160526607276978e+01 -3.289332937133291068e+01 -3.495904214856989967e+01 -2.722615614588309896e+01 -3.476264104294772750e+01 -3.495347552547586645e+01 -3.493276419431213498e+01 -3.100688733467171687e+01 -3.466981775703651891e+01 -3.499661440761098419e+01 -3.499661440761098419e+01 -3.541438091722417170e+01 -3.022023985194374163e+01 -3.016033854145678106e+01 -1.997295171198981834e+01 -3.496248116936138928e+01 -3.456320330929982987e+01 -2.694202334908803564e+01 -2.403179543658211870e+01 -1.729735838582188734e+01 -8.042030881929935759e+00 -3.458978085690765170e+01 -1.433812176626256907e+01 -2.974095901668661668e+01 -2.608898133887196735e+01 -3.544732456783913221e+01 -3.504111689669405649e+01 -3.486610643852046110e+01 -3.507254420752113333e+01 -3.512871566020591274e+01 -3.503261856406436436e+01 -3.460891018885072157e+01 -2.133705496353420017e+01 -3.541665155114372254e+01 -3.014031992406438221e+01 -2.989197318235934375e+01 -3.547059286996027083e+01 -3.557964437099464305e+01 -4.871789576412631106e+00 -3.019999324252026085e+01 -3.504377374794159294e+01 -3.503509840827546640e+01 -2.114019427785392935e+01 -3.516601618723886702e+01 -2.109981168839014032e+01 -3.420464486134856941e+01 -3.443163760908502979e+01 -3.503545866227848649e+01 -3.318460108417489351e+01 -3.456320330929982987e+01 -3.504111689669405649e+01 -3.375634887425821518e+01 -2.916786802681452073e+01 -3.495680118865802655e+01 -3.497491930912327973e+01
-1.211788312602199547e+01 -1.107189240192695578e+01 -1.134884284206075478e+01 -5.476675033995507924e+00 -9.831026291768507619e+00 -1.092992946744931082e+01 -1.211700395531198282e+01 -1.250338384502711442e+01 -1.262964561462399793e+01 -1.223199953287028130e+01 -1.468172200542988470e+01 -1.357781645949551397e+01 -1.095120744028836413e+01 -1.419109567264190908e+01 -1.692721222083627453e+01 -1.797549005637267783e+01 -1.806381854840456569e+01 -1.811098989991906905e+01 -1.541041196676159863e+01 -1.481870015336770408e+01 -1.709002873481216511e+01 -1.968412086883115819e+01 -1.892360279445671978e+01 -2.014525694253868338e+01 -1.818279424684815382e+01 -2.064793645903707642e+01 -2.038192576659779220e+01 -1.861479980009636748e+01 -1.933302974581939537e+01 -2.065389615757334241e+01 -1.955023288815085536e+01 -1.940701935957704904e+01 -2.065537954204615545e+01 -1.866131009186609546e+01 -2.063868176493864581e+01 -2.018904118212193666e+01 -2.003949356758269218e+01 -1.922445643947345673e+01 -2.005869200086055315e+01 -2.054778314301229614e+01 -1.944731225974907574e+01 -1.872660324015519251e+01 -2.053386715742500357e+01 -1.938297308918167161e+01 -1.807325062409042005e+01 -2.017823269819033172e+01 -2.051644400690814507e+01 -1.999734961109151499e+01 -2.062607275861050127e+01 -2.000929396010446482e+01 -1.978097981392060234e+01 -2.007849282448681549e+01 -2.060471975748200180e+01 -1.953893501605562832e+01 -2.002440757203434174e+01 -1.920237250033586207e+01 -2.047462577857751143e+01 -2.060808470708968443e+01 -2.053386715742500357e+01 -2.064254437225716288e+01 -2.063691511552755031e+01 -2.055932703518984894e+01 -2.053238377295218697e+01 -2.051955272861303925e+01 -2.063868176493864581e+01 -2.052265546307823740e+01 -2.063607486515461176e+01 -2.022952196030625771e+01 -2.074274896884907093e+01 -2.074274896884907093e+01 -2.036235165389137336e+01 -2.075014416676668461e+01 -2.040842177618259967e+01 -1.968786149331370794e+01 -2.077891533704196192e+01 -2.061356265518587705e+01 -1.957223503999276204e+01 -1.855674220958704623e+01 -2.065441230321964028e+01 -1.990918686072595634e+01 -1.993016440936535361e+01 -2.059053201856997006e+01 -2.052675495020506702e+01 -2.063730575800936151e+01 -2.070119470814373130e+01 -2.022789601607765775e+01 -2.072040627061740992e+01 -2.054763225968377327e+01 -2.003353516763861464e+01 -1.936665850116187215e+01 -1.937561888589890557e+01 -2.004485723737812464e+01 -2.070149044221806278e+01 -1.985863925628614268e+01 -2.041432632470484521e+01 -1.875978244965799391e+01 -2.031154388665833110e+01 -1.982963890477154578e+01 -2.042604916890417499e+01 -1.822914446559718016e+01
-1.038470053286750705e+01 -1.576587277506009066e+01 -1.347337115730796242e+01 -8.921205649634758927e+00 -1.389818823453013685e+01 -1.343084478983520036e+01 -1.553961914422388091e+01 -1.848808656065211409e+01 -2.200808874542559934e+01 -1.173975463409486153e+01 -2.257205798091630555e+01 -1.149755111147843500e+01 -2.140656105808490395e+01 -2.257205798091630555e+01 -2.050006895263521400e+01 -1.817290345449960753e+01 -2.195043510129135456e+01 -1.976011292411702058e+01 -2.190760478374413012e+01 -2.199590285128503453e+01 -2.419707279101740127e+01 -1.940950145549174621e+01 -2.316036016569481149e+01 -2.199590285128503453e+01 -2.166734040235799696e+01 -2.190760478374413012e+01 -1.780846801263783519e+01 -2.048356589871784195e+01 -2.313529775546780343e+01 -2.043975564020672664e+01 -2.431118529458772670e+01 -2.438985245224924014e+01 -2.335490999305577731e+01 -2.407089599959747517e+01 -2.376202796504403381e+01 -2.431118529458772670e+01 -2.436905156403926043e+01 -2.340126295766486919e+01 -2.438985245224924014e+01 -2.258429511480001750e+01 -2.376788450008716325e+01 -2.177907473292962592e+01 -2.431926431203321570e+01 -2.430410134257419941e+01 -2.320225485482126970e+01 -2.438682169827124113e+01 -2.439228231909751088e+01 -2.438276850023571285e+01 -2.440053080238259398e+01 -2.121390405205733032e+01 -2.353579302436596166e+01 -2.440053080238259398e+01 -2.429313478083507505e+01 -2.413635014001268786e+01 -2.408157434973083255e+01 -2.339972677537265611e+01 -2.334135273664561439e+01 -2.076179788467050003e+01 -2.342766009783547432e+01 -2.439228231909751088e+01 -2.438276850023571285e+01 -2.432186364472107698e+01 -2.440053080238259398e+01 -2.416200738982561447e+01 -2.437180193849659204e+01 -2.416956983260284275e+01 -2.438892201402454063e+01 -2.438892201402454063e+01 -2.438725311956137887e+01 -2.333915357333781770e+01 -2.439228231909751088e+01 -2.438892201402454063e+01 -2.456453520854335437e+01 -2.601427529462612043e+01 -2.456376722992805739e+01 -2.675741335389500719e+01 -2.233241711901213478e+01 -2.381295636446438380e+01 -2.437010890569205301e+01 -2.560715732263787103e+01 -2.481202181268096041e+01 -2.655010414663983553e+01 -2.496812302302951991e+01 -2.675741335389500719e+01 -2.461926137925637548e+01 -2.421404857482077944e+01 -2.414118757717221797e+01 -2.425932142305577344e+01 -2.325795529341961299e+01 -2.663144194366188700e+01 -2.601427529462612043e+01 -2.409807146909567876e+01 -2.429750785918612621e+01 -2.686783830953805108e+01 -2.570312112752512945e+01 -2.686783830953805108e+01 -2.398863982463267774e+01 -2.402874541021271781e+01 -2.551124548752661525e+01 -2.413817249422055866e+01
-3.147518783181467938e+00 -9.749798222568957229e+00 -1.372678895683490019e+01 -1.243764129237760585e+01 -1.558575833430672475e+01 -2.277728135293548206e+01 -1.372698023140719314e+01 -2.515164317334909683e+01 -2.275105878378193580e+01 -2.199590285128503453e+01 -2.525238110364506738e+01 -1.609935186736365864e+01 -2.553946810150984703e+01 -2.053772044312936274e+01 -3.766455126624386196e+01 -2.525238110364506738e+01 -1.522855056277820474e+01 -2.252298109907345491e+01 -3.766455126624386196e+01 -3.675499189881949125e+00 -2.425550155277259989e+01 -3.766455126624386196e+01 -1.343033747168041181e+01 -1.524936607200977967e+01 -2.657249951234153329e+01 -2.066665610152146471e+01 -2.520897617405894309e+01 -1.610391121997740527e+01 -3.766455126624386196e+01 -1.607961736094735983e+01 -2.520897617405894309e+01 -1.691009324813617525e+02 -8.058485981268258058e+01 -1.627516405444571390e+01 -2.526505895355546372e+01 -1.649197278428501434e+01 -1.420724625216578829e+01 -1.691009324813617525e+02 -1.626633177565738464e+01 -1.561060519242106359e+01 -1.625712070549274557e+01 -1.274614791515541867e+01 -1.388714282937633548e+01 -2.529615175409871242e+01 -1.691009324813617525e+02 -5.563959146164095593e+00 -1.607961736094735983e+01 -7.686834064332934702e+00 -2.526505895355546372e+01 -1.691009324813617525e+02 -2.847389866284782300e+01 -1.846721364533447129e+01 -2.477104042153227326e+01 -8.058485981268258058e+01 -2.847389866284782300e+01 -2.847389866284782300e+01 -1.626942097016960531e+01 -1.759780054283789497e+01 -1.846721364533447129e+01 -2.175512332527594950e+01 -1.691009324813617525e+02 -1.491070034992692861e+01 -1.247711737412209487e+01 -1.626942097016960531e+01 -2.526505895355546372e+01 -1.691009324813617525e+02 -1.691009324813617525e+02 -2.679363159018969753e+01 -1.691009324813617525e+02 -1.200907381539521701e+01 -2.534229619739807760e+01 -1.092123812864759635e+01 -1.691009324813617525e+02 -2.534229619739807760e+01 -1.933696328546756860e+01 -1.691009324813617525e+02 -4.177666983919348986e+00 -1.324388980630472545e+01 -8.058485981268258058e+01 -1.239374468258739270e+01 -1.691009324813617525e+02 -2.534229619739807760e+01 -1.318700991375892073e+01 -1.535518024163606476e+01 -1.691009324813617525e+02 -1.189978515853627528e+01 -1.205536213750954389e+01 -1.603646268012312248e+01 -1.229959492976451507e+01 -1.651954392591639831e+01 -8.327447677751527166e+00 -1.424703124675512811e+01 -1.298365593701371701e+01 -1.234566650009424826e+01 -2.425550155277259989e+01 -1.211822694764513386e+01 -2.251680941072952891e+01 -1.553645381955142213e+01 -8.058485981268258058e+01 -1.714176253810629547e+01
-1.366440817679617048e+01 -3.003354348506856120e+00 -1.736167260847289384e+01 -1.339335745632670083e+01 -1.754327413806532121e+01 -1.263253870968437198e+01 -1.888910438513695311e+01 -2.059163365862823625e+01 -2.054266314121183612e+01 -2.055414807507107966e+01 -2.049885970544603353e+01 -2.199590285128503453e+01 -2.320170524524085565e+01 -1.612816720092605749e+01 -2.334952184820079779e+01 -2.323922894675620299e+01 -1.836565687080940634e+01 -2.335007145778121185e+01 -2.346464699099447415e+01 -2.355652576848709145e+01 -2.192604675880052056e+01 -2.355652576848709145e+01 -1.935228660610722784e+01 -2.145585601674383014e+01 -2.355559533026239194e+01 -2.355895563533536219e+01 -2.355559533026239194e+01 -2.334612818408702850e+01 -2.191848171909980536e+01 -2.314615373680998900e+01 -2.373543552994161487e+01 -2.190760478374413012e+01 -2.353847525473444691e+01 -2.374158904373044265e+01 -2.355559533026239194e+01 -2.318420434106862160e+01 -2.365365688237125141e+01 -2.365365688237125141e+01 -2.200341246053379862e+01 -2.374251948195514217e+01 -2.374251948195514217e+01 -2.257205798091630555e+01 -2.335490999305577731e+01 -2.325648391908567092e+01 -2.316844919350773324e+01 -2.316420425056263710e+01 -2.313972712209311666e+01 -2.365365688237125141e+01 -2.365365688237125141e+01 -2.374251948195514217e+01 -2.374251948195514217e+01 -2.365365688237125141e+01 -2.374251948195514217e+01 -2.316036016569481149e+01 -2.374251948195514217e+01 -2.374251948195514217e+01 -2.374251948195514217e+01 -2.374251948195514217e+01 -2.374251948195514217e+01 -2.374251948195514217e+01 -2.374251948195514217e+01 -2.374251948195514217e+01 -2.349675296414242354e+01 -2.365365688237125141e+01 -2.351137116975453623e+01 -2.374251948195514217e+01 -2.142048739110294875e+01 -2.374251948195514217e+01 -2.374251948195514217e+01 -2.374251948195514217e+01 -2.445834606010940249e+01 -2.445834606010940249e+01 -2.207350719978025566e+01 -2.374251948195514217e+01 -2.351137116975453623e+01 -2.445834606010940249e+01 -2.455473277870008886e+01 -2.455473277870008886e+01 -2.491855604154599035e+01 -2.387014114916338769e+01 -2.441920748976623301e+01 -2.455473277870008886e+01 -2.453279965522184725e+01 -2.526381152077958703e+01 -2.428950342858670197e+01 -2.506376850529352396e+01 -2.529322073920794978e+01 -2.506834708069342454e+01 -2.345395404114808358e+01 -2.529479559819961665e+01 -2.535074465035121349e+01 -1.939196151835549387e+01 -2.508921368986517209e+01 -3.772669031057461986e+00 -2.529736108964897667e+01 -2.475116586063501245e+01 -2.545318133067348043e+01 -2.535074465035121349e+01 -2.535074465035121349e+01 -2.506389127869239175e+01
-1.013821764503008716e+01 -1.113807938464049485e+01 -1.939649036657859327e+01 -9.456535458066753108e+00 -8.978221281163023093e+00 -1.600214423803678088e+01 -1.939649036657859327e+01 -2.187130011632831383e+01 -2.158990331321781042e+01 -9.529334388174168780e+00 -1.697892507848719745e+01 -2.186153866390185030e+01 -2.166610428108324982e+01 -2.218510144223786540e+01 -2.175285070627130324e+01 -2.205355381174647533e+01 -2.070425838435061650e+01 -2.224273219707300697e+01 -2.298392685446956207e+01 -2.272243058082583644e+01 -2.227894712137022992e+01 -2.367205669814019942e+01 -2.295983660904781232e+01 -2.188538084610923917e+01 -2.238024559148961146e+01 -2.310706225448146256e+01 -2.275537050627263369e+01 -2.270479987790517029e+01 -1.816707895202343792e+01 -2.367205669814019942e+01 -2.269668065338240126e+01 -2.195007511209250950e+01 -2.262500450619993941e+01 -2.081065405499651888e+01 -2.278896401792540871e+01 -2.274805773451732449e+01 -2.293452954330269122e+01 -2.232171522034636979e+01 -2.276166330514291403e+01 -2.232591460907986658e+01 -2.313285363380948922e+01 -2.367205669814019942e+01 -2.286948022856595841e+01 -2.266857195315357032e+01 -2.351777118530374366e+01 -2.243067700511785034e+01 -2.348946470043045309e+01 -2.527188682840262146e+01 -2.275582282116648969e+01 -2.449494631648135723e+01 -2.449668610780619815e+01 -2.311696196790634517e+01 -2.571890421038443009e+01 -2.349966385737125663e+01 -2.556674050017129574e+01 -2.530121943829164266e+01 -2.578823524121887445e+01 -2.578823524121887445e+01 -2.578823524121887445e+01 -2.469709616927761431e+01 -2.353389495654280950e+01 -2.580134660636696253e+01 -2.328105577005101523e+01 -2.511226542251901961e+01 -2.559327509028566894e+01 -2.580954325207548550e+01 -2.580954325207548550e+01 -2.578823524121887445e+01 -2.511405882598616657e+01 -2.578823524121887445e+01 -2.579111096557787519e+01 -2.533555356703374173e+01 -2.580954325207548550e+01 -2.578823524121887445e+01 -2.580954325207548550e+01 -2.580954325207548550e+01 -2.580954325207548550e+01 -2.580954325207548550e+01 -2.568934155010391507e+01 -2.392494714545892265e+01 -2.580954325207548550e+01 -2.580954325207548550e+01 -2.580954325207548550e+01 -2.579111096557787519e+01 -2.580954325207548550e+01 -2.578823524121887445e+01 -2.579111096557787519e+01 -2.580134660636696253e+01 -2.503924592273160954e+01 -2.589343954112621304e+01 -2.567194480007863433e+01 -2.589343954112621304e+01 -2.578823524121887445e+01 -2.579111096557787519e+01 -2.589343954112621304e+01 -2.565503054326222454e+01 -2.596861821906905377e+01 -2.417615965405101619e+01 -2.596861821906905377e+01 -2.559327509028566894e+01
-1.252625202256117554e+01 -4.139929484330766130e+00 -1.314815211319742438e+01 -1.199294778910186388e+01 -1.879157250773619481e+01 -1.742924252370859861e+01 -6.983191122436574361e+00 -1.878991572352176931e+01 -1.879133489391149681e+01 -1.572116519161393988e+01 -1.960301842442999742e+01 -2.374011485869459648e+01 -1.909373058508892740e+01 -2.280313498899607438e+01 -2.203389824330483293e+01 -1.838869192657246288e+01 -2.037060729301035877e+01 -2.162808890588450694e+01 -2.376334561375284693e+01 -1.904805650539936934e+01 -1.386918059233122769e+01 -2.342248011374360672e+01 -2.415864708475265132e+01 -2.375719209996402270e+01 -2.148549151639853605e+01 -1.909368666275144122e+01 -2.416200738982561447e+01 -2.397692017383343810e+01 -2.360757438245322604e+01 -2.314111261581182433e+01 -2.043693132637988441e+01 -2.335588472238374536e+01 -1.942711917731815419e+01 -2.314342604262314040e+01 -2.317762321877744469e+01 -2.320077480701615613e+01 -2.376109752681933429e+01 -2.374397745129138926e+01 -2.364112714162904894e+01 -2.389267440096104878e+01 -2.086663480568923390e+01 -2.414152700922470274e+01 -2.202530545484750135e+01 -2.416200738982561447e+01 -2.419614235279270531e+01 -2.191623621519104148e+01 -2.414152700922470274e+01 -2.376109752681933429e+01 -2.108456966869269777e+01 -2.109361306225679300e+01 -2.419200263931046635e+01 -2.414475241749615364e+01 -2.418584912552163857e+01 -2.414152700922470274e+01 -2.416200738982561447e+01 -2.346464699099447415e+01 -2.316694486864409086e+01 -2.313533817551755689e+01 -2.191012651529114308e+01 -2.420706510064290384e+01 -2.431702208401789633e+01 -2.367588764205641638e+01 -2.476403401940210358e+01 -2.195734199959451516e+01 -1.615368514506936037e+01 -2.441785162132227427e+01 -2.448249193231545817e+01 -2.418340306951877139e+01 -2.336717393751092686e+01 -2.416200738982561447e+01 -2.418940330662260862e+01 -2.415919592408130612e+01 -2.405840979713634198e+01 -2.432186364472107698e+01 -2.398912018250043943e+01 -2.372446896820249407e+01 -2.422703032813977941e+01 -2.413877663476736757e+01 -2.469325795495413800e+01 -2.419536294438344015e+01 -2.419536294438344015e+01 -2.423070279198597632e+01 -2.440454948390961576e+01 -2.355895563533536219e+01 -2.320225485482126970e+01 -2.463567096001001744e+01 -2.056123404067933791e+01 -2.477104042153227326e+01 -2.473512766629300685e+01 -2.333254901724707153e+01 -2.420959867065141324e+01 -2.477104042153227326e+01 -2.461586714756731809e+01 -2.601011458119311115e+01 -2.709634496703707640e+01 -2.362820905143687966e+01 -2.709634496703707640e+01 -2.709634496703707640e+01 -2.709634496703707640e+01 -2.709634496703707640e+01
-2.369184258932816700e+00 -1.210400379346212318e+01 -1.365963809842507182e+01 -1.390686152370673057e+01 -9.817908440506293744e+00 -1.327684417545448170e+01 -1.450277078873260983e+01 -1.840328756996442294e+01 -2.361662780735550982e+01 -2.114100928113134970e+01 -2.032272969563275566e+01 -1.331546111134065136e+01 -1.369363965602550337e+01 -1.884708135349896807e+01 -8.797945903491346087e+00 -1.185335992752133549e+01 -3.271776000955635144e+00 -1.001277261396126761e+01 -1.970945961090398768e+01 -1.896422284207251252e+01 -2.104124972733632859e+01 -2.180531592038870770e+01 -1.790764420601356477e+01 -2.079983948225039470e+01 -2.340702418845544130e+01 -2.438633681299202038e+01 -2.441188321022797325e+01 -2.436489975915170447e+01 -3.605937075089625665e+01 -3.614045227477219413e+01 -1.662561770050015042e+01 -2.258704235011297357e+01 -3.610542387634111350e+01 -3.610439027110206922e+01 -2.169079563398963728e+01 -2.269534055763075031e+01 -3.614045227477219413e+01 -3.610439027110206922e+01 -7.069560304282242669e+01 -7.067730313767226846e+01 -7.069560304282242669e+01 -1.644291712872653832e+01 -3.616646143785109047e+01 -3.614045227477219413e+01 -2.486089534169730797e+01 -1.467687688964952741e+01 -7.067730313767226846e+01 -1.093846324389452995e+01 -3.616646143785109047e+01 -2.267212454997784832e+01 -7.069560304282242669e+01 -1.672502666890605028e+01 -3.075339165957257315e+00 -7.063579444227239890e+01 -1.592532168354589928e+01 -1.515821148136657825e+01 -7.069560304282242669e+01 -7.064263143927371402e+01 -1.303422773426256676e+01 -2.740459545887010240e+00 -7.063746714841585117e+01 -7.064911975066281968e+01 -7.061648580764652650e+01 -7.796668439732087563e+01 -1.050870225671691394e+01 -4.473625613068127116e+00 -3.606401647521542486e+01 -2.167876512104950137e+01 -3.608179699696628262e+01 -3.610530801184023630e+01 -7.800471621903635366e+01 -8.119165925499206793e+00 -7.798629384673630227e+01 -7.797140491040133270e+01 -7.797100367025569767e+01 -7.800471621903635366e+01 -7.795906457901055830e+01 -7.797140491040133270e+01 -1.490875093696463338e+01 -1.218103491926974691e+01 -1.324446253566552656e+01 -2.486405731208919434e+01 -1.675539918722938069e+02 -1.474433501725579632e+01 -2.483298676820608009e+01 -1.494471503338800922e+01 -1.675415667598083473e+02 -1.675509550658548221e+02 -1.675505538257091871e+02 -1.675599891321083987e+02 -4.280672280918102501e+01 -1.675509550658548221e+02 -1.675415667598083473e+02 -1.472269168344362100e+01 -1.675599891321083987e+02 -7.800471621903635366e+01 -7.062427430907047210e+01 -1.675509550658548221e+02 -1.675599891321083987e+02 -1.675509550658548221e+02
-3.654290646989966085e+00 -1.137384761791527232e+01 -1.524202311786838671e+01 -4.161056570199638927e+00 -1.332285198154702144e+01 -1.910679863023666414e+01 -1.889612223944472191e+01 -1.833264258255120538e+01 -1.916844086581237150e+01 -1.893491411273377167e+01 -1.637050912531115898e+01 -1.576811823760373166e+01 -1.739406120560238733e+01 -1.879133489391149681e+01 -2.211067389582807863e+01 -2.210389060892508439e+01 -2.086130324088240329e+01 -2.211507175916511869e+01 -2.211507175916511869e+01 -2.211507175916511869e+01 -2.211507175916511869e+01 -2.140787318011744844e+01 -2.211507175916511869e+01 -2.211507175916511869e+01 -2.345997058937437885e+01 -2.414029661622784317e+01 -1.875364143246184057e+01 -2.008590495061863734e+01 -2.333261058078019801e+01 -2.092806232872013084e+01 -2.090822811251506863e+01 -2.405388397926062538e+01 -2.350273401272469087e+01 -2.495101483565033362e+01 -2.507496355631004903e+01 -2.470055599086926179e+01 -2.589161172826713653e+01 -2.606303446163817128e+01 -1.983599782909489662e+01 -2.721210681642937246e+01 -1.878215166033174555e+01 -2.712245348130974421e+01 -2.691544396229131664e+01 -2.622456581217623039e+01 -2.725402092408456056e+01 -2.640240722626423775e+01 -2.683842986984073065e+01 -2.222314549148363128e+01 -2.508293577062241297e+01 -2.632649309641593405e+01 -2.752332282495919813e+01 -2.780730818486971145e+01 -2.565783039682564137e+01 -2.608543519735125216e+01 -2.746114211216751144e+01 -2.667012160498630990e+01 -2.577843273965240201e+01 -2.345742548095498492e+01 -2.599257100917242980e+01 -2.618093662746658978e+01 -2.840569384061864611e+01 -2.628621792197146689e+01 -2.294483296946670592e+01 -2.578908114917225802e+01 -2.687981866348435744e+01 -2.848135963940348603e+01 -2.848135963940348603e+01 -2.209395265714029222e+01 -2.361742669289299101e+01 -2.848061963966363663e+01 -2.581822218883427666e+01 -2.869133567844115262e+01 -2.569759249085966601e+01 -2.869133567844115262e+01 -2.830672651998163047e+01 -3.554721342761090597e+01 -2.596589621865411956e+01 -2.458472842412694348e+01 -2.434490772966181638e+01 -2.746765933055035802e+01 -2.796688505656288015e+01 -3.547413899878554844e+01 -2.754083004920611089e+01 -3.539603262883964874e+01 -2.602730518506562163e+01 -2.692106332345595021e+01 -2.732707887633477739e+01 -1.438240500235414920e+01 -2.668410341351336257e+01 -2.774421317758645245e+01 -2.597636325778545441e+01 -2.703111860760029472e+01 -2.778382512096262147e+01 -2.789613713508408921e+01 -2.765494566688118994e+01 -2.734252468622010568e+01 -1.678024986431169552e+01 -2.712861398295249415e+01 -2.732210241967445796e+01 -3.411407375749277548e+01
-9.723660947338849780e+00 -1.105874429223861277e+01 -1.945144004380960823e+01 -8.591807403847157687e+00 -1.118580446771774639e+01 -1.144896854342118964e+01 -1.631630703596098897e+01 -1.550875244690543120e+01 -1.945144004380960823e+01 -1.366262353807658947e+01 -2.196696844611875221e+01 -2.052118762975018385e+01 -2.378769321514797497e+01 -2.320764750900932682e+01 -1.857095483879143671e+01 -2.040652442821234303e+01 -2.378769321514797497e+01 -1.944576146473150047e+01 -2.045082449788394641e+01 -1.333220132988401119e+01 -1.861640283314923394e+01 -2.316036016569481149e+01 -2.316812327508069558e+01 -2.335490999305577731e+01 -1.922612776712695037e+01 -2.376147835546362330e+01 -2.150762209099636735e+01 -2.355652576848709145e+01 -2.424101290190757396e+01 -2.435926511896012769e+01 -2.300414070488511342e+01 -2.467716370353458899e+01 -2.060181280266775516e+01 -2.374381781215970832e+01 -2.190760478374413012e+01 -2.383011600516449136e+01 -2.467716370353458899e+01 -2.467716370353458899e+01 -2.341520585204981586e+01 -2.467716370353458899e+01 -2.298167274340599775e+01 -2.467716370353458899e+01 -2.374251948195514217e+01 -2.376527877488466700e+01 -2.355652576848709145e+01 -2.390867542062494877e+01 -2.374477299271457298e+01 -2.467716370353458899e+01 -2.330490827419271938e+01 -2.374251948195514217e+01 -2.046026088915070673e+01 -2.467716370353458899e+01 -2.309046068815045771e+01 -2.366328499445506495e+01 -2.341336867876475125e+01 -2.417815448841188442e+01 -2.386624873699420490e+01 -2.397536507547267348e+01 -2.415957752297735084e+01 -2.316420425056263710e+01 -2.413634676791909683e+01 -2.467716370353458899e+01 -2.419293307753516586e+01 -2.445834606010940249e+01 -2.438985245224924014e+01 -2.431118529458772670e+01 -2.359795406210843893e+01 -2.397449030698516736e+01 -2.467716370353458899e+01 -2.376202796504403381e+01 -2.428795453952947270e+01 -2.467716370353458899e+01 -2.467716370353458899e+01 -2.466350043592928643e+01 -2.467716370353458899e+01 -3.907664210409998784e+00 -2.497916609144411026e+01 -2.867487753186178168e+01 -2.862707932755752793e+01 -2.862707932755752793e+01 -2.598785659774521406e+01 -2.881640654110065114e+01 -2.870941450313694077e+01 -2.874239001173110708e+01 -2.883136527898212975e+01 -2.878495990427309437e+01 -2.878495990427309437e+01 -2.878519654280720275e+01 -2.879332673975709866e+01 -2.690758439327876061e+01 -2.338137264438817198e+01 -2.939312690278320161e+01 -2.939312690278320161e+01 -2.939312690278320161e+01 -2.939312690278320161e+01 -2.937004710143964914e+01 -2.934406767541022631e+01 -2.939312690278320161e+01 -2.939312690278320161e+01 -2.924350241147645946e+01
-1.098343224770489179e+01 -1.352426586105639750e+01 -3.689282177518095729e+00 -1.499931511816550866e+01 -1.402861636173578752e+01 -7.091516176277963268e+00 -1.339795187895710882e+01 -1.344478336998827572e+01 -1.492754907109596729e+01 -1.572116519161393988e+01 -1.572116519161393988e+01 -1.879133489391149681e+01 -1.572116519161393988e+01 -1.879133489391149681e+01 -1.881286233307819700e+01 -1.878991572352176931e+01 -1.854871219016058959e+01 -1.420922329665576278e+01 -1.872200386307704534e+01 -1.881391577129731019e+01 -1.881391577129731019e+01 -1.901998887523968307e+01 -1.854337032064138668e+01 -1.879133489391149681e+01 -1.879131116838425797e+01 -1.852463822462984666e+01 -1.961332489681126745e+01 -1.907893114591664840e+01 -1.879133489391149681e+01 -1.754949627658318079e+01 -1.892608674954700376e+01 -1.879133489391149681e+01 -1.756756440909030914e+01 -1.820698570126718607e+01 -1.879133489391149681e+01 -1.881391577129731019e+01 -1.879133489391149681e+01 -1.982137000836632268e+01 -1.924210677583339191e+01 -1.861593832706946117e+01 -1.876704099487509936e+01 -1.882150905941841756e+01 -1.903536339986243320e+01 -2.557567200037443200e+01 -2.528033357550931015e+01 -2.341874963392067954e+01 -2.093238777668453210e+01 -2.575034124786046874e+01 -2.575034124786046874e+01 -2.489516520617265627e+01 -2.496755951322843359e+01 -2.211067389582807863e+01 -2.495058205354142089e+01 -2.499684740714512898e+01 -2.502787838417190258e+01 -2.566588743485616320e+01 -2.094019596976385600e+01 -2.554959111598292409e+01 -2.506149349013060856e+01 -2.250158390707024125e+01 -2.092196159694340096e+01 -2.283533966566529827e+01 -2.496755951322843359e+01 -2.470677710059800347e+01 -2.474668405603283006e+01 -2.246424596132029095e+01 -2.386433129056485924e+01 -2.388733288750567496e+01 -2.541931141068716116e+01 -2.564350034430367131e+01 -2.420254481100988286e+01 -2.555461833370080882e+01 -2.354276685399761604e+01 -2.575034124786046874e+01 -2.541975435152887997e+01 -2.484328712364130709e+01 -2.573336085554833019e+01 -2.603860636454477984e+01 -1.975076199320036352e+01 -2.502751813016888605e+01 -2.470677710059800347e+01 -2.424164004806186767e+01 -2.502751813016888605e+01 -2.619929392799442169e+01 -2.571310709078755252e+01 -2.512536542877071710e+01 -2.614154048535923991e+01 -1.921350810433495226e+01 -2.560299910314603977e+01 -2.282585622030012473e+01 -2.559468901637259108e+01 -2.389721429887986304e+01 -2.481604771801119114e+01 -2.594993880918891449e+01 -2.573336085554833019e+01 -2.629901281929140211e+01 -2.482621495519351384e+01 -2.678227038208631328e+01 -2.659270964113292379e+01 -2.838010102058251150e+01
-1.298271765483795548e+01 -1.365918877877086857e+01 -1.016297328567132574e+01 -7.761464902655964337e+00 -2.900211687394607551e+00 -1.443840868302828007e+01 -1.244733164870096864e+01 -1.423145583014406945e+01 -1.389450508381081839e+01 -1.442847979149025051e+01 -1.446155791930065426e+01 -1.666114725873695690e+01 -1.520540679502788883e+01 -1.608274053265763470e+01 -1.550369912507171222e+01 -1.355253693168402940e+01 -1.556164606170199072e+01 -1.409307976339847812e+01 -1.309171264955936387e+01 -1.531858431452251601e+01 -1.412200676419513989e+01 -1.450514336211653976e+01 -1.329960106188069169e+01 -1.718369195718844011e+01 -1.610524298691719736e+01 -1.494172811997203887e+01 -1.780311666048023866e+01 -1.813718176093050616e+01 -1.945227265143827466e+01 -1.938727540427064255e+01 -1.883406635064565293e+01 -1.982812829352977957e+01 -1.941247501170638046e+01 -1.967854910270359881e+01 -1.950866897578174530e+01 -2.006498515141142747e+01 -1.752201044889376647e+01 -2.001473104654939661e+01 -2.043800420397119666e+01 -2.035064900679610389e+01 -2.057057436216097912e+01 -2.058132451743821889e+01 -1.988540232515604700e+01 -1.986295912448565559e+01 -1.698125781584391447e+01 -1.894069003296223741e+01 -2.020826499107068841e+01 -1.839244814342558243e+01 -2.059799093221072042e+01 -2.051151139056720396e+01 -1.655448434872846875e+01 -1.985680154600624192e+01 -1.918634905798661094e+01 -1.930496531327822396e+01 -2.014614554865431728e+01 -2.041614715388840295e+01 -2.053150010390369218e+01 -1.987909842594988064e+01 -1.891819083328123341e+01 -1.892564415413296786e+01 -2.016498690249470371e+01 -2.036366519867033631e+01 -2.056663857133465712e+01 -1.645678237460887061e+01 -2.006130653548327558e+01 -2.049056554462155688e+01 -2.049206778596367684e+01 -2.065345188902147910e+01 -2.061666410649494807e+01 -1.961616781595038717e+01 -1.993968311785652148e+01 -2.004772530858134871e+01 -2.016061753111147681e+01 -1.995553138276088134e+01 -2.055906184499210099e+01 -2.056516243231335395e+01 -1.996901141599811780e+01 -2.031406194586802272e+01 -2.005654927488002670e+01 -1.939278411691110193e+01 -2.065345188902147910e+01 -2.065744297400883767e+01 -1.821777683339075082e+01 -1.936653348568615840e+01 -2.007786522788375549e+01 -1.932550315639295491e+01 -2.011382671446558845e+01 -2.062604784474819297e+01 -2.059319617615531683e+01 -2.056263020253193829e+01 -2.032747491887386815e+01 -2.033583975847750125e+01 -1.812060881129430001e+01 -2.056885679152017943e+01 -2.048384699915828477e+01 -2.000261391650280984e+01 -2.025166500203449615e+01 -2.056885679152017943e+01 -2.068182497399318720e+01 -2.070164731868124619e+01
-5.397178146638749396e+00 -1.218600919538016036e+01 -1.517299974418589947e+01 -8.292122081975122683e+00 -1.256021603541733889e+01 -2.499738096606130355e+01 -1.369011406970710176e+01 -2.390867157425299183e+01 -1.776147509435052285e+01 -2.436130880978004853e+01 -2.455081611670238928e+01 -2.042151681869817281e+01 -2.513188780520803789e+01 -2.129936177770399297e+01 -2.437510848801826313e+01 -2.417909257799378508e+01 -2.546623010542036880e+01 -2.510807435203741633e+01 -2.679216122680603007e+01 -2.476793000508414266e+01 -2.397537427013828193e+01 -2.434058701275044001e+01 -2.597039017218292400e+01 -2.438174010000106051e+01 -2.554085771831260843e+01 -2.608846101827900199e+01 -2.326283447754262212e+01 -2.625182165612029550e+01 -2.545876109025381595e+01 -2.531523048564867651e+01 -2.584883679501630382e+01 -2.639546708119850749e+01 -2.601185125946413024e+01 -2.386342551866524531e+01 -2.574179934301281847e+01 -2.653584059776879300e+01 -2.627737642111135230e+01 -2.582431619735888972e+01 -2.595597393936282415e+01 -2.224045736177432886e+01 -2.656872045048261199e+01 -2.695758274106809083e+01 -2.492196391887622298e+01 -2.590221955994880432e+01 -2.695758274106809083e+01 -2.639244153469867271e+01 -2.695288379565134207e+01 -2.478116542304559289e+01 -2.681754117560002371e+01 -2.679997646564130065e+01 -2.704790741645521734e+01 -2.466372956997028965e+01 -2.658474355186688598e+01 -2.700487868342343134e+01 -2.549713901478942546e+01 -2.704790741645521734e+01 -2.650466750164147456e+01 -2.688875292917941451e+01 -1.408648608212341280e+01 -2.698421444855726037e+01 -2.677199131799139664e+01 -2.695201740734864515e+01 -2.637289174482966914e+01 -2.704790741645521734e+01 -2.697956675798879544e+01 -2.640634722147161995e+01 -2.651706731885310120e+01 -2.684020208235216032e+01 -2.649709063018066502e+01 -2.687518016409029542e+01 -2.675963203615529196e+01 -2.620224041538350335e+01 -2.611820653859714980e+01 -2.682185338590159773e+01 -2.705001275019127505e+01 -2.622013124044613264e+01 -2.550416793906789081e+01 -2.696053184183566387e+01 -2.704790741645521734e+01 -2.720892088830731126e+01 -2.600502892447685710e+01 -2.720892088830731126e+01 -2.627239519826430936e+01 -2.680964312351656176e+01 -2.692489488372138950e+01 -2.629344886493793254e+01 -2.740758924178716427e+01 -2.740814899174954533e+01 -2.779254291633581531e+01 -2.801356696270703139e+01 -2.394133146873526741e+01 -2.801618708533351310e+01 -2.614911347035365097e+01 -2.826848666046031866e+01 -2.699148149065636204e+01 -2.715796281373852850e+01 -2.826848666046031866e+01 -2.799427371620932448e+01 -2.640563005130049490e+01 -2.778067434117697942e+01
-8.787487858984547984e+00 -1.159426498029859864e+01 -1.508729382022913157e+01 -3.191125940061573463e+00 -3.200147898981982930e+00 -1.694781751972921313e+01 -1.215544052600722758e+01 -2.186330210147019670e+01 -2.170456483522614022e+01 -1.759303505263849843e+01 -2.213440025093353114e+01 -2.246195303868789495e+01 -2.163317017432509104e+01 -2.183200432756080289e+01 -2.255051355008822256e+01 -1.499276965962779506e+01 -2.025549933954850346e+01 -2.162180142187802545e+01 -2.212185504606811293e+01 -2.252025675602938293e+01 -2.083487653909068271e+01 -2.217412150229086265e+01 -2.257887885881303802e+01 -2.280071869938714713e+01 -2.249611558062926875e+01 -1.657318714497676027e+01 -2.212962250209341164e+01 -2.291041488819366734e+01 -2.167080341824724954e+01 -2.212185504606811293e+01 -2.313543345930674988e+01 -2.313543345930674988e+01 -1.766527089870466938e+01 -2.210415644940038504e+01 -1.633328519788712896e+01 -2.415505306869901148e+01 -2.159025347474779011e+01 -2.063958025882513070e+01 -2.269662565097565121e+01 -2.160157647115774893e+01 -2.372558576926465790e+01 -2.146648098581395558e+01 -2.399432596326432332e+01 -2.541235380335904992e+01 -2.450445749081372782e+01 -2.446170342204772652e+01 -2.510827354478688989e+01 -2.529913359859135014e+01 -2.542244118032759914e+01 -2.241402982017593715e+01 -2.560544846734808644e+01 -2.470108405791247819e+01 -2.512301753062188325e+01 -2.381086463505986472e+01 -2.560544846734808644e+01 -2.320296718775826861e+01 -2.713717937320356199e+01 -2.794262338143292013e+01 -2.331170567860414877e+01 -2.356113950289123338e+01 -2.543484943485511707e+01 -2.735811044240325174e+01 -2.739737226275028448e+01 -2.666196111075239017e+01 -2.652406131439982317e+01 -3.474050850910700206e+01 -2.596243515397051382e+01 -2.686465385066533429e+01 -2.326573386739136495e+01 -2.341041753369265876e+01 -2.627948428132451753e+01 -2.925180875477816045e+01 -2.532637506329131938e+01 -2.712822162172069795e+01 -3.484380192678274568e+01 -2.304085647862314090e+01 -3.484380192678274568e+01 -2.456244663627100167e+01 -2.647615513676514354e+01 -1.213968700967242142e+01 -3.484380192678274568e+01 -3.461825249499003831e+01 -2.691652068994353186e+01 -2.358015238397492652e+01 -3.473926022619291842e+01 -2.684671829134804000e+01 -2.542741840474035087e+01 -3.477687306807224132e+01 -2.435524176833618526e+01 -3.487617415882274940e+01 -2.540910047490010726e+01 -2.364532723975072059e+01 -3.473978569533254301e+01 -2.688415933077504505e+01 -2.692997257095928276e+01 -3.481246378035854860e+01 -3.460736540591247490e+01 -3.484171541343267364e+01 -2.479353983530234729e+01 -2.690809529417119350e+01
-1.668134197952690911e+01 -1.407350676321155802e+01 -1.369781398859119115e+01 -3.418950844326031024e+00 -3.887817933688480387e+00 -1.389145617225473295e+01 -1.745543391942554123e+01 -1.133659167145795799e+01 -1.756079834484970803e+01 -9.524236614676603097e+00 -1.696838485796354590e+01 -1.675055084597191168e+01 -1.565149822235516019e+01 -7.446642401971983460e+00 -1.430709068113260329e+01 -1.178244968391791225e+01 -1.495723128824801762e+01 -2.169335070313513114e+01 -1.589754080885795773e+01 -1.709000282812082361e+01 -2.210937449812794142e+01 -1.758969062679964424e+01 -1.431604704529964067e+01 -1.852211161158551889e+01 -1.018780384416127305e+01 -1.602803624747814482e+01 -1.923097200143066132e+01 -3.098196070320263473e+01 -1.678650537483227367e+01 -1.203276952862874793e+01 -1.774869865414818193e+01 -1.647328048674211942e+01 -3.831116232821196732e+00 -1.823456204042897966e+01 -1.959778764032759568e+01 -1.757377201734322369e+01 -1.784798610120623152e+01 -3.098196070320263473e+01 -3.101746809555228523e+01 -1.880736080721809245e+01 -3.092738702011874707e+01 -3.092738702011874707e+01 -3.081270727351476779e+01 -3.024193749794682873e+01 -1.844055793037358271e+01 -1.856406167106959515e+01 -2.214930715973148523e+01 -2.206874621002495829e+01 -3.102150806189724364e+01 -2.874516801775908093e+01 -2.315587280731518049e+01 -3.102150806189724364e+01 -2.305756882610398506e+01 -1.019196817805451261e+01 -1.950728630581647494e+01 -1.780165588261789367e+01 -1.647717697991577523e+01 -3.131219329726822309e+01 -3.128678507505578921e+01 -3.087600058406008330e+01 -2.298961985125598062e+01 -3.112067284854188642e+01 -3.131219329726822309e+01 -1.917556063647170816e+01 -1.842671796668852124e+01 -1.834547813002579986e+01 -1.955633939616127748e+01 -1.390295306166331279e+01 -1.921942714749585335e+01 -1.255946130230666746e+01 -1.932712237904311436e+01 -2.300789960242757815e+01 -1.771795817041239118e+01 -1.887281882759274865e+01 -1.150488508487106287e+01 -1.809911810780236152e+01 -2.213771618728987889e+01 -2.282184320035568703e+01 -3.113399538801600031e+01 -3.128422652074499410e+01 -1.388714282937633548e+01 -1.177840652062624649e+01 -1.365651289966061022e+01 -4.286265792847327560e+00 -2.320481410091304397e+01 -1.219807742171432352e+01 -2.263191845362947063e+01 -3.009149326078055608e+01 -3.008827830479463827e+01 -3.006179313874182668e+01 -1.804669516551620134e+01 -3.000255508474375432e+01 -1.818378290941550190e+01 -1.826905448964762613e+01 -3.128004078003823096e+01 -3.059179173019955300e+01 -3.092492543149444728e+01 -3.067367724347198887e+01 -3.069103593972448962e+01 -3.074528505227494080e+01
-1.587951892574436741e+01 -7.403534436801939123e+00 -6.090202069863253520e+00 -2.313435446902574455e+01 -1.561537805486467434e+01 -6.545889093937269365e+00 -2.704324179106284021e+01 -1.363951394829922314e+01 -1.325882016626368554e+01 -1.256445783075572464e+01 -1.910541828477739656e+01 -1.467491863784104389e+01 -3.925057659427861978e+01 -1.803932466715469474e+01 -3.100260571574774104e+01 -1.405174466678400691e+01 -1.505958576951355710e+01 -1.945555110199535065e+01 -1.912831561850234152e+01 -1.455262024772742890e+01 -1.398920496971163452e+01 -2.591125417006573173e+01 -1.919220370773763307e+01 -2.186246530932484333e+01 -3.925057659427861978e+01 -1.914007465887360127e+01 -1.349788698790346331e+01 -1.129426685623104909e+01 -1.724924357529911845e+01 -1.597553076951575335e+01 -1.415636793981814812e+01 -1.639513338422802065e+02 -1.420487044543114052e+01 -1.259059810696513182e+01 -1.412016916204608385e+01 -1.639420944639519462e+02 -1.647433988070565363e+02 -2.216019811093521952e+01 -4.028264370418786910e+01 -1.536983064776735652e+01 -3.852276758374824084e+01 -1.644236410254627287e+02 -1.642755215002782734e+02 -1.957136519333977276e+01 -1.646523723842385323e+02 -1.643345533934815421e+02 -6.843646746449839213e+01 -7.235832260959922735e+01 -1.308702082123510735e+01 -7.214987430671345692e+01 -1.642156844116802290e+02 -9.070810796976239487e+00 -7.206050292840404836e+01 -1.331752733505304676e+01 -7.221095179861704594e+01 -1.644308221343854086e+02 -3.574358230299871764e+01 -6.702930355064778212e+01 -1.370786749649222358e+01 -7.427818539398394648e+00 -1.642415171012576991e+02 -1.643478910502902295e+02 -1.643355358852997199e+02 -1.520747063411997502e+01 -9.419278716716043220e+00 -1.643779282142949967e+02 -1.643273646448471936e+02 -1.353996502134917890e+01 -1.644947679865494479e+02 -1.643499494809342423e+02 -1.836275402755126152e+01 -7.246201158106320861e+01 -1.088782808123871781e+01 -1.643836257225691213e+02 -1.364624645644978784e+01 -1.645008389864484570e+02 -1.370730875929840487e+01 -1.645166168577245287e+02 -1.643569391508377748e+02 -1.650035678599837183e+02 -1.733621236268561461e+01 -1.650009184292658233e+02 -4.068238642116292425e+01 -1.600763118340602631e+01 -1.643227619177071119e+02 -1.643575175295764268e+02 -1.646139832124934799e+02 -3.360926765492557422e+01 -1.428769813854292003e+01 -7.269661489560991185e+01 -1.528740871038491456e+01 -1.639489716445181955e+02 -1.298583097680038989e+01 -1.210513299071316595e+01 -3.443802942416213142e+01 -1.605988831373937487e+01 -1.174139029252347655e+01 -1.641341279492474143e+02 -1.492659332165581532e+01 -1.643877010342539791e+02
-1.630984220834608678e+01 -8.310793375672369976e+00 -3.786179854285474544e+00 -1.284594284292452215e+01 -3.248528019883209339e+01 -3.334493927621820841e+00 -1.590944428998122717e+01 -1.245318923960984669e+01 -1.773081945407014359e+01 -1.747603595034949819e+01 -1.107026478773461875e+01 -1.358494216049869863e+01 -1.519369822018859040e+01 -1.959439747553552280e+01 -1.843247016394423099e+01 -1.890522610855039431e+01 -1.773349021823516125e+01 -3.248528019883209339e+01 -2.672121245026155112e+00 -9.887840753263267501e+00 -2.609875447277644867e+00 -1.987921050227266306e+01 -2.086293822502169704e+01 -1.100262844271873597e+01 -1.789758444590749775e+01 -1.526369489292242321e+01 -3.249156776706472982e+01 -1.881141999786354546e+01 -1.841718361183121289e+01 -1.122309875485883168e+01 -9.833611327693413173e+00 -1.774895243110212917e+01 -3.886231862025432093e+01 -1.106471642638457453e+01 -1.774196552612841060e+01 -1.781242877847481765e+01 -1.777642116581849052e+01 -3.608232801990520322e+00 -3.886231862025432093e+01 -3.886231862025432093e+01 -1.104404058505539332e+01 -3.886231862025432093e+01 -3.886231862025432093e+01 -9.468285612119954564e+00 -1.660064234520904165e+02 -1.106033836908787116e+01 -4.946568665387752972e+00 -1.660071094925982607e+02 -3.250093516975491070e+01 -1.781365535865134930e+01 -1.660071094925982607e+02 -1.480503066166929749e+01 -1.787883272417879255e+01 -1.399742123050259934e+01 -1.660071094925982607e+02 -1.646590342518020478e+01 -1.660071094925982607e+02 -1.354329605897093103e+01 -1.089423917692243471e+01 -1.353233209608533016e+01 -1.179149126477551768e+01 -1.403250192279547015e+01 -5.618627781576439162e+00 -1.355773695759506126e+01 -1.076161390854891842e+01 -5.970805690687241984e+00 -1.407116981035045278e+01 -8.341303836264131633e+00 -9.915857931873986786e+00 -1.238467943667631488e+01 -1.000855765641609452e+01 -1.865723943303300913e+01 -5.213104514219942587e+00 -1.660071094925982607e+02 -1.324574697467711459e+01 -1.010206178867771598e+01 -1.372883619846510683e+01 -2.817833061645791393e+00 -7.719220583828230176e+00 -1.660071094925982607e+02 -1.389975654490791435e+01 -1.096971983509163096e+01 -1.761275123598781178e+01 -8.952422591356018700e+00 -1.754949627658318079e+01 -1.226348852973051429e+01 -1.558631525960745812e+01 -5.929226858204747153e+00 -1.808813813386792901e+01 -1.074049403940120584e+01 -1.341418619925018518e+01 -8.413851527988942536e+00 -1.374840915426298338e+01 -6.884483518054222984e+00 -1.191938234795302343e+01 -1.136308392518376920e+01 -1.348319273823329212e+01 -9.942791819186449942e+00 -3.234371134203666287e+00 -1.042144962862074387e+01
-4.021173440246474051e+00 -1.333574636315199946e+01 -1.327651055004625924e+01 -1.322311379645819329e+01 -1.187760963786292301e+01 -1.842562203592418513e+01 -1.801797417375428623e+01 -1.361956434032937402e+01 -2.270096751476149421e+01 -1.150395135119759971e+01 -2.190958026911469858e+01 -1.877964209763603876e+01 -1.000873318307123760e+01 -1.357011777137899777e+01 -2.467716370353458899e+01 -2.365365688237125141e+01 -2.193080828874237653e+01 -2.290844152417622226e+01 -2.064177544639390760e+01 -2.355652576848709145e+01 -2.374251948195514217e+01 -2.351137116975453623e+01 -2.195296682348410400e+01 -2.324221749854742214e+01 -2.323620400051049373e+01 -2.374251948195514217e+01 -2.437588147390496474e+01 -1.879157250773619481e+01 -2.467716370353458899e+01 -2.335681516060844132e+01 -2.043526155878397432e+01 -2.316694486864409086e+01 -2.339766571934104533e+01 -2.155588375567126747e+01 -2.467716370353458899e+01 -2.351137116975453623e+01 -2.325648391908567092e+01 -2.466350043592928643e+01 -2.190760478374413012e+01 -2.467716370353458899e+01 -2.425465290380956773e+01 -1.892828058711891259e+01 -2.148549151639853605e+01 -2.467716370353458899e+01 -2.390867542062494877e+01 -1.184169795833519423e+01 -2.445834606010940249e+01 -1.240459906142779190e+01 -2.048356589871784195e+01 -2.339516944759569483e+01 -2.190760478374413012e+01 -2.431118529458772670e+01 -2.438985245224924014e+01 -2.403481400082616304e+01 -1.017778054253991904e+01 -2.440903376696165950e+01 -2.415902791339693678e+01 -2.374251948195514217e+01 -2.431118529458772670e+01 -2.431063568500731265e+01 -2.408821681853716257e+01 -2.418299468614777226e+01 -2.467716370353458899e+01 -2.467716370353458899e+01 -2.467716370353458899e+01 -2.467716370353458899e+01 -2.475082796517751049e+01 -2.333562261406247629e+01 -2.418945811618068831e+01 -2.418945811618068831e+01 -2.333204111362884703e+01 -2.201766806050319047e+01 -2.419790162223565844e+01 -2.373879720998578691e+01 -2.180347950388283351e+01 -2.423091194230220680e+01 -2.209253697459837440e+01 -2.438985245224924014e+01 -2.414849682332473790e+01 -2.568899549350150835e+01 -2.384495020932782339e+01 -2.439907842435161101e+01 -2.357711719063355105e+01 -2.434158659558319115e+01 -2.489871950486224961e+01 -2.376202796504403381e+01 -2.191283489543195984e+01 -2.413634676791909683e+01 -2.433036660930014605e+01 -2.414232255064788646e+01 -2.467716370353458899e+01 -2.641289118649368817e+01 -2.376202796504403381e+01 -2.175581742488839510e+01 -2.402874541021271781e+01 -2.276196893932550580e+01 -2.641289118649368817e+01 -2.224801698493411450e+01 -2.505537253916400076e+01 -2.417689834191702758e+01
-4.103010035125076449e+00 -1.365274446960319565e+01 -2.178541484286315466e+01 -1.244400010739396301e+01 -4.097669117050704024e+00 -1.311476260741712352e+01 -1.737967248686714683e+01 -1.758481280839216510e+01 -1.746533921086373908e+01 -2.165729294268775007e+01 -2.186637867948114788e+01 -2.283768763805526802e+01 -2.419285710271937972e+01 -2.309222742512456961e+01 -2.379837561195978779e+01 -1.892598411530444196e+02 -1.619996447497371861e+01 -2.503546599867341982e+01 -1.274477530434555206e+01 -2.149731273829621614e+01 -1.631677873061991590e+01 -1.317117394635649497e+01 -1.455882572491257321e+01 -1.565307735609115269e+01 -8.681252011294961335e+01 -8.951284891619988571e+01 -2.313543345930674988e+01 -1.479666767782389769e+01 -1.913501551305333237e+01 -1.598653690306295871e+01 -1.691028021961756878e+01 -1.629483131922491168e+01 -1.911097406114303610e+01 -2.485117709197191260e+01 -2.575651248161180362e+01 -1.892598411530444196e+02 -8.004309599464336955e+00 -1.892598411530444196e+02 -2.242216764016419361e+01 -1.088096311830535612e+01 -1.370730875929840487e+01 -2.321135948132322824e+01 -1.366104477811192908e+01 -1.549625146412015297e+01 -1.396333705742664755e+01 -2.309826230841095551e+01 -1.904017278115183842e+02 -1.911301156238970478e+01 -1.531487916556315554e+01 -7.548780776945677928e+01 -1.913501551305333237e+01 -2.545652910629238619e+01 -1.390054723984204976e+01 -1.945651985937360706e+01 -1.651048826818365356e+01 -1.071562378236513169e+01 -1.423287974611952933e+01 -1.019934614248860072e+01 -1.588296770553873571e+01 -1.892598411530444196e+02 -2.547461335721088904e+00 -1.355835446185225557e+01 -1.053720078354868583e+01 -1.945446600404407533e+01 -2.728821641098079898e+00 -1.312023880011047439e+01 -4.348211752103138039e+00 -1.275998860079676156e+01 -1.904017278115183842e+02 -1.741345933647162170e+01 -1.151053387527778149e+01 -7.434592111098277201e+01 -1.923334754778174727e+01 -1.919829482154613061e+02 -3.671529700850776123e+01 -1.556331795181293920e+01 -4.297199271519615138e+01 -1.548176764378506931e+01 -2.310130915990508171e+01 -2.308526648651206514e+01 -1.919829482154613061e+02 -2.251054110782767381e+01 -1.919829482154613061e+02 -2.313543345930674988e+01 -2.575817288360701340e+01 -3.990616264101614519e+00 -2.081456795172477925e+01 -2.081456795172477925e+01 -1.882764221278913297e+01 -7.706902817339980061e+01 -4.297199271519615138e+01 -1.919829482154613061e+02 -2.302884759397111125e+01 -8.951284891619988571e+01 -2.337035840598330338e+01 -1.503218936678788076e+01 -1.578463992347978895e+01 -1.546886932820465077e+01 -1.919829482154613061e+02 -1.919829482154613061e+02
-1.370588958890867559e+01 -8.945762947402686294e+00 -1.942815785901871806e+01 -1.250410922510798883e+01 -1.230030529994612465e+01 -1.702073908440639727e+01 -1.924735025355993301e+01 -2.081822563514500857e+01 -1.893801884125894830e+01 -1.422243710540278094e+01 -2.095645967491619643e+01 -1.315813718329295945e+01 -3.812349110982236944e+00 -2.153347055300070068e+01 -1.979456754935221952e+01 -2.099112384670498699e+01 -1.999083377934370276e+01 -1.692445802461064019e+01 -1.841778634702626860e+01 -2.029079168119212184e+01 -1.894501063991123146e+01 -1.832676779950377011e+01 -1.965594170899404958e+01 -2.173740065596895832e+01 -2.195333612629606179e+01 -1.696254277695117452e+01 -2.162390598699765221e+01 -2.266941284418582825e+01 -2.235722420260347576e+01 -1.937255766281756308e+01 -2.317132553690544228e+01 -1.628547165808659969e+01 -2.171775764778319839e+01 -2.133170746992235678e+01 -2.268785544162082601e+01 -2.272587690414626138e+01 -2.222577399537933118e+01 -2.317132553690544228e+01 -2.250917069998464015e+01 -2.324809799278332889e+01 -1.368733003048180485e+01 -2.005541587292270478e+01 -2.311726294093628198e+01 -2.344062028005696519e+01 -1.664087917994989141e+01 -2.344062028005696519e+01 -2.196458282419588670e+01 -2.320014604587885998e+01 -2.393112480435774359e+01 -2.126336389082648282e+01 -2.070917883767371848e+01 -2.218595081940343761e+01 -2.418292849482279294e+01 -2.239674109652785106e+01 -2.368274602125959660e+01 -2.460138429140142335e+01 -2.370894584325666088e+01 -2.401642354736041085e+01 -2.392097876893724973e+01 -2.587542922812523472e+01 -2.546451363203256335e+01 -2.619525697227256344e+01 -2.408035192306045502e+01 -2.602578837511552123e+01 -2.620352747867181975e+01 -2.624536637560485630e+01 -2.602105353313744729e+01 -2.592476253197419211e+01 -2.617247613557544028e+01 -2.617223835051170155e+01 -2.433555550063431383e+01 -2.387616840715787703e+01 -2.614200476091173897e+01 -2.437458139364191823e+01 -2.620357993125585239e+01 -2.346344983697098741e+01 -2.420961562241615539e+01 -2.258220686861795201e+01 -2.491030545659196349e+01 -2.579693414903493576e+01 -2.450254627808148200e+01 -2.623709586920560000e+01 -2.626702023324996915e+01 -2.492336661737222059e+01 -2.616525009714428407e+01 -2.515249681135802362e+01 -2.627529073964922190e+01 -1.358828623391494439e+01 -2.572338548039381223e+01 -2.392715739193207725e+01 -2.503433700134657869e+01 -2.626702023324996915e+01 -2.480113560827340180e+01 -2.503945677197361874e+01 -2.569231818655939392e+01 -2.445372163225773576e+01 -1.742687948614059579e+01 -2.499282406087699115e+01 -2.584980304262296258e+01 -2.541581794846698727e+01
-1.109051395480203617e+01 -1.004933894786010029e+01 -3.810304365631867363e+00 -1.863629815187553262e+01 -1.393709483727850795e+01 -3.963742842543681366e+00 -2.230769613102080839e+01 -1.915434227060322314e+01 -2.337235821923291468e+01 -2.337235821923291468e+01 -2.293184073949510804e+01 -1.496952726074194118e+01 -2.340921924882371030e+01 -2.264363544087526492e+01 -2.320437231108034126e+01 -1.926502287625469378e+01 -2.318649617356138748e+01 -2.283533966566529827e+01 -2.293122967477187046e+01 -2.293122967477187046e+01 -2.088521362059066888e+01 -2.283329070366847802e+01 -2.368770473627300177e+01 -2.300128146574786214e+01 -2.363920523250784100e+01 -2.277800035981172044e+01 -2.203126949982394578e+01 -2.309206284333535208e+01 -2.225676760220621375e+01 -2.072496150195890863e+01 -2.242061634080925003e+01 -2.177663392572733514e+01 -2.181751372720058058e+01 -2.365201444093158045e+01 -2.356873492582287710e+01 -2.387877277554517619e+01 -2.310848230197376552e+01 -2.355298524662454795e+01 -2.382453142333913476e+01 -2.387877277554517619e+01 -2.358278527961223148e+01 -2.565057740216218107e+01 -2.273262734222345571e+01 -2.555938037401091378e+01 -2.491859091032518947e+01 -2.509489286776560135e+01 -2.348946470043045309e+01 -2.403081414705559382e+01 -2.422425465552455037e+01 -2.340591682384945571e+01 -2.273485634924418619e+01 -2.351418476700690618e+01 -2.580134660636696253e+01 -2.414174336350942340e+01 -2.580134660636696253e+01 -2.589343954112621304e+01 -2.589343954112621304e+01 -2.589343954112621304e+01 -2.410098097610817547e+01 -2.579111096557787519e+01 -2.589343954112621304e+01 -2.574672728813403211e+01 -2.579111096557787519e+01 -2.533555356703374173e+01 -2.565057740216218107e+01 -3.282037618293491477e+01 -2.279942777600311743e+01 -2.390612533827274078e+01 -2.742123709140106413e+01 -2.303783081809668687e+01 -2.537639811623448338e+01 -3.282037618293491477e+01 -2.520461171483400875e+01 -2.303057957634983666e+01 -2.513585915429593243e+01 -3.282037618293491477e+01 -2.499333533360934467e+01 -3.281470400596159465e+01 -3.277187667916975755e+01 -3.282037618293491477e+01 -2.167787145820099326e+01 -3.277187667916975755e+01 -3.275124576431495882e+01 -3.283792055742036808e+01 -3.279464749803520363e+01 -3.283792055742036808e+01 -3.283792055742036808e+01 -2.511226542251901961e+01 -3.283792055742036808e+01 -3.283792055742036808e+01 -2.273661174543713059e+01 -3.283792055742036808e+01 -6.253597429326780421e+00 -3.283792055742036808e+01 -2.491859091032518947e+01 -2.384330930770675749e+01 -3.288531106276177951e+01 -2.511226542251901961e+01 -3.283792055742036808e+01 -2.308603757435507831e+01
-9.516753744117979252e+00 -1.870330183969305438e+01 -5.970398839424517767e+00 -1.506370019894476897e+01 -1.027001415492079595e+01 -2.642182921517409078e+00 -1.518932691519218103e+01 -1.424167710044443247e+01 -1.947713114311957128e+01 -1.652616373618731060e+01 -1.879235461951224195e+01 -1.803500772074721681e+01 -1.996749918158014125e+01 -1.702153915786378136e+01 -1.942627967410599865e+01 -1.785438115091364963e+01 -1.892194170796837227e+01 -1.993405675566026503e+01 -1.821390325974185131e+01 -2.069454424693561378e+01 -1.932524227126821614e+01 -2.086239785017112069e+01 -2.083366381456616523e+01 -2.029910241434222939e+01 -2.081163706175831152e+01 -2.090187699259403686e+01 -2.109724181812404353e+01 -1.589752513060302341e+01 -2.081722824107437475e+01 -2.000936706529956410e+01 -2.054464397536183640e+01 -2.089170074842174785e+01 -1.879727426290303072e+01 -2.038712427695788421e+01 -2.017050348293404483e+01 -2.087650089110119822e+01 -2.117193299068408407e+01 -2.109393857447968657e+01 -2.016931368232723898e+01 -2.097304485056643486e+01 -2.002385928836336149e+01 -2.073928038930227657e+01 -2.103786986937354442e+01 -2.160968973132522564e+01 -1.216631970523896200e+01 -2.160449686990092388e+01 -1.996459373969947393e+01 -1.974714699266162654e+01 -2.175462361265340760e+01 -2.009683846143510166e+01 -2.083008576479699769e+01 -2.111861710683701077e+01 -2.004792746397216163e+01 -2.161718545507981304e+01 -1.976515817054778168e+01 -2.176388880711375506e+01 -2.135286598710055728e+01 -1.799544352590348240e+01 -1.801668698136392166e+01 -2.141400620406192701e+01 -1.865410494338127734e+01 -2.048069882257772889e+01 -2.193486069256216808e+01 -2.171687217921539670e+01 -2.173168624770132240e+01 -2.141946546349932845e+01 -2.167970568745807114e+01 -2.171722774406243417e+01 -2.179980322907053036e+01 -1.962123964988284897e+01 -2.115009172207510701e+01 -1.996210885369658783e+01 -1.922432593497400077e+01 -2.200751300423798185e+01 -2.019239325901745019e+01 -2.200751300423798185e+01 -1.998158271212803783e+01 -2.028005206695333840e+01 -1.932438980714630006e+01 -1.787770570684619287e+01 -2.115392686600193173e+01 -1.977437010943591034e+01 -2.160138103347877347e+01 -2.130656759856981708e+01 -2.098160986607673451e+01 -2.371324333350812097e+01 -2.356149922102335026e+01 -2.369785395621034851e+01 -2.320896902967362152e+01 -2.273200434923833768e+01 -2.323452012118035981e+01 -2.511544025201285635e+01 -2.361429268879441778e+01 -2.499547474127241387e+01 -2.446957515473686229e+01 -2.492124693462568530e+01 -2.323001415921875079e+01 -2.582415168741609079e+01 -2.461791362173317665e+01 -2.491619182592517134e+01
-3.593248062844902169e+00 -9.737290391823346880e+00 -1.373587124468953391e+01 -1.326085671792714926e+01 -1.518104502273142309e+01 -2.177897767710998522e+01 -1.321933492524723874e+01 -1.019840117016352643e+01 -1.109799342151306334e+01 -2.498331897047615513e+01 -2.548088577292776336e+01 -2.250982799440844317e+01 -2.508700903496088230e+01 -2.506716689426930600e+01 -2.548088577292776336e+01 -2.552631499684483174e+01 -1.729108862441276884e+01 -2.552631499684483174e+01 -1.603379004586006573e+01 -1.851685827419780850e+01 -1.518395820697717191e+01 -2.552631499684483174e+01 -1.528477658640474424e+01 -2.250982799440844317e+01 -1.851685827419780850e+01 -2.510757734064022628e+01 -1.403400015458517736e+01 -2.551867323507154239e+01 -1.732101237066289201e+01 -1.569465107223815714e+01 -4.854915463567547995e+00 -3.148229397119817641e+00 -2.250982799440844317e+01 -1.617304144980148095e+01 -2.509320901279421534e+01 -2.700775570351363797e+01 -2.652309342592129582e+01 -2.673094672663243188e+01 -2.514026574309417583e+01 -2.661262190056840282e+01 -1.007187404147424559e+01 -2.542125262406868558e+01 -2.660057239361343662e+01 -2.679513359218620039e+01 -2.557920292844454835e+01 -2.647098762869997657e+01 -2.645137164904260985e+01 -2.663713694522018116e+01 -2.701163295053756741e+01 -2.652697961097981150e+01 -2.748263534683426101e+01 -2.077260764565106044e+01 -2.505558337719395823e+01 -2.829904727380397134e+01 -2.705997311414315121e+01 -2.924219924754752498e+01 -2.598588389039898772e+01 -2.752975464100418179e+01 -2.933137827536800302e+01 -2.101460753382794522e+01 -2.866586701488663280e+01 -2.353937515397759128e+01 -2.738013014969743963e+01 -2.926817867357694070e+01 -2.873230347935674089e+01 -2.547294096461223845e+01 -2.752975464100418179e+01 -2.923968775188331293e+01 -2.829904727380397134e+01 -2.924219924754752498e+01 -2.829904727380397134e+01 -2.926817867357694070e+01 -2.918175378406126086e+01 -2.926817867357694070e+01 -2.930829847402445409e+01 -2.926817867357694070e+01 -2.921384150623008580e+01 -2.465265996139988403e+01 -2.954400038669543704e+01 -2.887285147882936087e+01 -2.968038194912260863e+01 -2.968038194912260863e+01 -2.213300748586248901e+01 -2.968038194912260863e+01 -2.968038194912260863e+01 -2.968038194912260863e+01 -2.909819437664192421e+01 -2.970636137515203146e+01 -9.370559123743266383e+00 -2.749815581571824197e+01 -2.683389457580887694e+01 -2.970636137515203146e+01 -2.928125364241772388e+01 -1.390181728082204593e+01 -2.970636137515203146e+01 -9.081228422440528192e+00 -2.897836154706211786e+01 -2.970636137515203146e+01 -2.672028585196046180e+01 -2.970636137515203146e+01
-1.407131273996225396e+01 -9.347925262627091669e+00 -3.144533982225433011e+00 -2.114349415627442852e+01 -1.887907429470572040e+01 -3.082911261603156206e+00 -1.482228260484893489e+01 -2.261066785640898047e+01 -9.495392242727884735e+00 -1.445633187373404205e+01 -1.130511566781185451e+01 -1.084349272559521715e+01 -1.331817354997903990e+01 -1.446220081116406675e+01 -1.382047735325351390e+01 -1.338604430364380704e+01 -1.621039575354541284e+01 -2.694072273839877951e+01 -3.099156476127924975e+01 -2.687086551341705842e+01 -1.637254122178683815e+02 -1.363838755863926622e+01 -1.491640676194844062e+01 -2.687086551341705842e+01 -3.030665161913737649e+01 -1.117839630058251998e+01 -3.020605024954250339e+01 -3.014902879340772657e+01 -1.896259406776082201e+01 -3.903360494789025381e+01 -1.640773425802933048e+02 -1.409070497264275978e+01 -1.950522774722055175e+01 -1.637706267872914623e+02 -3.195819718946036225e+00 -1.640573690067493544e+02 -1.343306535003054769e+01 -1.782814978457282962e+01 -3.943878173993690694e+01 -1.005689203034810575e+01 -1.641040731051977559e+02 -1.724385726452137391e+01 -1.637629619125334557e+02 -1.724611960593591320e+01 -3.951285385960539287e+01 -1.637806004755522622e+02 -1.682084176087785821e+01 -1.640607783491426517e+02 -1.394823937816977022e+01 -1.413731098232847572e+01 -1.638193430564059270e+02 -3.904564833478851682e+01 -1.638540146685248828e+02 -1.637387764848527070e+02 -1.654020544461144198e+02 -3.565255504115984309e+01 -3.141993905504003948e+01 -1.637583051714258318e+02 -1.432741063308806062e+01 -1.639183397045307231e+02 -1.639823561150320756e+02 -1.656721016985736412e+02 -1.636731054614125185e+02 -3.329020860552255812e+01 -1.384690404043499967e+01 -1.735725166110599105e+01 -1.314595083028885192e+01 -6.549146570852373372e+01 -1.655053750466790063e+01 -6.630621205787646488e+01 -1.771529704538719940e+01 -1.656721016985736412e+02 -1.079258167386909228e+01 -1.643990174390858101e+02 -1.398049744328166533e+01 -9.951540684261953373e+00 -2.917118393469174009e+00 -1.638695883699332683e+02 -1.640155976951907348e+02 -1.646606673322183951e+02 -1.639851813055575178e+02 -1.493273024344435917e+01 -1.643823895461980555e+02 -1.655114790559494224e+02 -1.656721016985736412e+02 -1.639930113902731250e+02 -1.320314760240639984e+01 -1.637302671583624374e+02 -3.745483690335562699e+01 -1.640140599967129162e+02 -1.736398784410588547e+01 -4.588132898245330438e+00 -1.639466575352477378e+02 -1.641166641575038625e+02 -1.640122996560497199e+02 -1.640322709930061080e+02 -7.591493411640127142e+00 -1.062546339598413070e+01 -1.642126329927184543e+02 -1.504587028044775820e+01
-1.764216702341098753e+01 -1.077721016073284410e+01 -1.426296435578434263e+01 -5.504480342379455493e+00 -3.186011595766480298e+00 -1.380748914421841533e+01 -4.086010849221705321e+00 -1.811325422929177265e+01 -7.219076781313408020e+00 -6.971328849885862766e+00 -1.784069359204869798e+01 -1.794110129905822149e+01 -9.382091271603915317e+00 -8.565725532244190532e+00 -8.714916810149397008e+00 -1.771988912709142028e+01 -5.935410220132821379e+00 -9.749535988788762708e+00 -1.795698964184879998e+01 -1.736333491959448949e+01 -3.422825983475316747e+01 -3.436258873404523939e+01 -1.703391296352745243e+01 -6.818764346023900202e+01 -3.381402812625634624e+01 -3.425511886621193014e+01 -8.768257131740956112e+00 -2.425587635470890291e+01 -6.840479951866292652e+01 -6.812163335060365910e+01 -6.834192888134072064e+01 -3.438282744741140107e+01 -6.840148857875453814e+01 -6.832212927837282734e+01 -3.437244754060388630e+01 -6.840846938520144249e+01 -6.824102328592647382e+01 -6.840846938520144249e+01 -6.839002866930015045e+01 -6.826644096838725773e+01 -6.815442901279214993e+01 -6.836891853122746454e+01 -6.839395509536353757e+01 -3.397875754943167692e+01 -1.721509833591284178e+01 -3.441755205637996085e+01 -6.821558924534957669e+01 -1.704484197662061717e+01 -6.817757012709108722e+01 -6.815442901279214993e+01 -3.413027754159334393e+01 -6.838739897308650484e+01 -2.953456134653924536e+01 -6.818922677720495074e+01 -1.134233693787050612e+01 -6.839555783199492112e+01 -3.416964599958741644e+01 -1.372828748030056545e+01 -1.720392810266702099e+01 -6.839737601120793897e+01 -2.418485340058841970e+01 -5.701666313388527030e+00 -6.815991285071919492e+01 -6.840775475159159669e+01 -6.825857861421239647e+01 -2.404827239589282684e+01 -6.815280958874892292e+01 -6.818607866001836726e+01 -6.824768694951076498e+01 -6.837974076283229863e+01 -6.840846938520144249e+01 -1.699024981419439229e+01 -1.438597496563670219e+01 -3.416285921231267508e+01 -6.816146770594869508e+01 -6.815930016519533297e+01 -3.437445443076993712e+01 -4.362533183358546118e+00 -6.818138551106082446e+01 -6.818674277040965137e+01 -6.840846938520144249e+01 -6.817013163791273200e+01 -6.818535532762058438e+01 -6.832408960413494015e+01 -1.289651688205656122e+01 -6.831887176424396557e+01 -3.401933906945035346e+01 -3.448858408507381057e+01 -1.353369911961283556e+01 -1.347624493639392895e+01 -6.839754685628811615e+01 -1.391309650615770543e+01 -1.347237900525490240e+01 -6.515848114371203259e+00 -1.699216972076568766e+01 -1.372019601405402867e+01 -6.825702453766609779e+01 -2.398136621895250897e+01 -6.853027581842904681e+01 -6.843304605189236156e+01
-1.266321567109399382e+01 -1.153603414591619902e+01 -3.594253301249615173e+00 -1.498675691432435109e+01 -1.386743391373268075e+01 -3.248575096123016870e+00 -1.504745756217324804e+01 -1.879133489391149681e+01 -1.879133489391149681e+01 -1.572116519161393988e+01 -1.879133489391149681e+01 -1.407232002481111621e+01 -2.311696196790634517e+01 -2.310848230197376552e+01 -1.501457435416147312e+01 -2.310848230197376552e+01 -2.310848230197376552e+01 -2.282658443129140835e+01 -2.310848230197376552e+01 -2.232456572306151088e+01 -2.265838370465828078e+01 -2.310848230197376552e+01 -2.380158820093980410e+01 -2.511975247222963858e+01 -2.391739527913117414e+01 -2.449515227874042367e+01 -1.927182623756975488e+01 -2.586988299349652820e+01 -2.356829422952976927e+01 -2.552095335897113770e+01 -2.565947336599432660e+01 -2.249421905953229128e+01 -2.583357632404817039e+01 -2.247746151389139868e+01 -2.440446562199969449e+01 -2.682269443871934556e+01 -2.688916549226843600e+01 -2.504639624305572809e+01 -2.528775527009428004e+01 -2.627167044858570932e+01 -2.620255952797910837e+01 -2.515171574793528109e+01 -2.679072635108598632e+01 -2.643934854315254412e+01 -2.688916549226843600e+01 -2.635550044446450357e+01 -2.587903414587034590e+01 -2.352550948706067757e+01 -2.549499744146270075e+01 -2.630398368039739054e+01 -2.322777853332789633e+01 -2.648208093316576139e+01 -2.694053790989413599e+01 -2.575047589765656042e+01 -2.675635833847309542e+01 -2.508187011252758225e+01 -2.654925121814033417e+01 -2.680938233546255489e+01 -2.638539447462649434e+01 -2.631212051331915447e+01 -2.695565180344187439e+01 -2.353689336670249332e+01 -2.616697509377528519e+01 -2.652820669818139265e+01 -2.600461842868083195e+01 -2.695565180344187439e+01 -2.673436657499840408e+01 -2.646761691530161542e+01 -2.585644363772756904e+01 -2.697149532406822559e+01 -2.697046463044748776e+01 -2.697149532406822559e+01 -2.226525471953721791e+01 -2.731667754895384448e+01 -2.534723946452080057e+01 -2.372827396288572288e+01 -2.503564521039104207e+01 -2.500864576412635287e+01 -2.503514420642221694e+01 -2.591945427548009917e+01 -2.650254002109693019e+01 -2.461732686973990525e+01 -2.627264019744663770e+01 -2.424564805159465664e+01 -2.734851560639850732e+01 -2.577820227829248267e+01 -2.626091881850150500e+01 -2.642214941066566780e+01 -2.575709349874752263e+01 -2.593697878817517832e+01 -2.741497485559224145e+01 -2.608278754625405327e+01 -2.650236958051019442e+01 -2.646548692713135864e+01 -2.560126754208377875e+01 -2.678372670076568696e+01 -2.536729856656366877e+01 -2.625214259538245543e+01 -2.662078535689799708e+01 -2.401588193997898202e+01
