-1.293179851630039856e+01 -2.451793984260531900e+01 -1.581573925383677270e+01 -7.559583914307595798e+00 -1.336802587576971213e+01 -1.855505283104652747e+01 -1.068453820061790260e+01 -5.079556435357503119e+00 -3.781445795840614021e+00 -8.707423863528912733e+00 -9.331284087326299215e+00 -2.292059805920149174e+01 -1.353419441660664901e+01 -1.954616061086891321e+01 -1.321579266150544996e+01 -1.393215256298140048e+01 -9.705832894750727746e+00 -1.737158653805132502e+01 -1.391638893820561940e+01 -3.199247295055151152e+00 -1.204214690583673253e+01 -2.072591878232143614e+01 -2.225475753464507989e+01 -1.431350621030548886e+01 -1.392545304820231600e+01 -1.358140911707216958e+01 -1.128614425323210924e+01 -1.963410574751570081e+01 -1.345288952684397898e+01 -1.350815918760615375e+01 -1.370115003890908767e+01 -1.128018219833826841e+01 -2.158753337968545694e+01 -1.538715747757515295e+01 -1.216541058601659486e+01 -1.766527089870466938e+01 -1.413034378776022493e+01 -1.839132835848647574e+01 -1.456466714018088915e+01 -1.185021619624660083e+01 -1.762212679211475574e+01 -2.150727815047938307e+01 -1.533883083003186165e+01 -4.809996131861224988e+00 -1.638825994553544874e+01 -1.198636602537152207e+01 -1.083873509364527443e+01 -1.277535088719961287e+01 -2.172022543981722720e+01 -1.404043602264886026e+01 -1.682195787623609462e+01 -2.435135758566672237e+01 -1.834734510176823008e+01 -2.135779002206562183e+01 -1.823399633464673997e+01 -1.420532599445823685e+01 -1.007305991126025901e+01 -1.374839910088327599e+01 -2.151805035594893312e+01 -1.544836271676677519e+01 -1.343381436756397740e+01 -2.137273755860161728e+01 -1.466639241008765282e+01 -2.335415880780173126e+01 -1.637249094863236110e+01 -2.137608651936146842e+01 -1.483604910034507540e+01 -1.164989977720040670e+01 -1.875367395792406455e+01 -1.809037605573475105e+01 -1.027495940763227722e+01 -2.178905422763403621e+01 -1.223501093171322296e+01 -1.500197574053403926e+01 -1.924668437626673523e+01 -2.182174548530379710e+01 -1.902820279043806551e+01 -1.701459075263282017e+01 -2.303526772032897441e+01 -1.870653970904399443e+01 -1.294879586170061181e+01 -2.287569055045674560e+01 -1.379423821661191418e+01 -2.040410578447591661e+01 -7.939157526630456374e+00 -2.280313658411888866e+01 -1.444325221059648179e+01 -1.917783201840216023e+01 -8.777749638730586668e+00 -2.294595936779965584e+01 -1.860505819509551273e+01 -2.333258125032870112e+01 -2.279077818327342086e+01 -1.855082034326931861e+01 -3.166363100870672742e+00 -2.282685582272834779e+01 -1.477769610335331585e+01 -2.283056637365233854e+01 -1.509300705428618805e+01 -2.283533966566529827e+01
-3.086612120421799776e+00 -2.040358361731935943e+01 -1.325245760913716353e+01 -3.824074458619902028e+00 -1.972349489072739104e+01 -1.500811725829529131e+01 -1.501457435416147312e+01 -3.211138339699977529e+00 -2.028149535536604375e+01 -1.202436732797736418e+01 -1.489627235596978672e+01 -1.296412145404797656e+01 -1.166931448633913426e+01 -1.548998985408868201e+01 -1.528855048230099811e+01 -1.027022145774708406e+01 -4.410170826547695100e+00 -1.375375269296383252e+01 -1.294071840438856036e+01 -1.869531418619720142e+01 -1.704951730587468717e+01 -1.590074291419878882e+01 -2.408206798165026896e+01 -1.878933636051425182e+01 -1.435415375739648347e+01 -1.606205252793824911e+01 -1.713575723320920829e+01 -1.393720792559332011e+01 -1.373259832209135034e+01 -1.047288592891781711e+01 -2.817954855124670477e+00 -1.972100321152478841e+01 -2.270580877012826093e+01 -2.214843549181698279e+01 -1.880707700820817152e+01 -3.725839599272901648e+00 -1.058018267400874457e+01 -1.570385523320573284e+01 -1.364282328590851812e+01 -1.482588428195930419e+01 -1.381995739955098657e+01 -2.268743700743772251e+01 -2.249171034364353972e+01 -2.237648409430608609e+01 -2.112173894316687139e+01 -1.115317257924479755e+01 -1.917294671113697291e+01 -1.557127075719352405e+01 -1.380055678025109955e+01 -2.004802586867729630e+01 -1.395152660596002825e+01 -2.264664237593511942e+01 -2.113426089269704278e+01 -1.137134302313215706e+01 -1.686493357459145770e+01 -1.928528527938773252e+01 -2.159219344346993807e+01 -1.133023842684659499e+01 -1.762206791237615988e+01 -1.530721676387123509e+01 -1.026390616703403325e+01 -2.351730282956745910e+01 -1.906185461504680845e+01 -1.630767635571806551e+01 -2.047029242293820417e+01 -2.196743718446412075e+01 -2.332852953674789376e+01 -1.125394319165127044e+01 -1.932240215332930688e+01 -1.408713890102305832e+01 -2.403265946796624064e+01 -2.377383705554979798e+01 -2.321845230600917276e+01 -1.629925644058294765e+01 -7.540509888669790328e+00 -1.425445151571402924e+01 -1.367909292637296126e+01 -2.486165645974108784e+01 -1.324808600122311297e+01 -1.611018126259947891e+01 -1.197311392258793994e+01 -2.341106280710281951e+01 -2.113677508072981936e+01 -2.315376171975313113e+01 -2.395067458951687911e+01 -2.459519024965344869e+01 -1.623796855658479998e+01 -1.378777631291590566e+01 -1.881167805809400306e+01 -1.778341208095986659e+01 -1.982401921433678993e+01 -2.200078172444403179e+01 -2.482243117685798950e+01 -1.523138551995647738e+01 -2.420353884817229684e+01 -1.404680209661191448e+01 -2.073829271728863688e+01 -2.256233648966324878e+01 -1.319561126220484759e+01 -2.264916798965860067e+01
-2.136866398394212663e+00 -1.372883619846510683e+01 -1.225083845602331323e+01 -1.374739066970805190e+01 -1.347521422378959244e+01 -1.244155005519196067e+01 -1.909623173328117574e+01 -7.001974300202697066e+00 -2.784982640205641680e+00 -1.090227922385101778e+01 -1.322381699948712530e+01 -1.251793165975577793e+01 -1.873700984516501578e+01 -1.570597807584880989e+01 -1.435663454577622566e+01 -1.524996934368799018e+01 -4.905058814385282240e+00 -1.503658417741492492e+01 -1.796385042558612710e+01 -9.012020760641535233e+00 -1.777337717774598147e+01 -1.449091026140975735e+01 -1.262859741031594929e+01 -1.876946246894846482e+01 -1.495770831921778310e+01 -1.903476780456875872e+01 -1.376127832543031104e+01 -1.399113364826733630e+01 -1.270470042340565442e+01 -3.377241024124171265e+00 -3.447745690913011973e+00 -2.246130300982998307e+01 -1.997214070194119628e+01 -1.569953550659988828e+01 -1.734221393373568887e+01 -1.401404176698596871e+01 -1.510886277542095613e+01 -1.379681483049513879e+01 -1.717054019160550737e+01 -1.508445152954991642e+01 -3.249209505898592809e+00 -1.880188148252818792e+01 -1.903361381855708956e+01 -1.391310171946703633e+01 -1.399672629597665185e+01 -1.347912604377583357e+01 -1.106146108704580122e+01 -2.379383826300898264e+01 -1.807553465080849620e+01 -1.111894292492032044e+01 -8.779662128880552530e+00 -1.919195627129095882e+01 -1.627067787832532986e+01 -1.878624730381904939e+01 -1.221085125237909352e+01 -1.424362298659555570e+01 -2.303272236496772152e+01 -1.456998360165410844e+01 -1.465573789284546180e+01 -1.881862156166208067e+01 -1.824254285008408871e+01 -1.882569039408322098e+01 -1.425007585490417839e+01 -2.185646553046678164e+01 -1.436953174971891478e+01 -1.906070634895353066e+01 -1.426872119418680818e+01 -1.419667357943079722e+01 -1.842691451692953564e+01 -1.426120740333139736e+01 -1.947563855909593400e+01 -1.943369459610962124e+01 -1.827714360699011564e+01 -1.749753647652581989e+01 -1.256368763524275955e+01 -2.573625540849482363e+01 -1.858477011783305954e+01 -2.200525221121796804e+01 -1.406992983994161328e+01 -1.526482376409691177e+01 -1.097581968671284258e+01 -2.198595097977889523e+01 -2.497824647352991079e+01 -2.150515924212661290e+01 -2.145642086205580767e+01 -2.401814920939963827e+01 -2.338530434389099000e+01 -2.140519626258975805e+01 -1.772114051023109838e+01 -1.187453063166372935e+01 -1.469172682558952658e+01 -2.575890310874672195e+01 -2.567419787958747435e+01 -1.505006231038851183e+01 -2.371619286945496441e+01 -2.401805535757559440e+01 -1.494292561702865818e+01 -1.780328201064817151e+01 -1.534419240221393643e+01 -2.622978246449922679e+01
-3.171429283215547290e+00 -7.406864790731764181e+00 -1.527068401203118064e+01 -1.330237065748631942e+01 -1.075466849475091635e+01 -5.575575155257269877e+00 -3.631318661503726730e+00 -1.037763690205201428e+01 -7.890738970632135363e+00 -1.358251254253003104e+01 -1.904499288784876043e+01 -1.912651483247184814e+01 -1.860441231517754801e+01 -1.326548411212023915e+01 -1.612267355663528079e+01 -1.322570283317532081e+01 -1.406305367198124756e+01 -1.350614996866841722e+01 -1.123037064663011364e+01 -1.343672831005128288e+01 -1.347743412919646921e+01 -1.770861855283579445e+01 -1.316381449576958040e+01 -1.730190585262876013e+01 -1.405194583592767543e+01 -1.370385813532620389e+01 -1.383525239969284648e+01 -1.367264039403429443e+01 -1.251825153738001006e+01 -1.391226340353105151e+01 -1.101197805998204515e+01 -1.782523960733551505e+01 -1.604277561128870033e+01 -1.157502730782637634e+01 -1.205708321508887693e+01 -1.175607177178791041e+01 -1.556429420596568924e+01 -1.789638290009180821e+01 -1.113647603365942551e+01 -4.789449462311858419e+00 -1.306989537237750731e+01 -2.345997058937437885e+01 -1.324248910314602945e+01 -1.147578098246408373e+01 -1.378578416580254284e+01 -1.644267829511373691e+01 -1.812250152371322898e+01 -4.076319800830426665e+00 -1.757949552263055892e+01 -1.317909177677215737e+01 -1.027421198604368868e+01 -1.460128484775375846e+01 -2.417725457363469843e+01 -2.208853332288614268e+01 -1.762875691961993141e+01 -1.419336414200664365e+01 -1.367162225886380789e+01 -2.024535403966482505e+01 -2.263704672325235734e+01 -2.207522248700645306e+01 -1.379996155726115425e+01 -2.157300480467228709e+01 -1.273092324507211082e+01 -2.100156868681260391e+01 -1.163084544457863245e+01 -2.006464229200397753e+01 -1.510457779953193480e+01 -2.014427818787772395e+01 -3.291777871206830408e+00 -1.672999765816522455e+01 -1.435446718416095990e+01 -2.209363945148316688e+01 -2.113392343449884336e+01 -1.591189044789887319e+01 -1.419883031506587301e+01 -1.423501337555191348e+01 -2.351219590725943576e+01 -1.276303531793529267e+01 -2.262077393803686931e+01 -1.414085755852630832e+01 -2.157080252567991252e+01 -1.704122567238213293e+01 -2.200868402837550164e+01 -2.098306789178353071e+01 -1.702624398194289768e+01 -1.422999710143718666e+01 -2.222206573636347215e+01 -1.396960929834303400e+01 -2.344031073391089137e+01 -2.282042505560411882e+01 -2.282957162577683263e+01 -1.941100411294819139e+01 -1.750077632897793123e+01 -1.944112402179723986e+01 -6.787624866634245357e+00 -2.282042505560411882e+01 -1.857838421371679161e+01 -2.267714915479548310e+01 -9.719127259730951707e+00 -1.530610211313109481e+01
-1.389266583465096083e+01 -3.994483820047196154e+00 -1.284072526283265425e+01 -8.661271563149986363e+00 -1.537580250763799583e+01 -1.316624098959991507e+01 -2.872469794563104362e+00 -7.669324069244638942e+00 -1.041579685703401736e+01 -4.061106951356049599e+00 -2.309835369298352248e+01 -2.283378246000897605e+01 -2.226442629723004174e+01 -2.343911386674306030e+01 -1.856015955638623893e+01 -5.948288921389663919e+00 -1.200759660091718750e+01 -1.322998029305415812e+01 -1.732851777904530977e+01 -1.107791608650143012e+01 -1.374998776471377404e+01 -3.613922981880314467e+01 -1.269512927819658366e+01 -1.139426518176925107e+01 -1.443942509318191902e+01 -1.398319898206218603e+01 -1.300506630710317069e+01 -1.151099193070544757e+01 -2.275015976025325060e+01 -1.186426099940087298e+01 -7.412075013217615194e+00 -1.662250412160535973e+01 -1.838108174161477493e+01 -1.213532187397873940e+01 -1.326102414655238881e+01 -1.358466975053872972e+01 -2.331323892406840770e+01 -1.210289095215399158e+01 -1.185772588922018222e+01 -1.213693359267192839e+01 -1.114458979412342643e+01 -2.241603523821645894e+01 -1.404416627108460247e+01 -1.154113949193732047e+01 -2.239484108391146933e+01 -1.227659707535294054e+01 -1.590139858042153698e+01 -1.177766980433634458e+01 -1.307095750286533864e+01 -1.057750389999630336e+01 -1.302568533194812694e+01 -1.027273779370785967e+01 -2.663297519904365984e+01 -2.107672021342190760e+01 -2.490773683316376008e+01 -1.463247885383847091e+01 -9.947063396272913138e+00 -2.264611029412391829e+01 -1.489557151127262991e+01 -1.433768946950232248e+01 -6.625411987720654317e+00 -2.407084557976240902e+01 -2.415851393168502881e+01 -1.700209134956393342e+01 -1.216133293567435558e+01 -2.151418852070658971e+01 -2.221567318220875364e+01 -4.164842315365484104e+00 -1.683055816946019689e+01 -1.201484712797458343e+01 -1.751077263406701690e+01 -1.756939778684262876e+01 -2.348797551047962173e+01 -1.705246257851808522e+01 -2.195503811390639726e+01 -1.266485780537417405e+01 -1.338435727104335093e+01 -2.181977169155693375e+01 -1.698644235114262102e+01 -1.468092184578843806e+01 -1.127624978196739747e+01 -2.297911513386671700e+01 -1.537995663894183096e+01 -2.128640137900504570e+01 -1.877154725090242948e+01 -1.656394037325964064e+01 -1.487336713604714866e+01 -1.839901322695206787e+01 -1.275621516557809620e+01 -1.130208371308052229e+01 -1.026216983702467545e+01 -2.153532861314231184e+01 -2.291351657556099752e+01 -2.403547142685394178e+01 -1.649491296247352423e+01 -1.545183950271839279e+01 -2.144002393364057113e+01 -1.323256065222271793e+01 -2.478084923967266207e+01 -2.223161221000176724e+01
-1.136106960827043366e+01 -1.370730875929840487e+01 -7.766113572162823608e+00 -1.380416422235905927e+01 -1.135758942308938835e+01 -1.764722638416736444e+01 -1.312385176665609166e+01 -1.611078483330267730e+01 -9.621856766459300658e+00 -1.604685657783505803e+01 -9.782676768919277066e+00 -1.906158268281793511e+01 -2.160778902218628872e+01 -1.363779105323466645e+01 -1.313013010386350921e+01 -2.150822524804526736e+00 -2.275536408876207517e+01 -1.545313439680933065e+01 -1.290220600042593979e+01 -9.517707067065440896e+00 -1.435045359184001690e+01 -1.884780972108569230e+01 -1.564359530031959444e+01 -1.614945811194728975e+01 -1.369826264463371679e+01 -1.409871257562025626e+01 -1.418238917224919327e+01 -1.390738820891534644e+01 -1.382561247995108644e+01 -1.363785564232293979e+01 -1.729992773275473894e+01 -1.375908268609537011e+01 -2.168584052484634839e+01 -1.377509377197663554e+01 -1.232611573621572454e+01 -1.891859788159744582e+01 -2.212185504606811293e+01 -2.210767090833849124e+01 -1.775465971323537318e+01 -1.115017770252642926e+01 -1.468010251551612200e+01 -2.214515128370144126e+01 -1.768948832166791263e+01 -1.700193980155573925e+01 -1.763548088821886850e+01 -4.578692680138445326e+00 -2.470604164413338921e+01 -2.005343010497050216e+01 -1.452326141923293079e+01 -1.662801860492785622e+01 -1.407232002481111621e+01 -2.155692234801091089e+01 -2.238102249506384922e+01 -1.906450786097573413e+01 -1.506903773403351998e+01 -1.408588323843627244e+01 -2.310848230197376552e+01 -1.415348151097999008e+01 -1.453838263568774458e+01 -1.889309849267539221e+01 -1.371452419290588587e+01 -1.889309849267539221e+01 -1.542621187132976956e+01 -2.318991126508452538e+01 -2.446681185481078913e+01 -1.658691549743449301e+01 -2.443432959266943172e+01 -1.873633227564139858e+01 -1.372093249466904119e+01 -1.440255693680621363e+01 -2.169890311886453205e+01 -2.210627114508428193e+01 -1.592081076698247344e+01 -2.301144180812068996e+01 -2.302875734886487891e+01 -1.508289933670391392e+01 -1.514087632629566826e+01 -2.136114910107981046e+01 -1.357339845156251101e+01 -1.528142288491302736e+01 -1.351423823986487172e+01 -2.258520462482761459e+01 -2.312777367384608240e+01 -1.536500533030674731e+01 -2.908589802883280129e+01 -2.501848776253076778e+01 -1.733738338150535796e+01 -2.499684740714512898e+01 -3.293032900126854656e+01 -2.287581145001762550e+01 -2.284248550138910616e+01 -2.208133493222537425e+01 -2.529715429752333122e+01 -1.566296837712522461e+01 -1.914472478993793558e+01 -2.680516135807246769e+01 -2.161026171557858433e+01 -1.822906049578279308e+01 -2.467265954014573737e+01 -1.584287245340810557e+01
-1.768333903121179418e+01 -1.727401496391002667e+01 -1.162347783452728933e+01 -3.845869717573166202e+00 -1.269158825838818672e+01 -1.946474588277846962e+01 -1.297601662063242678e+01 -1.830287655780597689e+01 -1.130588515151297457e+01 -1.355972869326606300e+01 -8.459105042325035129e+00 -1.608682197450480444e+01 -1.875841179853262375e+01 -1.329558617427848688e+01 -3.154745915142529888e+00 -1.878991572352176931e+01 -1.369735525618677663e+01 -1.353967337856766129e+01 -1.142745738421463031e+01 -1.330497300457791354e+01 -5.734100954113790394e+00 -1.919622328859850668e+01 -1.864583283635953848e+01 -1.650264006910929382e+01 -1.380129638219328037e+01 -1.446641327406285527e+01 -2.374757393481745993e+01 -1.436135789870026258e+01 -1.456163358564318600e+01 -1.501034356394124991e+01 -2.283533966566529827e+01 -2.283533966566529827e+01 -1.511661415445395562e+01 -1.619064261652779990e+01 -1.765896878967286199e+01 -1.673382794174581889e+01 -1.521238676322500538e+01 -4.187538445780042906e+01 -3.991194429976207658e+00 -1.522692962583816012e+01 -1.617513446894945162e+01 -1.492302445435912261e+01 -1.982344109704387591e+01 -1.930283333617865082e+01 -9.351743780887135316e+00 -2.698761290944988644e+01 -1.498675691432435109e+01 -1.612865816215255421e+01 -1.341284455156674937e+01 -1.544826584336473552e+01 -3.809313238568907689e+00 -2.201606320114402493e+01 -2.349966385737125663e+01 -2.283533966566529827e+01 -1.885351681061179718e+01 -1.499584783602435145e+01 -1.553303360683019108e+01 -2.310848230197376552e+01 -1.412965018689183871e+01 -1.097558267083577732e+01 -2.310848230197376552e+01 -2.283533966566529827e+01 -1.511573433306195824e+01 -1.889309849267539221e+01 -2.310848230197376552e+01 -1.889309849267539221e+01 -1.493292113005962207e+01 -1.357853160837580297e+01 -1.585774335100152399e+01 -1.497718825298980505e+01 -1.411177816652101669e+01 -2.283533966566529827e+01 -2.353629095804284077e+01 -2.346604942949321426e+01 -1.449763236136612221e+01 -1.607250082360581445e+01 -1.584702234526344000e+01 -2.275760902503813199e+01 -4.892197595374102370e+00 -1.291715012830531251e+01 -1.609245541705769256e+01 -2.311696196790634517e+01 -2.311696196790634517e+01 -1.555171272481104161e+01 -1.969180169999025409e+01 -2.321291474811658873e+01 -1.504349938578214996e+01 -5.555389951459197562e+00 -1.195251251553555427e+01 -2.201512894365716377e+01 -1.552409774234963891e+01 -1.895838340116944210e+01 -2.210415644940038504e+01 -2.310848230197376552e+01 -1.978324452852703530e+01 -1.529741645432685182e+01 -2.310848230197376552e+01 -1.537682333623035191e+01 -2.346211256772134490e+01 -1.470971710976193414e+01
-4.675551561667444567e+00 -1.299701339372171383e+01 -1.253746477833510298e+01 -1.576768627860602479e+01 -1.049958363603455780e+01 -3.896442133501018201e+00 -3.160407040585357485e+00 -1.006446972994154976e+01 -1.391472082168185764e+01 -4.543207388133895464e+00 -1.769829118097820597e+01 -2.212185504606811293e+01 -2.212185504606811293e+01 -1.378204161570985242e+01 -1.199294778910186388e+01 -1.528811568411166277e+01 -1.879133489391149681e+01 -1.298107955320262796e+01 -1.366337531759569579e+01 -4.975337299741371844e+00 -1.162782148188304632e+01 -1.879133489391149681e+01 -1.370730875929840487e+01 -2.303342239090509835e+01 -1.520243350119885406e+01 -1.337461195149189486e+01 -1.761387126313568885e+01 -1.717227658457246875e+01 -1.398302437155166800e+01 -2.248836559552014691e+01 -1.283582521566984447e+01 -1.509328622781593943e+01 -2.209906717160251688e+01 -1.429094286528681046e+01 -1.500872374762532857e+01 -1.857198165756520325e+01 -1.112904249862406658e+01 -7.050359662421104900e+00 -1.147798580583548578e+01 -1.586292090805258681e+01 -1.164821558522531220e+01 -2.209579089236536475e+01 -1.827280255540678411e+01 -1.375071521599819313e+01 -1.766980336607845459e+01 -1.322685941408562726e+01 -1.279891967283252363e+01 -1.473932940908963118e+01 -1.553379759518009173e+01 -1.350657486929146600e+01 -1.305727605281900239e+01 -2.209531660978913337e+01 -2.211426035691278713e+01 -1.268044383087203109e+01 -1.768711003073816812e+01 -1.696194874826110066e+01 -1.281755349440698666e+01 -1.432230776505424252e+01 -3.292865257331143436e+00 -7.633033813012794155e+00 -2.213044672428234705e+01 -1.754949627658318079e+01 -1.770653276727775349e+01 -2.174741112663679488e+01 -1.375925765303444237e+01 -1.426194503075879538e+01 -1.629711144110858356e+01 -2.004791093522462120e+01 -1.882955174904355999e+01 -1.410154132522647075e+01 -1.501457435416147312e+01 -2.209579089236536475e+01 -1.768711003073816812e+01 -2.212185504606811293e+01 -2.212185504606811293e+01 -1.431781374476828539e+01 -2.212185504606811293e+01 -1.426194503075879538e+01 -2.162100221364639907e+01 -1.477832103589819823e+01 -1.197935476583946013e+01 -2.212185504606811293e+01 -2.209877524472456045e+01 -1.827889144882986017e+01 -2.213482266029841483e+01 -1.363355804633474300e+01 -1.717738001472354270e+01 -1.482071228952868047e+01 -1.143672146888358832e+01 -2.288637671472906021e+01 -1.354275542521993003e+01 -1.850945144594995639e+01 -1.754949627658318079e+01 -2.213376563620206028e+01 -2.219423743973563035e+01 -1.432600998783696511e+01 -1.368742005065592870e+01 -2.212185504606811293e+01 -1.959002126130565813e+01 -1.542545031464003458e+01
-3.550465028356546870e+00 -8.947518526977530584e+00 -1.870638505064400903e+01 -4.450018264946105973e+00 -1.231152459683296740e+01 -9.963354877139980914e+00 -1.144177064857030501e+01 -1.371409876428036689e+01 -1.518084933846398243e+01 -1.770765253967484298e+01 -1.877617353123604715e+01 -1.305789801688927199e+01 -1.572541214135134346e+01 -1.265272881056142218e+01 -1.878194705743646509e+01 -1.349555155758382874e+01 -7.047998216782548120e+00 -7.207954098777955565e+00 -1.354463615206573834e+01 -2.317194054362040490e+01 -1.421021900861119747e+01 -1.878991572352176931e+01 -1.370588958890867559e+01 -1.334048735367893634e+01 -1.517062701517367707e+01 -1.368508371215546404e+01 -1.390712590257653325e+01 -1.554613200688728725e+01 -1.268925507565177924e+01 -1.497987126895334420e+01 -1.406237101579027815e+01 -1.879133489391149681e+01 -1.879133489391149681e+01 -1.370730875929840487e+01 -1.577334501088406071e+01 -1.878991572352176931e+01 -1.370786749649222358e+01 -1.356475475420656629e+01 -4.486504306732841840e+00 -1.315171722458557468e+01 -1.370644832610249431e+01 -1.879133489391149681e+01 -1.879133489391149681e+01 -1.572116519161393988e+01 -1.370730875929840487e+01 -1.879133489391149681e+01 -1.370730875929840487e+01 -8.989411617718065628e+00 -1.869673335658692892e+01 -1.371601608991100640e+01 -1.371279286744456627e+01 -1.572116519161393988e+01 -1.572116519161393988e+01 -1.879133489391149681e+01 -3.967325446422996116e+00 -1.370730875929840487e+01 -1.199417127203036948e+01 -1.524302192831182268e+01 -1.334264431889639901e+01 -1.547315939228747617e+01 -1.371118174932241196e+01 -1.879133489391149681e+01 -1.879133489391149681e+01 -1.879133489391149681e+01 -1.365586418573446004e+01 -1.370588958890867559e+01 -1.556518956961019207e+01 -1.370588958890867559e+01 -1.848410665073243919e+01 -1.561200389710333170e+01 -1.356163147695333393e+01 -1.879133489391149681e+01 -1.879133489391149681e+01 -1.370730875929840487e+01 -1.571974602122421061e+01 -2.329099899985798316e+01 -1.470569722039339489e+01 -2.528628454426219463e+01 -1.592662587774701244e+01 -2.282470805009491954e+01 -1.466798796317321951e+01 -2.342141010490957598e+01 -2.412055509594209823e+01 -1.878651542296989518e+01 -1.547600333617727308e+01 -2.353357310193345242e+01 -2.398982262941848731e+01 -1.512851873064046337e+01 -2.196956933121811772e+01 -1.857080678145322139e+01 -1.459778833962860212e+01 -2.317948648604770412e+01 -2.296970084985657579e+01 -1.458003895463095567e+01 -2.282658443129140835e+01 -1.590951373413523307e+01 -1.537928948047219713e+01 -1.535707158918355120e+01 -1.688476336514899856e+01 -1.747274351218069910e+01
-1.101887529530070786e+01 -8.197294520508984661e+00 -1.336375727575353167e+01 -3.771895557380708031e+00 -4.485527681074879425e+00 -1.370786749649222358e+01 -1.326300028759813898e+01 -8.908278553949292800e+00 -1.335976634465933444e+01 -1.130564600910154383e+01 -2.062028575342390369e+01 -1.935925352297511992e+01 -1.962736441248597075e+01 -1.937523866067900258e+01 -1.608648032880275380e+01 -1.255002708980564741e+01 -1.267239361886463911e+01 -1.181435029099733747e+01 -1.335548736438559381e+01 -1.392264509099100778e+01 -1.392621788239263125e+01 -6.623146797585628853e+00 -7.944771594335802156e+00 -4.352185786179445515e+00 -1.432547058239691751e+01 -1.372657257562834587e+01 -1.109968806679430919e+01 -3.507695539983541888e+00 -1.369403917450503627e+01 -6.628044171848988420e+00 -1.404739959965241347e+01 -1.982400725380031759e+01 -1.472129982498681322e+01 -1.252796395242257077e+01 -2.274142996174546383e+01 -1.880309656650613093e+01 -1.371269402392171521e+01 -1.223159118849963889e+01 -2.041257777692676711e+01 -1.960670462158621774e+01 -1.763727225914386665e+01 -1.824079386614904053e+01 -1.801886565910983862e+01 -1.450463347251277568e+01 -1.519498829454839850e+01 -1.696117221248055884e+01 -1.401724015348628960e+01 -1.384311470399828536e+01 -1.181096130497636310e+01 -1.318021660187618771e+01 -2.215644573700285491e+01 -2.253748367383412088e+01 -1.831972665208452611e+01 -1.399560033318537045e+01 -1.860697761904933856e+01 -1.385130906456585898e+01 -1.195016186356639665e+01 -9.163325106847750590e+00 -2.268217804139727534e+01 -2.355381620068785864e+01 -1.578005143671980903e+01 -1.889309849267539221e+01 -1.498913679695901635e+01 -2.350273509883864875e+01 -1.735908746640964040e+01 -1.931816987043618283e+01 -1.576532072191001532e+01 -1.883369817023008252e+01 -1.407326802007360733e+01 -1.532030230679379912e+01 -1.432770633688961581e+01 -2.310848230197376552e+01 -2.310848230197376552e+01 -2.310848230197376552e+01 -1.511661415445395562e+01 -2.344694975191518793e+01 -1.708129304245020919e+01 -1.536399342058691353e+01 -1.446056524693608480e+01 -1.878991572352176931e+01 -1.511573433306195824e+01 -2.310848230197376552e+01 -2.273485634924418619e+01 -1.889309849267539221e+01 -2.356321116690580908e+01 -1.932046814891145203e+01 -1.498675691432435109e+01 -1.388714282937633548e+01 -2.310848230197376552e+01 -2.308540250063021304e+01 -1.511661415445395562e+01 -2.316435247324775659e+01 -1.890157815860796831e+01 -2.334987657750499679e+01 -1.923791624237923159e+01 -1.372695072682273754e+01 -2.394847237934156681e+01 -1.987141821697243671e+01 -1.480714628161836721e+01 -1.529447661359359500e+01
-1.300613813158872034e+01 -1.394121875879962857e+01 -1.876303424025603661e+01 -4.023276907626595289e+00 -4.024301415762682410e+00 -1.295323037124019727e+01 -1.944523802033447213e+00 -1.118932536674796907e+01 -1.372141377820547525e+01 -7.207336315613597222e+00 -1.223095203739546477e+01 -1.570472127295334808e+01 -1.885071731346787871e+01 -1.351585558866246295e+01 -1.326814330995173563e+01 -1.556377039922046457e+01 -1.356556904979897205e+01 -1.365969611462529798e+01 -1.325597972553906168e+01 -9.212100346431698839e+00 -1.133128883453870372e+01 -1.876946246894846482e+01 -1.876946246894846482e+01 -1.370730875929840487e+01 -1.370730875929840487e+01 -1.875611577614331082e+01 -1.379708464183792316e+01 -1.395060357890135805e+01 -1.370520311907163347e+01 -1.377852879404599662e+01 -1.370730875929840487e+01 -1.879131116838425797e+01 -1.393401563599415027e+01 -1.877605496638014060e+01 -1.391977076173771799e+01 -1.353941871765954019e+01 -1.879133489391149681e+01 -1.470465637454321062e+01 -1.548846737758233516e+01 -4.207569812975002321e+00 -1.354991396690493310e+01 -1.876704099487509936e+01 -2.045616883387011242e+01 -1.481953724212257661e+01 -1.376388782726940896e+01 -1.335988361602568020e+01 -1.490980515119312244e+01 -1.620495314213600579e+01 -9.305543472724240317e+00 -1.303892585813019167e+01 -1.880938774017365134e+01 -1.609441832633406833e+01 -1.389851567454657122e+01 -1.233899611997551382e+01 -1.594560918648573100e+01 -3.129229770305742342e+00 -1.915238432156606407e+01 -1.492530516708600352e+01 -1.076505900953737971e+01 -1.421873313449260579e+01 -1.914991502919947308e+01 -1.899383042744321415e+01 -1.447647628096268235e+01 -1.421451355385080895e+01 -1.423234457580910117e+01 -1.336898138457282315e+01 -1.167182543648580051e+01 -1.919999854801066874e+01 -4.769840817628611340e+00 -1.410879139202182841e+01 -1.594646624685445779e+01 -1.894295836980418457e+01 -1.895945010805928632e+01 -1.917038068962996888e+01 -1.397810302302873886e+01 -1.911785930916195397e+01 -1.418760870577851030e+01 -1.452006000156566756e+01 -1.370102315467200960e+01 -1.394839510502782431e+01 -1.387846363038788766e+01 -1.923842591036435579e+01 -1.345267250186083707e+01 -1.916791837311867397e+01 -1.597589060655757009e+01 -2.561997217684988115e+01 -1.358178442179723078e+01 -2.116967987686220809e+01 -1.699340472851777051e+01 -2.825001242211011032e+01 -2.149685345819822047e+01 -1.918274679877626099e+01 -2.138993466459673698e+01 -1.968228557786265398e+01 -1.589223222334423191e+01 -1.825021866087893585e+01 -1.542021224040346539e+01 -1.538621134499102183e+01 -2.009247759181927506e+01 -1.517367260030042964e+01
-1.738669645411950526e+01 -1.523514873657610025e+01 -1.325383121047692292e+01 -8.869175321118671462e+00 -1.263212970498936549e+01 -9.189862002130910312e+00 -1.494213157594024821e+01 -8.983218980212335225e+00 -1.370552604571073729e+01 -1.180129093191051481e+01 -4.586389100984157530e+00 -4.120082209762911951e+00 -3.431721369735107885e+01 -4.706303423149969412e+00 -1.260563644041667253e+01 -1.804359529360873893e+01 -1.718224200260989676e+01 -1.408461184167707536e+01 -1.266456643441193819e+01 -1.367048560052371364e+01 -1.126626358818035101e+01 -1.504092524959073884e+01 -4.964309487190226022e+00 -2.334661479604094581e+01 -1.233046128842272715e+01 -1.203630984043907581e+01 -1.067738777299719288e+01 -1.540271515396716140e+01 -3.890780928762324287e+00 -7.146748961232579234e+01 -1.406913852068285031e+01 -1.829514968512769002e+01 -1.369604306749493894e+01 -8.852020488465301540e+00 -1.641087284355357312e+01 -1.249609161315996175e+01 -1.427725867912311841e+01 -1.946652391741585220e+01 -1.399241691151923384e+01 -1.295021399497099068e+01 -1.137297895435013118e+01 -1.014439182556539443e+01 -1.436319891267860349e+01 -1.738047359300930594e+01 -1.234821778183848728e+01 -1.380607946124398921e+01 -1.367709657214553509e+01 -1.512977074789214171e+01 -1.362479158828773329e+01 -1.268007429503306405e+01 -1.283250253129575036e+01 -1.806466430271470713e+01 -4.885944709710490486e+01 -4.391745690748214415e+00 -4.807233823025743646e+00 -2.335028780134578597e+01 -9.152606004538057505e+00 -7.595648651575031884e+00 -3.428341292026725107e+00 -2.871404461155428134e+00 -3.531526466934788111e+00 -2.150982916079064466e+01 -1.626054355017626918e+01 -6.246902218196738410e+00 -1.442485715328360030e+01 -9.020215783798089859e+00 -1.191160872347589361e+01 -1.171589398974097662e+01 -1.330835655918461846e+01 -4.178960914150635197e+00 -1.106532661277324259e+01 -1.304764302270995380e+01 -1.567805103286865887e+01 -2.136295682657084072e+01 -1.601487022042574537e+01 -2.131465436417152759e+01 -1.160474608074748559e+01 -2.150404518862530523e+01 -1.321309740149943046e+01 -1.643501323932318314e+01 -5.493349009519828741e+00 -2.135891539860128319e+01 -2.034068057426386389e+01 -2.143558063828482219e+01 -1.432028503860922264e+01 -1.124854481966045405e+01 -2.307318935281054806e+01 -2.262612625361705554e+01 -1.556597624933704971e+01 -1.573668055839099722e+01 -1.385272178830344458e+01 -2.339595728995189461e+01 -1.618706754728015795e+01 -2.340317691816969514e+01 -2.172075672302998228e+01 -2.152422988194687292e+01 -1.268242962840818500e+01 -1.453931121058843878e+01 -1.128212598176837389e+01 -1.806192692464786731e+01
-5.572129283098196773e+00 -1.206842694579625608e+01 -1.188878103034801192e+01 -1.212797249613852379e+01 -8.761810589439567920e+00 -1.368515366771945629e+01 -1.320090531718635241e+01 -1.174298928550608068e+01 -1.369563535526312137e+01 -9.874451730490225287e+00 -1.937711377048149686e+01 -2.181372935708117566e+01 -1.329469280999482805e+01 -1.847418366465460693e+01 -1.332784298252438049e+01 -1.384394174697270685e+01 -9.944286666844922351e+00 -3.472264438146305476e+00 -1.703787271580588225e+01 -1.420145954220098261e+01 -1.559814515707797433e+01 -1.770835192120424395e+01 -2.204913935322984742e+01 -2.119916093146160918e+01 -1.885435790120809685e+01 -1.535757067941352183e+01 -1.001242066955395771e+01 -1.302040310304406390e+01 -1.369772694624112219e+01 -1.152982432498914811e+01 -1.364932340411785816e+01 -1.622334547691069417e+01 -2.272239180884431775e+01 -1.933006465945397778e+01 -1.437836884380205049e+01 -1.378823319041870299e+01 -1.460695291520876715e+01 -1.512889503331361496e+01 -2.956338655109112423e+00 -1.498675691432435109e+01 -1.905186778076635434e+01 -1.565630275091104195e+01 -1.518217942180473834e+01 -1.792849255511338669e+01 -1.062447676214728176e+01 -1.306906855265164857e+01 -1.360949985001066764e+01 -1.221700010240283873e+01 -1.292375959310970579e+01 -2.956941276081311187e+00 -2.233446779293469575e+01 -2.233776030335871710e+01 -2.233436670640069721e+01 -2.265332840426518146e+01 -2.310848230197376552e+01 -1.889309849267539221e+01 -1.498913679695901635e+01 -1.531431073811017107e+01 -2.283533966566529827e+01 -1.889309849267539221e+01 -1.446367363075200352e+01 -2.283533966566529827e+01 -1.606321645074498861e+01 -2.310848230197376552e+01 -1.498913679695901635e+01 -2.311696196790634517e+01 -2.403081414705559382e+01 -9.231973431699874055e+00 -1.733249435687174866e+01 -1.750285572328922612e+01 -1.501369453276947752e+01 -1.889309849267539221e+01 -1.791200130555706238e+01 -1.529829627571885098e+01 -1.523367787117215322e+01 -2.261350874754923268e+01 -1.844224097616571001e+01 -2.247838801123546659e+01 -1.504793169244749151e+01 -1.648825129270493051e+01 -1.371191395625254650e+01 -2.344694975191518793e+01 -2.283533966566529827e+01 -1.521141950996734771e+01 -1.984667596724670346e+01 -2.197688508616138847e+01 -1.409343560457229216e+01 -2.310848230197376552e+01 -2.310848230197376552e+01 -1.511661415445395562e+01 -1.515881644300809405e+01 -2.283533966566529827e+01 -1.889309849267539221e+01 -2.310848230197376552e+01 -2.310848230197376552e+01 -1.529829627571885098e+01 -1.934373975268802681e+01 -2.311696196790634517e+01 -2.310848230197376552e+01 -1.544138078919183599e+01
-1.352259564168446992e+01 -1.365038942870675243e+01 -1.443453154957997420e+01 -4.643654014608973313e+00 -1.552716581005087626e+01 -1.366380925429096749e+01 -8.699767708644948527e+00 -1.359771113870580628e+01 -4.305799335979981102e+00 -1.187886964621151087e+01 -1.815391438399057833e+01 -1.993160532830607323e+01 -1.953110901256908605e+01 -1.644653292083978045e+02 -1.579845232545502576e+01 -1.507912912289762808e+01 -1.135298021363197307e+01 -1.529833969143807870e+01 -1.400704677956377253e+01 -3.054068321540124309e+00 -8.462600467290974038e+00 -1.282641654533980891e+01 -1.129846218047840090e+01 -1.410832169491438393e+01 -1.465152611967836371e+01 -1.871411387902824686e+01 -9.422960422437890671e+00 -1.610919599685283288e+01 -9.200904325015978102e+00 -1.089998515192401563e+01 -1.278458321315184598e+01 -1.969431552830020848e+01 -1.739202602800352793e+01 -1.134576206133082366e+01 -1.385897267445721148e+01 -1.523998725151810696e+01 -1.371091766929668943e+01 -1.337265987622640750e+01 -1.204136252889512271e+01 -1.565881645104758313e+01 -1.345116883757433257e+01 -1.838854357157920205e+01 -1.349997548382677692e+01 -1.236072659881324753e+01 -1.602630499519088758e+01 -1.817510568850106623e+01 -1.794299044588399283e+01 -1.040261768241888873e+01 -1.228625081864933932e+01 -1.429150162500476462e+01 -8.847873163375899352e+00 -1.835942148907399485e+01 -1.609540719898791039e+01 -2.237248630030561003e+01 -2.412961888380672804e+01 -1.454320523895086481e+01 -2.337041151436439534e+01 -2.414841578254450027e+01 -2.420551992073092862e+01 -2.429109017546115368e+01 -1.361709064150516291e+01 -2.436191429966519451e+01 -1.918790942344911343e+01 -2.460980940660452987e+01 -2.254424947055394313e+01 -1.815770999264028518e+01 -2.334783216887547397e+01 -1.382132932190150676e+01 -1.403091751067645454e+01 -1.543883791633030356e+01 -2.270466792553059676e+01 -2.441728841966524755e+01 -2.303458605336297182e+01 -1.701815439271937080e+01 -2.351079306997213791e+01 -9.970530068226626241e+00 -2.229541456374373354e+01 -1.314137084949733136e+01 -1.262579146219653659e+01 -1.607246364268756977e+01 -2.135928592369851131e+01 -2.336370091144610228e+01 -1.831546251517377044e+01 -1.611106533969394405e+01 -2.236522421033935970e+01 -1.270300393908936165e+01 -1.681688733179252893e+01 -1.844047764710989057e+01 -2.918709907160880856e+00 -1.296846041963745222e+01 -1.375240728104014387e+01 -2.331655597397347179e+01 -2.341230422309464743e+01 -3.041863327157681951e+01 -1.170686618129190215e+01 -1.185979151000562659e+01 -1.795138601919260424e+01 -1.814333806301058161e+01 -1.437514796518485305e+01 -2.822446712776733335e+01
-1.229576865970260435e+01 -4.237578981833425296e+00 -1.084325673789429700e+01 -1.923829467418935835e+01 -3.755515998131427668e+00 -1.274598278959620679e+01 -1.470569722039339489e+01 -4.060858612749473018e+00 -3.040129826760199716e+00 -1.407650061117177032e+01 -1.348792153993084852e+01 -1.789866406498902052e+01 -1.223236085637282322e+01 -1.832220412653066433e+01 -8.902093962393774262e+00 -1.354998734339672772e+01 -8.821289129681533225e+00 -1.436161847974536876e+01 -1.787752421531142843e+01 -1.510217754143690705e+01 -1.523092616852570380e+01 -2.238024559148961146e+01 -1.458663519173039447e+01 -1.377184936557769745e+01 -1.777308637937705882e+01 -1.257740311796629484e+01 -1.531336523982588282e+01 -1.345806222498824489e+01 -2.160488806099992942e+01 -2.718770843945630489e+01 -2.292036556038495476e+01 -2.279208567791110696e+01 -1.641291564457563013e+01 -1.610519898585678078e+01 -1.736318201408413842e+01 -1.684874108208205357e+01 -1.005101246575198637e+01 -1.436588897528922715e+01 -1.201946125818736810e+01 -1.489666808703063339e+01 -1.474688384024631205e+01 -2.354430156280637476e+01 -2.002560635987479998e+01 -2.284147096948206013e+01 -2.318772964877657117e+01 -1.912827387240060517e+01 -1.190582444404920714e+01 -5.650474142893855856e+00 -2.001014550271012382e+01 -1.184760317953147180e+01 -1.122355246484056401e+01 -2.228262754241869459e+01 -1.518252504120890656e+01 -2.175240615509772368e+01 -1.642579284149745789e+01 -1.379686828614166849e+01 -1.173284835222223954e+01 -2.346530032955470091e+01 -1.517809855830561538e+01 -9.486826598627269291e+00 -1.097900702754003710e+01 -2.316237226353824141e+01 -1.871016271463014036e+01 -2.361861010037019426e+01 -1.233617396621647089e+01 -1.542685269672451120e+01 -2.398392722923845000e+01 -1.344136825826930348e+01 -1.289124553636808557e+01 -1.221624199436520186e+01 -3.368111758429830349e+00 -2.258846013542911990e+01 -1.573084307581593855e+01 -2.304644255784828388e+01 -2.274055720000410119e+01 -1.217724743111723740e+01 -1.402790891138968199e+01 -1.578830746811336461e+01 -1.814807231656111242e+01 -8.811738801188749193e+00 -1.127997675176898795e+01 -2.244283688913834141e+01 -3.240360872195802955e+01 -1.173701688333590099e+01 -2.905825071464258258e+01 -1.532174759201981828e+01 -2.177843037430036688e+01 -1.093419023334518592e+01 -1.932835594088306053e+01 -3.950052014848436155e+00 -1.616434936930490807e+01 -2.185497986642576151e+01 -2.169741021846144235e+01 -2.513360304438696602e+01 -2.022557072327769134e+01 -1.273088378938121856e+01 -1.166350311589355115e+01 -1.608641541735866909e+01 -1.204416179319248847e+01 -1.490089934667797245e+01
-1.543134797964859928e+01 -7.085867472283823965e+00 -3.554509817520542292e+00 -1.128628756612180517e+01 -4.905783212305897756e+00 -1.413478203317085224e+01 -1.607705032201122464e+01 -1.726742738456898252e+01 -2.346524964233065447e+01 -4.988268070014131084e+00 -2.113838824942785166e+01 -2.093191738307331917e+01 -1.473366777010607187e+01 -1.784744623387272355e+01 -1.917492834030742443e+01 -1.265710378590483742e+01 -1.433933985278056689e+01 -1.329844006456436745e+01 -2.299430311015830242e+01 -7.983396244049945523e+00 -1.396414949881549106e+01 -2.298925784610013778e+01 -1.582251139314343824e+01 -1.470637069637859184e+01 -1.390828566266397637e+01 -1.373563674957661007e+01 -2.213729566400388293e+01 -1.430905283516831972e+01 -1.391358254628861069e+01 -1.557739677052440719e+01 -1.190816338138317398e+01 -2.190191496900136769e+01 -1.845021514053805589e+01 -1.440076825693682139e+01 -1.709185552474703584e+01 -1.276743922637960438e+01 -2.463390374519627102e+01 -1.720451603081679082e+01 -2.341830903829225008e+01 -1.383977748180016221e+01 -1.352805420415212012e+01 -1.855428570548952649e+01 -1.532338646674056015e+01 -1.236448757506459017e+01 -2.392404492803989768e+01 -1.444596696697594673e+01 -1.401167544959236722e+01 -1.455416935492497466e+01 -1.474488273573964925e+01 -1.427188929153712316e+01 -5.365184083414248128e+00 -2.301574933112770083e+01 -2.520181708172787438e+01 -1.947835460852293821e+01 -1.384318721191754697e+01 -1.748316667868045471e+01 -1.185703212306872700e+01 -2.204776518299790311e+01 -1.437832791802951249e+01 -1.162257143118529434e+01 -1.854924554985093721e+01 -2.469005553449307300e+01 -1.631994733890214633e+01 -1.969439914252070523e+01 -1.592164096428249209e+01 -1.391785980888663410e+01 -2.033917576147349848e+01 -2.255827166830577468e+01 -1.352905886253618206e+01 -1.632845380838199034e+01 -1.944812661678346899e+01 -2.336507871413171245e+01 -2.323527283809481858e+01 -2.299923250375104189e+01 -2.009247759181927506e+01 -2.565812471618762558e+01 -1.375574275114924738e+01 -1.922620852542383929e+01 -2.315837066432003510e+01 -1.643391709078061069e+01 -1.573767509543009346e+01 -2.239885289719148886e+01 -1.538302390993806235e+01 -2.497222921717532174e+01 -2.092255998530250949e+01 -2.574607566654008650e+01 -1.583115720595533737e+01 -2.182527872188265761e+01 -1.602564814012305661e+01 -1.685108878136936994e+01 -1.147691334593774926e+01 -2.565593325162429039e+01 -1.840768653083314987e+01 -2.388303246656219514e+01 -2.436155534946639989e+01 -2.403337165957316302e+01 -2.206715286562851475e+01 -1.213316049088319026e+01 -2.578305182760260905e+01 -2.526705380471291917e+01
-1.369499557230784248e+01 -1.418608513643338220e+01 -8.628843977252866893e+00 -3.751951866324921170e+00 -2.065116347819925480e+00 -9.150094629072111019e+00 -1.160376669089487933e+01 -1.347690084941983102e+01 -1.323016102273014560e+01 -7.609372988391175596e+00 -1.754949627658318079e+01 -1.136774055324941557e+01 -1.005413770036589405e+01 -1.736168066205877736e+01 -1.736168066205877736e+01 -1.129405668949240216e+01 -1.170124402129711605e+01 -1.197477909402087448e+01 -1.878991572352176931e+01 -1.479005656414340386e+01 -1.307509785033731653e+01 -1.890013596465889734e+01 -1.344538675843661935e+01 -1.401947186411915069e+01 -1.030984321943171267e+01 -1.347513210662714123e+01 -1.876670265995876008e+01 -1.370786749649222358e+01 -1.361809598439607782e+01 -2.154045795847433276e+00 -1.258204997263952407e+01 -1.854871219016058959e+01 -1.532571173731406233e+01 -1.377229433587053009e+01 -1.312904300236374056e+01 -1.339731305677119799e+01 -1.276069625475795100e+01 -1.886977852367906294e+01 -1.460998806564337471e+01 -8.980339589128192301e+00 -1.372883619846510683e+01 -1.869531418619720142e+01 -1.556377039922046457e+01 -1.626080625192176399e+01 -1.371129436968386983e+01 -2.157765659906978684e+01 -1.912677544949890773e+01 -1.528688269920542986e+01 -1.978324452852703530e+01 -1.342267797661371453e+01 -2.201004625790855584e+01 -2.226413748600678844e+01 -1.946634317010919091e+01 -1.413230776569898772e+01 -2.162048358732097242e+01 -1.878724901658783253e+01 -1.607275579426330836e+01 -1.951745021367833743e+01 -1.662451166576901684e+01 -1.379745861816804364e+01 -8.771954275204887352e+00 -1.949932227200933710e+01 -1.574572181777089597e+01 -1.616815819574196667e+01 -1.245704541588456138e+01 -1.186854219638100716e+01 -1.709383563759162783e+01 -1.638825100165746562e+01 -5.886046742825294942e+00 -1.419630128873470198e+01 -1.790095991019116894e+01 -2.439803779924034544e+01 -2.092114027265828824e+01 -2.341752832678369955e+01 -2.059932984966098601e+01 -2.119837407151040054e+01 -2.174564039267898252e+01 -2.173934536938413942e+01 -1.976084659728227066e+01 -1.383639986018378742e+01 -1.898932837228467108e+01 -2.215880890343070320e+01 -2.006054316137901949e+01 -1.143855753052573654e+01 -4.831094070690797437e+00 -1.754145127951815653e+01 -3.225529160753991675e+01 -1.566420520617871759e+01 -1.837260200277369293e+01 -1.085616223757461540e+01 -1.869919918891620902e+00 -1.265668666921180296e+01 -1.563135657706888715e+01 -2.185019518520623549e+01 -2.157427787185952184e+01 -2.124544470751461134e+01 -1.945432250803981589e+01 -1.598203374655453146e+01 -1.790500689748575169e+01 -8.360821332258197458e+00
-1.029508061240673555e+01 -1.193654145847130010e+01 -1.378668592021187322e+01 -1.246846415304288591e+01 -1.333714660280147335e+01 -1.368574324497812711e+01 -1.131298435999379493e+01 -1.215819968317336119e+01 -1.855730658503949471e+01 -1.358383507901728215e+01 -9.387886761392817192e+00 -1.246478065124522949e+01 -9.147137689563693996e+00 -6.208789533635914459e+00 -6.246652811459492582e+00 -1.368691009975316142e+01 -1.296676159914099102e+01 -1.842400830820194102e+01 -1.388014715407035027e+01 -1.295466123767043598e+01 -2.020613937126378090e+01 -2.020613937126378090e+01 -1.222944680849942500e+01 -2.134761589482090471e+01 -1.178839435893030796e+01 -1.104678439496204412e+01 -9.778819625603698995e+00 -1.753397761506879959e+01 -1.739330675085997768e+01 -1.025490296622080244e+01 -1.110364610689225984e+01 -1.896262524837822738e+01 -2.316446283278889950e+01 -1.397182071059517305e+01 -1.305558948524227425e+01 -2.277110726636621507e+01 -1.839615193499243517e+01 -1.215465709057170862e+01 -1.184047447540668863e+01 -1.432221511411199444e+01 -2.134287466968822500e+01 -2.138107442787969603e+01 -2.137487350272899533e+01 -1.213393173583768814e+01 -1.245747709047087426e+01 -1.208785867985686302e+01 -1.732002367259929088e+01 -1.258705988460621761e+01 -1.200331941559613469e+01 -2.330093748251882957e+01 -1.190812168606128019e+01 -2.327666739708505617e+01 -2.309013080643519444e+01 -1.661768577652993883e+01 -1.322472962362948401e+01 -1.452973100630399728e+01 -2.208384733422727209e+01 -1.392915146725097131e+01 -1.182217310434100277e+01 -1.366959114093892147e+01 -1.148543430499708506e+01 -1.525996478537512679e+01 -1.615347000246173792e+01 -2.606460501580785305e+01 -4.518983557469946533e+01 -1.851340630673416143e+01 -1.409586229294313142e+01 -2.054403835304402648e+01 -1.411533453168216745e+01 -1.518715207541908363e+01 -1.195360894789618555e+01 -2.171018092814182054e+01 -2.712383021762025948e+01 -1.494927813897586155e+01 -1.348368550892325324e+01 -1.690235322103371018e+01 -1.177227160090077973e+01 -4.244312364470939514e+00 -1.245206326726933455e+01 -1.997016154208084160e+01 -1.822370668868700960e+01 -9.111294968772662983e+00 -1.802426754975451573e+01 -1.730811115594899974e+01 -1.426757407610854678e+01 -1.011599617681016028e+01 -1.998103208263624353e+01 -1.304454836270396179e+01 -1.437855763204381709e+01 -1.839067167225857347e+01 -1.273395295457130771e+01 -1.545832243004619144e+01 -2.707439959247350458e+01 -1.758063194792542205e+01 -2.038732437292512500e+01 -1.759958753198380776e+01 -1.064956275263162944e+01 -1.557873223151982778e+01 -1.540386300677521980e+01 -2.146437583941826333e+01
-1.429813305567422965e+01 -2.403710141667190925e+01 -5.119572631037327959e+00 -2.098350248460376655e+00 -1.160515066888040003e+01 -3.971124604210917397e+00 -1.544071063774064356e+01 -1.498887179401939207e+01 -1.714215028009105168e+01 -1.248684649560148507e+01 -1.251821146286311581e+01 -2.532047549150444254e+01 -9.483316968783544354e+00 -2.356745862653000856e+01 -4.571533114724931401e+00 -1.275206184915034591e+01 -1.306787314774588182e+01 -1.799118699204946381e+01 -1.500853084927056003e+01 -1.383852515759304680e+01 -2.554099499368802206e+00 -2.347244531016524860e+01 -1.359314525066244173e+01 -2.247905371946210451e+01 -1.967878163364147426e+01 -1.407019545160303586e+01 -1.339359005276187631e+01 -1.664902230887324208e+01 -1.428998132074450744e+01 -1.608189448070204008e+01 -2.468559624688657195e+01 -2.171172364014351430e+01 -1.210612007246988142e+01 -1.092531818162879631e+01 -1.226383101027134792e+01 -8.176397717775689244e+00 -1.418759610136551785e+01 -1.078820620332423985e+01 -1.054174583769245466e+01 -1.355529488395889892e+01 -2.323969496240557575e+01 -5.504853797357467826e+00 -2.448051273692984253e+01 -2.454810363293296049e+01 -1.743050910584252122e+01 -1.441755702062141431e+01 -1.857460556327385959e+01 -1.816324376397897922e+01 -1.365579814923285618e+01 -7.969068052974312977e+00 -1.346332258258765968e+01 -2.429485058393993668e+01 -2.153223551097081057e+01 -1.899456422929402066e+01 -1.889014061900954644e+01 -1.498961092723325983e+01 -1.392585124591019863e+01 -2.272634389025937196e+01 -1.461388021694171968e+01 -1.382368171072627838e+01 -1.421825324066901075e+01 -2.587238658273654934e+01 -2.005918418406776738e+01 -2.534291419434446624e+01 -1.076792603469552212e+01 -2.611462683370330495e+01 -2.105413781966331754e+01 -1.604988083899023366e+01 -1.317644192640343448e+01 -2.267316031332138948e+01 -1.504050047204807861e+01 -2.429129497231584978e+01 -2.510615383805406609e+01 -1.679435037456540769e+01 -2.114450769302992583e+01 -1.569234962575557191e+01 -1.122738833461444052e+01 -1.696550902209406075e+01 -2.653051126403459037e+01 -1.089735677513020029e+01 -2.224345366759350284e+01 -1.845255885237910221e+01 -2.434498248751821592e+01 -2.273095191700001649e+01 -1.394952232982253548e+01 -1.942209418260744869e+01 -2.606542726766132034e+01 -1.631537844774835833e+01 -1.595756199214974025e+01 -2.116653686589311079e+01 -2.994492193073418740e+00 -1.711781284075031095e+01 -2.459457306280580013e+01 -2.485731720941821621e+01 -2.305934075474849365e+01 -1.548714391294890191e+01 -1.903026672131282382e+01 -1.387888329112103314e+01 -1.259934797255968064e+01 -1.895785694593521953e+01
-1.870591663037868457e+01 -5.079392177506103501e+00 -1.365728335612418753e+01 -2.177552338738361470e+01 -1.086951439348832338e+01 -1.213755925032781668e+01 -5.627650172589985011e+00 -2.249521375039669735e+01 -4.759920896241923494e+00 -7.323272697927635022e+00 -1.394034608003662257e+01 -1.386859126703137868e+01 -1.391028653034475582e+01 -7.069479853942672420e+00 -1.538007825562432274e+01 -1.339532428633117966e+01 -1.684589419923309350e+01 -1.901137596770492877e+01 -1.805630753162125757e+01 -1.490875093696463338e+01 -1.107542449843995769e+01 -1.580203766008907529e+01 -2.182786426805335722e+01 -2.211531612875171504e+01 -1.352421201307504894e+01 -2.127655177632956196e+01 -1.458867299878087387e+01 -1.093419163925288018e+01 -1.183200088125108351e+01 -1.316473523167680071e+01 -2.519730566922447323e+01 -2.288554991721139942e+01 -2.291070855867502587e+01 -2.488997569209478300e+01 -2.153923651903009784e+01 -2.181977169155693375e+01 -1.545064485599423953e+01 -7.383004817829921684e+00 -1.550762387455762159e+01 -1.763885687358847321e+01 -1.458702840702962433e+01 -1.526557227622642188e+01 -5.565013117325828595e+00 -1.324996093305185774e+01 -1.228788645063580454e+01 -1.392526980079631471e+01 -2.160219369484194019e+01 -1.201101592160898868e+01 -9.674860900522245899e+00 -1.605557709285035628e+01 -1.257121182858432462e+01 -2.181571791351387901e+01 -1.195691670520510996e+01 -1.705422369388636739e+01 -2.669884073222456422e+01 -2.140420470951811538e+01 -1.454141146897602788e+01 -1.599303428371167257e+01 -1.201732008233268445e+01 -1.520134986306462999e+01 -1.157731257603792763e+01 -2.131165520901286214e+01 -1.767451619199983170e+01 -1.571101057750601093e+01 -1.948520714598567238e+01 -1.770387533134511671e+01 -1.737686563144541907e+01 -1.236350522623233594e+01 -2.268049164315895183e+01 -1.475625428158393682e+01 -1.562352608398194320e+01 -2.255389006252928752e+01 -2.546005209865890606e+01 -2.662442224766664012e+01 -2.432338911361859246e+01 -2.413669123031570507e+01 -1.182079684737926684e+01 -3.684345533845729825e+00 -1.960564985538170291e+01 -1.684617229764019797e+01 -1.145340253193725211e+01 -1.801027426799249653e+01 -2.460845099514460443e+01 -2.695859126138040551e+01 -2.371176449091214167e+01 -1.174998656454888390e+01 -1.329362648168266858e+01 -1.026340275612160013e+01 -2.011704750454012469e+01 -1.257535287246612299e+01 -1.894106117330490591e+01 -2.003464719873083055e+01 -1.869610109293381939e+01 -2.660724873085542797e+01 -1.751603404699021027e+01 -1.860089382301675442e+01 -2.314656553947659390e+01 -1.278005115908035982e+01 -1.268686098077081326e+01 -2.276795538028157040e+01
-1.138440526061648050e+01 -1.262661553866947983e+01 -1.891718549372762226e+01 -1.347391349632002822e+01 -6.083440554522657528e+00 -1.401905351619698159e+01 -8.546705317656627443e+00 -1.707545586521301217e+01 -1.528756758047147635e+01 -4.181488818640533900e+00 -1.396355047202010624e+01 -1.175278379891806679e+01 -1.167230676407022649e+01 -1.121898757367793564e+01 -9.145651023231101462e+00 -1.160741979242686206e+01 -1.837915998832728448e+01 -1.890900078129367401e+01 -1.838927052149866270e+01 -1.354868261182606304e+01 -1.257676581708766150e+01 -1.838927052149866270e+01 -1.349623025111474917e+01 -1.846614284739217027e+01 -1.381039948549916119e+01 -1.351317573991136989e+01 -1.380076839525346344e+01 -1.266099820699242962e+01 -1.396985312743375474e+01 -1.129698114681750631e+01 -1.562013590421224229e+01 -1.820233029072092990e+01 -1.088121779737502237e+01 -1.313378905624246862e+01 -1.810836489163695973e+01 -1.355133313729466060e+01 -1.348481930644384263e+01 -1.282736700470617919e+01 -1.360302009026218784e+01 -1.555463696054635925e+01 -1.587140759270913470e+01 -1.838839712519786218e+01 -1.845300266462601257e+01 -1.283189450061370884e+01 -1.548846737758233516e+01 -1.392086473941186497e+01 -1.316494776494526775e+01 -2.254020080323745390e+01 -9.176795161373712872e+00 -2.217122949583724534e+01 -1.358770356441861793e+01 -2.244326768197219479e+01 -2.086974947174807937e+01 -2.136266044049730795e+01 -1.779509860685409706e+01 -1.489652696527170406e+01 -2.140506592842481481e+01 -1.557356329231398639e+01 -2.079910626100353710e+01 -1.829624003513323416e+01 -1.128050748468384334e+01 -1.960005798498248453e+01 -1.701499001938753253e+01 -1.676553740360491318e+01 -1.952408753994882673e+01 -1.481600113792500473e+01 -1.617930009705709082e+01 -1.588517711596288962e+01 -1.100796303632485973e+01 -5.951473710032322728e+00 -1.639200244083035685e+01 -2.126534653926757201e+01 -1.436730853608398917e+01 -1.884690417493226278e+01 -1.588815260034750665e+01 -1.753182029845617151e+01 -1.586556097378729824e+01 -1.880468153369358930e+01 -1.377315758846449434e+01 -1.066826840294983469e+01 -1.250026785113069039e+01 -1.797108453222596225e+01 -1.644369050087171402e+01 -1.795337475808080541e+01 -1.346818607522783218e+01 -4.313286820932696664e+00 -2.466525242306696342e+01 -2.394098105620959416e+01 -2.500954145812178808e+01 -1.873750255283606592e+01 -2.215444603602191265e+01 -2.237195156508924399e+01 -2.235356242036703378e+01 -2.171376370727320904e+01 -2.197882706020146770e+01 -2.217138909217244347e+01 -1.382833544026361672e+01 -2.216774828708345524e+01 -2.205587777168901198e+01 -1.519099212377323127e+01
-1.111641618633295003e+01 -3.593404026521204386e+00 -1.733736264082685707e+01 -7.681604262967176133e+00 -2.604347787436549932e+00 -7.528597887858285098e+00 -7.790726750358208719e+00 -1.364873860982359943e+01 -1.354790310301172163e+01 -3.632852708549437981e+00 -1.769829118097820597e+01 -2.212185504606811293e+01 -1.334234846139936614e+01 -1.333382382226718299e+01 -1.380282946169657521e+01 -1.924315424809791253e+01 -1.412024374874111388e+01 -1.337257735310451956e+01 -1.387479797239412704e+01 -8.207719240295494600e+00 -1.167707583232768087e+01 -2.262748268154122400e+01 -2.273938959188939890e+01 -1.317159636371092191e+01 -1.431829578297918104e+01 -1.425800149496843439e+01 -1.209415444584696608e+01 -1.097042499035367236e+01 -1.386165608334821542e+01 -8.563246784529194855e+00 -1.610454091177741276e+01 -2.212185504606811293e+01 -2.212185504606811293e+01 -1.387682803368039330e+01 -1.309979390542404865e+01 -1.882932092908915678e+01 -1.471099165335760439e+01 -5.615916650822115663e+00 -2.132049808737918895e+01 -1.369161465712546288e+01 -1.367614854410716596e+01 -2.212185504606811293e+01 -2.212185504606811293e+01 -1.481618434597161738e+01 -1.450140700344016942e+01 -2.212185504606811293e+01 -1.162627706879396960e+01 -1.452477763929935684e+01 -1.186818836618476780e+01 -1.564543366948998759e+01 -2.156038431585090720e+01 -2.212185504606811293e+01 -1.386073935717955763e+01 -2.213992317857524128e+01 -1.777730166725298133e+01 -1.532134691651835290e+01 -1.573620391161511733e+01 -1.383544400749716452e+01 -5.062928060385447182e+00 -2.997803096902074582e+00 -1.529147370811385187e+01 -2.212185504606811293e+01 -2.212185504606811293e+01 -1.303651161496871858e+01 -2.172172971165497302e+01 -1.480895889257065612e+01 -1.492790269005335979e+01 -1.203394297996591433e+01 -4.205913872908896067e+00 -1.034884404871874786e+01 -1.777730166725298133e+01 -2.212185504606811293e+01 -1.400262958061656704e+01 -2.161429924067098085e+01 -1.561177431085576117e+01 -1.373599106471236908e+01 -1.766524291604273245e+01 -1.442964793159301529e+01 -1.401059104428367341e+01 -2.302787432857298100e+01 -1.625652624850423322e+01 -2.321261121235239600e+01 -2.299752016174578628e+01 -2.285236096191693633e+01 -2.282448306853656561e+01 -1.478263457705295991e+01 -1.855951272235692073e+01 -1.681371900031466282e+01 -1.442819402895742797e+01 -1.454187681705913882e+01 -2.337840516602760488e+01 -2.252025769633412722e+01 -2.337660110619900777e+01 -1.461289179951104167e+01 -2.317262395030310174e+01 -1.560960965052518290e+01 -1.916261309847908478e+01 -2.170791063433180312e+01 -1.521264238175512418e+01 -1.679415554477933981e+01
-1.335539576142496365e+01 -1.417831384347518231e+01 -1.331547385113851512e+01 -3.380665915193707516e+00 -1.377060141620790468e+01 -2.794511170885977780e+00 -1.533621067693872497e+01 -1.241567463174512831e+01 -1.309891832423318014e+01 -4.015433408393917603e+00 -2.310848230197376552e+01 -2.310848230197376552e+01 -1.986176405964598146e+01 -2.259683643547776200e+01 -1.470465637454321062e+01 -1.108624113201450889e+01 -1.324562658564604867e+01 -1.429430269904740136e+01 -1.372275596382860741e+01 -1.399092414821684827e+01 -4.057591767678977135e+01 -7.996642046715963126e+00 -5.445934440512809616e+00 -6.264426110529468517e+00 -8.606212852172582473e+00 -4.112663000515265566e+00 -1.599875425625014991e+01 -2.281225986432174579e+01 -1.343246742270728866e+01 -1.839415770192743693e+01 -1.335092860159787875e+01 -1.848911081190322037e+01 -2.283091648083679104e+01 -1.498961092723325983e+01 -1.533025133167412690e+01 -1.425941397359534513e+01 -1.668054877666674685e+01 -3.162469980316868767e+00 -1.815309999885072045e+01 -1.793431014628011155e+01 -1.370730875929840487e+01 -2.279992299955937440e+01 -1.855133815089554261e+01 -1.539284695748177434e+01 -2.347486801421157310e+01 -1.579255511398354983e+01 -1.388635173290703229e+01 -1.353333235545258795e+01 -1.509458588767742349e+01 -1.823422064136285670e+01 -1.174142724992554498e+01 -2.200889762185742882e+01 -1.885292119819276024e+01 -1.618394765870072760e+01 -1.618568158161198411e+01 -2.320437231108034126e+01 -1.113324475945310255e+01 -1.582588696687072982e+01 -1.362786936109239200e+01 -1.585507773873189663e+01 -1.889258068504916821e+01 -2.288273017100670970e+01 -1.876670265995876008e+01 -1.757158472373198066e+01 -1.469429343191595905e+01 -1.650034513507434397e+01 -9.803910518964375598e+00 -2.283162645738812913e+01 -7.894658112029364183e+00 -6.245525527010030942e+00 -5.216059280576517132e+00 -5.133539935280619027e+00 -1.167091233768010383e+01 -2.629934627697540250e+01 -1.147751305420586831e+01 -1.392340491439554739e+01 -2.400783949093725766e+01 -2.478773846424986260e+01 -1.492006472514193405e+01 -2.524733589226088526e+01 -2.411695189275825157e+01 -2.397167553435460974e+01 -1.565048808504670674e+01 -2.175097661471125221e+01 -2.609633010202994541e+01 -1.921184366290529866e+01 -2.000643111157636156e+01 -1.882842571633446482e+01 -1.377774804310552526e+01 -1.597146348633896906e+01 -1.923667564051252299e+01 -2.048306545916528520e+01 -1.300530515106057727e+01 -1.920091805734621104e+01 -1.853919057113796143e+01 -1.839096935339781425e+01 -1.368724209547051807e+01 -2.023337960500040111e+01 -2.446900524128583498e+01 -2.396038724190731628e+01
-1.916524980207795892e+01 -7.559979604962649091e+00 -1.377590269454567995e+01 -1.501944139679380363e+01 -1.201732008233268445e+01 -3.557393017968084603e+00 -1.293122010183679471e+01 -4.511760008110815789e+01 -2.128030705141516599e+00 -1.332650316245746502e+01 -1.671969073088703439e+01 -1.586101115901927017e+01 -1.746549958667289459e+01 -1.017398833385483847e+01 -1.198148073949960768e+01 -1.076366103216161108e+01 -9.743959641333024280e+00 -1.153853886617579150e+01 -1.343141794171214798e+01 -1.500866728913025128e+01 -1.453484691335608048e+01 -1.738772401119467048e+01 -1.206393843871493132e+01 -1.567494833248431441e+01 -1.840909544830043032e+01 -1.272093790890723142e+01 -1.461599891336773105e+01 -1.440228925678904304e+01 -1.389992213157026590e+01 -1.589721997852434399e+01 -6.232225640351846785e+00 -1.738957206725817883e+01 -1.195400261888204696e+01 -1.294511791461852468e+01 -1.303243548623060732e+01 -1.755837673494566786e+01 -1.103441622864371752e+01 -5.241281768455187340e+00 -1.419329202715211480e+01 -1.135094108633705012e+01 -1.145664996664835655e+01 -1.726946413498933453e+01 -1.752977776244683028e+01 -1.197600257694938009e+01 -1.180430789692021953e+01 -1.407232002481111621e+01 -1.199294778910186388e+01 -1.003490484143179984e+01 -2.719485980742582854e+00 -1.615699710593973748e+01 -1.411989204401854003e+01 -1.753232983083424656e+01 -1.406435223050526950e+01 -1.749555826444776940e+01 -1.181099768741290745e+01 -3.247581755585292740e+01 -9.745260106029329350e+00 -1.543573550770555514e+01 -1.282681363778551642e+01 -1.346725197809743335e+01 -1.347291702899469001e+01 -2.664305515207616537e+01 -2.448513294963087361e+01 -2.491348153392744180e+01 -2.250323647133814831e+01 -2.536841723119975356e+01 -2.250073367547193470e+01 -1.208900912287002605e+01 -2.205691264639998650e+01 -1.135984069549704678e+01 -1.586689006841177019e+01 -2.251787318678243466e+01 -2.178905012844009192e+01 -1.073134468491585025e+01 -2.128049359988930433e+01 -1.011771774648545197e+01 -1.559555186573380681e+01 -1.170246287178004607e+01 -9.855597788723505559e+00 -2.141593062922159518e+01 -2.326488213265504967e+01 -2.010062887765323936e+01 -1.977153892252943024e+01 -1.093943484840845493e+01 -2.136341094040356126e+01 -1.804041184558493072e+01 -2.154887068350030077e+01 -1.478285041292021162e+01 -2.280663957412916787e+01 -1.844861643576641441e+01 -1.224110342544487651e+01 -2.294141917291323196e+01 -1.594800292232147143e+01 -1.365602692630339732e+01 -1.960108161108334812e+01 -2.265814129339635130e+01 -1.586888467510204137e+01 -2.189138943866105791e+01 -2.147717454734049625e+01 -2.102361805683412399e+01
-1.388356623645849908e+01 -6.770890264404094694e+00 -8.712264592748406145e+00 -7.923520120196821281e+00 -1.214900960414193420e+01 -1.619220753142999669e+01 -4.523860977224054558e+00 -4.706776466274791737e+00 -8.717091772162486762e+00 -1.484715825942923395e+01 -1.876191442846603152e+01 -2.507142185040397564e+01 -2.086530336660741369e+01 -1.037863818155451767e+01 -1.270905092079907206e+01 -2.572831761134832362e+01 -1.323916633747393057e+01 -1.394472148525628441e+01 -1.106845849185590680e+01 -1.714614137714773179e+01 -1.436779480800351294e+01 -2.525015730831073668e+01 -2.592096166091949172e+01 -1.826794086113080695e+01 -1.455066915689423368e+01 -1.892655773708141353e+01 -1.432221293075860125e+01 -1.620564090541359548e+01 -1.724853016806963524e+01 -1.298615825692628611e+01 -1.902086915662785316e+01 -2.345769888394280400e+01 -1.589359002540889598e+01 -1.420335991855564473e+01 -1.863911510318060394e+01 -1.101170976570686655e+01 -2.669711191456700661e+00 -1.091490025951953946e+01 -1.453578928714595975e+01 -1.883745476179955602e+01 -1.354112397433948622e+01 -2.578305182760260905e+01 -2.489301129102215882e+01 -1.776558102768498770e+01 -2.310086153577573143e+01 -1.528580084290597618e+01 -1.342916059583565769e+01 -1.929359983418311586e+01 -6.231258588582964109e+00 -1.037896409933991571e+01 -1.173139250935916600e+01 -2.105690851274244224e+01 -2.575034124786046874e+01 -2.195330378645074987e+01 -1.754288024812915836e+01 -1.206884401868724765e+01 -2.523053817134214682e+01 -1.531184766013775977e+01 -2.619192806706431398e+01 -1.739490107373646666e+01 -1.353812343784737671e+01 -2.536046477832775636e+01 -2.582403332243490723e+01 -2.464812528101424860e+01 -1.355802312291860368e+01 -2.193408391436092586e+01 -2.140484932500839577e+01 -1.043382997227443809e+01 -1.603996690715242934e+01 -1.531235375802419973e+01 -1.827127025661102167e+01 -2.541383275420675503e+01 -2.116728312675203227e+01 -2.283533966566529827e+01 -1.578882451400086850e+01 -1.619710691134505254e+01 -3.542075284259369283e+01 -2.389556793996670692e+01 -1.871106631155216604e+01 -1.388552714661711285e+01 -2.073105254156479305e+01 -2.510366022503768235e+01 -2.435057641677521545e+01 -2.277615628068566167e+01 -1.854279706141871031e+01 -1.953967611947686578e+01 -1.494294943962095701e+01 -1.830508852541955989e+01 -7.229350433667429243e+00 -4.693450225000701082e+00 -1.516423939194456594e+01 -2.627099240761842935e+01 -2.512599237990479040e+01 -2.622398303305768863e+01 -1.880501608331870145e+01 -2.134321058489900480e+01 -2.259179291225520103e+01 -1.216925770784914285e+01 -1.650707362501242770e+01 -1.079135234601476334e+01
-1.328285472085030428e+01 -1.346739150454945033e+01 -1.236803112482965084e+01 -1.073443831416759586e+01 -1.838056936118185192e+01 -1.434777040917359336e+01 -1.015062032954764604e+01 -2.887464811604264714e+00 -1.268147316246563250e+01 -1.255095234557990835e+01 -2.514993012150012586e+00 -1.600503928684766564e+01 -1.880094543009039754e+01 -1.854337032064138668e+01 -1.366005612653231083e+01 -1.102253218158142900e+01 -1.345640646932439211e+01 -1.880098324997659631e+01 -1.023309295409032593e+01 -1.683339228044925528e+00 -1.390905091207304167e+01 -1.881025888770427201e+01 -1.492294331890166603e+01 -1.388856199976606298e+01 -1.885705389462373205e+01 -1.414155392347618267e+01 -1.025691868580589983e+01 -1.462022453821900569e+01 -1.302392992238449310e+01 -1.482612408337016596e+01 -2.150286698137756858e+00 -1.880840646490884183e+01 -1.371129436968386983e+01 -1.412834555262081082e+01 -1.877510643198574414e+01 -1.408397122141342095e+01 -1.395084735623089323e+01 -1.375688444132971355e+01 -1.579687651811271465e+01 -1.400066264285807982e+01 -4.783261897851396327e+00 -1.881206989700019250e+01 -1.576781509996968467e+01 -2.603860636454477984e+01 -1.725839948619884012e+01 -1.967177094392369696e+01 -1.504702655957564161e+01 -1.375910305681648893e+01 -1.295230584312811395e+01 -2.041213244559391882e+01 -2.202664299543334536e+01 -1.951750512141645899e+01 -2.069320510276475389e+01 -2.484645377752311646e+01 -1.975270709441254269e+01 -1.987261784289452038e+01 -1.151679558566175565e+01 -1.114567819071315036e+01 -1.585003886999162859e+01 -1.538895887017095809e+01 -1.067434604623767669e+01 -1.498747974718695808e+01 -1.764170185975844873e+01 -1.345648063034799158e+01 -1.682148820244465881e+01 -1.757359947422977697e+01 -1.948037255978110238e+01 -8.806938165757889792e+00 -1.223342827645563169e+01 -1.660059601657157913e+01 -1.534601677706074163e+01 -1.783178770076050768e+01 -2.348657360103425518e+01 -2.179891085056012301e+01 -1.788540729563101550e+01 -1.710073447088067056e+01 -1.305305463692094747e+01 -1.666104490819285289e+01 -1.037371968009141554e+01 -4.540438424703248543e+00 -1.522608312755778570e+01 -1.951237168187235582e+01 -2.154246893554585895e+01 -1.832788856341925410e+01 -2.000924099671342304e+01 -2.052620464550631851e+01 -1.732479053216621878e+01 -1.779636969528179691e+01 -1.852575791239390668e+01 -1.222489417999970840e+01 -1.320774702558565039e+01 -2.058215683837874010e+01 -2.120228731786614063e+01 -2.201249278805487108e+01 -2.078262241684921818e+01 -1.999330193127232391e+01 -1.974877654706780916e+01 -1.992053975204165184e+01 -1.481156822295567466e+01 -1.461933227092779752e+01
-1.513842451642701192e+01 -1.394265000750093897e+01 -1.478120872019145438e+01 -4.494556028435642503e+00 -1.192494634904852369e+01 -1.409987329846575577e+01 -7.090217758554858030e+00 -1.341943113944249077e+01 -3.055802603679881102e+00 -1.412083755892438752e+01 -1.210402100391780600e+01 -1.191518072858651855e+01 -6.087227974310733813e+00 -1.013675566552689133e+01 -1.222658116384443261e+01 -6.057412927251856871e+00 -1.348502989172265742e+01 -1.181643245595195424e+01 -1.368062658672258536e+01 -1.333799328685145014e+01 -1.374629033284449342e+01 -1.410529190851049997e+01 -8.742855018917158105e+00 -1.659617654380749840e+01 -1.547483247913284998e+01 -9.890724169507636887e+00 -1.730650596588416334e+01 -9.665622729776657707e+00 -1.504039181457815566e+01 -1.735804275050294265e+01 -1.106554816973251398e+01 -1.227072755299144546e+01 -1.562163219785190194e+01 -1.570679765752444190e+01 -9.540802943325127572e+00 -1.505486571419060127e+01 -3.301357674475361659e+00 -1.305418868905576346e+01 -9.624008229491572308e+00 -6.064472996803715432e+00 -1.581326753730891532e+01 -1.535011389018173489e+01 -1.955010354219821878e+01 -1.158759657638593588e+01 -2.068905116294479640e+01 -2.025030336110744500e+01 -1.270345818755191836e+01 -1.293617217499604344e+01 -1.426343848605858788e+01 -1.932108539680644910e+01 -2.321291474811658873e+01 -1.894984096413319108e+01 -2.320437231108034126e+01 -1.504745756217324804e+01 -2.349966385737125663e+01 -1.931035259790212066e+01 -1.539781357393307637e+01 -1.879133489391149681e+01 -1.608384246756523694e+01 -1.498675691432435109e+01 -1.187947928254905250e+01 -1.916821794251898226e+01 -1.856903238679963764e+01 -2.392318604043681418e+01 -1.609821166426614880e+01 -2.320437231108034126e+01 -2.360770785936081495e+01 -2.388064665686730947e+01 -2.264982817163735263e+01 -2.358573316715724033e+01 -1.148778697193339760e+01 -1.769867676344210139e+01 -1.517335662591175272e+01 -2.192292053462405121e+01 -1.413736937475215960e+01 -1.354991396690493310e+01 -2.333073934111528658e+01 -1.920692434123786896e+01 -1.473084089375240779e+01 -1.878266539317441897e+01 -1.517335662591175272e+01 -2.320437231108034126e+01 -2.320437231108034126e+01 -1.889309849267539221e+01 -2.307096826809154066e+01 -1.461938249410188106e+01 -1.451130305223983541e+01 -1.894984096413319108e+01 -1.548307867765242563e+01 -1.476234710654949822e+01 -2.310537631588058716e+01 -2.320437231108034126e+01 -2.320437231108034126e+01 -1.499024714634470712e+01 -1.669860917757845087e+01 -1.512485712214659195e+01 -1.572116519161393988e+01 -2.311696196790634517e+01 -2.320437231108034126e+01 -1.548295434278756666e+01
-1.183151679647099641e+01 -3.439311249136842275e+00 -4.895270746842009579e+00 -1.892608674954700376e+01 -1.263508717063253073e+01 -2.314511983128503037e+00 -1.096474237072366797e+01 -2.760478966968560766e+00 -3.850885984542223195e+00 -2.575626863404486144e+01 -1.215074760122862330e+01 -1.887235504050201129e+01 -1.102862810465821042e+01 -1.289838347997170587e+01 -1.397193339670070245e+01 -2.365231320926697833e+01 -2.411977295360574658e+01 -1.497408384132944725e+01 -1.134725354151802534e+01 -1.361220184193247285e+01 -9.543554266504237660e+00 -1.570957319600816682e+01 -1.554435073587363547e+01 -1.337421410315481296e+01 -1.333237633910686171e+01 -1.052838542790912690e+01 -1.528788324165800638e+01 -1.194976166192015476e+01 -7.136409427999195643e+00 -1.127756024169905658e+01 -1.471955410795384189e+01 -1.402024162324354783e+01 -1.909188776435980017e+01 -1.088073989614599135e+01 -1.354971793252371803e+01 -8.183095368735337161e+00 -1.360914504203011433e+01 -1.426747968758397000e+01 -1.194527907700028813e+01 -1.088712652559605054e+01 -3.480750490805507358e+00 -1.904499114321605546e+01 -1.370531532939249075e+01 -1.577573604897352233e+01 -1.906697958903861689e+01 -1.055347934202262827e+01 -1.386353466881296903e+01 -1.468522115161544939e+01 -1.165520683538849589e+01 -1.262596673994281282e+01 -1.906104094043292463e+01 -1.906580964405879186e+01 -1.361342164488874573e+01 -1.422395990016637946e+01 -1.363132959484210360e+01 -1.784514064311137815e+01 -1.317302925274418079e+01 -1.701160334816210096e+01 -1.391687287154316266e+01 -1.115494069498504714e+01 -1.261576206993966309e+01 -1.911842560444683414e+01 -1.145417885529135837e+01 -1.754585342383375846e+01 -1.927228185060774024e+01 -1.355929116004062962e+01 -1.951019853613637878e+01 -1.444979465756080295e+01 -1.406485003986479398e+01 -2.150624709355392739e+01 -1.561936358504829414e+01 -1.573021746633538953e+01 -2.390741032846550240e+01 -2.118787649471522627e+01 -2.202566696898808729e+01 -2.578791679274308279e+01 -1.857206535694273342e+01 -1.026002534845385661e+01 -1.420321603368885732e+01 -1.948256071011061508e+01 -2.038594347084047342e+01 -1.264580811694677820e+01 -1.644663990166605672e+01 -1.457529618600723254e+01 -2.169503791749603749e+01 -1.093909782995009294e+01 -2.529808871119652736e+01 -2.283028446437778669e+01 -2.239525257917781786e+01 -1.854612338848929554e+01 -1.204538627510452642e+01 -2.179906118663590320e+01 -1.444569042534631009e+01 -1.977134601827814464e+01 -2.440026014042794600e+01 -9.895240852042004320e+00 -1.590545028160815733e+01 -1.472970006032206847e+01 -1.177488800060883634e+01 -1.192136176456440388e+01
-1.589505759514218752e+01 -1.337615496190194442e+01 -1.239725772712442087e+01 -1.325043417302214088e+01 -8.326288112705718447e+00 -1.370786749649222358e+01 -1.855129447354356387e+01 -7.703758674875413881e+00 -1.334857424396659908e+01 -1.638000222429733199e+01 -2.202756965962409552e+01 -2.211836854754494297e+01 -2.112720028014907214e+01 -1.329783507696577338e+01 -1.201856655185897615e+01 -1.123571017947372042e+01 -2.569469663248311164e+00 -1.851101063500534849e+01 -1.422389151677302088e+01 -1.868667637248473667e+01 -6.320385878601507912e+00 -2.194139428000678294e+01 -1.555031004424357022e+01 -1.823408586808648835e+01 -1.122857344782977940e+01 -1.480383200326947168e+01 -2.216384852118868665e+01 -1.357948758621581753e+01 -1.376422425186457055e+01 -7.546099485506228888e+00 -1.291275455836109742e+01 -2.228652645725979653e+01 -1.806398926150760786e+01 -1.832173350523610367e+01 -1.389858465695436784e+01 -1.367869144305258189e+01 -1.394282010947891948e+01 -1.557165838781418543e+01 -1.530913131703974983e+01 -1.820698570126718607e+01 -1.460734063068546895e+01 -1.870281053242409186e+01 -1.358595169487794507e+01 -2.202189537114484708e+01 -1.383425441762005015e+01 -1.694642034024676391e+01 -1.537309493442090869e+01 -1.408401595665462303e+01 -1.824986317605070241e+01 -1.648346247958032507e+01 -2.328922846144228398e+00 -2.209960186064015275e+01 -2.216384852118868665e+01 -1.982344109704387591e+01 -1.423615237046936777e+01 -1.491858366996564378e+01 -1.807510724497752364e+01 -1.370730875929840487e+01 -1.344710878007147770e+01 -1.407143988176000882e+01 -1.878991572352176931e+01 -2.194757699410519436e+01 -1.531275180065760644e+01 -2.247432896401679159e+01 -1.436567834013294664e+01 -1.741959968985953466e+01 -1.510452788435881111e+01 -1.401813887534871661e+01 -1.575810525727726308e+01 -2.293122967477187046e+01 -1.630517425669366816e+01 -2.317380711560672424e+01 -2.329202969347871743e+01 -1.907222093945780728e+01 -1.429489867893013866e+01 -2.293122967477187046e+01 -1.489715088562588718e+01 -2.364923995901861531e+01 -2.369144353660584912e+01 -1.542387382461618905e+01 -1.908263082675495426e+01 -2.277474583043952094e+01 -2.385054171578000037e+01 -2.335264830397317937e+01 -1.593243956071647638e+01 -2.194627609703276860e+01 -1.572651687206603732e+01 -1.371191395625254650e+01 -1.541985496353368923e+01 -2.435731085518550287e+01 -1.953052633341610544e+01 -2.284131412431919728e+01 -2.505336363598332738e+01 -2.572572009900664014e+01 -2.173746611962091890e+01 -1.937156788343230929e+01 -1.336166314651676501e+01 -2.115149394410274653e+01 -2.254824228335941072e+01 -1.392550277915471035e+01
-1.303303613780570203e+01 -5.975687517916311364e+00 -3.281342479256416755e+00 -1.401580129495113702e+01 -3.727015992971496772e+00 -1.868733957158678649e+01 -1.728671508527354561e+01 -1.396813012557297107e+01 -1.548150148796929315e+01 -1.045036095571334833e+01 -1.606031635355947174e+01 -1.729895241205515077e+01 -1.744108738392751334e+01 -1.259352724187778882e+01 -1.176644339828218300e+01 -1.203893652716901386e+01 -1.055292013476136859e+01 -1.879133489391149681e+01 -1.370730875929840487e+01 -1.368006002775273622e+01 -1.352297067536365027e+01 -1.846434672473504435e+01 -1.332548926926059174e+01 -8.768815849711984356e+00 -1.349105890047528433e+01 -1.328465845120940614e+01 -1.885818389361523018e+01 -1.378052908731707404e+01 -1.362458996598231487e+01 -1.372632371581281951e+01 -1.371049478586281900e+01 -1.843061932905705191e+01 -1.030009451838704138e+01 -1.801322877470216710e+01 -1.501469480445864590e+01 -1.400512636351811402e+01 -1.527436767555145813e+01 -1.216790657612038373e+01 -5.770816505331209711e+00 -1.572043298468380534e+01 -1.467105605319063599e+01 -1.858488679571653890e+01 -1.856005625026961781e+01 -1.549188408229712799e+01 -1.318640482194935082e+01 -1.328525341922128433e+01 -1.881039610412268814e+01 -1.373126131682957940e+01 -1.354049334253269876e+01 -1.505845545173606581e+01 -1.479723222064385801e+01 -1.856015955638623893e+01 -1.548848054587518952e+01 -1.391870427928336262e+01 -1.358920284651587274e+01 -1.294892581043719204e+01 -1.316858918161169179e+01 -1.855863707987989386e+01 -1.370588958890867559e+01 -2.188600270391921843e+00 -1.370730875929840487e+01 -1.872200386307704534e+01 -1.879133489391149681e+01 -1.879133489391149681e+01 -1.363797772846395695e+01 -1.572116519161393988e+01 -1.371760709895707997e+01 -1.370730875929840487e+01 -1.572116519161393988e+01 -1.370730875929840487e+01 -1.856005625026961781e+01 -1.854871219016058959e+01 -1.572116519161393988e+01 -1.370730875929840487e+01 -1.374842765255782595e+01 -1.836775482859842867e+01 -1.370730875929840487e+01 -1.548988654797206443e+01 -1.360991977837376510e+01 -1.371049478586281900e+01 -1.794682753217988136e+01 -1.881286233307819700e+01 -1.764492488740124898e+01 -1.367263322448849650e+01 -1.586885250579409146e+01 -1.917452853953252045e+01 -1.571016176224804717e+01 -8.457277979017664649e+00 -1.402132982895575530e+01 -1.906263609627917432e+01 -2.147537676925655248e+01 -2.328759910051562798e+01 -1.489791700058917279e+01 -2.224744068195824198e+01 -2.177611438601892857e+01 -1.756354648144560926e+01 -2.421939002186546830e+01 -1.444096659539809657e+01 -2.211836854754494297e+01 -1.280062725425011472e+01
