-6.482180171629806864e+00 -4.486183890386792328e+00 -7.226035413277864805e+00 -1.387790947494170446e+01 -1.345623299270732609e+01 -1.392562802347279494e+01 -1.390101375589520849e+01 -1.354507565055795482e+01 -1.978351278667435054e+01 -1.315613627711226741e+01 -1.531154383808082464e+01 -1.314789828108621528e+01 -2.497415086529743089e+00 -1.428525643443312276e+01 -8.091627485928913899e+00 -1.295121259351019383e+01 -1.399210141561291820e+01 -1.534623694253558845e+01 -1.608516074691467779e+01 -1.365698918309271193e+01 -1.879133489391149681e+01 -2.310848230197376552e+01 -2.310848230197376552e+01 -1.879133489391149681e+01 -1.889309849267539221e+01 -1.889309849267539221e+01 -2.310848230197376552e+01 -2.448457810057994877e+01 -2.450636433904049127e+01 -2.408136456452812268e+01 -1.517852903267089992e+01 -2.310848230197376552e+01 -2.249496646823885726e+01 -2.283329070366847802e+01 -2.448237324958497396e+01 -2.448457810057994877e+01 -2.447687175738906618e+01 -2.474739711453473490e+01 -2.427179560174954887e+01 -2.477157252229763174e+01 -2.448457810057994877e+01 -2.448237324958497396e+01 -2.476309285636505919e+01 -2.463802454005992715e+01 -2.473434035030509648e+01 -2.474739711453473490e+01 -2.519553186866504291e+01 -2.576177744396273539e+01 -2.571599598465273928e+01 -2.321240713241417808e+01 -2.027582581612166734e+01 -2.359129047270070245e+01 -2.395228031605928365e+01 -2.458618094182814673e+01 -1.683920983321617371e+01 -2.198028065016157129e+01 -2.490210252949804826e+01 -2.193939777500966670e+01 -2.494917964244046971e+01 -1.744318647125197330e+01 -2.530658821250026236e+01 -2.567366734321706545e+01 -2.282505176289974713e+01 -2.532987834939312677e+01 -2.542606054333566235e+01 -2.204187715174844797e+01 -2.091638024845922672e+01 -2.293122967477187046e+01 -2.546356644332018959e+01 -2.122182343048638842e+01 -2.537047884736472270e+01 -2.448859873874410908e+01 -1.542725088034058878e+01 -2.499105521527923202e+01 -2.373628240261000144e+01 -2.335803799217123711e+01 -2.296832769809302022e+01 -2.532314518472294651e+01 -1.457005981715635734e+01 -1.824299176780494847e+01 -2.524431261670124371e+01 -2.576591132472012902e+01 -1.843109178036674578e+01 -2.179836963676969219e+01 -2.587400278262246900e+01 -1.898967985836142347e+01 -2.402613586290782521e+01 -2.320437231108034126e+01 -2.620128280924182107e+01 -2.536948952443528427e+01 -2.574579019768703603e+01 -2.153278579941878945e+01 -2.583559800265161144e+01 -2.384800736249397701e+01 -2.181027899086107169e+01 -2.538658223682866932e+01 -2.581761895575627719e+01 -2.583553037197204461e+01 -1.852838426641323366e+01 -2.525932426788507357e+01
-1.464656353185004534e+01 -8.469179288258743554e+00 -3.000892515701933494e+00 -1.389321557930547435e+01 -1.767374754470493059e+01 -1.889357262294963746e+01 -2.098224867392452353e+01 -2.094944066082410927e+01 -2.118040960754169078e+01 -2.151092883158283442e+01 -2.138838476813044664e+01 -2.547943966825727813e+01 -2.871137586675069286e+01 -2.212185504606811293e+01 -1.584404808413983368e+01 -2.252564338386530807e+01 -1.754949627658318079e+01 -1.915594978779876101e+01 -1.782461996000782634e+01 -2.512937513022152203e+01 -1.370786749649222358e+01 -2.520897617405894309e+01 -1.482792111194679663e+01 -1.849708993718095584e+01 -2.030667895824615954e+01 -1.833452533737012402e+01 -1.628071646287496321e+01 -4.660853662043186851e+00 -2.209531660978913337e+01 -1.766169140849876129e+01 -2.350492801583395064e+01 -1.816310843057061675e+01 -1.443430453346718423e+01 -1.750003329513227612e+01 -2.138678119250127097e+01 -2.631994783794371884e+01 -1.608181152632879218e+01 -2.169757975563733510e+01 -2.215765643157771336e+01 -1.434046647702093402e+01 -1.663379360082769409e+01 -1.410817234385923946e+01 -2.658504403510687197e+01 -2.658504403510687197e+01 -2.524957589439505412e+01 -2.718492134334941213e+01 -2.422584498854911317e+01 -1.609660515588477026e+01 -1.896839279261532241e+01 -2.718492134334941213e+01 -1.241373639464293532e+01 -1.915922150402251845e+01 -2.939172242915255850e+01 -2.773969133000492349e+01 -2.348377605317488914e+01 -2.844440744158067957e+01 -2.198322500137463820e+01 -2.765470287021044271e+01 -1.830947288210490598e+01 -2.708587440574030936e+01 -1.824564333966015894e+01 -1.892596297670280592e+01 -2.312093021141444282e+01 -2.204323807799720925e+01 -1.037720550291979471e+01 -2.519910888654452208e+01 -2.211270512828235724e+01 -1.522208584252589780e+01 -1.648824043056544397e+01 -2.012740845371243026e+01 -1.303547133573554895e+01 -2.703529685204266642e+01 -2.621972470470544891e+01 -1.702699747886662252e+01 -1.430740937847627414e+01 -1.112477649064453367e+01 -2.280748755200401945e+01 -2.574583208706836146e+01 -2.494249127188967918e+01 -9.905681782120620227e+00 -2.137530949507904765e+01 -1.685910038899147523e+01 -1.145343894003316798e+01 -2.488997569209478300e+01 -2.730047856816786833e+01 -1.103972700222297298e+01 -2.180693503417062473e+01 -1.375915505939601680e+01 -1.158557414696646681e+01 -1.505908425107586446e+01 -2.049032170021250465e+01 -2.516021601881466552e+01 -2.088492784264619218e+01 -2.532873823691992854e+01 -1.263358856900053517e+01 -1.492578367142720275e+01 -2.308551066329120260e+01 -1.489752125530577942e+01 -1.574579287743605427e+01 -1.512797692070252076e+01
-1.210341026653895469e+01 -5.324386033332640267e+00 -1.305982179144330502e+01 -1.045228431880741127e+01 -1.892098297198950974e+01 -1.257977706376275506e+01 -7.221047283424415753e+01 -2.527908790616440982e+01 -2.198792093641133150e+01 -1.740338274227254800e+01 -2.181977169155693375e+01 -2.332255123237089478e+01 -1.581997844700596545e+01 -2.057756843410366088e+01 -2.210537878178648441e+01 -1.726107569113122508e+01 -6.876652059346517909e+00 -1.961500150407822218e+01 -1.736222675134435178e+01 -6.944147542543138485e+00 -2.503896594884416160e+01 -1.201056794668511607e+01 -1.558545255163435073e+01 -2.195043510129135456e+01 -9.602265882006523867e+00 -1.659764886113485005e+01 -1.869888109347129657e+01 -2.021017028200368770e+01 -1.346877156773222772e+01 -1.378935571633888912e+01 -1.929021348983622275e+01 -1.876804329855874087e+01 -1.534623694253558845e+01 -1.741125912756676897e+01 -1.614993681721595564e+01 -2.602825919883657591e+01 -2.257577830032763089e+01 -5.116896674709055048e+01 -2.041355338660001806e+01 -2.794347157784556401e+01 -2.309826230841095551e+01 -1.614120752265253245e+01 -1.506837285378260205e+01 -1.549930098466264106e+01 -2.521964113448153100e+01 -2.650199672707196896e+01 -1.730810258333657714e+01 -2.212185504606811293e+01 -1.598724128489193497e+01 -2.633965046515062625e+01 -2.845599244334598055e+01 -1.514617677374446281e+01 -2.705719879412269790e+01 -1.537355681079797520e+01 -2.684087755726536173e+01 -1.790520065053499010e+01 -2.537318839579349117e+01 -2.426884599096865713e+01 -1.571941794291767458e+01 -2.558383217036585577e+01 -1.646571431904048310e+01 -1.523961253112920566e+01 -2.168073504581351330e+01 -2.289335050107877478e+01 -1.581506085747898993e+01 -1.664332170689399959e+01 -1.614133392275757828e+01 -1.511426180551746512e+01 -1.607631691510213301e+01 -2.312093021141444282e+01 -2.382754909543311328e+01 -2.206879825743574841e+01 -2.525238110364506738e+01 -2.332874986910634263e+01 -1.624352586571009383e+01 -2.337149000444101077e+01 -2.269613678432938997e+01 -1.596608596447970463e+01 -1.617624788802278246e+01 -2.221752553353631043e+01 -2.231240055324705196e+01 -1.125919677114936768e+01 -2.237998058916875266e+01 -1.659178333212120151e+02 -8.797997896799731166e+01 -3.462453790788228503e+01 -9.120552698351470866e+00 -3.398556909574943319e+01 -3.764724659894974934e+01 -1.811681042472342185e+01 -2.514028964411981804e+01 -7.661706801422917579e+01 -1.940769791840525471e+01 -1.838182770571053837e+01 -1.691153171685793097e+02 -1.346110321269680732e+01 -1.232935845979699252e+01 -1.758043274999680960e+01 -1.750225878875602703e+01 -2.227499447346051653e+01
-3.858407954383472394e+00 -1.479282820122045194e+01 -7.075171127489556788e+00 -2.300980218507085784e+00 -1.845672067921318771e+01 -1.944462028094939399e+01 -1.884628122851353993e+01 -1.879133489391149681e+01 -2.196587282997795754e+01 -2.212185504606811293e+01 -1.370211811634812094e+01 -1.892035495919851229e+01 -2.424716810570801329e+01 -2.323899682335601824e+01 -2.285487384483206696e+01 -2.502751813016888605e+01 -1.585238078381900273e+01 -1.862414795563644887e+01 -2.411356984124305569e+01 -2.408136456452812268e+01 -2.448237324958497396e+01 -2.310848230197376552e+01 -2.283344235727705396e+01 -2.427179560174954887e+01 -2.295229791857575918e+01 -1.889309849267539221e+01 -1.879133489391149681e+01 -2.495644164183971014e+01 -2.541073224497658245e+01 -2.391496685867581462e+01 -1.403838291564550289e+01 -2.310848230197376552e+01 -2.311616769203887500e+01 -2.350273509883864875e+01 -2.392815895185857755e+01 -2.416718778208786134e+01 -2.499647952051919120e+01 -2.099680077360015673e+01 -1.605126115860880276e+01 -2.086241223930615263e+01 -2.189205243874935647e+01 -2.212185504606811293e+01 -2.221081839713243511e+01 -1.499140274829312958e+01 -2.283533966566529827e+01 -2.470677710059800347e+01 -1.429665530309809185e+01 -2.448348869529074534e+01 -1.761997516906589212e+01 -1.158557414696646681e+01 -1.401486876866190023e+01 -2.086899576584796634e+01 -1.347339658590287570e+01 -1.453935551728248399e+01 -2.324072982764140249e+01 -2.304309500277813427e+01 -2.038901397936315973e+01 -1.949988662029990394e+01 -1.154765715399087789e+01 -2.199920491764351738e+01 -1.603158057114951163e+01 -2.351418476700690618e+01 -2.504644034102007311e+01 -2.421102447694245541e+01 -2.580265483157947060e+01 -1.418072993627769662e+01 -1.110319775531898401e+01 -2.382427063528513145e+01 -1.342510342167020632e+01 -1.894335716936441472e+01 -1.135602403226643276e+01 -2.209531660978913337e+01 -2.477761528240843347e+01 -2.642256824840341878e+01 -2.649322861361250858e+01 -2.411118312512815720e+01 -2.258586357898585106e+01 -2.614350914812746751e+01 -2.623720246593820349e+01 -1.967573493814213137e+01 -1.444925455053134655e+01 -2.569484513537917536e+01 -2.584483754989341620e+01 -2.638781270208004415e+01 -2.540167630314890346e+01 -2.633548624217282352e+01 -1.697641615446339713e+01 -2.500533007370664507e+01 -1.169107036963133872e+01 -1.753653807320170444e+01 -2.711671368605649590e+01 -2.801132507415982431e+01 -1.134882530550558144e+01 -1.098712028813434571e+01 -1.616061834751651105e+01 -1.754949627658318079e+01 -2.508965186615734666e+01 -1.348239317765651357e+01 -2.680950887229256452e+01 -2.067403478809444550e+01
-1.437578854897655667e+01 -1.861354998828218399e+01 -1.320267917037536876e+01 -8.207467856093719760e+00 -1.551351006834105029e+01 -4.254783704143028089e+00 -9.647398536661784263e+00 -2.161194453026777396e+01 -1.375120787938539735e+01 -1.485775936012335485e+01 -1.810142644678490953e+01 -6.478681444706889891e+00 -1.864877802444647870e+01 -1.327238606819610212e+01 -1.320684002462215823e+01 -2.264743933946724752e+01 -1.443851440541467746e+01 -2.177480403949862975e+01 -1.489655668098738417e+01 -2.016861042839149221e+01 -2.119387011235469132e+01 -2.197250571572783429e+01 -2.399985464375259880e+01 -2.089575363976453204e+01 -1.762591836873287932e+01 -2.427541408389609146e+01 -2.441705405255365235e+01 -2.440866237162869368e+01 -1.976775409752832147e+01 -2.392375645295076581e+01 -2.516630105532383155e+01 -1.945394091842093331e+01 -2.360121919481769481e+01 -1.615212606466683454e+01 -2.288861370063586165e+01 -2.227786890167367417e+01 -2.457834666828764369e+01 -1.740619706972354308e+01 -2.334561610877732463e+01 -1.869835374875440692e+01 -2.242828433017253076e+01 -2.429400137919364866e+01 -2.293735147644965622e+01 -2.140856103103477537e+01 -2.359428155406776639e+01 -1.272758598174909750e+01 -1.423430421851787386e+01 -2.491560757948991167e+01 -1.844048631490894508e+01 -2.430547419891875194e+01 -2.161329390009654716e+01 -2.104862125278064866e+01 -1.409689958034358881e+01 -2.192422688305719447e+01 -2.113546898142002917e+01 -1.854728212666784515e+01 -1.903811665543313225e+01 -2.308512752255009204e+01 -1.512097125832584865e+01 -1.752474281154136193e+01 -1.898613259336494608e+01 -1.228583793046667338e+01 -1.729340545666085660e+01 -1.486643805665383233e+01 -1.780569470451929703e+01 -1.373856677974229967e+01 -2.349373756123745949e+01 -2.226810426482759198e+01 -2.431389445384171566e+01 -1.691487263225535642e+01 -7.069577002182351855e+00 -1.128047139691787493e+01 -2.256377900112688195e+01 -2.218782880312422279e+01 -1.397412702333174650e+01 -2.432646853127413777e+01 -2.450736873561305629e+01 -2.188732555564805082e+01 -1.377135677904339239e+01 -2.325005052905188307e+01 -1.270905073845908539e+01 -1.420565932491410699e+01 -1.408387105458333899e+01 -2.156271203817786386e+01 -1.452835376484609498e+01 -1.060324534797361373e+01 -2.257425528675727833e+01 -1.370588958890867559e+01 -2.486468766163785205e+01 -2.408391521854896311e+01 -1.162855573174525681e+01 -2.516272203878675739e+01 -1.347731397863838509e+01 -2.371746274323096415e+01 -2.407047370074663917e+01 -1.138788666005465977e+01 -2.454798880801882177e+01 -2.431747597879829215e+01 -2.653031155581284750e+01 -2.461712624403072169e+01
-1.850690344491364314e+01 -1.177765836016480527e+01 -1.207721817504240747e+01 -9.588430009225039186e+00 -1.859843751055055705e+01 -1.816975164124507813e+01 -1.927975084886142554e+01 -2.310515301266179833e+01 -1.572116519161393988e+01 -1.556518956961019207e+01 -2.297501478753069648e+01 -2.310848230197376552e+01 -1.869531418619720142e+01 -2.283506409722398445e+01 -2.353389495654280950e+01 -2.307267605395577803e+01 -2.411741578407718478e+01 -2.089453401259087428e+01 -2.072578649741488732e+01 -2.346263857284954213e+01 -2.258277111129913806e+01 -2.249293086435970679e+01 -2.315156066144401592e+01 -2.538201983279479634e+01 -2.506909179489615980e+01 -2.422216916626645755e+01 -2.447578235209985564e+01 -2.513200176669079866e+01 -2.385258237023499106e+01 -2.345473051216022142e+01 -2.303915938570340671e+01 -2.188905736520505485e+01 -2.064899958837647986e+01 -2.209332303855880397e+01 -2.503938075299748789e+01 -2.152891717078141554e+01 -2.258691898095615969e+01 -2.157144493397724716e+01 -2.331916562887505151e+01 -2.423083114137444838e+01 -2.219561297719897297e+01 -2.636224937745994623e+01 -2.624409698857683892e+01 -2.077286417259292861e+01 -1.549834057104217955e+01 -2.359181472716642602e+01 -2.364690409949706051e+01 -2.285376194671507832e+01 -2.310707287203598526e+01 -1.518711902564458427e+01 -2.663748668172668843e+01 -2.207455209510303362e+01 -2.138097512509084197e+01 -2.615412904614106182e+01 -2.537780550093548726e+01 -2.256098435508226174e+01 -1.646444716219554039e+01 -2.459773497372429674e+01 -2.562232182398753011e+01 -1.857629649387524751e+01 -2.737068702228235750e+01 -2.485039898000479752e+01 -2.212185504606811293e+01 -1.372618312296493137e+01 -1.889200022255734979e+01 -1.889357262294963746e+01 -2.570968210296054579e+01 -2.607712954086324686e+01 -2.574190329258457766e+01 -2.479066725349789735e+01 -2.170516198904848437e+01 -2.521593129973958725e+01 -2.451125200057541420e+01 -2.618800420559486852e+01 -1.966234682108701293e+01 -2.213992317857524128e+01 -3.295040175857629094e+01 -1.766527089870466938e+01 -1.373547398771585470e+01 -1.400589672035391153e+01 -3.648614490169592717e+00 -1.761997516906589212e+01 -2.523053817134214682e+01 -3.841387073326619550e+00 -1.141197300930487124e+01 -1.502156062059283492e+01 -6.178123202403778436e+00 -1.771608951461676540e+01 -1.379786113675783454e+01 -2.216685744813698733e+01 -1.407232002481111621e+01 -2.563759207767425252e+01 -2.612097801052613022e+01 -2.532103381045074286e+01 -1.483089645614087537e+01 -2.635486635496798158e+01 -2.610568661989703898e+01 -2.614885016232348391e+01 -1.546580850629465864e+01 -2.693493777447418225e+01
-2.379758992797334827e+00 -2.388810766190476542e+01 -1.356754878262811204e+01 -9.799759084243078178e+00 -2.331503198137610866e+01 -2.380688921777460365e+01 -2.148513599064760271e+01 -1.913484359526884404e+01 -2.009194072448532253e+01 -1.430718642211328273e+01 -1.372939493565892555e+01 -2.267086106708510584e+01 -2.088076578923600835e+01 -2.258453586028975124e+01 -1.769829118097820597e+01 -2.289612325831996387e+01 -1.602728721979088178e+01 -2.450815162492117594e+01 -1.981333952562090062e+01 -2.399469904478803883e+01 -1.879943540525177426e+01 -1.585806629084975050e+01 -1.160345192785631419e+01 -2.339912815409301672e+01 -1.787663155237057921e+01 -1.279281184655041415e+01 -1.532705306175113513e+01 -2.253340034830808136e+01 -2.408641764229095728e+01 -2.157170216395215689e+01 -1.309818330348828042e+01 -2.448457810057994877e+01 -2.448457810057994877e+01 -1.855149038779149961e+01 -2.362551848876177729e+01 -2.362691031332092351e+01 -2.526226188372320536e+01 -2.050205128436420665e+01 -2.448457810057994877e+01 -2.348558543298650747e+01 -2.148498727361356231e+01 -2.283533966566529827e+01 -2.310848230197376552e+01 -1.879133489391149681e+01 -2.106402768007708204e+01 -1.860650579063076293e+01 -1.673798136995324626e+01 -1.995275247377993466e+01 -1.739173032134333141e+01 -1.572116519161393988e+01 -1.757475344142502394e+01 -9.874201962896643536e+00 -1.408275062063515826e+01 -1.567036699841252556e+01 -1.859306463975950052e+01 -1.809809405421733075e+01 -1.638777652120649719e+01 -2.318445764780227236e+01 -2.722489141793657197e+01 -2.205390864548081709e+01 -1.785209425432419650e+01 -1.748580189648973615e+01 -2.320396686077926773e+01 -2.656941335426297002e+01 -1.735616763768824811e+01 -1.508639828842381370e+01 -2.487195460754783127e+01 -2.772162319749779513e+01 -2.936714747675377879e+01 -7.706902817339980061e+01 -1.186732727857495462e+01 -1.725470878193543811e+01 -1.305201284529815098e+01 -1.462208601110563677e+01 -2.243802885440310391e+01 -2.494249127188967918e+01 -1.578563279913982775e+01 -2.107307857276303409e+01 -1.833067968349134702e+01 -1.499549494736587363e+01 -1.949864378073159088e+01 -1.513185450831738876e+01 -1.836758676421588987e+01 -2.199188382525199259e+01 -3.051764330978646811e+01 -1.508947752710135326e+01 -2.941297274607171630e+01 -3.777113248909367371e+01 -5.267968298492273505e+01 -4.263831680655614775e+01 -2.032911192426208302e+01 -1.915350729712174314e+02 -9.551983663043007056e+00 -2.239336596480408303e+01 -9.882692997016034653e+00 -1.279601907274247630e+01 -4.371707668877819941e+01 -1.911764117202613278e+01 -7.195135583253977529e+01 -8.156967699563432461e+01
-9.990447585580904288e+00 -1.049090271372220151e+01 -1.005504410429397488e+01 -2.678783905595857551e+00 -1.382502936375091629e+01 -1.337255739433630986e+01 -1.742753909809373880e+01 -1.465589077591289424e+01 -1.828897200516389887e+01 -1.757156778662282903e+01 -1.814327082342779107e+01 -2.421323507996983082e+01 -2.260478602320799624e+01 -2.353125497907562291e+01 -1.939911190495637783e+01 -1.190116942370910991e+01 -1.862440278983637754e+01 -2.337141195981450892e+01 -2.384883136769166967e+01 -2.383258160202000298e+01 -2.486724481507815199e+01 -2.146303572617125255e+01 -2.310848230197376552e+01 -2.232339178702461879e+01 -2.231123356366979849e+01 -2.158940322889224817e+01 -2.310848230197376552e+01 -1.899895363595198106e+01 -1.990510180635674331e+01 -1.558693689530544191e+01 -2.447687175738906618e+01 -2.489516520617265627e+01 -2.310848230197376552e+01 -2.431201198627041293e+01 -2.093238777668453210e+01 -1.534623694253558845e+01 -2.402310690956536732e+01 -2.184169941970783668e+01 -2.305733606758620979e+01 -2.065951281481359558e+01 -1.945533939094937281e+01 -2.513669582982371509e+01 -2.525688441535413631e+01 -2.559347069474259939e+01 -2.510865582815875996e+01 -1.614752832863367971e+01 -2.466296894031601994e+01 -2.284851550078634475e+01 -2.511572485378211539e+01 -2.515685584523771468e+01 -2.530969803388667927e+01 -2.474493337244006952e+01 -2.267024494044399674e+01 -2.350607953167401476e+01 -2.470945406999875971e+01 -2.525310519801782405e+01 -2.524158313545042276e+01 -2.338592947261050981e+01 -2.558482095655219979e+01 -2.529643194429877795e+01 -2.562760522997476897e+01 -2.570415115765081282e+01 -8.001833146130134367e+01 -3.657100113793549667e+01 -1.182168362383325011e+01 -2.287653635244764772e+01 -1.370644832610249431e+01 -1.547269414577593594e+01 -1.370730875929840487e+01 -1.953462858818393144e+01 -3.651784902617630024e+01 -1.489488718992796734e+01 -1.182329458635417296e+01 -1.194097913448315218e+01 -1.241188747807566273e+01 -1.508157228922553550e+01 -3.949286907570135696e+01 -1.324874457156278673e+01 -2.155730465153722264e+01 -1.089521642623146391e+01 -7.128741305571077191e+01 -1.785027105776575596e+01 -1.370730875929840487e+01 -1.901582013022281359e+01 -1.643120503400783150e+01 -1.384484039898971730e+01 -1.375071521599819313e+01 -1.034078271842331098e+01 -1.528713454518388737e+01 -1.784847457421782480e+01 -8.261429241249203415e+00 -1.426864277384176916e+01 -3.079157157891063790e+01 -1.370730875929840487e+01 -1.531514048164633834e+01 -2.122481556291016958e+01 -2.051167194387506143e+01 -1.678946653380741338e+01 -1.299870155056271237e+01 -1.686311053527272463e+01
-1.342837034814542285e+01 -1.044126381961488725e+01 -1.590336894569329829e+01 -1.458880516935510485e+01 -2.696795474036473905e+00 -9.380768516146323677e+00 -1.378642511381269387e+01 -4.078174099700879296e+00 -1.007531786424629949e+01 -1.284882569674535979e+01 -6.194214467178983163e+00 -1.209168291933970174e+01 -1.772471162189996008e+01 -1.771004338574670101e+01 -1.895683871154298217e+01 -1.923652139227446511e+01 -1.347625499757737799e+01 -1.900167434216508866e+01 -1.864430584479343977e+01 -1.434278755809256545e+01 -1.257395643824429143e+01 -1.881617418936132680e+01 -1.846490214396814267e+01 -1.876131129178352452e+01 -1.902382892828142502e+01 -1.863742579742203276e+01 -1.861744160281535443e+01 -1.824475730963049003e+01 -1.984465550421317914e+01 -1.354207982102962227e+01 -1.644636898262227120e+01 -1.362746752251060656e+01 -1.890552180300409546e+01 -1.800160334318815814e+01 -1.820911507120558070e+01 -1.733690136121781933e+01 -1.208124975219392638e+01 -1.906308686412961251e+01 -1.294105592971034824e+01 -1.767243462648000829e+01 -2.356986017706628189e+01 -2.358698025259422693e+01 -2.358698025259422693e+01 -2.358698025259422693e+01 -2.358698025259422693e+01 -2.358698025259422693e+01 -2.358698025259422693e+01 -2.358698025259422693e+01 -2.116650757638367963e+01 -2.358698025259422693e+01 -2.325891378593393810e+01 -2.358698025259422693e+01 -2.358698025259422693e+01 -2.095851358318185120e+01 -2.358698025259422693e+01 -2.183197756022097380e+01 -2.415864708475265132e+01 -1.920997699339444154e+01 -2.335588472238374536e+01 -2.320225485482126970e+01 -2.316844919350773324e+01 -1.894925997187568711e+01 -1.949838676198910647e+01 -2.007153380789676334e+01 -2.316327381233793758e+01 -1.941817796946461883e+01 -2.376202796504403381e+01 -2.335490999305577731e+01 -2.320225485482126970e+01 -2.313529775546780343e+01 -2.038901397936315973e+01 -2.320225485482126970e+01 -1.739524865127172859e+01 -2.323655438310706600e+01 -2.083233700431556557e+01 -2.320225485482126970e+01 -2.027482727714076916e+01 -2.309046068815045771e+01 -1.938331287664115621e+01 -2.047932095577274580e+01 -2.317747306671043361e+01 -1.873020324420686578e+01 -2.304535093659243472e+01 -2.114207742980163118e+01 -2.320225485482126970e+01 -1.913928640331263153e+01 -1.984938881955818957e+01 -2.318766566510185712e+01 -2.198289176527822519e+01 -2.189880734064457002e+01 -1.783510216086338218e+01 -1.944015458239212535e+01 -1.997184393072336661e+01 -2.204486480504395374e+01 -2.188721701694124278e+01 -2.191993705890061861e+01 -2.224246802661014755e+01 -3.504694884021059664e+01 -1.897616111397245220e+01 -1.624763733755863626e+01
-2.579286463582144862e+01 -1.210486099228456247e+01 -2.220005989829536475e+01 -1.201223940453749428e+01 -2.391468377310408400e+01 -2.129483346625927354e+01 -2.321384485166326783e+01 -2.529712245583491992e+01 -1.600468771631901888e+01 -1.966411991060689246e+01 -1.198817323400849233e+01 -1.802188301148967753e+01 -1.881517850777450107e+01 -1.614306516255303947e+01 -2.201036695919828645e+01 -1.213752624183989326e+01 -2.209531660978913337e+01 -1.932292395842253185e+01 -2.169852111927460214e+01 -2.738194893493888316e+01 -2.582231200347336042e+01 -2.555973300241115709e+01 -2.591307037442616235e+01 -2.029131362472398692e+01 -1.308370254742857952e+01 -1.892999465667589121e+01 -2.494150841879418579e+01 -2.464208553089527953e+01 -2.358176687145060058e+01 -2.385258237023499106e+01 -2.548043733286222690e+01 -1.908552136254511566e+01 -2.557008081894964846e+01 -1.862884501047215480e+01 -1.373555017431800707e+01 -2.282505176289974713e+01 -2.306933699274584626e+01 -2.218053807495792640e+01 -2.208941836739754905e+01 -2.547226401633731996e+01 -2.047625705968387066e+01 -2.345188675421037772e+01 -2.151828478489538554e+01 -2.161750035889395960e+01 -1.400262958061656704e+01 -1.760703349198718470e+01 -1.232853095801410070e+01 -2.500578902912158341e+01 -2.306199381951589444e+01 -2.137311115763831992e+01 -1.454736336494319104e+01 -8.139107532660155186e+00 -2.908810287982777254e+01 -2.679779673988256761e+01 -2.560174412333717697e+01 -1.736168066205877736e+01 -2.380514999939672904e+01 -1.624222801838137187e+01 -1.754949627658318079e+01 -2.424419786167119639e+01 -2.212185504606811293e+01 -2.512536542877071710e+01 -2.504978735859905470e+01 -2.521525682293316706e+01 -4.387823209056963769e+00 -2.397533972741448594e+01 -2.515446112086298669e+01 -1.360279050768601827e+01 -4.761639321221885268e+00 -2.211913941966063391e+01 -1.611804102881169243e+01 -2.566510616778774789e+01 -1.186319904814708615e+01 -2.566438845242968014e+01 -2.559496978130445655e+01 -1.443710847398427610e+01 -1.207551614084994362e+01 -2.389391117338009707e+01 -2.518872056290695838e+01 -1.201209964657661722e+01 -1.336462736913944127e+01 -2.632664125336969363e+01 -8.027198474279825291e+01 -2.101882493360805171e+01 -1.370921967410679088e+01 -1.279536371037354847e+01 -3.835777949738787385e+01 -8.927601633851002916e+00 -7.712889552267824911e+00 -1.268889844146524482e+01 -1.451966131535929527e+01 -1.131261117506311820e+01 -1.159085087221295041e+01 -1.264382597248524220e+01 -4.481665447576687455e+01 -9.784270372269523008e+00 -3.940930196482457148e+01 -1.890020301019807789e+02 -3.671529700850776123e+01 -4.665937852360001159e+01
-6.114565519633182511e+00 -1.166371116358661020e+01 -6.633729739479026222e+00 -2.241173491248337424e+00 -1.668185367816009901e+01 -1.088129084911941646e+01 -2.677175370963580647e+01 -1.281947077352440623e+01 -1.368124565122229797e+01 -1.248098889254423582e+01 -1.840182188620595483e+01 -1.836022558977346364e+01 -2.649141489210030898e+01 -1.089598608309316852e+01 -1.465600530422570635e+01 -8.982476162296567423e+00 -1.232031630796933364e+01 -2.406152401268288443e+01 -1.400434910894118978e+01 -2.180965868952941022e+01 -1.818249675461465742e+01 -1.105068453599881728e+01 -1.380170018426572121e+01 -2.492965461450336662e+01 -1.534623694253558845e+01 -1.449836387050122433e+01 -8.407483402465590672e+00 -8.771111776779193292e+00 -2.153923651903009784e+01 -1.473126855969437621e+01 -2.593674151789344862e+01 -2.271366010947057745e+01 -2.614081460055535544e+01 -1.412885656296391623e+01 -1.320850089337408306e+01 -2.147385266330008946e+01 -2.194695443771070131e+01 -2.129468546315075272e+01 -2.228571334238938917e+01 -1.417448433692121057e+01 -3.266310350109883576e+00 -2.160153940839756359e+01 -2.125603120897593712e+01 -1.748097754570657614e+01 -1.648518404334029341e+01 -2.310848230197376552e+01 -1.933800515410563392e+01 -1.935558233986434340e+00 -2.283743873968270321e+01 -2.419719758022053568e+01 -1.556014736260194020e+01 -2.251533933730016201e+01 -1.823818709487748890e+01 -2.211507175916511869e+01 -1.599391223672232165e+01 -2.069557406424342005e+01 -1.963175688629113580e+01 -2.252298109907345491e+01 -2.747720779861970541e+01 -4.477669201967077584e+01 -1.778854221614977860e+02 -7.287429885586146128e+00 -5.458920948647949523e+00 -2.344130608200589805e+01 -7.269142826603660623e+00 -8.953526697430159942e+00 -7.287949397535080642e+00 -1.837527249234150162e+01 -2.177836358031987984e+01 -2.652154773251610465e+01 -1.023349545404832206e+01 -2.961547055550942886e+01 -5.722712995969742700e+00 -4.756793043905641127e+01 -3.169789729877854256e+01 -6.323638664185067704e+00 -1.222763408282920317e+01 -7.488609671000811652e+00 -2.961767349241273273e+00 -6.428707932480618226e+00 -1.416494327398087272e+01 -2.099412552833742396e+01 -1.570615624802976562e+01 -2.009139112336961475e+01 -4.803209667551977446e+01 -2.576143691423024507e+01 -2.783039966980505397e+01 -7.709259270666871444e+00 -1.586735153852117008e+01 -1.246481451417012032e+01 -1.799195752114928126e+01 -5.510953913291891837e+01 -5.514161695532106933e+01 -2.586505477871850900e+01 -2.519359901595662521e+01 -4.259231037564837408e+01 -3.949740840820429355e+01 -3.152209758959960695e+01 -3.030610968872798239e+01 -7.448591714845052536e+01
-1.103962182882237997e+01 -8.189549098824578266e+00 -7.525775685903985490e+00 -2.773320699246611287e+00 -1.199294778910186388e+01 -2.172246418203976859e+01 -2.209531660978913337e+01 -1.879133489391149681e+01 -2.257068660439887253e+01 -2.143619983026213660e+01 -2.212986058172644377e+01 -2.213992317857524128e+01 -2.212185504606811293e+01 -1.622746231866975108e+01 -1.691692178617820375e+01 -2.128720662754680149e+01 -1.359349453220857029e+01 -2.552631499684483174e+01 -7.543401971382338900e+01 -1.775686690704799631e+01 -2.395536937180719761e+01 -7.681595030300916171e+00 -3.095969593337311920e+01 -1.496970095645883880e+01 -1.679102967720290849e+02 -1.401938108874174738e+01 -1.869435732634931213e+01 -1.684467538068749093e+01 -1.913129484300048588e+01 -1.871931423397274230e+01 -1.856029386409431581e+01 -1.533565400215518615e+01 -2.092943934158571295e+01 -2.205015479856071892e+01 -1.675357303299461194e+02 -3.233393904862894175e+01 -1.172763962540552107e+01 -2.499437373241917015e+01 -1.883795003163675119e+01 -2.292129781808892730e+01 -2.235690066563450884e+01 -1.675189505436633794e+02 -2.129897262515142486e+01 -8.721563226892190102e+00 -7.003980893704947164e+01 -2.168951895178566147e+01 -1.786684791226141726e+02 -1.675420303450069355e+02 -1.638950931674513640e+02 -1.754118395376371780e+02 -7.169481963840360095e+01 -7.021103569181182991e+01 -1.867561274138692227e+02 -4.204467045621487387e+01 -8.496148045472665444e+01 -4.072816675803842656e+01 -2.075146796836225747e+02 -1.659553750361017990e+02 -1.760535493378401668e+02 -1.633285070932615213e+02 -3.683808215633997918e+01 -1.890439401701179634e+02 -3.698727806195704915e+01 -1.880443034042813508e+02 -7.106586413730974527e+01 -1.691028158234733212e+02 -1.773476476021631640e+02 -1.785201328417008710e+02 -1.631568766695698116e+02 -1.881634170561245298e+02 -2.054755374916409494e+02 -2.052928951818620078e+02 -2.088923684860954211e+02 -9.041037526938573876e+01 -2.090268624827034785e+02 -2.078735789638840004e+02 -1.644535326061496221e+02 -2.001644735835161271e+02 -1.876496645564436960e+02 -9.513365317290460155e+01 -1.411094103161619984e+01 -1.658329959315454403e+02 -7.381338061728476951e+00 -2.095662761781472057e+02 -1.662021700968925586e+02 -1.874230485157334556e+02 -8.572002323755404518e+01 -1.663138647971055661e+02 -1.874173000173801142e+02 -1.674996898024852499e+02 -2.063146320241135925e+02 -1.876138637933995597e+02 -1.875646918347556209e+02 -3.254187091409713162e+01 -1.344936227543236207e+01 -1.943915102517814830e+02 -1.680034504486063724e+02 -1.761874077541084915e+01 -1.166795309246042578e+01 -1.883770690534431083e+02
-4.043408874577458789e+00 -2.002083574297988378e+01 -1.876946246894846482e+01 -8.109707527815915640e+00 -1.213598502210982666e+01 -1.816509582604948037e+01 -1.879133489391149681e+01 -1.766901727769954178e+01 -1.246026621027287540e+01 -7.441034830573809877e+00 -1.275530943763703284e+01 -5.084858346146627461e+00 -1.019906919114772492e+01 -1.879133489391149681e+01 -1.605526529462492391e+01 -1.694351836931063460e+01 -1.746107253687185334e+01 -1.856005625026961781e+01 -2.323284904503058712e+01 -1.342819529923508348e+01 -1.183034314300552126e+01 -1.642914158247121748e+02 -1.334385994422812516e+01 -1.174229541649250486e+01 -1.074174857322510590e+01 -5.643859175060275568e+00 -9.316572110368115389e+00 -1.130943823368714440e+01 -1.366330717904131298e+01 -1.534623694253558845e+01 -1.403673577930877947e+01 -7.358639070766709267e+01 -6.775385772853822175e+01 -7.237921088466615060e+01 -7.807522022896861813e+01 -8.084937957685804122e+01 -1.651475525214890752e+02 -1.658241681531915219e+02 -1.658795284789762832e+02 -3.445684586052414744e+01 -3.342493418522957427e+01 -1.641533300658628605e+02 -7.680114462850021084e+01 -2.073178689459324531e+01 -1.794477856693329159e+02 -6.694225032544646581e+01 -7.440551676597459618e+01 -4.477809728701129899e+01 -7.455046619258406793e+01 -1.758207619117116849e+02 -7.727915126396997891e+01 -7.163715581938409116e+01 -1.741754434969866452e+02 -4.368058698925706551e+01 -7.522360686751031267e+01 -1.729293261389533995e+02 -1.787681224045228703e+02 -1.641616823789665887e+02 -8.096158706954828688e+01 -1.688922741826808931e+02 -1.749525570739930913e+02 -1.743109892720921437e+02 -1.754311923421393544e+02 -2.078097492446035801e+02 -1.662965048440808573e+02 -1.576265640395570422e+01 -1.560262206920007699e+01 -1.182002472916118130e+01 -2.056533187465818742e+02 -8.219097111046117732e+01 -2.071564305467071279e+02 -1.878545452103971343e+02 -1.878408478641693193e+02 -1.896106478390511541e+02 -1.915350729712174314e+02 -8.169165484195841032e+01 -5.091969789461249718e+01 -1.870606642272848319e+02 -7.789940941876643876e+01 -1.663372937355041756e+02 -1.947713508983998452e+02 -1.890020301019807789e+02 -1.879274417951810392e+02 -1.118910817314045580e+01 -1.994385854205852411e+02 -2.044941312226857519e+02 -1.900540958562221192e+02 -1.743663315784578458e+02 -1.997046254582955669e+02 -2.064221475578063547e+01 -1.731661767462313861e+01 -1.882906632893067354e+02 -8.367771288263494966e+01 -1.891460894576372596e+02 -1.673011567165286806e+02 -1.882318506056294041e+02 -4.760180217965149119e+00 -1.885288977919091451e+02 -1.880957802579193014e+02 -1.881436740187041039e+02
-1.539071560510476466e+01 -9.967819126604286595e+00 -1.347603011565653119e+01 -1.101777790519735767e+01 -9.306602374968042213e+00 -1.417604557794082076e+01 -1.496257150251755164e+01 -1.242968460752472204e+01 -1.143412236817176719e+01 -1.637061346031178743e+01 -1.316100076707183142e+01 -2.058610935271236642e+01 -1.427248380262368599e+01 -1.779930370792210326e+01 -1.992331062810095688e+01 -1.462513166075295779e+01 -1.800754162498213873e+01 -1.665032149135559791e+01 -1.619611781058967281e+01 -1.260520430694237781e+01 -1.049668067642716274e+01 -1.765885815883591192e+01 -1.303077574803768712e+01 -1.726073153452288267e+01 -1.145247920760848892e+01 -2.112286813410586106e+01 -1.545975728987762388e+01 -1.863320429213734997e+01 -2.259080461127533113e+01 -1.542289673834754637e+01 -1.966237432459795542e+01 -2.079256563948680281e+01 -1.769573057335498589e+01 -2.260644041081623357e+01 -1.868573374120894925e+01 -2.182260799943130536e+01 -2.187167141176745488e+01 -1.815919918860803861e+01 -2.219018015005378430e+01 -2.334966929347489639e+01 -2.390970406652649061e+01 -2.221913381463631154e+01 -2.291081034531867644e+01 -2.110910849071035145e+01 -2.403592330995754622e+01 -2.291241291131301949e+01 -2.325320163401775986e+01 -2.182157812937076713e+01 -2.249507926079660436e+01 -2.354880030083062437e+01 -2.292615356832657625e+01 -2.387859952025187482e+01 -2.244645497014101210e+01 -2.153233886416354181e+01 -2.288238066250729119e+01 -2.305673245973376240e+01 -1.845533385455171427e+01 -2.352596987798191108e+01 -2.428053331358398026e+01 -2.351777647106747438e+01 -2.433766137792681050e+01 -1.942617028284262659e+01 -2.267754073554544547e+01 -2.122776541241471548e+01 -1.909992284604217616e+01 -2.370694936853484691e+01 -2.236178528420970224e+01 -2.331685284222425381e+01 -2.152270228259330764e+01 -2.387830063579262685e+01 -2.164609130985058627e+01 -2.444994616278728472e+01 -2.379490454132413291e+01 -1.985643422266588942e+01 -2.208260827191671183e+01 -2.460436071858096696e+01 -1.717632109832275944e+01 -2.246669339386538056e+01 -2.414259675903715774e+01 -2.198467033548426386e+01 -2.274485994575265480e+01 -2.111795015374381634e+01 -2.411329310614714316e+01 -2.333264153874532454e+01 -2.578229495189804510e+01 -2.027718828061787804e+01 -2.223923721175061274e+01 -2.107953842003044542e+01 -2.412691553924990373e+01 -1.841501698094868900e+01 -2.546588751086467894e+01 -2.290372055244527871e+01 -1.965671302224615502e+01 -1.887020857188721124e+01 -2.184660641979103346e+01 -1.911119812932547291e+01 -1.845862613320223033e+01 -2.172523706406085608e+01 -2.243480995839344416e+01 -1.155151869241620943e+01
-5.211810137880021898e+00 -1.261857630695188881e+01 -9.045741618525214633e+00 -3.952132413542367217e+00 -1.381801447076228584e+01 -2.177897767710998522e+01 -2.847389866284782300e+01 -2.039692345568567688e+01 -2.181483055424596174e+01 -1.908281035802570003e+01 -1.753172001822954229e+01 -2.214983106087581533e+01 -1.536565175803351835e+01 -2.180661858689191845e+01 -2.532541693477445222e+01 -2.147254191281215085e+01 -3.882433220358836934e+01 -1.014392931045509449e+01 -1.057896296841679096e+01 -1.611335826500615909e+01 -1.165750879966167020e+01 -2.413244545814838204e+01 -1.913083645677533440e+01 -1.706126611261662518e+01 -1.595515673321584060e+01 -2.086374897143628715e+01 -2.468891610837764006e+01 -1.365475699170047896e+01 -2.712075741584117239e+01 -1.679267959402946175e+01 -9.849974148647159922e+00 -1.779245437867764323e+01 -1.957589764181975056e+01 -1.988643529919493957e+01 -1.184908358975838816e+01 -2.008613675783809072e+01 -1.413074048007209171e+01 -1.775791576946189210e+01 -1.923456548619255457e+01 -2.005947981290329096e+01 -2.522704430656606434e+01 -1.602910215784968884e+01 -2.284329136364305413e+01 -1.645979854312185608e+01 -1.326760589183371764e+01 -1.325641418372031133e+01 -1.654218043594348231e+01 -2.509137976173266438e+01 -3.772023820678981565e+01 -1.940121990021524212e+01 -2.360880925605325587e+01 -2.423151730311505503e+01 -2.196283797735711474e+01 -4.280598338328636032e+01 -7.778545267603556113e+01 -1.312593136347545730e+01 -7.778545267603556113e+01 -1.869531418619720142e+01 -1.062163262923511731e+01 -1.353751910058583618e+01 -2.863277740876441158e+01 -2.093779305295088378e+01 -2.175577322184924611e+01 -2.299128540182143254e+01 -2.211974541385905368e+01 -3.450550975711636426e+01 -3.233393904862894175e+01 -2.030102312307127121e+01 -2.410717550114679142e+01 -2.037230576443394270e+01 -1.299869905502281142e+01 -1.835731278276381673e+01 -1.659790926599042962e+02 -1.085827522199364381e+01 -1.175382751774614576e+01 -2.116728903637775261e+01 -5.747425112679549919e+00 -8.720737562051830594e+00 -3.055432708626829452e+01 -2.092757921711088542e+01 -7.141937747049088614e+01 -4.279501682154723596e+01 -6.982785755524463411e+01 -7.115930968785558264e+01 -1.884671267192405821e+02 -1.642663986724755887e+02 -6.599605101040266675e+01 -7.574785345328565711e+01 -1.226947605922890894e+01 -1.659790147989644424e+02 -1.648995339901664465e+02 -3.185531522861603193e+01 -1.813793076495353063e+01 -1.820797531865619945e+01 -1.877840819619534329e+01 -1.846637756599491098e+01 -1.534623694253558845e+01 -1.161483548981198766e+01 -4.305245609986886990e+00 -1.509402966561504833e+01
-2.382473098394200850e+00 -3.124366438624416542e+00 -3.649322448395182494e+00 -3.012748393309257366e+00 -1.351392763395337759e+01 -2.486860331170812799e+01 -1.420048075201313331e+01 -2.059903919134056949e+01 -1.171327638856438647e+01 -2.209842627105214419e+01 -1.653873847749903447e+01 -2.271581301752781101e+01 -1.674561019719623900e+01 -9.299693373263284712e+00 -1.231580170673553987e+01 -1.347517994060283186e+01 -1.183752516141664124e+01 -7.858435491234993719e+01 -2.221046035576634381e+01 -1.186211071830916985e+01 -1.491794391601114533e+01 -4.328494939751604420e+01 -9.125689550743729228e+00 -1.256153365945699107e+01 -1.745235159422070126e+01 -2.651106663716218037e+01 -2.045443623083401619e+01 -6.994914047286640368e+01 -1.622248382562564117e+01 -3.123363116585355925e+01 -1.676393007789078382e+01 -7.379538043514101275e+01 -1.769067602716978342e+02 -3.356212522802131115e+00 -1.076430139351032800e+01 -6.331990066572092068e+00 -1.366408104021874514e+01 -2.216859702153922029e+01 -4.031511971984915732e+00 -1.734805402961677601e+01 -1.130256746614631069e+01 -1.129978078157638066e+01 -1.467506121094524119e+01 -1.244501091429652107e+01 -5.343242625005783175e+00 -9.521003614161744011e+00 -7.611410961553764842e+00 -1.489488718992796734e+01 -1.439319432655904585e+01 -1.133659613733411931e+01 -1.448473272953333257e+01 -2.310847333621476452e+01 -1.740542276359946072e+01 -1.312175639656587123e+01 -2.099272495304343522e+01 -2.007481549314442049e+01 -7.829598458995518762e+00 -1.039098716948794987e+01 -6.805980237213919537e+00 -3.606055557511439957e+01 -1.380490298259226201e+01 -1.761431598665539866e+01 -3.825583977569345873e+00 -1.796803831953969777e+01 -8.129497886551459374e+01 -1.467677854110167956e+01 -3.636757079220453903e+01 -6.444575580311896701e+00 -1.765243126927886124e+02 -8.049628379437669423e+01 -1.609026340821214163e+01 -2.043971208655456451e+01 -1.931472868979084723e+01 -3.871808590222885726e+01 -1.651654279299761541e+01 -5.319460259818402648e+00 -4.346596103160843683e+01 -1.110196183012050675e+01 -4.322907550434713642e+01 -1.534623694253558845e+01 -1.767247833163234532e+02 -3.926970260565725290e+00 -7.840288572942213818e+00 -1.645075539224757932e+01 -1.630069441551357556e+01 -2.224458355348467364e+00 -2.003833154888765193e+02 -6.129488136484468441e+00 -7.702490480407016449e+00 -1.674801899481105139e+01 -1.768515737603837579e+02 -4.329884832207982726e+01 -1.868666640838163175e+02 -7.557864349553727834e+01 -1.647648666036127096e+01 -8.273987934687967893e+00 -5.698103335544739245e+00 -1.406435220652489448e+01 -9.668476383509776895e+00 -1.781089161948441202e+01
-1.231553255865350316e+01 -1.131647438352479185e+01 -1.165961062285030536e+01 -3.190737918692874153e+00 -1.578369955284832038e+01 -1.389560313947179004e+01 -1.201359334788420341e+01 -1.455730696820833003e+01 -1.468255798623833996e+01 -1.609713959588252408e+01 -1.806657302116941466e+01 -1.950996246986450089e+01 -1.153352843681285300e+01 -2.107364832863676796e+01 -1.213962278572297748e+01 -1.511841140248808202e+01 -2.208713245965068950e+01 -1.931034568093362935e+01 -1.675889153345166704e+01 -2.033179193983140465e+01 -7.174869622616711240e+01 -1.103978947380392306e+01 -8.946741763572244821e+00 -1.453289563545545882e+01 -2.161555439572330783e+01 -4.088424897710658712e+01 -2.018379847957611162e+01 -5.745902562545632364e+00 -1.174702759304073929e+01 -1.443710847398427610e+01 -1.508246802207120751e+01 -9.599708646162325110e+00 -2.218860306260482318e+01 -1.970193975912450668e+01 -5.048929213840614771e+00 -1.573533358166431384e+01 -1.960128009569458385e+01 -1.952338867456693094e+01 -1.546887224862491195e+01 -1.580183842168333541e+01 -4.413277309294612927e+00 -1.457548172930958330e+01 -1.870061697921630994e+01 -1.908696085405115284e+01 -7.921760954300126834e+00 -1.956141006863858678e+01 -1.952435332202781026e+01 -1.794919870521911420e+01 -1.879099196383865689e+01 -1.460485643434254399e+01 -2.082649987154923821e+01 -1.566931511746006045e+01 -1.749811012316508396e+01 -1.886892126444770312e+01 -2.018933986021861315e+01 -1.535529057693217148e+01 -9.778005737759785987e+00 -1.976897867129091679e+01 -1.988877178280940683e+01 -1.816357902650437239e+01 -1.850080212954940251e+01 -1.291571613179820233e+01 -9.048889287210126753e+00 -1.700201184339211835e+01 -1.366027957149052519e+01 -1.573947582662965061e+01 -1.628408798226740117e+01 -1.346510389007162622e+01 -2.298603102809714471e+01 -1.738779314295798528e+01 -2.418540299591362697e+01 -1.470560463509170113e+01 -2.306725049583135601e+01 -1.314111856674694323e+01 -1.353552801581404808e+01 -1.719940163346221595e+01 -1.760216294140536419e+01 -2.329717954129007751e+01 -1.846162879644881372e+01 -1.197722673607190025e+01 -1.203879413622438577e+01 -2.062805805895122901e+01 -2.379409873180286183e+01 -2.288129828701432089e+01 -1.077598037299077660e+01 -2.332203684778891528e+01 -1.606321645074498861e+01 -2.271579990974005270e+01 -2.159115238783336110e+01 -2.389320516260187688e+01 -2.278368308976654433e+01 -1.692712564292062538e+01 -2.733282421775405879e+01 -1.680992040283751265e+01 -1.325507435414382762e+01 -1.543857930647999765e+01 -2.349742250412154476e+01 -2.330802385378523311e+01 -2.171887271762046012e+01 -1.707755840200176678e+01
-1.337719853194342789e+01 -5.296004679281757888e+00 -1.606902724881572908e+01 -1.814088478252631731e+01 -3.984260016729011866e+00 -1.326118630891446948e+01 -1.497464943819425898e+01 -4.022970068178371328e+00 -1.384425499267497450e+01 -1.874349378775912811e+01 -1.811275753285507761e+01 -1.323382998479707418e+01 -1.347701497074830357e+01 -1.681058455316224709e+01 -1.854801503288141262e+01 -1.854033352430398907e+01 -1.006576944698961995e+01 -1.856005625026961781e+01 -1.341042706523959716e+01 -1.283265325004558299e+01 -2.253827486113560497e+01 -2.293294466071737858e+01 -2.189327040808090530e+01 -2.192928957019742953e+01 -2.320437231108034126e+01 -2.264982817163735263e+01 -1.891798189802419117e+01 -2.332679677616144431e+01 -2.208712569597433273e+01 -2.253041923749600883e+01 -2.310643333997694526e+01 -2.311696196790634517e+01 -2.384678773911326743e+01 -2.573859928252220897e+01 -2.429153452784730760e+01 -1.961384373850228968e+01 -1.544513389121189029e+01 -1.023356233884435973e+01 -1.200155542320546864e+01 -1.534623694253558845e+01 -1.511370994699792192e+01 -1.145546287037025834e+01 -3.239166134947804920e+01 -2.301164652141055811e+01 -1.263747051796939402e+01 -3.477610424303497183e+01 -1.831189639605671715e+01 -1.995957251306024105e+01 -1.972650229400326793e+01 -1.287407787592325370e+01 -1.725367470862721575e+01 -1.377758615896389394e+01 -2.323536467016923623e+01 -2.264815091693026972e+01 -1.374144052811116090e+01 -1.859234087187682505e+01 -2.567820012884594405e+01 -2.509029545676668604e+01 -3.067207896548607948e+01 -1.657617823938858592e+01 -1.861897846446868598e+01 -2.494249127188967918e+01 -1.947539600851537500e+01 -7.583874471722605648e+00 -2.552031366270835377e+01 -1.875411719756112205e+01 -2.390811704078166144e+01 -2.820790877848288503e+01 -1.318901193312438913e+01 -2.226027000260671684e+01 -2.414278766227363704e+01 -1.553836729969874142e+01 -1.808908888420173966e+01 -1.950501873594073743e+01 -1.963259250462450822e+01 -8.757210939936030059e+00 -2.337951121010940625e+01 -2.494249127188967918e+01 -2.481049274363373414e+01 -1.270467833379905898e+01 -2.494249127188967918e+01 -2.259690792382126645e+01 -1.827233070444759022e+01 -1.899162546082335368e+01 -1.850901406578121922e+01 -2.493184920357677115e+01 -2.062222408858699296e+01 -2.271689941318678052e+01 -1.276672111253450481e+01 -2.209795487692027294e+01 -2.488997569209478300e+01 -1.851440782397797591e+01 -2.489248203587835562e+01 -1.880029757836225457e+01 -2.488997569209478300e+01 -1.463785064721334450e+01 -2.057421725405302837e+01 -1.309248550133007427e+01 -2.686914801069698910e+01 -2.470025718669637982e+01
-1.834982414274940510e+01 -7.972271415086749968e+00 -3.690627161459913985e+00 -1.366661948096162149e+01 -2.217232818712126274e+01 -2.546888658287085505e+01 -2.310848230197376552e+01 -2.177576195755743171e+01 -1.914119106002009119e+01 -2.420254481100988286e+01 -1.856005625026961781e+01 -2.205879996985803970e+01 -2.140903275876165424e+01 -1.876397079826288561e+01 -2.299877903575692528e+01 -2.193698447052925005e+01 -1.512100586441437855e+01 -2.315587280731518049e+01 -7.759662202773960793e+00 -2.212185504606811293e+01 -2.098224867392452353e+01 -1.534623694253558845e+01 -1.184047447540668863e+01 -2.210890379179216580e+01 -2.357484253531409024e+01 -2.451663129085374848e+01 -1.902163082608558753e+01 -2.212986058172644377e+01 -2.300851885937281693e+01 -1.566777441438695107e+01 -1.905812785710482515e+01 -1.535867388996951810e+01 -1.858509097478548355e+01 -1.062074908081833868e+01 -1.879133489391149681e+01 -2.314760657753543427e+01 -1.470465637454321062e+01 -2.310643333997694526e+01 -2.310848230197376552e+01 -2.310848230197376552e+01 -2.310848230197376552e+01 -2.211426035691278713e+01 -2.333434066312370447e+01 -2.353629095804284077e+01 -1.986653313615916616e+01 -2.283533966566529827e+01 -1.333965199006072844e+01 -2.410171673175661411e+01 -2.553572225798395934e+01 -2.252642122528353141e+01 -1.369009578393268711e+01 -2.202000146853928086e+01 -3.810284509287852117e+00 -2.579937795483376561e+01 -2.558562186718101117e+01 -2.341913130755608563e+01 -1.367679919419622436e+01 -1.664582486240395554e+01 -1.345417086307154975e+01 -1.530010760430955230e+01 -4.211684227866229868e+00 -1.694377531440430573e+01 -7.554585986948646692e+00 -1.878266539317441897e+01 -1.305776374972867515e+01 -2.704425011029339032e+01 -2.638380563513389276e+01 -2.358688434300694325e+01 -2.623943518899895366e+01 -2.389161957799267810e+01 -2.443674449423579986e+01 -2.348113901149911342e+01 -2.718365103634292979e+01 -2.650615613064902831e+01 -1.326867478388242105e+01 -2.114180833994621267e+01 -2.513751513702786156e+01 -1.896209793777551411e+01 -2.746687404177487934e+01 -2.397768780854019965e+01 -1.265345139458030488e+01 -2.549029653356647174e+01 -2.523306953001272390e+01 -2.622487802394867629e+01 -2.309990581604694881e+01 -2.145505019214243347e+01 -1.625918708806844037e+01 -2.001331342101647692e+01 -1.553566307088985354e+01 -2.642175347849835987e+01 -2.657551367477885407e+01 -2.544846635870754881e+01 -2.246921796319142928e+01 -2.654063238173888806e+01 -1.553149898584378619e+01 -1.220352562311887645e+01 -1.227849754059545972e+01 -2.211949966950857771e+01 -1.803206332408702295e+01 -1.034065230651703082e+01
-1.571058599089039198e+01 -1.223829593467609378e+01 -6.589136616172462269e+00 -9.040740286562202854e+00 -1.578092979824704933e+01 -1.578708010908255410e+01 -2.203759027745573817e+01 -2.468326769983052671e+01 -2.263337368294069307e+01 -1.818822472153937042e+01 -2.210077563760588149e+01 -2.103441750612540417e+01 -2.437186818011603151e+01 -2.392138758620033201e+01 -2.003624243116209058e+01 -2.058761550177309374e+01 -2.348937228079680040e+01 -2.490318507900153122e+01 -2.211507175916511869e+01 -2.474938903160080983e+01 -2.402548445509946262e+01 -2.266699428572865571e+01 -2.497367777525391119e+01 -2.669482138634334589e+01 -2.094008667215375397e+01 -2.263286445020494497e+01 -2.398322289661225071e+01 -2.151490715884005667e+01 -2.912423074767849229e+01 -1.603148270823175636e+01 -2.445038171444067032e+01 -1.549930098466264106e+01 -2.738448271118231858e+01 -1.917369000960497161e+01 -2.987346815518177578e+01 -2.337544968936200007e+01 -1.220913746325716076e+01 -1.558545255163435073e+01 -2.486738752604853886e+01 -2.599570995871863843e+01 -2.318178038743914726e+01 -2.426368831722923147e+01 -8.049212482542603198e+01 -1.923846844324896566e+01 -1.103486826047631197e+01 -1.174130125525307733e+01 -2.241873765730260004e+01 -1.597648195220559231e+01 -1.397848398657861857e+01 -1.368956151844393077e+01 -1.583179961663463864e+01 -9.915960093999730773e+00 -4.870984452031110301e+00 -1.349986817932398253e+01 -5.155072344430264408e+00 -1.372912262182060772e+01 -2.067088696321292218e+01 -2.134948460042109630e+01 -4.265690216275253022e+01 -1.816026191513680317e+02 -5.200913075373407857e+00 -1.128714740196936717e+01 -9.749816841873313322e+00 -4.676092497772399881e+00 -7.035447810850694594e+00 -1.723442995524984411e+01 -4.820960527241402005e+00 -6.703831112751374555e+00 -4.086820388845471541e+01 -1.246082412858119959e+01 -1.610942441685890003e+01 -1.561762528744481671e+01 -1.565675591116363563e+01 -3.610876292026049583e+01 -8.924693845122669700e+01 -4.742613253495321146e+01 -4.156996609478127169e+01 -6.505883319816408772e+00 -2.384957728093310081e+01 -1.449502506345629804e+01 -5.832304098525551694e+01 -1.781074272925510513e+02 -7.914089119132958672e+01 -4.132887708714083175e+01 -1.705307364553546563e+02 -2.022132535216819704e+01 -1.474589661142216990e+01 -4.301032872723931888e+01 -5.437230988328486347e+01 -4.833762204636030901e+01 -7.850478781792074479e+00 -1.877798385806131591e+02 -1.346623641588042375e+01 -1.453981346436691702e+01 -1.872208275349531803e+01 -6.440350117232985383e+01 -4.394057600832145027e+00 -5.167971745733558997e+00 -1.101141837749928598e+01 -1.672371551163622883e+02
-4.207610034503516339e+00 -1.404724503488847809e+01 -4.513934328176100408e+00 -3.979134172326808550e+00 -9.322439669387426520e+00 -3.788273127621992753e+00 -6.286601046305772655e+00 -8.791433499585819433e+00 -5.675889262824908243e+00 -1.551134481787209474e+01 -1.904844388640893982e+01 -1.561343576585991677e+01 -1.554868541908108881e+01 -1.517815180592704749e+01 -1.756482840720676819e+01 -2.356321116690580908e+01 -2.353629095804284077e+01 -2.310848230197376552e+01 -2.212267066226302248e+01 -1.878991572352176931e+01 -1.204493229038714297e+01 -2.341913130755608563e+01 -2.734625112513489498e+01 -2.262760427781811856e+01 -2.502751813016888605e+01 -2.903773140088979687e+01 -1.605246700835669316e+01 -2.086745480982144230e+01 -2.494499912939971509e+01 -2.339191287142789477e+01 -4.217120473763359634e+00 -2.542456166213977298e+01 -1.860357479833078642e+01 -2.118168728185596805e+01 -9.443931622988175789e+00 -1.902108054067989684e+01 -1.209844714927875664e+01 -2.091124005182838630e+01 -1.338604430364380704e+01 -8.661127889587973527e+00 -2.212185504606811293e+01 -2.310848230197376552e+01 -1.190073544927239624e+01 -1.713088307718908254e+01 -1.730735782079946361e+01 -2.310848230197376552e+01 -2.310848230197376552e+01 -2.310848230197376552e+01 -2.211507175916511869e+01 -1.561177282150925905e+01 -2.310848230197376552e+01 -2.508906614574407712e+01 -2.506149349013060856e+01 -2.212185504606811293e+01 -2.212185504606811293e+01 -2.310848230197376552e+01 -9.004482977862142690e+00 -2.278553102658770158e+01 -1.348196912754923105e+01 -2.362689015933305825e+01 -1.928220138317132637e+01 -2.475308219463283876e+01 -1.184169795833519423e+01 -1.889309849267539221e+01 -2.310046940117268122e+01 -2.261213217128684150e+01 -2.181733198082346092e+01 -1.381949961822467898e+01 -2.275421295686903278e+01 -2.251162797439790353e+01 -2.588521081621145470e+01 -1.331629445361077302e+01 -1.083976898117804843e+01 -2.066909668594596283e+01 -1.202202940825180377e+01 -2.245588137289257347e+01 -1.869052078121601568e+01 -1.375449572970398648e+01 -2.471979643573766339e+01 -1.133367125524053876e+01 -1.381785223895990633e+01 -1.740391003823614824e+01 -1.910724067597579676e+02 -2.067164458386258730e+01 -1.598289310711336952e+01 -1.889264075941844112e+01 -5.952768109464740220e+00 -1.901514861879854124e+01 -1.572257426468676123e+01 -5.185743126048236284e+00 -1.849399304032890257e+01 -1.881098651574832559e+01 -1.936481999936364318e+01 -1.916464334973735362e+01 -1.762732085164695306e+01 -1.257784466672698187e+01 -1.649411975410032838e+01 -1.453922435346471964e+01 -2.448457810057994877e+01 -8.840224882205941270e+00
-1.363427313913154570e+01 -1.253927936126517650e+01 -1.132386344854958438e+01 -3.041235405233870814e+00 -1.539015070410134456e+01 -4.730613850979811907e+00 -1.602293823744405898e+01 -1.133858082787427080e+01 -1.411285819299318511e+01 -2.290340769419280775e+01 -1.880206653599944744e+01 -6.913059635230480282e+00 -2.225598269096249382e+01 -2.264767062953540844e+01 -1.797769133800078833e+01 -1.826769667621952919e+01 -2.146327111498317919e+01 -1.346076897592812927e+01 -2.280872461252701200e+01 -2.287981521783212813e+01 -2.240634939276050019e+01 -1.661620162069294793e+01 -2.120043289746449133e+01 -2.285044475515410767e+01 -1.918967793817224532e+01 -1.585930370425097458e+01 -2.341325540987505605e+01 -2.079151431324261523e+01 -2.359650529169372746e+01 -2.169943451479219831e+01 -1.243135978300964162e+01 -1.407464663210470412e+01 -2.036373747691657954e+01 -2.542362763519201962e+01 -2.051691670257774547e+01 -2.262466305878742645e+01 -1.972703306241462684e+01 -2.193946853955222664e+01 -2.335681516060844132e+01 -2.191993705890061861e+01 -2.301937333570651489e+01 -2.308531358031858716e+01 -1.443764991796509456e+01 -2.175130332977742142e+01 -2.300972932317000641e+01 -2.592634465817310740e+01 -2.153065490282169847e+01 -1.981994165634958449e+01 -2.333373535926489595e+01 -1.170610424825435913e+01 -1.884230821896931829e+01 -1.883160636786019282e+01 -1.879133489391149681e+01 -1.654639227470299545e+01 -1.388856199976606298e+01 -2.661795698750281147e+01 -1.643418772530264249e+01 -2.332299895919670618e+01 -1.901066408474957470e+01 -2.278400088850667515e+01 -2.324630204413799461e+01 -1.452945077932585782e+01 -2.208058812685820271e+01 -2.522048812625953218e+01 -2.283586332534442676e+01 -3.735345026098122645e+01 -1.345587148542658440e+01 -4.450841259746059109e+01 -1.589841055975527695e+01 -2.333389438975391883e+01 -2.526505895355546372e+01 -6.369303210650904212e+00 -9.604954834769044325e+00 -1.516264809706384042e+01 -2.603067183737196899e+01 -1.501997163163214033e+01 -1.609474722655755841e+01 -1.163279893405589860e+01 -1.534623694253558845e+01 -2.488997569209478300e+01 -1.735353029003804082e+01 -1.785027105776575596e+01 -1.715855951200221696e+01 -1.952026346532775491e+01 -3.025492468619826880e+01 -2.006177931830534433e+01 -2.454752656605509742e+01 -1.052702923451901107e+01 -7.795209077178590462e+01 -1.697739068729642398e+01 -4.280817703640241945e+01 -2.553946810150984703e+01 -2.148189204829880694e+01 -1.854375916237491850e+01 -1.733127646195549971e+02 -8.453811080734961791e+00 -3.747710517997627999e+00 -1.362400870398842656e+01 -1.755247731669761606e+02 -1.153749156601197967e+01
-2.531506102174936146e+01 -8.345187983384240837e+00 -1.320193283008079099e+01 -1.756756440909030914e+01 -2.479434856254398056e+01 -2.159577410055540980e+01 -2.259110679883635342e+01 -2.147889463651505082e+01 -2.285935045129699361e+01 -2.315587280731518049e+01 -2.120387353113545359e+01 -1.490745612442076151e+01 -2.388469646325732398e+01 -2.100675412632540784e+01 -2.467171127959725041e+01 -2.352438071234904626e+01 -2.154532790655686370e+01 -2.448457810057994877e+01 -2.213992317857524128e+01 -2.446149829923639984e+01 -2.481658853347030913e+01 -1.534623694253558845e+01 -3.512013350628494734e+00 -2.477980936125486622e+01 -1.800271965531472773e+01 -2.458046810968652451e+01 -2.340911977985982517e+01 -2.348207708180920150e+01 -1.338604430364380704e+01 -2.302027768293230281e+01 -2.216150500728018713e+01 -2.588982748928892264e+01 -2.043889378732935924e+01 -1.568757710024002527e+01 -1.820896286950982912e+01 -2.212185504606811293e+01 -2.557967385520746717e+01 -2.211507175916511869e+01 -2.557069284137267218e+01 -2.557567200037443200e+01 -2.509048853656681288e+01 -2.495644164183971014e+01 -2.530144225909857170e+01 -1.757841466248605400e+01 -2.456529003140703082e+01 -2.424441534651160168e+01 -2.397790518320214304e+01 -1.376339707936834067e+01 -2.127223528185396617e+01 -2.489516520617265627e+01 -2.602766060121815173e+01 -2.454309000873436375e+01 -2.310848230197376552e+01 -2.083856745589839221e+01 -2.338239132210552995e+01 -2.304834283904143533e+01 -2.488255026896644040e+01 -2.448836655407129115e+01 -2.528033357550931015e+01 -1.769829118097820597e+01 -2.541931141068716116e+01 -1.519788186242723960e+01 -2.610373021253242243e+01 -1.896552331011067594e+01 -2.756251015288382433e+01 -2.326294844211852464e+01 -1.889309849267539221e+01 -1.960741964106715329e+01 -2.086870037813078937e+01 -2.206464994576985106e+01 -1.611728141729826902e+01 -1.843161463321541405e+01 -1.549786265867874135e+01 -2.223669058015499189e+01 -2.619592051873467042e+01 -2.548507910532435261e+01 -2.482638080394616864e+01 -2.565425462417949731e+01 -1.745759660816841219e+01 -1.502884526798287013e+01 -1.556710453491233359e+01 -2.550548820784343107e+01 -2.693706265106644793e+01 -1.140690349980748763e+01 -1.885846465226142499e+01 -2.647088406079558354e+01 -2.589167685259646490e+01 -1.879931218306822416e+01 -2.334530703460782064e+01 -2.084129068850066346e+01 -2.265703018845827543e+01 -2.342256160014282074e+01 -2.164063909625796001e+01 -2.460954993513126965e+01 -2.575261888043373659e+01 -1.712807411922986844e+01 -1.844273236762975188e+01 -1.800997503629468355e+01 -2.422300493999696513e+01 -2.520092178082571266e+01
-1.355550354609651009e+01 -1.285024144776972577e+01 -1.349159420990742042e+01 -5.130476761051742329e+00 -1.349709534186523108e+01 -1.184047447540668863e+01 -1.267795962069761728e+01 -1.365345792373488187e+01 -1.450335864640246797e+01 -1.470569722039339489e+01 -1.467306331960691246e+01 -1.512820668032680693e+01 -1.824172107905418017e+01 -1.370730875929840487e+01 -2.358147544209307611e+01 -1.459609988193182595e+01 -2.804770811122406471e+01 -2.233453272728593220e+01 -1.055853045566920301e+01 -1.622746231866975108e+01 -2.033079107235488436e+01 -1.176600084474333130e+01 -2.078552533503338395e+01 -2.077322400008996794e+01 -2.360092186239950607e+01 -2.248717541633195438e+01 -2.286873012696574037e+01 -1.443798597706023124e+01 -7.582872013106177178e+01 -6.725647308582487049e+00 -9.981348475488383443e+00 -8.075690620130783870e+00 -4.295326885588719534e+01 -1.343405418260604023e+01 -1.188910086516371578e+01 -1.374620798805223387e+01 -1.756895055169062303e+01 -2.070858029423337499e+01 -1.768721721421121629e+01 -1.995344731942030236e+01 -1.076255827897022854e+01 -1.331978540854015947e+01 -1.415191790856431275e+01 -2.173136046857416304e+01 -1.599392670362106905e+01 -1.402807451868230437e+01 -1.984814005588980734e+01 -2.200808874542559934e+01 -7.790587723033148393e+01 -1.916093503323439222e+02 -2.497188776957441902e+01 -2.355652576848709145e+01 -1.594997485347807498e+01 -1.784709247243119634e+01 -2.672630990257557571e+01 -2.517875778731774616e+01 -2.220080798040087089e+01 -2.258013569405316545e+01 -2.347858586687944182e+01 -2.182091098171936849e+01 -2.093890278887134926e+01 -2.720482217863937535e+01 -2.119763119273153862e+01 -2.303670433979591436e+01 -1.425571904836805182e+01 -2.045731803982866737e+01 -2.208426818248516454e+01 -1.220505741072873640e+01 -1.529616691252319427e+01 -1.947796017100220212e+01 -1.257038537280018531e+01 -1.462310781748206701e+01 -8.827832171988362120e+01 -1.835156418027968783e+01 -1.945291126811223847e+01 -2.798856500406765235e+01 -8.797997896799731166e+01 -1.259222824629629400e+01 -2.100701907617983366e+01 -2.544168859608238620e+01 -1.304955042819286781e+01 -2.107198121011625602e+01 -1.609474722655755841e+01 -2.101891762716818590e+01 -2.112842795991783618e+01 -1.882839777303355788e+01 -2.094851180570006477e+01 -1.256317540807053490e+01 -1.340601346699810570e+01 -2.112646908005739732e+01 -2.107198121011625602e+01 -2.179974827910232094e+01 -1.303028678357331316e+01 -2.016246374416222764e+01 -2.073536824360981257e+01 -1.553283106868948416e+01 -2.024243606493324421e+01 -2.310848230197376552e+01 -1.612273044078312267e+01 -2.310130915990508171e+01
-1.208299522954279936e+01 -8.373296192794867920e+00 -1.884213911058299118e+01 -1.861304479770876696e+01 -1.408277234250147991e+01 -1.264216391765474867e+01 -1.934206755292547442e+01 -1.149939218349626735e+01 -1.750059470649643600e+01 -2.145263186903348185e+01 -2.310848230197376552e+01 -2.310848230197376552e+01 -2.240050673117119118e+01 -9.910544983636352612e+00 -2.310848230197376552e+01 -1.879133489391149681e+01 -2.310848230197376552e+01 -2.310848230197376552e+01 -2.310848230197376552e+01 -2.224357108472535671e+01 -2.310848230197376552e+01 -2.310848230197376552e+01 -2.310848230197376552e+01 -2.260565219860307096e+01 -2.306908765299973041e+01 -2.271366010947057745e+01 -2.495989044044569738e+01 -1.839689705243358020e+01 -2.490660770744242569e+01 -1.906416736759131680e+01 -2.618553666701971139e+01 -2.394885470157349516e+01 -2.401081102279914248e+01 -2.199447927630484756e+01 -1.368123637168292817e+01 -2.262378074263634886e+01 -1.767374250069920194e+01 -2.406593824092649569e+01 -2.465585342124417778e+01 -1.143450827894712596e+01 -2.775881395130153706e+01 -2.283402864074863459e+01 -1.842003232555478576e+01 -1.495586347103012947e+01 -2.586379305726461908e+01 -2.747216094294197930e+01 -2.574803959969120726e+01 -1.802834907736507120e+01 -2.547407596093276538e+01 -1.792762881085776527e+01 -1.845193515677655327e+01 -1.831696632266857350e+01 -1.549801722218987088e+01 -2.660019964280700577e+01 -2.450626927750391104e+01 -2.680104960671613767e+01 -2.338454982862042897e+01 -1.409666721462365224e+01 -2.640614228942151698e+01 -2.699535789537715402e+01 -3.035243725509461754e+01 -2.603483327371922584e+01 -1.899024864551609326e+01 -2.794967076528303807e+01 -2.827352401992549247e+01 -2.376445783189230454e+01 -2.047328682543622591e+01 -2.713016429746377511e+01 -2.818162165176192602e+01 -1.809587618005427956e+01 -2.139012331890201679e+01 -2.963392124158847096e+01 -1.424037428305135577e+01 -2.265092935372531002e+01 -2.172863686403417560e+01 -2.772311878559810694e+01 -2.522803901601930932e+01 -2.969036751104891536e+01 -2.844870570900277684e+01 -2.666605810307539315e+01 -2.895398592855029563e+01 -2.731286805445846966e+01 -2.797832783753822383e+01 -2.455039117126367998e+01 -2.706146992842847254e+01 -2.731826783534159375e+01 -2.325290671440957269e+01 -2.640157541729902135e+01 -3.107361708739676232e+01 -2.658419704332887434e+01 -2.935824347328600226e+01 -2.286710081627642666e+01 -2.292020429137339832e+01 -2.231719749016794196e+01 -2.427503752637192136e+01 -2.706133857304942936e+01 -2.716624215919592089e+01 -2.699133796724040835e+01 -2.697426693245228080e+01 -1.574374795356684054e+01
-1.300378168195111961e+01 -1.178364728845501475e+01 -1.618566615472971293e+01 -1.366171607358967499e+01 -1.594906258678126498e+01 -1.515288761559177466e+01 -1.696909529457250798e+01 -2.210176895021895049e+01 -2.422259009499915905e+01 -1.869673335658692892e+01 -2.310848230197376552e+01 -2.215903735221636950e+01 -2.320437231108034126e+01 -2.213536960643011753e+01 -2.310848230197376552e+01 -2.279467380263859511e+01 -2.255316178870607047e+01 -2.310848230197376552e+01 -3.072771734163711077e+00 -1.948446746264333385e+01 -2.304309500277813427e+01 -2.310848230197376552e+01 -2.212185504606811293e+01 -2.320437231108034126e+01 -1.889309849267539221e+01 -2.361618752529339105e+01 -2.310643333997694526e+01 -2.311696196790634517e+01 -2.381155979933592448e+01 -2.286794762375755496e+01 -2.175985167712317292e+01 -2.333921900704786623e+01 -2.397466278465175549e+01 -2.357484253531409024e+01 -2.255334372415752142e+01 -1.856005625026961781e+01 -1.355133313729466060e+01 -1.496333527282103759e+01 -1.328854594467897776e+01 -2.270425641933285732e+01 -1.270736575590836814e+01 -9.241041727709877307e+00 -2.237311130861021979e+01 -1.607610059988019913e+01 -1.412734098143777750e+01 -1.330260668294186566e+01 -9.523451511587820661e+00 -2.342023626487609533e+01 -6.440157625707067623e+00 -2.323155362541156066e+01 -2.282658443129140835e+01 -1.370552604571073729e+01 -2.392815895185857755e+01 -2.271209860113641099e+01 -1.308278656477944679e+01 -1.261532317479517395e+01 -2.267222236649203282e+01 -1.359868224287632898e+01 -1.677354495040021476e+01 -2.357031305269238786e+01 -1.453377287314372168e+01 -2.556303118838762956e+01 -2.188567113478459092e+01 -2.212185504606811293e+01 -2.430499068901986348e+01 -2.169114842192760406e+01 -2.524166238965066711e+01 -2.246384609047995440e+01 -2.357788006855556517e+01 -1.879133489391149681e+01 -1.694058055772856264e+01 -8.022341981042771408e+00 -2.475193171570088424e+01 -2.337604710388911400e+01 -2.490752994069967841e+01 -2.269348328413340710e+01 -1.134464558318374650e+01 -2.084165982599367695e+01 -2.339962185025826358e+01 -1.879157250773619481e+01 -1.264110508383879328e+01 -2.198322500137463820e+01 -2.346614569148150764e+01 -2.196836708323698062e+01 -2.002854509569764474e+01 -2.187121505503717245e+01 -2.486888916862169552e+01 -2.437497873486242383e+01 -2.600853760848902141e+01 -2.686597065622004621e+01 -1.832246794137672197e+01 -2.051668065833279186e+01 -2.795985746032424046e+01 -2.112452202321467354e+01 -2.455834884093219728e+01 -2.293458853326604441e+01 -2.153690473355294444e+01 -2.548724517257007705e+01 -2.574354746877013511e+01 -1.928100071600273324e+01
-5.727395162835241749e+00 -3.224268950483391460e+00 -1.583716606608769872e+01 -2.102461062344695719e+01 -1.822138542059449762e+01 -1.762984851008626563e+01 -2.597902393137272981e+01 -1.413032870539408847e+01 -1.370397132989937639e+01 -1.711368786151893318e+01 -1.599981836070231545e+01 -9.147796079566676397e+00 -1.441755760160971178e+01 -1.490491290269276625e+01 -1.817737928980514539e+01 -1.505902841115927515e+01 -3.910840796666835928e+00 -1.200822778768977628e+01 -1.579065076004716239e+01 -2.202577654614048086e+00 -2.954262577766647269e+01 -1.425320747768295959e+01 -8.763842191791894720e+00 -2.131933340628993534e+01 -1.534822609879393340e+01 -1.271321609574347988e+01 -1.668849615626992033e+01 -1.634512204543356617e+01 -1.628427306890819537e+01 -2.188553971888129723e+01 -1.734846898044868624e+01 -1.764250705755335957e+01 -1.303622592623989718e+01 -2.002310181260659050e+01 -1.067027341110643768e+01 -1.919870872214256963e+01 -1.932364175689805563e+01 -1.870803236382618095e+01 -1.594595417644519664e+01 -2.529715603867153462e+01 -1.309729963137613673e+01 -1.304802684646732658e+01 -7.129614437064116572e+00 -2.675912970975598881e+01 -2.104574342614800742e+01 -2.159271828617765010e+01 -1.879133489391149681e+01 -1.534623694253558845e+01 -2.310848230197376552e+01 -1.738940655870908003e+01 -1.758481280839216510e+01 -2.294334992613010726e+01 -1.305496086435978675e+01 -2.447687175738906618e+01 -1.525383339935450877e+01 -2.332874986910634263e+01 -2.070820837277152648e+01 -2.260711353228775167e+01 -1.937249481111394545e+01 -2.221286482065211487e+01 -1.425165654227726364e+01 -2.353707067637374450e+01 -2.228228759388960256e+01 -1.823453775341618055e+01 -1.913875633529246656e+01 -1.365445500256030265e+01 -2.212185504606811293e+01 -2.500075402724690932e+01 -2.408136456452812268e+01 -2.088697172310212480e+01 -2.463802454005992715e+01 -2.310848230197376552e+01 -2.128720662754680149e+01 -1.329322100563121722e+01 -1.232288141572322893e+01 -1.671865335074362591e+01 -2.247324196500088078e+01 -2.100819806271646328e+01 -1.395661940382325916e+01 -2.214539680078808459e+01 -1.539467904417114674e+01 -2.470677710059800347e+01 -2.228019774475455250e+01 -2.461617577191279338e+01 -1.106826281155693437e+01 -2.362153731240192300e+01 -1.162459685358623851e+01 -2.244376791051417541e+01 -1.006676464214152844e+01 -2.041101600401957583e+01 -2.192715166141496042e+01 -2.282470805009491954e+01 -2.300296214218811031e+01 -2.200477404338510823e+01 -2.309717147485444144e+01 -2.333649321990526104e+01 -2.677981108470873295e+01 -2.939312690278320161e+01 -2.658504403510687197e+01 -2.669744774154779066e+01
-1.377901323619774132e+01 -1.725989840509479478e+01 -3.227375830689311886e+00 -1.262042883368209445e+01 -1.215859969261062723e+01 -3.244969499888101439e+01 -1.897783087384593514e+01 -1.768932584175660594e+01 -1.516787610116183060e+01 -1.644730896651580920e+01 -1.229657905100146387e+01 -1.038924504488073985e+01 -1.688971033853469805e+01 -1.047843565007851119e+01 -1.924994288020377198e+01 -1.569580554262004668e+01 -2.022356184802356793e+01 -1.607678982205535689e+01 -1.562504117912838986e+01 -1.190772292841858082e+01 -1.942423126323265237e+01 -2.289052163864427669e+01 -1.838799710202394522e+01 -1.915462326249937064e+01 -1.240292270718700784e+01 -2.400785173297104791e+01 -1.807092340826795152e+01 -2.053986584928576065e+01 -1.640315682218024307e+01 -2.337223081199546471e+01 -2.191993705890061861e+01 -1.440298121581834678e+01 -1.943672032504117908e+01 -1.284930881652586976e+01 -1.939422266056106281e+01 -1.927032952619681438e+01 -1.887930510913958315e+01 -1.778560419901589640e+01 -1.369144309003606352e+01 -1.599297008449052448e+01 -1.975117349485201146e+01 -1.319740802920460254e+01 -1.254762772372330026e+01 -1.836557701009265386e+01 -2.526616618355430433e+01 -1.062638696375723235e+01 -2.371056660547951722e+01 -2.152092005407419251e+01 -1.696002662994917642e+01 -2.247437305056336498e+01 -2.262396239867700842e+01 -2.450636433904049127e+01 -1.482341162549181668e+01 -1.768353434432647830e+01 -1.112954658198749769e+01 -1.753207586816601804e+01 -7.634418678263967806e+00 -1.219411357928681561e+01 -1.890421040147113629e+01 -1.245027364833851280e+01 -3.344249830039698423e+01 -1.899120745884314232e+01 -1.321678045651044364e+01 -1.737881038881404194e+01 -1.848420670018510137e+01 -3.248121131404969475e+01 -1.905452210213946103e+02 -7.494204642576488773e+00 -1.855085721780823604e+01 -1.470320124737110845e+01 -1.433261857777029924e+01 -1.776137673350710600e+01 -2.030610941950705239e+01 -9.090642744490168070e+00 -1.187409014925195905e+01 -1.228473573650316197e+01 -1.256567813160046754e+01 -9.962735866784949934e+00 -1.335606141935857494e+01 -1.440414612563269792e+01 -7.690473287785958512e+00 -1.739859281686207382e+01 -1.006676464214152844e+01 -2.310848230197376552e+01 -1.450895556436555012e+01 -1.772193822357952797e+01 -1.649431300249548471e+01 -1.563536369108766522e+01 -3.045547138614897520e+01 -1.840153283733557643e+01 -1.377040258631474323e+01 -1.207933001710525467e+01 -2.111599344837301828e+01 -1.458464639535174179e+01 -1.464803466179234803e+01 -1.356678034182486492e+01 -7.872321417480285355e+00 -1.794893884216455504e+01 -1.347359605189003240e+01 -1.370765150802206378e+01
-3.723760295307347867e+00 -1.180041130722802833e+01 -1.384947745328511637e+01 -4.230237141091596875e+00 -1.455149593123851126e+01 -1.531911177838002125e+01 -1.378217994965518578e+01 -1.134689915710094787e+01 -1.366077337301117467e+01 -1.384320242000787893e+01 -1.494723299100545688e+01 -1.433839159223207815e+01 -1.422372643198711195e+01 -1.137706744677361748e+01 -1.443805673453276484e+01 -1.324750475582925802e+01 -1.408065401378952508e+01 -1.436080517486285757e+01 -1.494024364681551376e+01 -1.328599220947210391e+01 -1.632419710816820313e+01 -1.365050160679441049e+01 -2.329143137481804260e+01 -1.879133489391149681e+01 -2.310848230197376552e+01 -2.212185504606811293e+01 -2.456586880675985540e+01 -2.163584951842940995e+01 -2.213751648558355001e+01 -2.212185504606811293e+01 -2.292059805920149174e+01 -2.105174614225399665e+01 -2.227499447346051653e+01 -1.755200828301909155e+01 -2.288769207052372323e+01 -1.505588446402926017e+01 -1.534623694253558845e+01 -2.212315280199257117e+01 -2.225770665627401002e+01 -2.042149001179514656e+01 -9.117514391701853071e+00 -2.450815162492117594e+01 -2.250982799440844317e+01 -2.300296214218811031e+01 -1.724207854087510228e+01 -2.396178569781158529e+01 -2.450909988546966289e+01 -2.345533197036547080e+01 -2.427526719532667343e+01 -2.339586733487755765e+01 -2.449305776651252486e+01 -2.420512083903182443e+01 -1.513724826651414368e+01 -2.473812111715356465e+01 -2.556558613730766538e+01 -2.357006392029629893e+01 -1.749460223362099853e+01 -2.570245366691417743e+01 -2.540871611948161402e+01 -2.346631012872902744e+01 -2.527044923615219574e+01 -2.645022985911342062e+01 -2.646909927815449493e+01 -1.515219270486745984e+01 -2.445689331723207616e+01 -2.003991230211877195e+01 -2.524239006833956722e+01 -2.286410542132870560e+01 -1.774460409998875221e+01 -2.709727871172269076e+01 -2.663842610759326845e+01 -2.249085046353461337e+01 -2.666572143722881449e+01 -2.644058402018531950e+01 -2.522938811262939041e+01 -2.189880734064457002e+01 -2.556042588216449829e+01 -2.516957683457125228e+01 -1.903656856690049892e+01 -2.665196436239422795e+01 -2.507936905067895239e+01 -2.028950931703874971e+01 -2.514155376736066216e+01 -2.087572247226708910e+01 -2.177525687546439670e+01 -2.414659608687084358e+01 -2.519444600773462639e+01 -1.295791604764838034e+01 -2.669128086911721454e+01 -2.646833249619605866e+01 -2.706970631269920702e+01 -2.706930186133348926e+01 -2.645732148588015420e+01 -2.143629921248322034e+01 -2.181742788549360768e+01 -2.706970631269920702e+01 -2.634069237479785741e+01 -2.658504403510687197e+01 -1.774816186448825306e+01 -2.710428784675866964e+01
-1.325599707051854992e+01 -1.093161681799572449e+01 -1.413095960381574834e+01 -1.382634815772422954e+01 -1.185084610190096122e+01 -1.523256461383441085e+01 -4.460980661554162729e+00 -1.200941610480915323e+01 -1.552409895207735069e+01 -1.544890853446303325e+01 -1.497682995268491446e+01 -7.618483462588597988e+00 -1.654442837876131023e+01 -1.995293973176359970e+01 -1.812022464314557624e+01 -1.956701153456597098e+01 -1.398738095913946999e+01 -1.385820113341451432e+01 -1.004932838632122305e+01 -1.513142990950232125e+01 -2.267059142535883609e+01 -8.661850041264887778e+00 -2.302716274367294247e+01 -2.250999348420900503e+01 -2.142313360490766527e+01 -1.342577828682929386e+01 -1.700153144000738692e+01 -1.003994776835637026e+01 -1.771298261737656432e+01 -9.894470307530973230e+00 -1.609800614032139521e+01 -1.179578090959670966e+01 -1.696141593898099487e+01 -1.745548871659395118e+01 -2.097085124742600115e+01 -1.492160566265440380e+01 -1.014036917439632290e+01 -2.137780087410536467e+01 -1.763698795440856770e+01 -2.558873837524472350e+01 -1.762832837399219343e+01 -1.829624382427858009e+01 -1.489170055239068446e+01 -1.522444762232773741e+01 -2.354709448613747469e+01 -8.753987361562021619e+00 -2.382005694676740504e+01 -2.300743533465444557e+01 -2.440400835815973934e+01 -2.127371724344978787e+01 -9.507348763078923071e+00 -2.491271130610918760e+01 -1.718052302513525831e+01 -1.817471692266854078e+01 -1.787443122153711172e+01 -1.286671609933709348e+01 -2.615103545330802604e+01 -2.476654161012001509e+01 -2.529184555519110233e+01 -2.381188299154169385e+01 -2.470456544229615048e+01 -1.222343053890116060e+01 -2.016081381235909831e+01 -1.469835283738840204e+01 -2.494014746582635667e+01 -1.377189148571682686e+01 -1.860376626119892052e+01 -9.612163570679435054e+00 -2.209406131844259136e+01 -2.208754970899182979e+01 -2.323892616848178605e+01 -2.484325001014695999e+01 -2.352662018443782088e+01 -1.499724280790024089e+01 -2.351324386345256556e+01 -1.695127674452330524e+01 -2.141771214877454810e+01 -2.485564214237022895e+01 -2.124062660368393196e+01 -2.090968706812672195e+01 -2.914896525869422206e+01 -1.802831598213744257e+01 -2.242972193171199180e+01 -1.577137016016270010e+01 -1.956333741327940956e+01 -2.118542376888456857e+01 -1.823441811260445888e+01 -2.349200428138239971e+01 -2.034311648734020039e+01 -1.483848562476947031e+01 -2.278073664785413754e+01 -2.504072510047443600e+01 -2.376643313998369322e+01 -1.572712178928570914e+01 -1.595576561275258598e+01 -2.358967714099907198e+01 -2.181742788549360768e+01 -1.905320080585219245e+01 -1.574754124733650151e+01 -1.196308767381444937e+01
