-1.359782799473679482e+01 -1.386777553086810322e+01 -1.386777553086810322e+01 -1.386777553086810322e+01 -1.386777553086810322e+01 -1.386777553086810322e+01 -1.386777553086810322e+01 -1.386777553086810322e+01 -1.514300648720778320e+01 -1.514300648720778320e+01 -1.514300648720778320e+01 -1.514300648720778320e+01 -1.514300648720778320e+01 -1.514300648720778320e+01 -1.514300648720778320e+01 -1.514300648720778320e+01 -1.514300648720778320e+01 -1.514300648720778320e+01 -1.514300648720778320e+01 -1.514300648720778320e+01 -1.514300648720778320e+01 -1.514300648720778320e+01 -1.514300648720778320e+01 -1.514300648720778320e+01 -1.514300648720778320e+01 -1.514300648720778320e+01 -1.514300648720778320e+01 -1.514300648720778320e+01 -1.514300648720778320e+01 -1.514300648720778320e+01 -1.514300648720778320e+01 -1.514300648720778320e+01 -1.514300648720778320e+01 -1.514300648720778320e+01 -1.514300648720778320e+01 -1.514300648720778320e+01 -1.514300648720778320e+01 -1.514300648720778320e+01 -1.514300648720778320e+01 -1.514300648720778320e+01 -1.514300648720778320e+01 -1.514300648720778320e+01 -1.514300648720778320e+01 -1.514300648720778320e+01 -1.514300648720778320e+01 -1.491630318294088475e+01 -1.491630318294088475e+01 -1.491630318294088475e+01 -1.491630318294088475e+01 -1.491630318294088475e+01 -1.491630318294088475e+01 -1.491630318294088475e+01 -1.491630318294088475e+01 -1.491630318294088475e+01 -1.510751352602624031e+01 -1.510751352602624031e+01 -1.510751352602624031e+01 -1.510751352602624031e+01 -1.510751352602624031e+01 -1.510751352602624031e+01 -1.510751352602624031e+01 -1.510751352602624031e+01 -1.510751352602624031e+01 -1.724772394260238073e+01 -1.724772394260238073e+01 -1.724772394260238073e+01 -1.724772394260238073e+01 -1.724772394260238073e+01 -1.724772394260238073e+01 -1.724772394260238073e+01 -1.724772394260238073e+01 -1.724772394260238073e+01 -1.775350425921019948e+01 -1.775350425921019948e+01 -1.775350425921019948e+01 -1.775350425921019948e+01 -1.775350425921019948e+01 -1.775350425921019948e+01 -1.775350425921019948e+01 -1.775350425921019948e+01 -1.775350425921019948e+01 -1.439335975181098348e+01 -1.516654070787634723e+01 -1.517572973160627114e+01 -1.517572973160627114e+01 -1.517572973160627114e+01 -1.517572973160627114e+01 -1.517572973160627114e+01 -1.517572973160627114e+01 -1.517572973160627114e+01 -1.432207701984803982e+01 -1.465920775059237435e+01 -1.465920775059237435e+01 -1.465920775059237435e+01 -1.465920775059237435e+01 -1.465920775059237435e+01 -1.490758481140857938e+01 -1.490758481140857938e+01 -1.490758481140857938e+01 -1.427357751608288083e+01 -1.427357751608288083e+01 -1.508789387832092821e+01 -1.508789387832092821e+01 -1.508789387832092821e+01 -1.508789387832092821e+01 -1.508789387832092821e+01 -1.508789387832092821e+01 -1.508789387832092821e+01 -1.427357751608288083e+01 -1.427357751608288083e+01 -1.496658408566633192e+01 -1.496658408566633192e+01 -1.496658408566633192e+01 -1.496658408566633192e+01 -1.496658408566633192e+01 -1.496658408566633192e+01 -1.496658408566633192e+01 -1.427357751608288083e+01 -1.436757501456800235e+01 -1.436757501456800235e+01 -1.496658408566633192e+01 -1.496658408566633192e+01 -1.496658408566633192e+01 -1.496658408566633192e+01 -1.496658408566633192e+01 -1.496658408566633192e+01 -1.427357751608288083e+01 -1.496658408566633192e+01 -1.496658408566633192e+01 -1.508789387832092821e+01 -1.508789387832092821e+01 -1.508789387832092821e+01 -1.508789387832092821e+01 -1.508789387832092821e+01 -1.508789387832092821e+01
-1.359782799473679482e+01 -1.386777553086810322e+01 -1.386777553086810322e+01 -1.386777553086810322e+01 -1.386777553086810322e+01 -1.386777553086810322e+01 -1.386777553086810322e+01 -1.386777553086810322e+01 -1.386777553086810322e+01 -1.386777553086810322e+01 -1.386777553086810322e+01 -1.386777553086810322e+01 -1.386777553086810322e+01 -1.386777553086810322e+01 -1.386777553086810322e+01 -1.386777553086810322e+01 -1.386777553086810322e+01 -1.386777553086810322e+01 -1.386777553086810322e+01 -1.386777553086810322e+01 -1.386777553086810322e+01 -1.386777553086810322e+01 -1.386777553086810322e+01 -1.386777553086810322e+01 -1.386777553086810322e+01 -1.386777553086810322e+01 -1.386777553086810322e+01 -1.386777553086810322e+01 -1.386777553086810322e+01 -1.386777553086810322e+01 -1.386777553086810322e+01 -1.386777553086810322e+01 -1.386777553086810322e+01 -1.386777553086810322e+01 -1.386777553086810322e+01 -1.386777553086810322e+01 -1.386777553086810322e+01 -1.386777553086810322e+01 -1.386777553086810322e+01 -1.386777553086810322e+01 -1.386777553086810322e+01 -1.386777553086810322e+01 -1.386777553086810322e+01 -1.386777553086810322e+01 -1.386777553086810322e+01 -1.384298946295148269e+01 -1.448689236639782330e+01 -1.448689236639782330e+01 -1.448689236639782330e+01 -2.079061194949261449e+01 -2.079061194949261449e+01 -2.079061194949261449e+01 -2.079061194949261449e+01 -2.079061194949261449e+01 -7.338768621637777301e+01 -7.338768621637777301e+01 -7.338768621637777301e+01 -7.338768621637777301e+01 -7.338768621637777301e+01 -7.338768621637777301e+01 -7.338768621637777301e+01 -7.338768621637777301e+01 -7.338768621637777301e+01 -1.362067501272394487e+01 -1.362067501272394487e+01 -1.362067501272394487e+01 -1.362067501272394487e+01 -1.362067501272394487e+01 -1.362067501272394487e+01 -1.362067501272394487e+01 -1.362067501272394487e+01 -1.362067501272394487e+01 -1.362067501272394487e+01 -1.362067501272394487e+01 -1.362067501272394487e+01 -1.362067501272394487e+01 -1.362067501272394487e+01 -1.362067501272394487e+01 -1.362067501272394487e+01 -1.362067501272394487e+01 -1.362067501272394487e+01 -1.362067501272394487e+01 -1.362067501272394487e+01 -1.362067501272394487e+01 -1.362067501272394487e+01 -1.362067501272394487e+01 -1.362067501272394487e+01 -1.362067501272394487e+01 -1.362067501272394487e+01 -1.362067501272394487e+01 -1.362067501272394487e+01 -1.362067501272394487e+01 -1.362067501272394487e+01 -1.362067501272394487e+01 -1.362067501272394487e+01 -1.362067501272394487e+01 -1.362067501272394487e+01 -1.362067501272394487e+01 -1.362067501272394487e+01 -1.362067501272394487e+01 -1.362067501272394487e+01 -1.362067501272394487e+01 -1.362067501272394487e+01 -1.362067501272394487e+01 -1.362067501272394487e+01 -1.362067501272394487e+01 -1.362067501272394487e+01 -1.362067501272394487e+01 -1.362067501272394487e+01 -1.362067501272394487e+01 -1.362067501272394487e+01 -1.362067501272394487e+01 -1.362067501272394487e+01 -1.362067501272394487e+01 -1.362067501272394487e+01 -1.362067501272394487e+01 -1.362067501272394487e+01 -1.362067501272394487e+01 -1.362067501272394487e+01 -1.362067501272394487e+01 -1.362067501272394487e+01 -1.362067501272394487e+01 -1.362067501272394487e+01 -1.362067501272394487e+01 -1.362067501272394487e+01 -1.362067501272394487e+01 -1.362067501272394487e+01 -1.362067501272394487e+01 -1.362067501272394487e+01 -1.362067501272394487e+01 -1.362067501272394487e+01 -1.362067501272394487e+01 -1.362067501272394487e+01 -1.362067501272394487e+01 -1.362067501272394487e+01
-1.359782799473679482e+01 -1.386777553086810322e+01 -1.386777553086810322e+01 -1.386777553086810322e+01 -1.386777553086810322e+01 -1.386777553086810322e+01 -1.386777553086810322e+01 -1.386777553086810322e+01 -1.386777553086810322e+01 -1.517708868930745147e+01 -1.517708868930745147e+01 -1.517708868930745147e+01 -1.517708868930745147e+01 -1.517708868930745147e+01 -1.517708868930745147e+01 -1.517708868930745147e+01 -1.625721645764888379e+01 -1.625721645764888379e+01 -1.625721645764888379e+01 -1.625721645764888379e+01 -1.625721645764888379e+01 -1.625721645764888379e+01 -1.625721645764888379e+01 -1.625721645764888379e+01 -1.625721645764888379e+01 -1.625721645764888379e+01 -1.625721645764888379e+01 -1.625721645764888379e+01 -1.625721645764888379e+01 -1.625721645764888379e+01 -1.625721645764888379e+01 -1.625721645764888379e+01 -1.625721645764888379e+01 -1.625721645764888379e+01 -1.625721645764888379e+01 -1.625721645764888379e+01 -1.625721645764888379e+01 -1.625721645764888379e+01 -1.625721645764888379e+01 -1.625721645764888379e+01 -1.625721645764888379e+01 -1.625721645764888379e+01 -1.625721645764888379e+01 -1.625721645764888379e+01 -1.625721645764888379e+01 -1.508794620695373645e+01 -1.508794620695373645e+01 -1.508794620695373645e+01 -1.508794620695373645e+01 -1.508794620695373645e+01 -1.508794620695373645e+01 -1.508794620695373645e+01 -1.508794620695373645e+01 -1.508794620695373645e+01 -1.417436695706562055e+01 -1.417436695706562055e+01 -1.417436695706562055e+01 -1.417436695706562055e+01 -1.417436695706562055e+01 -1.782770805988219465e+01 -2.217559858024240071e+01 -2.217559858024240071e+01 -2.217559858024240071e+01 -2.053777886959145604e+01 -2.053777886959145604e+01 -2.053777886959145604e+01 -2.053777886959145604e+01 -2.053777886959145604e+01 -2.053777886959145604e+01 -2.053777886959145604e+01 -2.053777886959145604e+01 -2.053777886959145604e+01 -1.467925733468880445e+01 -1.467925733468880445e+01 -1.467925733468880445e+01 -1.467925733468880445e+01 -1.467925733468880445e+01 -1.467925733468880445e+01 -1.467925733468880445e+01 -1.467925733468880445e+01 -1.467925733468880445e+01 -1.448068638318542867e+01 -1.766684907500090418e+01 -1.766684907500090418e+01 -1.766684907500090418e+01 -1.766684907500090418e+01 -1.766684907500090418e+01 -1.882151425314668813e+01 -1.882151425314668813e+01 -1.882151425314668813e+01 -1.451573784848709181e+01 -1.451573784848709181e+01 -1.451573784848709181e+01 -1.451573784848709181e+01 -1.451573784848709181e+01 -1.575384406489640376e+01 -1.575384406489640376e+01 -1.575384406489640376e+01 -1.575384406489640376e+01 -1.450985478494292735e+01 -1.450985478494292735e+01 -1.450985478494292735e+01 -1.450985478494292735e+01 -1.450985478494292735e+01 -1.450985478494292735e+01 -1.450985478494292735e+01 -1.450985478494292735e+01 -3.372723148192783782e+01 -1.451631821497584340e+01 -6.858271868675433325e+01 -6.858271868675433325e+01 -6.858271868675433325e+01 -6.858271868675433325e+01 -6.858271868675433325e+01 -6.858271868675433325e+01 -6.858271868675433325e+01 -6.858271868675433325e+01 -1.450985478494292735e+01 -1.450985478494292735e+01 -1.858544624374679088e+01 -1.858544624374679088e+01 -1.858544624374679088e+01 -1.858544624374679088e+01 -1.858544624374679088e+01 -1.858544624374679088e+01 -1.858544624374679088e+01 -1.968092754214376683e+01 -1.968092754214376683e+01 -1.968092754214376683e+01 -1.968092754214376683e+01 -1.968092754214376683e+01 -1.968092754214376683e+01 -1.968092754214376683e+01 -1.968092754214376683e+01 -1.968092754214376683e+01
-1.359782799473679482e+01 -1.386777553086810322e+01 -1.386777553086810322e+01 -1.386777553086810322e+01 -1.386777553086810322e+01 -1.386777553086810322e+01 -1.427598612597576277e+01 -1.528820023774233050e+01 -1.528820023774233050e+01 -1.528820023774233050e+01 -1.528820023774233050e+01 -1.528820023774233050e+01 -1.528820023774233050e+01 -1.528820023774233050e+01 -1.534730748050582427e+01 -1.534730748050582427e+01 -1.534730748050582427e+01 -1.534730748050582427e+01 -1.534730748050582427e+01 -1.534730748050582427e+01 -1.534730748050582427e+01 -1.534730748050582427e+01 -1.534730748050582427e+01 -1.534730748050582427e+01 -1.534730748050582427e+01 -1.534730748050582427e+01 -1.534730748050582427e+01 -1.534730748050582427e+01 -1.534730748050582427e+01 -1.534730748050582427e+01 -1.534730748050582427e+01 -1.534730748050582427e+01 -1.534730748050582427e+01 -1.534730748050582427e+01 -1.534730748050582427e+01 -1.534730748050582427e+01 -1.534730748050582427e+01 -1.534730748050582427e+01 -1.534730748050582427e+01 -1.534730748050582427e+01 -1.534730748050582427e+01 -1.534730748050582427e+01 -1.534730748050582427e+01 -1.534730748050582427e+01 -1.534730748050582427e+01 -1.571058599089039198e+01 -1.571058599089039198e+01 -1.571058599089039198e+01 -1.571058599089039198e+01 -1.571058599089039198e+01 -1.571058599089039198e+01 -1.571058599089039198e+01 -1.571058599089039198e+01 -1.571058599089039198e+01 -1.525885670000437955e+01 -1.525885670000437955e+01 -1.525885670000437955e+01 -1.525885670000437955e+01 -1.525885670000437955e+01 -1.525885670000437955e+01 -1.525885670000437955e+01 -1.525885670000437955e+01 -2.095509363154755533e+01 -1.593725147486931171e+01 -1.593725147486931171e+01 -1.593725147486931171e+01 -1.636172958130499921e+01 -4.704309216606353772e+01 -4.704309216606353772e+01 -4.704309216606353772e+01 -4.704309216606353772e+01 -4.704309216606353772e+01 -2.571677936143943555e+01 -2.571677936143943555e+01 -2.571677936143943555e+01 -2.571677936143943555e+01 -2.571677936143943555e+01 -2.571677936143943555e+01 -2.571677936143943555e+01 -2.571677936143943555e+01 -2.571677936143943555e+01 -1.468370768088713163e+01 -2.571677936143943555e+01 -2.571677936143943555e+01 -2.571677936143943555e+01 -2.571677936143943555e+01 -2.571677936143943555e+01 -2.571677936143943555e+01 -2.571677936143943555e+01 -2.571677936143943555e+01 -1.468370768088713163e+01 -1.468370768088713163e+01 -1.468370768088713163e+01 -1.468370768088713163e+01 -1.468370768088713163e+01 -1.468370768088713163e+01 -1.468370768088713163e+01 -1.468370768088713163e+01 -1.468370768088713163e+01 -1.468370768088713163e+01 -1.468370768088713163e+01 -1.468370768088713163e+01 -1.468370768088713163e+01 -1.468370768088713163e+01 -1.468370768088713163e+01 -1.468370768088713163e+01 -1.468370768088713163e+01 -1.468370768088713163e+01 -1.468370768088713163e+01 -1.468370768088713163e+01 -1.468370768088713163e+01 -1.468370768088713163e+01 -1.468370768088713163e+01 -1.468370768088713163e+01 -1.468370768088713163e+01 -1.468370768088713163e+01 -1.468370768088713163e+01 -1.468370768088713163e+01 -1.468370768088713163e+01 -1.468370768088713163e+01 -1.468370768088713163e+01 -1.468370768088713163e+01 -1.468370768088713163e+01 -1.468370768088713163e+01 -1.468370768088713163e+01 -1.468370768088713163e+01 -1.468370768088713163e+01 -1.468370768088713163e+01 -1.468370768088713163e+01 -1.468370768088713163e+01 -1.468370768088713163e+01 -1.468370768088713163e+01 -1.468370768088713163e+01 -1.468370768088713163e+01 -1.468370768088713163e+01
-1.359782799473679482e+01 -1.386777553086810322e+01 -1.386777553086810322e+01 -1.386777553086810322e+01 -1.386777553086810322e+01 -1.386777553086810322e+01 -1.386777553086810322e+01 -1.386777553086810322e+01 -1.386777553086810322e+01 -1.462884915295288657e+01 -1.462884915295288657e+01 -1.462884915295288657e+01 -1.468592847536076818e+01 -1.468592847536076818e+01 -1.468592847536076818e+01 -1.468592847536076818e+01 -1.468592847536076818e+01 -1.468592847536076818e+01 -1.468592847536076818e+01 -1.468592847536076818e+01 -1.468592847536076818e+01 -1.468592847536076818e+01 -1.468592847536076818e+01 -1.468592847536076818e+01 -1.468592847536076818e+01 -1.468592847536076818e+01 -1.468592847536076818e+01 -1.468592847536076818e+01 -1.468592847536076818e+01 -1.468592847536076818e+01 -1.468592847536076818e+01 -1.468592847536076818e+01 -1.468592847536076818e+01 -1.468592847536076818e+01 -1.468592847536076818e+01 -1.468592847536076818e+01 -1.468592847536076818e+01 -1.468592847536076818e+01 -1.468592847536076818e+01 -1.468592847536076818e+01 -1.468592847536076818e+01 -1.468592847536076818e+01 -1.468592847536076818e+01 -1.468592847536076818e+01 -1.468592847536076818e+01 -1.471499135052020790e+01 -1.471499135052020790e+01 -1.471499135052020790e+01 -1.471499135052020790e+01 -1.471499135052020790e+01 -1.471499135052020790e+01 -1.471499135052020790e+01 -1.471499135052020790e+01 -1.471499135052020790e+01 -1.708645513067879662e+01 -1.708645513067879662e+01 -1.708645513067879662e+01 -1.708645513067879662e+01 -1.708645513067879662e+01 -1.708645513067879662e+01 -1.708645513067879662e+01 -1.708645513067879662e+01 -1.708645513067879662e+01 -1.458755620907633954e+01 -1.458755620907633954e+01 -1.458755620907633954e+01 -1.458755620907633954e+01 -1.546922050783925684e+01 -1.546922050783925684e+01 -1.546922050783925684e+01 -1.546922050783925684e+01 -1.546922050783925684e+01 -1.355714733987058374e+01 -1.355714733987058374e+01 -1.385383649892701996e+01 -1.385383649892701996e+01 -1.385383649892701996e+01 -2.152101755258058446e+01 -2.152101755258058446e+01 -2.152101755258058446e+01 -2.152101755258058446e+01 -1.348574997784256801e+01 -1.348574997784256801e+01 -1.348574997784256801e+01 -1.348574997784256801e+01 -1.348574997784256801e+01 -1.348574997784256801e+01 -1.348574997784256801e+01 -1.369773706633859156e+01 -1.369773706633859156e+01 -1.355133313729466060e+01 -1.355133313729466060e+01 -1.355133313729466060e+01 -1.355133313729466060e+01 -1.355133313729466060e+01 -1.355133313729466060e+01 -1.355133313729466060e+01 -1.355133313729466060e+01 -1.355133313729466060e+01 -1.340768198630918739e+01 -1.340768198630918739e+01 -1.750283528748107287e+01 -1.750283528748107287e+01 -1.750283528748107287e+01 -1.750283528748107287e+01 -1.750283528748107287e+01 -1.750283528748107287e+01 -1.750283528748107287e+01 -1.556518956961019207e+01 -1.556518956961019207e+01 -1.556518956961019207e+01 -1.556518956961019207e+01 -1.556518956961019207e+01 -1.556518956961019207e+01 -1.556518956961019207e+01 -1.946394771711407046e+01 -1.946394771711407046e+01 -1.351614997828711573e+01 -1.351614997828711573e+01 -3.971673685850534241e+01 -3.971673685850534241e+01 -3.971673685850534241e+01 -3.971673685850534241e+01 -3.971673685850534241e+01 -3.971673685850534241e+01 -3.971673685850534241e+01 -1.340768198630918739e+01 -1.340768198630918739e+01 -1.355151258495352629e+01 -1.508841665534557031e+01 -1.508841665534557031e+01 -1.508841665534557031e+01 -1.508841665534557031e+01 -1.508841665534557031e+01 -1.508841665534557031e+01
-1.359782799473679482e+01 -1.386777553086810322e+01 -1.386777553086810322e+01 -1.386777553086810322e+01 -1.386777553086810322e+01 -1.386777553086810322e+01 -1.386777553086810322e+01 -1.427077275279261848e+01 -1.427077275279261848e+01 -1.427077275279261848e+01 -1.452333021996454754e+01 -1.452333021996454754e+01 -1.452333021996454754e+01 -1.504331718813698338e+01 -1.504331718813698338e+01 -1.504331718813698338e+01 -1.504331718813698338e+01 -1.504331718813698338e+01 -1.504331718813698338e+01 -1.504331718813698338e+01 -1.504331718813698338e+01 -1.504331718813698338e+01 -1.504331718813698338e+01 -1.504331718813698338e+01 -1.504331718813698338e+01 -1.504331718813698338e+01 -1.504331718813698338e+01 -1.504331718813698338e+01 -1.504331718813698338e+01 -1.504331718813698338e+01 -1.504331718813698338e+01 -1.504331718813698338e+01 -1.504331718813698338e+01 -1.504331718813698338e+01 -1.504331718813698338e+01 -1.504331718813698338e+01 -1.504331718813698338e+01 -1.504331718813698338e+01 -1.504331718813698338e+01 -1.504331718813698338e+01 -1.504331718813698338e+01 -1.504331718813698338e+01 -1.504331718813698338e+01 -1.504331718813698338e+01 -1.504331718813698338e+01 -1.968431174417553464e+01 -1.968431174417553464e+01 -1.968431174417553464e+01 -1.968431174417553464e+01 -1.968431174417553464e+01 -1.968431174417553464e+01 -1.968431174417553464e+01 -1.968431174417553464e+01 -1.968431174417553464e+01 -1.434589407914299919e+01 -1.709920621451658107e+01 -1.709920621451658107e+01 -1.709920621451658107e+01 -1.709920621451658107e+01 -1.709920621451658107e+01 -3.982502548375408225e+01 -3.982502548375408225e+01 -3.982502548375408225e+01 -1.434589407914299919e+01 -1.434589407914299919e+01 -1.434589407914299919e+01 -1.814788552193611082e+01 -1.814788552193611082e+01 -1.814788552193611082e+01 -1.814788552193611082e+01 -1.814788552193611082e+01 -1.814788552193611082e+01 -1.434589407914299919e+01 -1.709920621451658107e+01 -1.709920621451658107e+01 -1.709920621451658107e+01 -1.709920621451658107e+01 -1.709920621451658107e+01 -1.709920621451658107e+01 -1.709920621451658107e+01 -1.709920621451658107e+01 -1.434589407914299919e+01 -1.709920621451658107e+01 -1.709920621451658107e+01 -1.709920621451658107e+01 -1.876946246894846482e+01 -2.402119624163682232e+01 -2.402119624163682232e+01 -2.402119624163682232e+01 -2.402119624163682232e+01 -1.434589407914299919e+01 -1.682933491936366721e+01 -1.682933491936366721e+01 -1.682933491936366721e+01 -1.682933491936366721e+01 -1.682933491936366721e+01 -1.682933491936366721e+01 -1.682933491936366721e+01 -1.682933491936366721e+01 -1.434589407914299919e+01 -1.682933491936366721e+01 -1.682933491936366721e+01 -1.682933491936366721e+01 -1.682933491936366721e+01 -1.682933491936366721e+01 -1.682933491936366721e+01 -1.682933491936366721e+01 -1.682933491936366721e+01 -1.434589407914299919e+01 -1.682933491936366721e+01 -1.682933491936366721e+01 -1.682933491936366721e+01 -1.682933491936366721e+01 -1.682933491936366721e+01 -1.682933491936366721e+01 -1.682933491936366721e+01 -1.682933491936366721e+01 -1.434589407914299919e+01 -1.682933491936366721e+01 -1.682933491936366721e+01 -1.682933491936366721e+01 -1.682933491936366721e+01 -1.682933491936366721e+01 -1.682933491936366721e+01 -1.682933491936366721e+01 -1.682933491936366721e+01 -1.434589407914299919e+01 -1.682933491936366721e+01 -1.682933491936366721e+01 -1.682933491936366721e+01 -1.682933491936366721e+01 -1.682933491936366721e+01 -1.682933491936366721e+01 -1.682933491936366721e+01 -1.682933491936366721e+01
-1.359782799473679482e+01 -1.386777553086810322e+01 -1.386777553086810322e+01 -1.386777553086810322e+01 -1.386777553086810322e+01 -1.386777553086810322e+01 -1.386777553086810322e+01 -1.386777553086810322e+01 -1.386777553086810322e+01 -1.386777553086810322e+01 -1.386777553086810322e+01 -1.386777553086810322e+01 -1.386777553086810322e+01 -1.386777553086810322e+01 -1.386777553086810322e+01 -1.386777553086810322e+01 -1.386777553086810322e+01 -1.386777553086810322e+01 -1.386777553086810322e+01 -1.386777553086810322e+01 -1.386777553086810322e+01 -1.386777553086810322e+01 -1.386777553086810322e+01 -1.386777553086810322e+01 -1.386777553086810322e+01 -1.386777553086810322e+01 -1.386777553086810322e+01 -1.386777553086810322e+01 -1.386777553086810322e+01 -1.386777553086810322e+01 -1.386777553086810322e+01 -1.386777553086810322e+01 -1.386777553086810322e+01 -1.386777553086810322e+01 -1.386777553086810322e+01 -1.386777553086810322e+01 -1.386777553086810322e+01 -1.386777553086810322e+01 -1.386777553086810322e+01 -1.386777553086810322e+01 -1.386777553086810322e+01 -1.386777553086810322e+01 -1.386777553086810322e+01 -1.386777553086810322e+01 -1.386777553086810322e+01 -1.462224520920057280e+01 -1.916791837311867752e+01 -1.916791837311867752e+01 -1.916791837311867752e+01 -1.916791837311867752e+01 -1.916791837311867752e+01 -1.916791837311867752e+01 -1.916791837311867752e+01 -1.916791837311867752e+01 -1.568072329470207471e+01 -1.568072329470207471e+01 -1.568072329470207471e+01 -1.568072329470207471e+01 -1.568072329470207471e+01 -1.568072329470207471e+01 -1.878766647420877689e+01 -1.878766647420877689e+01 -1.878766647420877689e+01 -1.356024393875014766e+01 -1.603996039038689858e+01 -1.603996039038689858e+01 -1.603996039038689858e+01 -1.603996039038689858e+01 -1.723287192147961733e+01 -1.723287192147961733e+01 -1.723287192147961733e+01 -1.723287192147961733e+01 -1.356024393875014766e+01 -1.358286611244422382e+01 -1.358286611244422382e+01 -1.358286611244422382e+01 -1.358286611244422382e+01 -1.484572620477217164e+01 -1.484572620477217164e+01 -1.657698838005392261e+01 -1.657698838005392261e+01 -1.370552604571073552e+01 -1.370552604571073552e+01 -1.370552604571073552e+01 -1.602594967051429364e+01 -1.602594967051429364e+01 -1.602594967051429364e+01 -1.602594967051429364e+01 -1.602594967051429364e+01 -1.602594967051429364e+01 -1.370552604571073552e+01 -1.370552604571073552e+01 -1.370552604571073552e+01 -1.370552604571073552e+01 -1.472271365561188716e+01 -1.472271365561188716e+01 -1.472271365561188716e+01 -1.531484124058814444e+01 -1.573129898499359669e+01 -1.370552604571073552e+01 -1.370552604571073552e+01 -3.656599888387539465e+01 -3.656599888387539465e+01 -3.656599888387539465e+01 -3.656599888387539465e+01 -3.656599888387539465e+01 -3.656599888387539465e+01 -3.656599888387539465e+01 -1.370552604571073552e+01 -1.370552604571073552e+01 -1.370552604571073552e+01 -1.472271365561188716e+01 -1.602594967051429364e+01 -1.602594967051429364e+01 -1.602594967051429364e+01 -1.602594967051429364e+01 -1.602594967051429364e+01 -1.370552604571073552e+01 -1.370552604571073552e+01 -1.540687504888964376e+01 -1.540687504888964376e+01 -1.540687504888964376e+01 -1.540687504888964376e+01 -1.540687504888964376e+01 -1.540687504888964376e+01 -1.540687504888964376e+01 -1.370552604571073552e+01 -1.916690725656815175e+01 -1.916690725656815175e+01 -1.916690725656815175e+01 -1.916690725656815175e+01 -1.916690725656815175e+01 -1.916690725656815175e+01 -1.916690725656815175e+01 -1.916690725656815175e+01
-1.359782799473679482e+01 -1.386777553086810322e+01 -1.386777553086810322e+01 -1.386777553086810322e+01 -1.386777553086810322e+01 -1.409135717776891639e+01 -1.487619164638385172e+01 -1.487619164638385172e+01 -1.487619164638385172e+01 -1.487619164638385172e+01 -1.487619164638385172e+01 -1.487619164638385172e+01 -1.487619164638385172e+01 -1.487619164638385172e+01 -1.487619164638385172e+01 -1.487619164638385172e+01 -1.487619164638385172e+01 -1.487619164638385172e+01 -1.487619164638385172e+01 -1.487619164638385172e+01 -1.487619164638385172e+01 -1.487619164638385172e+01 -1.487619164638385172e+01 -1.487619164638385172e+01 -1.487619164638385172e+01 -1.487619164638385172e+01 -1.487619164638385172e+01 -1.487619164638385172e+01 -1.487619164638385172e+01 -1.487619164638385172e+01 -1.487619164638385172e+01 -1.487619164638385172e+01 -1.487619164638385172e+01 -1.487619164638385172e+01 -1.487619164638385172e+01 -1.487619164638385172e+01 -1.487619164638385172e+01 -1.487619164638385172e+01 -1.487619164638385172e+01 -1.487619164638385172e+01 -1.487619164638385172e+01 -1.487619164638385172e+01 -1.487619164638385172e+01 -1.487619164638385172e+01 -1.487619164638385172e+01 -1.554604461791500825e+01 -1.554604461791500825e+01 -1.554604461791500825e+01 -1.554604461791500825e+01 -1.554604461791500825e+01 -1.554604461791500825e+01 -1.554604461791500825e+01 -1.554604461791500825e+01 -1.554604461791500825e+01 -1.497139954036632048e+01 -1.497139954036632048e+01 -1.497139954036632048e+01 -1.497139954036632048e+01 -1.879133489391149681e+01 -1.879133489391149681e+01 -1.879133489391149681e+01 -1.879133489391149681e+01 -1.879133489391149681e+01 -2.681110503554928925e+01 -2.681110503554928925e+01 -2.681110503554928925e+01 -2.681110503554928925e+01 -2.681110503554928925e+01 -2.681110503554928925e+01 -2.681110503554928925e+01 -2.681110503554928925e+01 -2.681110503554928925e+01 -1.663116787049344936e+01 -1.663116787049344936e+01 -1.663116787049344936e+01 -1.735521741946660157e+01 -1.870259292566104037e+01 -1.870259292566104037e+01 -3.701976219061091911e+01 -3.701976219061091911e+01 -3.701976219061091911e+01 -1.489493121489701721e+01 -1.489493121489701721e+01 -1.489493121489701721e+01 -3.701976219061091911e+01 -3.701976219061091911e+01 -3.701976219061091911e+01 -3.701976219061091911e+01 -3.701976219061091911e+01 -3.701976219061091911e+01 -1.530033089759065135e+01 -1.530033089759065135e+01 -1.530033089759065135e+01 -1.530033089759065135e+01 -1.530033089759065135e+01 -1.530033089759065135e+01 -1.530033089759065135e+01 -1.530033089759065135e+01 -1.530033089759065135e+01 -1.489314392901633610e+01 -1.489314392901633610e+01 -1.489314392901633610e+01 -1.489314392901633610e+01 -1.489314392901633610e+01 -1.489314392901633610e+01 -1.489314392901633610e+01 -1.489314392901633610e+01 -1.489314392901633610e+01 -1.489314392901633610e+01 -1.489314392901633610e+01 -1.489314392901633610e+01 -1.489314392901633610e+01 -1.489314392901633610e+01 -1.489314392901633610e+01 -1.489314392901633610e+01 -1.489314392901633610e+01 -1.489314392901633610e+01 -1.489314392901633610e+01 -1.489314392901633610e+01 -1.489314392901633610e+01 -1.489314392901633610e+01 -1.489314392901633610e+01 -1.489314392901633610e+01 -1.489314392901633610e+01 -1.489314392901633610e+01 -1.489314392901633610e+01 -1.489314392901633610e+01 -1.489314392901633610e+01 -1.489314392901633610e+01 -1.489314392901633610e+01 -1.489314392901633610e+01 -1.489314392901633610e+01 -1.489314392901633610e+01 -1.489314392901633610e+01 -1.489314392901633610e+01
-1.359782799473679482e+01 -1.386777553086810322e+01 -1.386777553086810322e+01 -1.386777553086810322e+01 -1.386777553086810322e+01 -1.386777553086810322e+01 -1.386777553086810322e+01 -1.409809210244996081e+01 -1.409809210244996081e+01 -1.409809210244996081e+01 -1.409809210244996081e+01 -1.409809210244996081e+01 -1.409809210244996081e+01 -1.409809210244996081e+01 -1.409809210244996081e+01 -1.409809210244996081e+01 -1.409809210244996081e+01 -1.409809210244996081e+01 -1.409809210244996081e+01 -1.409809210244996081e+01 -1.409809210244996081e+01 -1.409809210244996081e+01 -1.409809210244996081e+01 -1.409809210244996081e+01 -1.409809210244996081e+01 -1.409809210244996081e+01 -1.409809210244996081e+01 -1.409809210244996081e+01 -1.409809210244996081e+01 -1.409809210244996081e+01 -1.409809210244996081e+01 -1.409809210244996081e+01 -1.409809210244996081e+01 -1.409809210244996081e+01 -1.409809210244996081e+01 -1.409809210244996081e+01 -1.409809210244996081e+01 -1.409809210244996081e+01 -1.409809210244996081e+01 -1.409809210244996081e+01 -1.409809210244996081e+01 -1.409809210244996081e+01 -1.409809210244996081e+01 -1.409809210244996081e+01 -1.409809210244996081e+01 -1.376477929311303683e+01 -1.376477929311303683e+01 -1.376477929311303683e+01 -1.376477929311303683e+01 -1.376477929311303683e+01 -1.376477929311303683e+01 -1.387182945240155618e+01 -1.387182945240155618e+01 -1.387182945240155618e+01 -1.543609809182881243e+01 -1.543609809182881243e+01 -1.543609809182881243e+01 -1.543609809182881243e+01 -1.543609809182881243e+01 -1.543609809182881243e+01 -1.543609809182881243e+01 -1.543609809182881243e+01 -1.543609809182881243e+01 -1.496212662194004039e+01 -1.496212662194004039e+01 -1.496212662194004039e+01 -1.496212662194004039e+01 -1.496212662194004039e+01 -1.496212662194004039e+01 -1.496212662194004039e+01 -1.496212662194004039e+01 -3.309933002381200851e+01 -1.395267093776519474e+01 -1.395267093776519474e+01 -1.395267093776519474e+01 -1.877532718688551228e+01 -1.877532718688551228e+01 -1.877532718688551228e+01 -1.877532718688551228e+01 -1.877532718688551228e+01 -1.877532718688551228e+01 -1.395267093776519474e+01 -1.395267093776519474e+01 -1.481856386034941586e+01 -1.481856386034941586e+01 -1.481856386034941586e+01 -1.481856386034941586e+01 -1.481856386034941586e+01 -1.869673335658692892e+01 -1.869673335658692892e+01 -1.395267093776519474e+01 -1.395267093776519474e+01 -1.573661239614414242e+01 -1.573661239614414242e+01 -1.573661239614414242e+01 -1.573661239614414242e+01 -1.573661239614414242e+01 -1.573661239614414242e+01 -1.573661239614414242e+01 -1.395267093776519474e+01 -1.395267093776519474e+01 -1.395267093776519474e+01 -1.395267093776519474e+01 -1.395267093776519474e+01 -1.694317482149158494e+01 -1.694317482149158494e+01 -1.694317482149158494e+01 -1.694317482149158494e+01 -1.395267093776519474e+01 -1.395267093776519474e+01 -1.395267093776519474e+01 -1.395267093776519474e+01 -1.501538011198683975e+01 -1.501538011198683975e+01 -1.834506877687318749e+01 -1.834506877687318749e+01 -1.834506877687318749e+01 -1.395267093776519474e+01 -1.555496289328769954e+01 -1.555496289328769954e+01 -1.555496289328769954e+01 -1.555496289328769954e+01 -1.555496289328769954e+01 -1.555496289328769954e+01 -1.555496289328769954e+01 -1.555496289328769954e+01 -1.395267093776519474e+01 -1.395267093776519474e+01 -1.395267093776519474e+01 -1.395267093776519474e+01 -1.395267093776519474e+01 -1.395267093776519474e+01 -1.395267093776519474e+01 -1.669357860047245268e+01 -1.669357860047245268e+01
-1.359782799473679482e+01 -1.386777553086810322e+01 -1.386777553086810322e+01 -1.386777553086810322e+01 -1.386777553086810322e+01 -1.386777553086810322e+01 -1.386777553086810322e+01 -1.386777553086810322e+01 -1.386777553086810322e+01 -1.386777553086810322e+01 -1.386777553086810322e+01 -1.449531292891924750e+01 -1.449531292891924750e+01 -1.449531292891924750e+01 -1.486211369736365917e+01 -1.486211369736365917e+01 -1.486211369736365917e+01 -1.486211369736365917e+01 -1.486211369736365917e+01 -1.486211369736365917e+01 -1.486211369736365917e+01 -1.486211369736365917e+01 -1.486211369736365917e+01 -1.486211369736365917e+01 -1.486211369736365917e+01 -1.486211369736365917e+01 -1.486211369736365917e+01 -1.486211369736365917e+01 -1.486211369736365917e+01 -1.486211369736365917e+01 -1.486211369736365917e+01 -1.486211369736365917e+01 -1.486211369736365917e+01 -1.486211369736365917e+01 -1.486211369736365917e+01 -1.486211369736365917e+01 -1.486211369736365917e+01 -1.486211369736365917e+01 -1.486211369736365917e+01 -1.486211369736365917e+01 -1.486211369736365917e+01 -1.486211369736365917e+01 -1.486211369736365917e+01 -1.486211369736365917e+01 -1.486211369736365917e+01 -1.485137346547217163e+01 -1.485137346547217163e+01 -1.485137346547217163e+01 -1.485137346547217163e+01 -1.485137346547217163e+01 -1.485137346547217163e+01 -1.485137346547217163e+01 -1.485137346547217163e+01 -1.485137346547217163e+01 -1.446815788774206446e+01 -1.446815788774206446e+01 -1.446815788774206446e+01 -1.446815788774206446e+01 -1.446815788774206446e+01 -1.446815788774206446e+01 -1.446815788774206446e+01 -1.473524352149086347e+01 -1.473524352149086347e+01 -1.883076029907926952e+01 -1.883076029907926952e+01 -1.883076029907926952e+01 -1.883076029907926952e+01 -1.883076029907926952e+01 -1.883076029907926952e+01 -1.883076029907926952e+01 -1.883076029907926952e+01 -1.883076029907926952e+01 -1.586997441028223044e+01 -1.586997441028223044e+01 -1.588480914418763845e+01 -1.588480914418763845e+01 -1.978956903136065648e+01 -1.978956903136065648e+01 -2.179226833527180673e+01 -2.179226833527180673e+01 -2.179226833527180673e+01 -2.355805165272998281e+01 -2.355805165272998281e+01 -2.355805165272998281e+01 -2.355805165272998281e+01 -2.355805165272998281e+01 -2.355805165272998281e+01 -2.355805165272998281e+01 -2.355805165272998281e+01 -2.355805165272998281e+01 -1.555560555038132797e+01 -3.348550011523546033e+01 -3.348550011523546033e+01 -3.348550011523546033e+01 -3.348550011523546033e+01 -3.348550011523546033e+01 -3.348550011523546033e+01 -3.348550011523546033e+01 -3.348550011523546033e+01 -1.555560555038132797e+01 -1.587402087004255158e+01 -1.587402087004255158e+01 -1.587402087004255158e+01 -1.587402087004255158e+01 -1.587402087004255158e+01 -1.587402087004255158e+01 -1.662780488196984763e+01 -1.662780488196984763e+01 -1.555560555038132797e+01 -1.555560555038132797e+01 -1.588480914418763845e+01 -1.588480914418763845e+01 -1.778958371493880719e+01 -1.778958371493880719e+01 -2.411251852349501590e+01 -2.411251852349501590e+01 -2.411251852349501590e+01 -1.555560555038132797e+01 -1.555560555038132797e+01 -1.555560555038132797e+01 -1.555560555038132797e+01 -1.555560555038132797e+01 -1.689077144089321081e+01 -1.689077144089321081e+01 -1.689077144089321081e+01 -1.689077144089321081e+01 -1.555560555038132797e+01 -1.555560555038132797e+01 -1.555560555038132797e+01 -1.583987430174237154e+01 -1.583987430174237154e+01 -1.583987430174237154e+01 -1.583987430174237154e+01 -1.583987430174237154e+01 -1.643235042086653053e+01
-1.359782799473679482e+01 -1.386777553086810322e+01 -1.386777553086810322e+01 -1.386777553086810322e+01 -1.386777553086810322e+01 -1.386777553086810322e+01 -1.386777553086810322e+01 -1.386777553086810322e+01 -1.386777553086810322e+01 -1.386777553086810322e+01 -1.386777553086810322e+01 -1.386777553086810322e+01 -1.386777553086810322e+01 -1.386777553086810322e+01 -1.386777553086810322e+01 -1.386777553086810322e+01 -1.386777553086810322e+01 -1.386777553086810322e+01 -1.386777553086810322e+01 -1.386777553086810322e+01 -1.386777553086810322e+01 -1.386777553086810322e+01 -1.386777553086810322e+01 -1.386777553086810322e+01 -1.386777553086810322e+01 -1.386777553086810322e+01 -1.386777553086810322e+01 -1.386777553086810322e+01 -1.386777553086810322e+01 -1.386777553086810322e+01 -1.386777553086810322e+01 -1.386777553086810322e+01 -1.386777553086810322e+01 -1.386777553086810322e+01 -1.386777553086810322e+01 -1.386777553086810322e+01 -1.386777553086810322e+01 -1.386777553086810322e+01 -1.386777553086810322e+01 -1.386777553086810322e+01 -1.386777553086810322e+01 -1.386777553086810322e+01 -1.386777553086810322e+01 -1.386777553086810322e+01 -1.386777553086810322e+01 -1.367120564728418763e+01 -1.393572847536238335e+01 -1.393572847536238335e+01 -1.393572847536238335e+01 -1.393572847536238335e+01 -1.393572847536238335e+01 -1.393572847536238335e+01 -1.393572847536238335e+01 -1.393572847536238335e+01 -1.902897655089037698e+01 -2.032617272164245037e+01 -2.032617272164245037e+01 -2.032617272164245037e+01 -2.032617272164245037e+01 -2.032617272164245037e+01 -2.032617272164245037e+01 -2.032617272164245037e+01 -2.032617272164245037e+01 -1.470859415478845555e+01 -1.470859415478845555e+01 -1.470859415478845555e+01 -1.470859415478845555e+01 -1.470859415478845555e+01 -1.470859415478845555e+01 -1.470859415478845555e+01 -1.470859415478845555e+01 -1.470859415478845555e+01 -1.384286934038940764e+01 -2.032617272164245037e+01 -2.032617272164245037e+01 -2.032617272164245037e+01 -2.032617272164245037e+01 -2.032617272164245037e+01 -2.066592684248623968e+01 -2.066592684248623968e+01 -2.066592684248623968e+01 -1.373211714528318339e+01 -1.373211714528318339e+01 -1.384641896223242341e+01 -1.464721602196349970e+01 -1.519644902030485056e+01 -1.519644902030485056e+01 -1.519644902030485056e+01 -1.519644902030485056e+01 -1.519644902030485056e+01 -1.411544550987022362e+01 -1.411544550987022362e+01 -1.527652674733094607e+01 -1.910168281673927737e+01 -1.910168281673927737e+01 -1.910168281673927737e+01 -1.910168281673927737e+01 -1.910168281673927737e+01 -1.910168281673927737e+01 -3.235594999906827240e+01 -3.235594999906827240e+01 -3.235594999906827240e+01 -3.235594999906827240e+01 -3.235594999906827240e+01 -3.235594999906827240e+01 -3.235594999906827240e+01 -3.235594999906827240e+01 -3.235594999906827240e+01 -3.235594999906827240e+01 -3.235594999906827240e+01 -3.235594999906827240e+01 -3.235594999906827240e+01 -3.235594999906827240e+01 -3.235594999906827240e+01 -3.235594999906827240e+01 -3.235594999906827240e+01 -3.235594999906827240e+01 -3.235594999906827240e+01 -3.235594999906827240e+01 -3.235594999906827240e+01 -3.235594999906827240e+01 -3.235594999906827240e+01 -3.235594999906827240e+01 -3.235594999906827240e+01 -3.235594999906827240e+01 -3.235594999906827240e+01 -3.235594999906827240e+01 -3.235594999906827240e+01 -3.235594999906827240e+01 -3.235594999906827240e+01 -3.235594999906827240e+01 -3.235594999906827240e+01 -3.235594999906827240e+01 -3.235594999906827240e+01 -3.235594999906827240e+01
-1.359782799473679482e+01 -1.386777553086810322e+01 -1.386777553086810322e+01 -1.386777553086810322e+01 -1.386777553086810322e+01 -1.386777553086810322e+01 -1.386777553086810322e+01 -1.386777553086810322e+01 -1.386777553086810322e+01 -1.386777553086810322e+01 -1.386777553086810322e+01 -1.386777553086810322e+01 -1.386777553086810322e+01 -1.386777553086810322e+01 -1.386777553086810322e+01 -1.386777553086810322e+01 -1.386777553086810322e+01 -1.386777553086810322e+01 -1.386777553086810322e+01 -1.386777553086810322e+01 -1.386777553086810322e+01 -1.386777553086810322e+01 -1.386777553086810322e+01 -1.386777553086810322e+01 -1.386777553086810322e+01 -1.386777553086810322e+01 -1.386777553086810322e+01 -1.386777553086810322e+01 -1.386777553086810322e+01 -1.386777553086810322e+01 -1.386777553086810322e+01 -1.386777553086810322e+01 -1.386777553086810322e+01 -1.386777553086810322e+01 -1.386777553086810322e+01 -1.386777553086810322e+01 -1.386777553086810322e+01 -1.386777553086810322e+01 -1.386777553086810322e+01 -1.386777553086810322e+01 -1.386777553086810322e+01 -1.386777553086810322e+01 -1.386777553086810322e+01 -1.386777553086810322e+01 -1.386777553086810322e+01 -1.522507845559280071e+01 -1.522507845559280071e+01 -1.522507845559280071e+01 -1.522507845559280071e+01 -1.522507845559280071e+01 -1.522507845559280071e+01 -1.522507845559280071e+01 -1.522507845559280071e+01 -1.522507845559280071e+01 -1.367937371286019932e+01 -1.367937371286019932e+01 -1.367937371286019932e+01 -1.367937371286019932e+01 -1.627332575136992432e+01 -1.627332575136992432e+01 -1.627332575136992432e+01 -1.627332575136992432e+01 -1.627332575136992432e+01 -1.363748528405789884e+01 -3.145936251610653045e+01 -3.145936251610653045e+01 -3.145936251610653045e+01 -3.145936251610653045e+01 -3.145936251610653045e+01 -3.145936251610653045e+01 -3.145936251610653045e+01 -3.145936251610653045e+01 -3.145936251610653045e+01 -3.145936251610653045e+01 -3.145936251610653045e+01 -3.145936251610653045e+01 -3.145936251610653045e+01 -3.145936251610653045e+01 -3.145936251610653045e+01 -3.145936251610653045e+01 -3.145936251610653045e+01 -1.404391203141976519e+01 -1.404391203141976519e+01 -1.404391203141976519e+01 -1.676757540495578525e+01 -1.676757540495578525e+01 -1.752924578179961301e+01 -1.752924578179961301e+01 -1.752924578179961301e+01 -1.752924578179961301e+01 -1.502247798860037520e+01 -1.502247798860037520e+01 -1.502247798860037520e+01 -1.502247798860037520e+01 -1.502247798860037520e+01 -1.502247798860037520e+01 -1.502247798860037520e+01 -1.502247798860037520e+01 -1.502247798860037520e+01 -1.361952835910550874e+01 -1.361952835910550874e+01 -1.361952835910550874e+01 -1.361952835910550874e+01 -1.361952835910550874e+01 -1.361952835910550874e+01 -1.361952835910550874e+01 -1.361952835910550874e+01 -1.361952835910550874e+01 -1.361952835910550874e+01 -1.361952835910550874e+01 -1.361952835910550874e+01 -1.361952835910550874e+01 -1.361952835910550874e+01 -1.361952835910550874e+01 -1.361952835910550874e+01 -1.361952835910550874e+01 -1.361952835910550874e+01 -1.361952835910550874e+01 -1.361952835910550874e+01 -1.361952835910550874e+01 -1.361952835910550874e+01 -1.361952835910550874e+01 -1.361952835910550874e+01 -1.361952835910550874e+01 -1.361952835910550874e+01 -1.361952835910550874e+01 -1.361952835910550874e+01 -1.361952835910550874e+01 -1.361952835910550874e+01 -1.361952835910550874e+01 -1.361952835910550874e+01 -1.361952835910550874e+01 -1.361952835910550874e+01 -1.361952835910550874e+01 -1.361952835910550874e+01
