-1.359782799473679482e+01 -1.386777553086810322e+01 -1.386777553086810322e+01 -1.386777553086810322e+01 -1.386777553086810322e+01 -1.386777553086810322e+01 -1.386777553086810322e+01 -1.386777553086810322e+01 -1.386777553086810322e+01 -1.386777553086810322e+01 -1.386777553086810322e+01 -1.386777553086810322e+01 -1.386777553086810322e+01 -1.386777553086810322e+01 -1.386777553086810322e+01 -1.386777553086810322e+01 -1.386777553086810322e+01 -1.386777553086810322e+01 -1.386777553086810322e+01 -1.386777553086810322e+01 -1.386777553086810322e+01 -1.386777553086810322e+01 -1.386777553086810322e+01 -1.386777553086810322e+01 -1.386777553086810322e+01 -1.386777553086810322e+01 -1.386777553086810322e+01 -1.386777553086810322e+01 -1.386777553086810322e+01 -1.386777553086810322e+01 -1.386777553086810322e+01 -1.386777553086810322e+01 -1.386777553086810322e+01 -1.386777553086810322e+01 -1.386777553086810322e+01 -1.386777553086810322e+01 -1.386777553086810322e+01 -1.386777553086810322e+01 -1.386777553086810322e+01 -1.386777553086810322e+01 -1.386777553086810322e+01 -1.386777553086810322e+01 -1.386777553086810322e+01 -1.386777553086810322e+01 -1.386777553086810322e+01 -1.553397412330319582e+01 -1.553397412330319582e+01 -1.553397412330319582e+01 -1.553397412330319582e+01 -1.553397412330319582e+01 -1.553397412330319582e+01 -1.553397412330319582e+01 -1.553397412330319582e+01 -1.553397412330319582e+01 -1.477384313799526794e+01 -1.477384313799526794e+01 -1.477384313799526794e+01 -1.477384313799526794e+01 -1.477384313799526794e+01 -1.477384313799526794e+01 -1.477384313799526794e+01 -1.477384313799526794e+01 -1.477384313799526794e+01 -1.345879463432209278e+01 -1.345879463432209278e+01 -1.345879463432209278e+01 -1.345879463432209278e+01 -1.370730875929840487e+01 -1.370730875929840487e+01 -1.370730875929840487e+01 -1.370730875929840487e+01 -1.370730875929840487e+01 -1.419853997976026783e+01 -1.419853997976026783e+01 -1.419853997976026783e+01 -1.419853997976026783e+01 -1.419853997976026783e+01 -1.419853997976026783e+01 -1.419853997976026783e+01 -1.419853997976026783e+01 -1.419853997976026783e+01 -1.343842774461234413e+01 -1.343842774461234413e+01 -1.343842774461234413e+01 -1.343842774461234413e+01 -1.370786749649222358e+01 -1.370786749649222358e+01 -1.371743526030073568e+01 -1.371743526030073568e+01 -1.371743526030073568e+01 -1.343842774461234413e+01 -1.343842774461234413e+01 -1.343842774461234413e+01 -1.343842774461234413e+01 -1.370786749649222358e+01 -1.370786749649222358e+01 -1.370786749649222358e+01 -1.370786749649222358e+01 -1.370786749649222358e+01 -1.343842774461234413e+01 -1.370786749649222358e+01 -1.370786749649222358e+01 -1.370786749649222358e+01 -1.370786749649222358e+01 -1.370786749649222358e+01 -1.370786749649222358e+01 -1.370786749649222358e+01 -1.370786749649222358e+01 -1.370730875929840487e+01 -1.370730875929840487e+01 -1.370730875929840487e+01 -1.370730875929840487e+01 -1.370730875929840487e+01 -1.370730875929840487e+01 -1.370730875929840487e+01 -1.370730875929840487e+01 -1.370730875929840487e+01 -1.343842774461234413e+01 -1.343842774461234413e+01 -1.343842774461234413e+01 -1.343842774461234413e+01 -1.343842774461234413e+01 -1.343842774461234413e+01 -1.355253693168402762e+01 -1.355253693168402762e+01 -1.355253693168402762e+01 -1.370730875929840487e+01 -1.370730875929840487e+01 -1.370730875929840487e+01 -1.370730875929840487e+01 -1.370730875929840487e+01 -1.370730875929840487e+01 -1.370730875929840487e+01 -1.370730875929840487e+01 -1.392040101641074834e+01
-1.359782799473679482e+01 -1.386777553086810322e+01 -1.386777553086810322e+01 -1.386777553086810322e+01 -1.386777553086810322e+01 -1.442972149102901191e+01 -1.442972149102901191e+01 -1.442972149102901191e+01 -1.442972149102901191e+01 -1.442972149102901191e+01 -1.442972149102901191e+01 -1.442972149102901191e+01 -1.442972149102901191e+01 -1.442972149102901191e+01 -1.442972149102901191e+01 -1.442972149102901191e+01 -1.442972149102901191e+01 -1.442972149102901191e+01 -1.442972149102901191e+01 -1.442972149102901191e+01 -1.442972149102901191e+01 -1.442972149102901191e+01 -1.442972149102901191e+01 -1.442972149102901191e+01 -1.442972149102901191e+01 -1.442972149102901191e+01 -1.442972149102901191e+01 -1.442972149102901191e+01 -1.442972149102901191e+01 -1.442972149102901191e+01 -1.442972149102901191e+01 -1.442972149102901191e+01 -1.442972149102901191e+01 -1.442972149102901191e+01 -1.442972149102901191e+01 -1.442972149102901191e+01 -1.442972149102901191e+01 -1.442972149102901191e+01 -1.442972149102901191e+01 -1.442972149102901191e+01 -1.442972149102901191e+01 -1.442972149102901191e+01 -1.442972149102901191e+01 -1.442972149102901191e+01 -1.442972149102901191e+01 -1.340002571486363081e+01 -1.340002571486363081e+01 -1.340002571486363081e+01 -1.340002571486363081e+01 -1.360122919039487321e+01 -1.610450863600177840e+01 -1.611915265043885270e+01 -1.634111279768243463e+01 -1.634111279768243463e+01 -1.499912442819842084e+01 -1.499912442819842084e+01 -1.528612249603163065e+01 -1.528612249603163065e+01 -1.528612249603163065e+01 -1.528612249603163065e+01 -1.528612249603163065e+01 -1.528612249603163065e+01 -1.528612249603163065e+01 -1.589346114092887596e+01 -1.589346114092887596e+01 -1.589346114092887596e+01 -1.589346114092887596e+01 -1.589346114092887596e+01 -1.589346114092887596e+01 -1.589346114092887596e+01 -1.589346114092887596e+01 -1.589346114092887596e+01 -1.504028076005965175e+01 -1.504028076005965175e+01 -1.539301543711030362e+01 -1.539301543711030362e+01 -1.539301543711030362e+01 -1.539301543711030362e+01 -1.539301543711030362e+01 -1.539301543711030362e+01 -1.539301543711030362e+01 -1.591612040352649515e+01 -1.591612040352649515e+01 -1.591612040352649515e+01 -1.591612040352649515e+01 -1.591612040352649515e+01 -1.591612040352649515e+01 -1.591612040352649515e+01 -1.624314822571123429e+01 -2.223859408903670243e+01 -1.605234158046771142e+01 -1.605234158046771142e+01 -1.605234158046771142e+01 -1.605234158046771142e+01 -1.605234158046771142e+01 -1.605234158046771142e+01 -1.605234158046771142e+01 -1.605234158046771142e+01 -1.605234158046771142e+01 -1.591026409120023288e+01 -1.643907390950801073e+01 -1.643907390950801073e+01 -1.643907390950801073e+01 -1.643907390950801073e+01 -1.643907390950801073e+01 -1.643907390950801073e+01 -1.643907390950801073e+01 -1.643907390950801073e+01 -1.521053786694533549e+01 -1.521053786694533549e+01 -1.521053786694533549e+01 -1.521053786694533549e+01 -7.561467438560275411e+01 -7.561467438560275411e+01 -7.561467438560275411e+01 -7.561467438560275411e+01 -7.561467438560275411e+01 -1.489419867990164015e+01 -1.489419867990164015e+01 -1.489419867990164015e+01 -1.489419867990164015e+01 -1.489419867990164015e+01 -1.489419867990164015e+01 -1.489419867990164015e+01 -1.489419867990164015e+01 -1.489419867990164015e+01 -1.489419867990164015e+01 -1.489419867990164015e+01 -1.489419867990164015e+01 -1.489419867990164015e+01 -1.489419867990164015e+01 -1.489419867990164015e+01 -1.489419867990164015e+01 -1.489419867990164015e+01 -1.489419867990164015e+01
-1.359782799473679482e+01 -1.386777553086810322e+01 -1.386777553086810322e+01 -1.386777553086810322e+01 -1.386777553086810322e+01 -1.386777553086810322e+01 -1.386777553086810322e+01 -1.386777553086810322e+01 -1.386777553086810322e+01 -1.386777553086810322e+01 -1.386777553086810322e+01 -1.386777553086810322e+01 -1.386777553086810322e+01 -1.386777553086810322e+01 -1.386777553086810322e+01 -1.386777553086810322e+01 -1.386777553086810322e+01 -1.386777553086810322e+01 -1.386777553086810322e+01 -1.386777553086810322e+01 -1.386777553086810322e+01 -1.386777553086810322e+01 -1.386777553086810322e+01 -1.386777553086810322e+01 -1.386777553086810322e+01 -1.386777553086810322e+01 -1.386777553086810322e+01 -1.386777553086810322e+01 -1.386777553086810322e+01 -1.386777553086810322e+01 -1.386777553086810322e+01 -1.386777553086810322e+01 -1.386777553086810322e+01 -1.386777553086810322e+01 -1.386777553086810322e+01 -1.386777553086810322e+01 -1.386777553086810322e+01 -1.386777553086810322e+01 -1.386777553086810322e+01 -1.386777553086810322e+01 -1.386777553086810322e+01 -1.386777553086810322e+01 -1.386777553086810322e+01 -1.386777553086810322e+01 -1.386777553086810322e+01 -1.513613483957958827e+01 -1.513613483957958827e+01 -1.513613483957958827e+01 -1.513613483957958827e+01 -1.513613483957958827e+01 -1.513613483957958827e+01 -1.513613483957958827e+01 -1.513613483957958827e+01 -1.513613483957958827e+01 -1.687919722794758925e+01 -1.687919722794758925e+01 -1.687919722794758925e+01 -1.687919722794758925e+01 -1.687919722794758925e+01 -1.687919722794758925e+01 -1.687919722794758925e+01 -1.687919722794758925e+01 -1.687919722794758925e+01 -7.455808237493315005e+01 -7.455808237493315005e+01 -7.455808237493315005e+01 -7.455808237493315005e+01 -7.455808237493315005e+01 -7.455808237493315005e+01 -7.455808237493315005e+01 -7.455808237493315005e+01 -7.455808237493315005e+01 -1.701355643775055171e+01 -1.701355643775055171e+01 -1.701355643775055171e+01 -1.701355643775055171e+01 -1.701355643775055171e+01 -1.701355643775055171e+01 -1.701355643775055171e+01 -1.701355643775055171e+01 -1.701355643775055171e+01 -1.701355643775055171e+01 -1.701355643775055171e+01 -1.701355643775055171e+01 -1.701355643775055171e+01 -1.701355643775055171e+01 -1.701355643775055171e+01 -1.701355643775055171e+01 -1.701355643775055171e+01 -1.701355643775055171e+01 -1.701355643775055171e+01 -1.701355643775055171e+01 -1.701355643775055171e+01 -2.398608016053808001e+01 -2.398608016053808001e+01 -2.398608016053808001e+01 -2.398608016053808001e+01 -2.398608016053808001e+01 -2.398608016053808001e+01 -1.701355643775055171e+01 -1.701355643775055171e+01 -1.701355643775055171e+01 -1.701355643775055171e+01 -1.701355643775055171e+01 -1.819565973418815119e+01 -1.819565973418815119e+01 -1.819565973418815119e+01 -1.819565973418815119e+01 -1.701355643775055171e+01 -1.701355643775055171e+01 -1.701355643775055171e+01 -1.701355643775055171e+01 -1.701355643775055171e+01 -1.701355643775055171e+01 -1.701355643775055171e+01 -1.701355643775055171e+01 -1.701355643775055171e+01 -1.701355643775055171e+01 -1.701355643775055171e+01 -2.077986050542838115e+01 -2.077986050542838115e+01 -2.077986050542838115e+01 -2.077986050542838115e+01 -2.077986050542838115e+01 -2.077986050542838115e+01 -2.077986050542838115e+01 -1.701355643775055171e+01 -1.701355643775055171e+01 -1.701355643775055171e+01 -1.701355643775055171e+01 -1.701355643775055171e+01 -1.701355643775055171e+01 -1.701355643775055171e+01 -1.701355643775055171e+01 -1.701355643775055171e+01
-1.359782799473679482e+01 -1.386777553086810322e+01 -1.386777553086810322e+01 -1.386777553086810322e+01 -1.386777553086810322e+01 -1.386777553086810322e+01 -1.386777553086810322e+01 -1.386777553086810322e+01 -1.386777553086810322e+01 -1.386777553086810322e+01 -1.386777553086810322e+01 -1.386777553086810322e+01 -1.386777553086810322e+01 -1.386777553086810322e+01 -1.386777553086810322e+01 -1.386777553086810322e+01 -1.386777553086810322e+01 -1.386777553086810322e+01 -1.386777553086810322e+01 -1.386777553086810322e+01 -1.386777553086810322e+01 -1.386777553086810322e+01 -1.386777553086810322e+01 -1.386777553086810322e+01 -1.386777553086810322e+01 -1.386777553086810322e+01 -1.386777553086810322e+01 -1.386777553086810322e+01 -1.386777553086810322e+01 -1.386777553086810322e+01 -1.386777553086810322e+01 -1.386777553086810322e+01 -1.386777553086810322e+01 -1.386777553086810322e+01 -1.386777553086810322e+01 -1.386777553086810322e+01 -1.386777553086810322e+01 -1.386777553086810322e+01 -1.386777553086810322e+01 -1.386777553086810322e+01 -1.386777553086810322e+01 -1.386777553086810322e+01 -1.386777553086810322e+01 -1.386777553086810322e+01 -1.386777553086810322e+01 -1.488834598614277560e+01 -1.488834598614277560e+01 -1.488834598614277560e+01 -1.488834598614277560e+01 -1.488834598614277560e+01 -1.488834598614277560e+01 -1.488834598614277560e+01 -1.488834598614277560e+01 -1.488834598614277560e+01 -1.488590335897955619e+01 -1.488590335897955619e+01 -1.591466844906455869e+01 -1.591466844906455869e+01 -1.591466844906455869e+01 -1.591466844906455869e+01 -1.591466844906455869e+01 -1.591466844906455869e+01 -1.591466844906455869e+01 -1.556824204567501191e+01 -1.556824204567501191e+01 -1.556824204567501191e+01 -1.556824204567501191e+01 -1.556824204567501191e+01 -1.556824204567501191e+01 -1.556824204567501191e+01 -1.556824204567501191e+01 -1.556824204567501191e+01 -1.509438234011582836e+01 -1.509438234011582836e+01 -1.509438234011582836e+01 -1.509438234011582836e+01 -1.509438234011582836e+01 -1.509438234011582836e+01 -1.509438234011582836e+01 -1.509438234011582836e+01 -1.509438234011582836e+01 -1.598037170110024086e+01 -1.598037170110024086e+01 -3.012679379488315945e+01 -3.012679379488315945e+01 -6.782938761428722785e+01 -6.782938761428722785e+01 -6.782938761428722785e+01 -6.782938761428722785e+01 -6.782938761428722785e+01 -1.598037170110024086e+01 -1.598037170110024086e+01 -1.598037170110024086e+01 -1.598037170110024086e+01 -1.598037170110024086e+01 -1.598037170110024086e+01 -1.598037170110024086e+01 -1.598037170110024086e+01 -1.598037170110024086e+01 -1.598037170110024086e+01 -1.598037170110024086e+01 -1.598037170110024086e+01 -1.598037170110024086e+01 -1.598037170110024086e+01 -1.598037170110024086e+01 -2.039387865224149365e+01 -2.039387865224149365e+01 -2.039387865224149365e+01 -1.598037170110024086e+01 -1.598037170110024086e+01 -1.598037170110024086e+01 -1.598037170110024086e+01 -1.598037170110024086e+01 -1.598037170110024086e+01 -1.619100840466193958e+01 -1.619100840466193958e+01 -1.619100840466193958e+01 -1.598037170110024086e+01 -1.598037170110024086e+01 -1.598037170110024086e+01 -1.598037170110024086e+01 -1.598037170110024086e+01 -1.598037170110024086e+01 -1.598037170110024086e+01 -1.598037170110024086e+01 -1.598037170110024086e+01 -1.597960530464404805e+01 -1.597960530464404805e+01 -1.597960530464404805e+01 -1.597960530464404805e+01 -1.597960530464404805e+01 -1.597960530464404805e+01 -1.597960530464404805e+01 -1.597960530464404805e+01 -1.597960530464404805e+01
-1.359782799473679482e+01 -1.386777553086810322e+01 -1.386777553086810322e+01 -1.386777553086810322e+01 -1.386777553086810322e+01 -1.386777553086810322e+01 -1.386777553086810322e+01 -1.386777553086810322e+01 -1.386777553086810322e+01 -1.386777553086810322e+01 -1.386777553086810322e+01 -1.386777553086810322e+01 -1.386777553086810322e+01 -1.386777553086810322e+01 -1.386777553086810322e+01 -1.386777553086810322e+01 -1.386777553086810322e+01 -1.386777553086810322e+01 -1.386777553086810322e+01 -1.386777553086810322e+01 -1.386777553086810322e+01 -1.386777553086810322e+01 -1.386777553086810322e+01 -1.386777553086810322e+01 -1.386777553086810322e+01 -1.386777553086810322e+01 -1.386777553086810322e+01 -1.386777553086810322e+01 -1.386777553086810322e+01 -1.386777553086810322e+01 -1.386777553086810322e+01 -1.386777553086810322e+01 -1.386777553086810322e+01 -1.386777553086810322e+01 -1.386777553086810322e+01 -1.386777553086810322e+01 -1.386777553086810322e+01 -1.386777553086810322e+01 -1.386777553086810322e+01 -1.386777553086810322e+01 -1.386777553086810322e+01 -1.386777553086810322e+01 -1.386777553086810322e+01 -1.386777553086810322e+01 -1.386777553086810322e+01 -1.381908458054446243e+01 -1.381908458054446243e+01 -1.400059275496301936e+01 -1.400059275496301936e+01 -1.400059275496301936e+01 -1.400059275496301936e+01 -1.400059275496301936e+01 -1.903138740016543551e+01 -1.903138740016543551e+01 -1.380762799406421237e+01 -1.554882775268975159e+01 -1.554882775268975159e+01 -1.554882775268975159e+01 -1.554882775268975159e+01 -1.554882775268975159e+01 -1.554882775268975159e+01 -1.554882775268975159e+01 -1.554882775268975159e+01 -1.389011670032586387e+01 -1.665187137925337524e+01 -1.665187137925337524e+01 -1.665187137925337524e+01 -2.064357390029235262e+01 -2.064357390029235262e+01 -2.064357390029235262e+01 -2.064357390029235262e+01 -2.064357390029235262e+01 -1.392486615680820350e+01 -1.392486615680820350e+01 -1.392486615680820350e+01 -2.002516371185588895e+01 -2.002516371185588895e+01 -2.002516371185588895e+01 -2.002516371185588895e+01 -2.002516371185588895e+01 -2.002516371185588895e+01 -4.220128938578259437e+01 -4.220128938578259437e+01 -4.220128938578259437e+01 -4.220128938578259437e+01 -4.220128938578259437e+01 -4.220128938578259437e+01 -4.220128938578259437e+01 -4.220128938578259437e+01 -4.220128938578259437e+01 -1.392486615680820350e+01 -1.392486615680820350e+01 -1.452116168408338659e+01 -1.452116168408338659e+01 -1.452116168408338659e+01 -1.452116168408338659e+01 -1.452116168408338659e+01 -1.452116168408338659e+01 -1.452116168408338659e+01 -1.396424935583612381e+01 -1.396424935583612381e+01 -2.156256173612008453e+01 -2.156256173612008453e+01 -2.156256173612008453e+01 -2.156256173612008453e+01 -2.156256173612008453e+01 -2.156256173612008453e+01 -2.156256173612008453e+01 -1.412342421563939432e+01 -1.412342421563939432e+01 -1.412342421563939432e+01 -1.412342421563939432e+01 -1.412342421563939432e+01 -1.412342421563939432e+01 -1.412342421563939432e+01 -1.419236140782292210e+01 -1.419236140782292210e+01 -1.394091373772391407e+01 -1.452116168408338659e+01 -1.452116168408338659e+01 -1.565799748677189918e+01 -1.565799748677189918e+01 -1.565799748677189918e+01 -1.565799748677189918e+01 -1.565799748677189918e+01 -1.565799748677189918e+01 -1.394091373772391407e+01 -1.394091373772391407e+01 -1.394091373772391407e+01 -1.394091373772391407e+01 -1.394091373772391407e+01 -1.394091373772391407e+01 -1.931697722208320300e+01 -1.931697722208320300e+01 -1.931697722208320300e+01
-1.359782799473679482e+01 -1.386777553086810322e+01 -1.386777553086810322e+01 -1.386777553086810322e+01 -1.386777553086810322e+01 -1.386777553086810322e+01 -1.386777553086810322e+01 -1.386777553086810322e+01 -1.386777553086810322e+01 -1.386777553086810322e+01 -1.386777553086810322e+01 -1.386777553086810322e+01 -1.386777553086810322e+01 -1.386777553086810322e+01 -1.386777553086810322e+01 -1.386777553086810322e+01 -1.386777553086810322e+01 -1.386777553086810322e+01 -1.386777553086810322e+01 -1.386777553086810322e+01 -1.386777553086810322e+01 -1.386777553086810322e+01 -1.386777553086810322e+01 -1.386777553086810322e+01 -1.386777553086810322e+01 -1.386777553086810322e+01 -1.386777553086810322e+01 -1.386777553086810322e+01 -1.386777553086810322e+01 -1.386777553086810322e+01 -1.386777553086810322e+01 -1.386777553086810322e+01 -1.386777553086810322e+01 -1.386777553086810322e+01 -1.386777553086810322e+01 -1.386777553086810322e+01 -1.386777553086810322e+01 -1.386777553086810322e+01 -1.386777553086810322e+01 -1.386777553086810322e+01 -1.386777553086810322e+01 -1.386777553086810322e+01 -1.386777553086810322e+01 -1.386777553086810322e+01 -1.386777553086810322e+01 -1.550378807027465200e+01 -1.550378807027465200e+01 -1.550378807027465200e+01 -1.550378807027465200e+01 -1.550378807027465200e+01 -1.550378807027465200e+01 -1.550378807027465200e+01 -1.550378807027465200e+01 -1.550378807027465200e+01 -1.457852148761972089e+01 -1.607688834410674872e+01 -1.607688834410674872e+01 -1.607688834410674872e+01 -1.607688834410674872e+01 -1.607688834410674872e+01 -1.607688834410674872e+01 -1.607688834410674872e+01 -1.607688834410674872e+01 -1.938875704354598639e+01 -1.938875704354598639e+01 -1.938875704354598639e+01 -1.938875704354598639e+01 -1.938875704354598639e+01 -1.938875704354598639e+01 -1.938875704354598639e+01 -1.938875704354598639e+01 -1.938875704354598639e+01 -1.589627722932793041e+01 -1.589627722932793041e+01 -1.589627722932793041e+01 -1.589627722932793041e+01 -1.589627722932793041e+01 -1.589627722932793041e+01 -1.589627722932793041e+01 -2.198442097973034492e+01 -2.198442097973034492e+01 -2.335033794891385028e+01 -2.335033794891385028e+01 -4.139620843784489779e+01 -4.139620843784489779e+01 -4.139620843784489779e+01 -4.139620843784489779e+01 -4.139620843784489779e+01 -4.139620843784489779e+01 -4.139620843784489779e+01 -1.513189636210851141e+01 -1.533661922095452468e+01 -1.533661922095452468e+01 -1.533661922095452468e+01 -2.335033794891385028e+01 -2.335033794891385028e+01 -2.335033794891385028e+01 -2.335033794891385028e+01 -2.335033794891385028e+01 -1.513189636210851141e+01 -1.513189636210851141e+01 -1.513189636210851141e+01 -1.533661922095452468e+01 -1.533661922095452468e+01 -1.533661922095452468e+01 -1.533661922095452468e+01 -1.533661922095452468e+01 -1.533661922095452468e+01 -1.513189636210851141e+01 -1.513189636210851141e+01 -1.513189636210851141e+01 -1.513189636210851141e+01 -1.513189636210851141e+01 -1.513189636210851141e+01 -1.513189636210851141e+01 -1.513189636210851141e+01 -1.513189636210851141e+01 -1.513189636210851141e+01 -1.513189636210851141e+01 -1.513189636210851141e+01 -1.513189636210851141e+01 -1.513189636210851141e+01 -1.513189636210851141e+01 -1.513189636210851141e+01 -1.513189636210851141e+01 -1.533661922095452468e+01 -1.513189636210851141e+01 -1.513189636210851141e+01 -1.533661922095452468e+01 -1.533661922095452468e+01 -1.533661922095452468e+01 -1.533661922095452468e+01 -1.533661922095452468e+01 -1.533661922095452468e+01 -1.533661922095452468e+01
-1.359782799473679482e+01 -1.386777553086810322e+01 -1.386777553086810322e+01 -1.386777553086810322e+01 -1.386777553086810322e+01 -1.386777553086810322e+01 -1.386777553086810322e+01 -1.386777553086810322e+01 -1.386777553086810322e+01 -1.386777553086810322e+01 -1.386777553086810322e+01 -1.386777553086810322e+01 -1.386777553086810322e+01 -1.386777553086810322e+01 -1.386777553086810322e+01 -1.386777553086810322e+01 -1.386777553086810322e+01 -1.386777553086810322e+01 -1.386777553086810322e+01 -1.386777553086810322e+01 -1.386777553086810322e+01 -1.386777553086810322e+01 -1.386777553086810322e+01 -1.386777553086810322e+01 -1.386777553086810322e+01 -1.386777553086810322e+01 -1.386777553086810322e+01 -1.386777553086810322e+01 -1.386777553086810322e+01 -1.386777553086810322e+01 -1.386777553086810322e+01 -1.386777553086810322e+01 -1.386777553086810322e+01 -1.386777553086810322e+01 -1.386777553086810322e+01 -1.386777553086810322e+01 -1.386777553086810322e+01 -1.386777553086810322e+01 -1.386777553086810322e+01 -1.386777553086810322e+01 -1.386777553086810322e+01 -1.386777553086810322e+01 -1.386777553086810322e+01 -1.386777553086810322e+01 -1.386777553086810322e+01 -1.497416802072310205e+01 -1.497416802072310205e+01 -1.497416802072310205e+01 -1.497416802072310205e+01 -1.497416802072310205e+01 -1.497416802072310205e+01 -1.497416802072310205e+01 -1.497416802072310205e+01 -1.497416802072310205e+01 -1.497819182171236285e+01 -1.497819182171236285e+01 -1.497819182171236285e+01 -1.497819182171236285e+01 -1.497819182171236285e+01 -1.497819182171236285e+01 -1.497819182171236285e+01 -1.497819182171236285e+01 -1.497819182171236285e+01 -1.504710746290765222e+01 -1.514297019594072680e+01 -1.514297019594072680e+01 -1.514297019594072680e+01 -1.514297019594072680e+01 -1.514297019594072680e+01 -2.135892202689060682e+01 -2.135892202689060682e+01 -2.135892202689060682e+01 -1.488559068479099601e+01 -1.488559068479099601e+01 -1.488559068479099601e+01 -1.488559068479099601e+01 -1.684076727943636342e+01 -1.684076727943636342e+01 -1.684076727943636342e+01 -1.896813427881512837e+01 -1.896813427881512837e+01 -1.506088409426276797e+01 -1.506088409426276797e+01 -1.506088409426276797e+01 -1.506088409426276797e+01 -1.506088409426276797e+01 -1.526132404066711601e+01 -1.526132404066711601e+01 -1.526132404066711601e+01 -1.526132404066711601e+01 -1.503859383291105445e+01 -1.503859383291105445e+01 -1.503859383291105445e+01 -1.503859383291105445e+01 -1.503859383291105445e+01 -1.589050944343251537e+01 -1.589050944343251537e+01 -1.589050944343251537e+01 -1.589050944343251537e+01 -1.503859383291105445e+01 -1.503859383291105445e+01 -1.616418596493772242e+01 -2.106714066661066909e+01 -2.106714066661066909e+01 -2.106714066661066909e+01 -2.106714066661066909e+01 -2.106714066661066909e+01 -2.106714066661066909e+01 -1.502302991567525225e+01 -1.502302991567525225e+01 -1.502302991567525225e+01 -1.666785718200978295e+01 -1.666785718200978295e+01 -1.666785718200978295e+01 -3.996893123264092651e+01 -3.996893123264092651e+01 -3.996893123264092651e+01 -1.502302991567525225e+01 -1.502302991567525225e+01 -1.534891768804274470e+01 -1.534891768804274470e+01 -1.534891768804274470e+01 -1.534891768804274470e+01 -1.534891768804274470e+01 -1.534891768804274470e+01 -1.534891768804274470e+01 -1.502302991567525225e+01 -1.502302991567525225e+01 -1.502302991567525225e+01 -1.787141208362318423e+01 -1.787141208362318423e+01 -1.932980967042240650e+01 -1.932980967042240650e+01 -1.932980967042240650e+01 -1.932980967042240650e+01
-1.359782799473679482e+01 -1.386777553086810322e+01 -1.386777553086810322e+01 -1.386777553086810322e+01 -1.386777553086810322e+01 -1.386777553086810322e+01 -1.386777553086810322e+01 -1.386777553086810322e+01 -1.386777553086810322e+01 -1.386777553086810322e+01 -1.386777553086810322e+01 -1.386777553086810322e+01 -1.386777553086810322e+01 -1.386777553086810322e+01 -1.386777553086810322e+01 -1.386777553086810322e+01 -1.386777553086810322e+01 -1.386777553086810322e+01 -1.386777553086810322e+01 -1.386777553086810322e+01 -1.386777553086810322e+01 -1.386777553086810322e+01 -1.386777553086810322e+01 -1.386777553086810322e+01 -1.386777553086810322e+01 -1.386777553086810322e+01 -1.386777553086810322e+01 -1.386777553086810322e+01 -1.386777553086810322e+01 -1.386777553086810322e+01 -1.386777553086810322e+01 -1.386777553086810322e+01 -1.386777553086810322e+01 -1.386777553086810322e+01 -1.386777553086810322e+01 -1.386777553086810322e+01 -1.386777553086810322e+01 -1.386777553086810322e+01 -1.386777553086810322e+01 -1.386777553086810322e+01 -1.386777553086810322e+01 -1.386777553086810322e+01 -1.386777553086810322e+01 -1.386777553086810322e+01 -1.386777553086810322e+01 -1.397636065845890663e+01 -1.397636065845890663e+01 -1.397636065845890663e+01 -1.397636065845890663e+01 -1.397636065845890663e+01 -1.397636065845890663e+01 -1.397636065845890663e+01 -1.397636065845890663e+01 -1.397636065845890663e+01 -1.358831096147078377e+01 -1.370588958890867559e+01 -1.373643177401892856e+01 -1.373643177401892856e+01 -1.373643177401892856e+01 -1.373643177401892856e+01 -1.373643177401892856e+01 -1.373643177401892856e+01 -1.373643177401892856e+01 -1.358312240979419450e+01 -1.358312240979419450e+01 -1.358312240979419450e+01 -1.358312240979419450e+01 -1.455174437339333515e+01 -1.455174437339333515e+01 -1.455174437339333515e+01 -1.455174437339333515e+01 -1.571974602122421061e+01 -1.358312240979419450e+01 -1.358312240979419450e+01 -1.358312240979419450e+01 -1.358312240979419450e+01 -1.849015641147448008e+01 -1.849015641147448008e+01 -1.849015641147448008e+01 -1.849015641147448008e+01 -1.849015641147448008e+01 -1.358312240979419450e+01 -1.358312240979419450e+01 -1.358312240979419450e+01 -1.878991572352176931e+01 -1.878991572352176931e+01 -1.878991572352176931e+01 -1.878991572352176931e+01 -1.878991572352176931e+01 -1.878991572352176931e+01 -1.358312240979419450e+01 -1.358312240979419450e+01 -1.358312240979419450e+01 -1.358312240979419450e+01 -1.358312240979419450e+01 -1.358312240979419450e+01 -1.358312240979419450e+01 -1.358312240979419450e+01 -1.849015641147448008e+01 -1.571974602122421061e+01 -1.571974602122421061e+01 -3.868551616847415175e+01 -3.868551616847415175e+01 -3.868551616847415175e+01 -3.868551616847415175e+01 -3.868551616847415175e+01 -3.868551616847415175e+01 -3.868551616847415175e+01 -1.358312240979419450e+01 -1.358312240979419450e+01 -1.358312240979419450e+01 -1.571974602122421061e+01 -1.849015641147448008e+01 -1.849015641147448008e+01 -1.849015641147448008e+01 -1.849015641147448008e+01 -1.849015641147448008e+01 -1.358312240979419450e+01 -1.358312240979419450e+01 -1.358312240979419450e+01 -3.868551616847415175e+01 -3.868551616847415175e+01 -3.868551616847415175e+01 -3.868551616847415175e+01 -3.868551616847415175e+01 -3.868551616847415175e+01 -1.365824621441143272e+01 -1.461092118302650888e+01 -1.461092118302650888e+01 -1.461092118302650888e+01 -1.461092118302650888e+01 -1.461092118302650888e+01 -1.884904089943658789e+01 -1.884904089943658789e+01 -1.884904089943658789e+01
-1.359782799473679482e+01 -1.386777553086810322e+01 -1.386777553086810322e+01 -1.386777553086810322e+01 -1.386777553086810322e+01 -1.386777553086810322e+01 -1.386777553086810322e+01 -1.386777553086810322e+01 -1.386777553086810322e+01 -1.386777553086810322e+01 -1.386777553086810322e+01 -1.386777553086810322e+01 -1.386777553086810322e+01 -1.386777553086810322e+01 -1.386777553086810322e+01 -1.386777553086810322e+01 -1.386777553086810322e+01 -1.386777553086810322e+01 -1.386777553086810322e+01 -1.386777553086810322e+01 -1.386777553086810322e+01 -1.386777553086810322e+01 -1.386777553086810322e+01 -1.386777553086810322e+01 -1.386777553086810322e+01 -1.386777553086810322e+01 -1.386777553086810322e+01 -1.386777553086810322e+01 -1.386777553086810322e+01 -1.386777553086810322e+01 -1.386777553086810322e+01 -1.386777553086810322e+01 -1.386777553086810322e+01 -1.386777553086810322e+01 -1.386777553086810322e+01 -1.386777553086810322e+01 -1.386777553086810322e+01 -1.386777553086810322e+01 -1.386777553086810322e+01 -1.386777553086810322e+01 -1.386777553086810322e+01 -1.386777553086810322e+01 -1.386777553086810322e+01 -1.386777553086810322e+01 -1.386777553086810322e+01 -1.495216640993216828e+01 -1.495216640993216828e+01 -1.495216640993216828e+01 -1.504640710319742425e+01 -1.504640710319742425e+01 -1.504640710319742425e+01 -1.504640710319742425e+01 -1.504640710319742425e+01 -1.504640710319742425e+01 -1.879133489391149681e+01 -1.879133489391149681e+01 -1.879133489391149681e+01 -1.879133489391149681e+01 -1.879133489391149681e+01 -1.879133489391149681e+01 -1.879133489391149681e+01 -1.879133489391149681e+01 -1.879133489391149681e+01 -1.417126063676336400e+01 -1.417126063676336400e+01 -1.417126063676336400e+01 -1.417126063676336400e+01 -1.441087234207426349e+01 -1.441087234207426349e+01 -1.441087234207426349e+01 -1.441087234207426349e+01 -1.441087234207426349e+01 -1.417126063676336400e+01 -1.417126063676336400e+01 -1.417126063676336400e+01 -1.417126063676336400e+01 -1.417126063676336400e+01 -1.417126063676336400e+01 -1.626040301372859531e+01 -1.626040301372859531e+01 -1.626040301372859531e+01 -1.417126063676336400e+01 -1.417126063676336400e+01 -1.417126063676336400e+01 -1.417126063676336400e+01 -1.464499657254449971e+01 -1.464499657254449971e+01 -1.464499657254449971e+01 -1.464499657254449971e+01 -1.643439599489152059e+01 -1.482102221188166347e+01 -1.482102221188166347e+01 -1.482102221188166347e+01 -1.482102221188166347e+01 -1.482102221188166347e+01 -1.482102221188166347e+01 -1.482102221188166347e+01 -1.482102221188166347e+01 -1.482102221188166347e+01 -1.417126063676336400e+01 -3.413971676507659936e+01 -3.413971676507659936e+01 -3.413971676507659936e+01 -3.413971676507659936e+01 -3.413971676507659936e+01 -3.413971676507659936e+01 -3.413971676507659936e+01 -3.413971676507659936e+01 -1.417126063676336400e+01 -1.417126063676336400e+01 -1.417126063676336400e+01 -1.417126063676336400e+01 -1.417126063676336400e+01 -1.417126063676336400e+01 -1.540643544565937972e+01 -1.540643544565937972e+01 -3.413971676507659936e+01 -1.417126063676336400e+01 -1.417126063676336400e+01 -1.417126063676336400e+01 -1.417126063676336400e+01 -1.417126063676336400e+01 -1.417126063676336400e+01 -1.417126063676336400e+01 -1.417126063676336400e+01 -1.417126063676336400e+01 -3.413971676507659936e+01 -3.413971676507659936e+01 -3.413971676507659936e+01 -3.413971676507659936e+01 -3.413971676507659936e+01 -3.413971676507659936e+01 -3.413971676507659936e+01 -3.413971676507659936e+01 -3.413971676507659936e+01
-1.359782799473679482e+01 -1.386777553086810322e+01 -1.386777553086810322e+01 -1.386777553086810322e+01 -1.386777553086810322e+01 -1.386777553086810322e+01 -1.386777553086810322e+01 -1.386777553086810322e+01 -1.386777553086810322e+01 -1.386777553086810322e+01 -1.386777553086810322e+01 -1.386777553086810322e+01 -1.386777553086810322e+01 -1.386777553086810322e+01 -1.386777553086810322e+01 -1.386777553086810322e+01 -1.386777553086810322e+01 -1.386777553086810322e+01 -1.386777553086810322e+01 -1.386777553086810322e+01 -1.386777553086810322e+01 -1.386777553086810322e+01 -1.386777553086810322e+01 -1.386777553086810322e+01 -1.386777553086810322e+01 -1.386777553086810322e+01 -1.386777553086810322e+01 -1.386777553086810322e+01 -1.386777553086810322e+01 -1.386777553086810322e+01 -1.386777553086810322e+01 -1.386777553086810322e+01 -1.386777553086810322e+01 -1.386777553086810322e+01 -1.386777553086810322e+01 -1.386777553086810322e+01 -1.386777553086810322e+01 -1.386777553086810322e+01 -1.386777553086810322e+01 -1.386777553086810322e+01 -1.386777553086810322e+01 -1.386777553086810322e+01 -1.386777553086810322e+01 -1.386777553086810322e+01 -1.386777553086810322e+01 -1.692633073662159049e+01 -1.692633073662159049e+01 -1.692633073662159049e+01 -1.692633073662159049e+01 -1.692633073662159049e+01 -1.692633073662159049e+01 -1.692633073662159049e+01 -1.692633073662159049e+01 -1.692633073662159049e+01 -1.625233756771731208e+01 -2.305780691343998257e+01 -2.305780691343998257e+01 -2.305780691343998257e+01 -2.305780691343998257e+01 -2.305780691343998257e+01 -2.305780691343998257e+01 -2.305780691343998257e+01 -2.305780691343998257e+01 -1.562848844375096391e+01 -1.821569141183045559e+01 -1.821569141183045559e+01 -1.821569141183045559e+01 -1.821569141183045559e+01 -1.821569141183045559e+01 -1.821569141183045559e+01 -1.821569141183045559e+01 -1.821569141183045559e+01 -1.530297268891204787e+01 -1.672551032616742717e+01 -1.672551032616742717e+01 -1.672551032616742717e+01 -1.672551032616742717e+01 -1.672551032616742717e+01 -1.672551032616742717e+01 -1.672551032616742717e+01 -1.672551032616742717e+01 -1.879133489391149681e+01 -1.879133489391149681e+01 -1.879133489391149681e+01 -1.879133489391149681e+01 -1.879133489391149681e+01 -1.879133489391149681e+01 -1.879133489391149681e+01 -1.879133489391149681e+01 -1.879133489391149681e+01 -1.879133489391149681e+01 -1.879133489391149681e+01 -1.879133489391149681e+01 -1.879133489391149681e+01 -1.879133489391149681e+01 -1.879133489391149681e+01 -1.879133489391149681e+01 -1.879133489391149681e+01 -1.879133489391149681e+01 -1.879133489391149681e+01 -1.879133489391149681e+01 -1.879133489391149681e+01 -1.879133489391149681e+01 -3.235594999906827240e+01 -3.235594999906827240e+01 -3.235594999906827240e+01 -3.235594999906827240e+01 -3.235594999906827240e+01 -1.879133489391149681e+01 -1.879133489391149681e+01 -1.879133489391149681e+01 -2.104155592509872008e+01 -2.104155592509872008e+01 -2.104155592509872008e+01 -2.104155592509872008e+01 -2.104155592509872008e+01 -2.104155592509872008e+01 -1.879133489391149681e+01 -1.879133489391149681e+01 -1.879133489391149681e+01 -3.235594999906827240e+01 -3.235594999906827240e+01 -3.235594999906827240e+01 -3.235594999906827240e+01 -3.235594999906827240e+01 -3.235594999906827240e+01 -1.879133489391149681e+01 -2.104155592509872008e+01 -2.104155592509872008e+01 -2.104155592509872008e+01 -2.104155592509872008e+01 -2.104155592509872008e+01 -2.104155592509872008e+01 -2.104155592509872008e+01 -2.104155592509872008e+01
-1.359782799473679482e+01 -1.386777553086810322e+01 -1.386777553086810322e+01 -1.386777553086810322e+01 -1.386777553086810322e+01 -1.386777553086810322e+01 -1.386777553086810322e+01 -1.386777553086810322e+01 -1.386777553086810322e+01 -1.386777553086810322e+01 -1.386777553086810322e+01 -1.386777553086810322e+01 -1.386777553086810322e+01 -1.386777553086810322e+01 -1.386777553086810322e+01 -1.386777553086810322e+01 -1.386777553086810322e+01 -1.386777553086810322e+01 -1.386777553086810322e+01 -1.386777553086810322e+01 -1.386777553086810322e+01 -1.386777553086810322e+01 -1.386777553086810322e+01 -1.386777553086810322e+01 -1.386777553086810322e+01 -1.386777553086810322e+01 -1.386777553086810322e+01 -1.386777553086810322e+01 -1.386777553086810322e+01 -1.386777553086810322e+01 -1.386777553086810322e+01 -1.386777553086810322e+01 -1.386777553086810322e+01 -1.386777553086810322e+01 -1.386777553086810322e+01 -1.386777553086810322e+01 -1.386777553086810322e+01 -1.386777553086810322e+01 -1.386777553086810322e+01 -1.386777553086810322e+01 -1.386777553086810322e+01 -1.386777553086810322e+01 -1.386777553086810322e+01 -1.386777553086810322e+01 -1.386777553086810322e+01 -1.479638105393602210e+01 -1.479638105393602210e+01 -1.479638105393602210e+01 -1.479638105393602210e+01 -1.479638105393602210e+01 -1.479638105393602210e+01 -1.479638105393602210e+01 -1.479638105393602210e+01 -1.479638105393602210e+01 -1.590806757406348027e+01 -1.590806757406348027e+01 -1.590806757406348027e+01 -1.590806757406348027e+01 -1.590806757406348027e+01 -1.590806757406348027e+01 -1.590806757406348027e+01 -1.590806757406348027e+01 -1.590806757406348027e+01 -1.593054095471921450e+01 -1.593054095471921450e+01 -1.593054095471921450e+01 -1.593054095471921450e+01 -1.593054095471921450e+01 -1.593054095471921450e+01 -1.593054095471921450e+01 -1.593054095471921450e+01 -1.593054095471921450e+01 -3.161692749295845672e+01 -3.161692749295845672e+01 -3.161692749295845672e+01 -3.161692749295845672e+01 -3.161692749295845672e+01 -3.161692749295845672e+01 -3.161692749295845672e+01 -3.161692749295845672e+01 -3.161692749295845672e+01 -1.552907794972303535e+01 -1.552907794972303535e+01 -1.552907794972303535e+01 -1.552907794972303535e+01 -1.552907794972303535e+01 -1.552907794972303535e+01 -1.552907794972303535e+01 -1.587404980740585181e+01 -1.640067032921004753e+01 -1.552907794972303535e+01 -1.552907794972303535e+01 -1.552907794972303535e+01 -1.552907794972303535e+01 -1.552907794972303535e+01 -1.552907794972303535e+01 -1.552907794972303535e+01 -1.552907794972303535e+01 -1.552907794972303535e+01 -2.196290588352650275e+01 -2.196290588352650275e+01 -2.196290588352650275e+01 -2.196290588352650275e+01 -2.196290588352650275e+01 -2.196290588352650275e+01 -2.196290588352650275e+01 -2.196290588352650275e+01 -2.196290588352650275e+01 -2.196290588352650275e+01 -2.196290588352650275e+01 -2.196290588352650275e+01 -2.196290588352650275e+01 -2.196290588352650275e+01 -2.196290588352650275e+01 -2.196290588352650275e+01 -2.196290588352650275e+01 -2.196290588352650275e+01 -1.552907794972303535e+01 -1.552907794972303535e+01 -1.552907794972303535e+01 -1.552907794972303535e+01 -1.552907794972303535e+01 -1.552907794972303535e+01 -1.552907794972303535e+01 -1.552907794972303535e+01 -1.552907794972303535e+01 -2.196290588352650275e+01 -2.196290588352650275e+01 -2.196290588352650275e+01 -2.196290588352650275e+01 -2.196290588352650275e+01 -2.196290588352650275e+01 -2.196290588352650275e+01 -2.196290588352650275e+01 -2.196290588352650275e+01
-1.359782799473679482e+01 -1.386777553086810322e+01 -1.386777553086810322e+01 -1.386777553086810322e+01 -1.386777553086810322e+01 -1.386777553086810322e+01 -1.386777553086810322e+01 -1.386777553086810322e+01 -1.386777553086810322e+01 -1.386777553086810322e+01 -1.386777553086810322e+01 -1.386777553086810322e+01 -1.386777553086810322e+01 -1.386777553086810322e+01 -1.386777553086810322e+01 -1.386777553086810322e+01 -1.386777553086810322e+01 -1.386777553086810322e+01 -1.386777553086810322e+01 -1.386777553086810322e+01 -1.386777553086810322e+01 -1.386777553086810322e+01 -1.386777553086810322e+01 -1.386777553086810322e+01 -1.386777553086810322e+01 -1.386777553086810322e+01 -1.386777553086810322e+01 -1.386777553086810322e+01 -1.386777553086810322e+01 -1.386777553086810322e+01 -1.386777553086810322e+01 -1.386777553086810322e+01 -1.386777553086810322e+01 -1.386777553086810322e+01 -1.386777553086810322e+01 -1.386777553086810322e+01 -1.386777553086810322e+01 -1.386777553086810322e+01 -1.386777553086810322e+01 -1.386777553086810322e+01 -1.386777553086810322e+01 -1.386777553086810322e+01 -1.386777553086810322e+01 -1.386777553086810322e+01 -1.386777553086810322e+01 -1.488579999359867578e+01 -1.488579999359867578e+01 -1.488579999359867578e+01 -1.488579999359867578e+01 -1.488579999359867578e+01 -1.488579999359867578e+01 -1.488579999359867578e+01 -1.488579999359867578e+01 -1.488579999359867578e+01 -1.493065063469912346e+01 -1.493065063469912346e+01 -2.327427136565453125e+01 -2.327427136565453125e+01 -2.327427136565453125e+01 -2.327427136565453125e+01 -2.327427136565453125e+01 -2.327427136565453125e+01 -2.327427136565453125e+01 -1.588254437329349678e+01 -1.588254437329349678e+01 -1.588254437329349678e+01 -1.588254437329349678e+01 -1.588254437329349678e+01 -1.588254437329349678e+01 -1.588254437329349678e+01 -1.588254437329349678e+01 -1.588254437329349678e+01 -1.588254437329349678e+01 -1.588254437329349678e+01 -1.588254437329349678e+01 -1.588254437329349678e+01 -1.588254437329349678e+01 -3.097442228812964160e+01 -3.097442228812964160e+01 -3.097442228812964160e+01 -3.097442228812964160e+01 -1.588254437329349678e+01 -1.588254437329349678e+01 -1.588254437329349678e+01 -1.588254437329349678e+01 -1.588254437329349678e+01 -1.588254437329349678e+01 -1.588254437329349678e+01 -1.588254437329349678e+01 -1.634263026453590228e+01 -1.524940538088124775e+01 -1.524940538088124775e+01 -1.524940538088124775e+01 -1.542965797780644444e+01 -1.650066044920085773e+01 -1.650066044920085773e+01 -1.650066044920085773e+01 -1.650066044920085773e+01 -1.650066044920085773e+01 -1.533449341686937117e+01 -1.533449341686937117e+01 -1.533449341686937117e+01 -1.533449341686937117e+01 -1.533449341686937117e+01 -1.533449341686937117e+01 -1.533449341686937117e+01 -1.663292365009960960e+01 -1.663292365009960960e+01 -1.533449341686937117e+01 -1.537263083021323951e+01 -1.537263083021323951e+01 -1.537263083021323951e+01 -1.537263083021323951e+01 -1.537263083021323951e+01 -1.537263083021323951e+01 -1.537263083021323951e+01 -1.663051162004169115e+01 -1.584102848907682670e+01 -1.584102848907682670e+01 -1.584102848907682670e+01 -1.750318775443501096e+01 -1.750318775443501096e+01 -1.750318775443501096e+01 -1.750318775443501096e+01 -1.750318775443501096e+01 -1.750318775443501096e+01 -1.584102848907682670e+01 -1.584102848907682670e+01 -1.584102848907682670e+01 -1.584102848907682670e+01 -1.584102848907682670e+01 -1.584102848907682670e+01 -1.584102848907682670e+01 -1.584102848907682670e+01 -1.584102848907682670e+01
