5.693593077898200239e-01 1.671778994356373227e-01 2.852839426630813802e-01 3.440496767907798015e-01 1.818982800142414646e-01 6.967245631869094236e-02 2.762782088392430335e-01 1.330435131252721004e-01 7.447274534017514491e-02 7.092793185929878452e-02 7.416490896903593644e-02 7.713926086312090924e-02 7.483669423978739355e-02 7.753040230627178397e-02 7.702723425897223253e-02 7.018435177878652731e-02 7.625368329575733795e-02 7.676941701336684187e-02 7.812301844172162002e-02 7.434637601112137339e-02 7.482782700797499520e-02 7.191095877078168552e-02 6.905233642963379270e-02 7.563207050042862478e-02 7.351926985434575901e-02 7.097382406870424154e-02 7.349142782892463532e-02 6.402858053766283253e-02 7.696538915082798415e-02 8.033426971649267057e-02 6.674345088881851462e-02 7.225853531460604828e-02 6.575557992496200432e-02 7.613816572649025061e-02 7.538227255195570353e-02 6.915564915185899719e-02 6.762850075215254275e-02 7.038778393731466576e-02 7.482320395985307682e-02 6.856389899225248663e-02 7.380463144617611937e-02 6.754748239760215156e-02 6.854990807003374931e-02 7.815337269914655882e-02 6.777359680881825388e-02 7.064517721558009888e-02 6.883750676612604424e-02 6.718757922888293765e-02 6.422744828185010524e-02 6.786522787774025567e-02 7.970018596696187840e-02 6.864133617586745673e-02 6.873302587857051116e-02 7.021729945345059343e-02 8.060463459124460328e-02 7.316362891048042161e-02 7.158232093823924114e-02 7.113254571402979898e-02 6.872451495973531943e-02 7.495849013391860105e-02 6.686482281560975072e-02 7.071964211752448937e-02 7.033072424776297404e-02 7.664496004763374226e-02 7.496044760014779207e-02 7.213473234104630927e-02 7.379588599221668932e-02 7.223201480440417932e-02 7.280496156145428721e-02 7.120446681193441651e-02 7.519958322104974835e-02 7.789401293407023641e-02 7.061940541365943624e-02 7.506564111365771064e-02 7.433307065311192674e-02 7.410021786736492588e-02 7.049395618393919372e-02 8.339455618215524391e-02 7.015057421060594267e-02 7.421399897465451312e-02 7.092320507448729439e-02 7.114766871925205793e-02 7.251992471056516176e-02 7.337201336836257637e-02 7.504868242005924284e-02 6.291730350584143205e-02 7.679961792090285455e-02 7.551068955305567654e-02 7.408936159728739257e-02 6.828467139597901858e-02 7.082711783820484774e-02 7.566957356885185837e-02 7.335571768751913968e-02 7.244992950685377742e-02 7.845943201569059722e-02 7.126893690935373615e-02 7.387115372593248963e-02 7.794504236475459369e-02 6.897065957261920566e-02 7.528969883224591320e-02
5.670540800948846716e-01 1.871516322619652395e-01 3.461090395108640250e-01 4.100981955962012537e-01 1.375899043439001435e-01 9.528490064302297391e-02 2.751817390922843831e-01 9.432453343277377722e-02 9.856736403598902185e-02 9.030529598818910764e-02 9.651196135127165787e-02 8.879069521762919526e-02 1.005037401451575052e-01 9.655460164097379172e-02 9.120241087954866765e-02 9.857878409242289142e-02 9.732234334957301503e-02 9.278741729028737451e-02 9.622261717262015068e-02 9.782791087160512544e-02 9.768078518405662325e-02 9.761969780477529335e-02 9.453791529291846740e-02 9.385814229707049872e-02 9.080360194195165324e-02 9.157675599957168511e-02 9.354876340646037236e-02 1.004893072144353861e-01 9.721752419020369962e-02 9.711947948769206196e-02 9.465187230155122644e-02 1.002236510833315608e-01 9.552812258743562102e-02 9.170109569774266556e-02 9.703772595573301185e-02 9.597488493735684134e-02 9.748916998755720320e-02 9.194257666988696343e-02 9.353708175315715578e-02 9.054509011155527365e-02 9.528819315534395318e-02 9.538279199564568545e-02 9.845238770162401121e-02 9.358739855788711370e-02 9.800906219333101188e-02 9.465961196065096617e-02 1.018471483161897950e-01 9.746170231627669656e-02 9.436563120300497931e-02 9.603720813633125075e-02 9.908659773929863468e-02 9.511457401933867684e-02 9.673141406290133859e-02 8.874899306842400082e-02 9.376952410243674652e-02 8.881081111482314050e-02 9.413382029444450350e-02 9.641698364653847331e-02 9.707183277514569442e-02 9.215198045350136979e-02 9.584891251389791866e-02 9.728449298875428697e-02 9.490710966079003719e-02 9.759718243284880301e-02 9.398234668651594959e-02 9.221599952183563709e-02 9.499569177309699630e-02 9.664464508751634264e-02 9.518413172483754237e-02 9.746674482144772333e-02 9.204410331693529956e-02 9.310405774916705179e-02 9.466624208820142994e-02 9.986691413878950874e-02 9.286654583297133947e-02 8.914856875546561810e-02 9.851542352655283385e-02 9.055959520693099285e-02 9.794911140734403887e-02 9.593888379578686953e-02 8.741742892116553809e-02 9.721212086176460321e-02 8.975515777197079492e-02 9.815553839899701649e-02 9.920870935378937883e-02 9.652438269227436862e-02 9.449935230614532611e-02 9.581321807210579911e-02 9.327167819834096540e-02 9.988931224315387991e-02 9.401144708308441234e-02 9.739991133162266557e-02 9.435992117478804453e-02 9.494168555045119640e-02 9.253023148540107101e-02 9.780602694039772227e-02 9.585696789335719503e-02 9.219809366715851773e-02 9.625201524838475353e-02 1.011265301263982452e-01
5.157255269213090187e-01 1.297192663978655458e-01 3.133329723930833866e-01 3.018823722695732625e-01 8.443232900398345286e-02 1.795746503326353938e-01 9.913128570104697002e-02 1.342886420586685281e-01 1.525686524235934372e-01 2.672587998135455001e-01 8.391075897001321060e-02 7.453338169037140859e-02 7.929707421189334526e-02 7.490199874101409472e-02 7.901228542700101942e-02 8.218197350753718433e-02 7.779124144674710861e-02 8.070908390676416466e-02 7.963479577020901590e-02 8.598555590538842219e-02 7.582841699203037023e-02 7.600877450256654511e-02 7.481369175644903002e-02 8.374533954277442460e-02 7.024997651066362814e-02 7.891671236387554078e-02 7.627983396210946676e-02 7.805933313491029979e-02 7.847199768600053582e-02 7.692859419806830079e-02 7.804859864268573477e-02 7.840409976753470733e-02 7.832462844274608316e-02 8.072256967640763226e-02 7.891010027748847355e-02 7.702745075293306043e-02 8.134518826659606350e-02 8.146107567971290486e-02 8.016869693936497232e-02 7.357980246785245093e-02 7.346119985964351395e-02 8.413810469063154329e-02 7.731492767117238707e-02 7.392423533895391141e-02 7.963406510309120612e-02 7.570619713055920519e-02 8.005684172626861828e-02 6.952690923294016501e-02 7.319230082941804993e-02 7.760334272990863924e-02 7.906732901654246748e-02 7.789177582980831571e-02 8.260575141528343768e-02 8.132265485350616274e-02 7.985866856687234838e-02 7.715934067798803364e-02 7.647252260783132805e-02 7.967965512300967390e-02 8.279035761980092778e-02 7.952115448193580738e-02 7.504577779275141414e-02 7.881012517049276744e-02 7.514841397134901235e-02 7.367326020456896329e-02 7.739178302726762437e-02 8.210452279304966683e-02 7.926596222560550187e-02 7.699076404715379796e-02 7.605032330188281342e-02 7.776080600408687149e-02 8.350660984804902931e-02 7.998183558942215110e-02 7.629707229374069200e-02 7.720172839140253263e-02 7.940273228536089134e-02 8.261239958399731187e-02 7.862915426040090194e-02 7.690882108297901476e-02 8.265928856768076094e-02 7.335804499759808472e-02 8.086955103464892047e-02 8.210069806640830914e-02 7.589491672033249481e-02 8.053910908576622507e-02 8.008768309510543026e-02 7.864378564392045246e-02 7.697310174818261519e-02 8.131176701139267160e-02 7.841504173313840198e-02 7.471957100697747267e-02 8.429892362120265659e-02 7.694406449568606809e-02 8.220949530230790836e-02 7.750640755894627754e-02 7.708446984986709605e-02 7.617685500140720933e-02 8.615514284137321122e-02 8.878382153437279489e-02 8.167286089689645978e-02 7.364045685921212503e-02
1.674592333377380726e-01 5.348154231525418245e-01 3.542762020185843963e-01 2.770376876950038647e-01 1.619195858679778333e-01 1.344258541269272855e-01 2.900810699706792284e-01 1.059363764541949859e-01 1.838404292956987984e-01 9.941957447163940476e-02 9.449873890658964937e-02 9.476735378849150682e-02 9.536146734050376939e-02 9.463829632609074838e-02 9.732183819699774530e-02 9.518359048993546567e-02 9.043352355707336143e-02 9.290860880544458966e-02 9.781908874270123233e-02 9.412515151542952263e-02 9.396822947615339483e-02 9.671474402791729874e-02 9.364718697340346232e-02 9.943589270393708712e-02 9.998199872013492639e-02 9.576370409914726489e-02 9.418609456540363856e-02 9.230127108065820651e-02 9.779300122042101917e-02 9.559458623341093864e-02 9.576558940072284198e-02 9.501428319198340633e-02 1.010673009869473837e-01 9.653419708516540465e-02 9.895989464872190222e-02 9.891801208788268684e-02 1.018305143635325621e-01 9.642138569040871465e-02 8.867077560449186657e-02 9.091082959663523977e-02 9.837290735625370264e-02 9.632778813467582357e-02 9.806937380258602677e-02 9.153612729958894578e-02 9.598033336870442911e-02 9.283997119927925312e-02 9.838873847713951182e-02 8.999274185282012117e-02 1.011234631286197921e-01 9.636813719662581934e-02 9.090297266997338088e-02 1.010221439549505856e-01 9.312851254615933660e-02 9.444860251349371238e-02 9.296732377173846928e-02 9.721866980407976866e-02 8.773056037376342209e-02 9.865521548117817119e-02 1.003502729886729672e-01 9.348121729068088748e-02 9.150064033117595585e-02 9.659908212934298355e-02 9.826003281742509698e-02 9.578549782453765760e-02 9.585309806380733211e-02 9.141910329317773365e-02 8.936071479591722877e-02 9.535386299012954536e-02 9.901193438455681284e-02 9.315656655525043905e-02 9.968415715352078876e-02 9.116509273305030414e-02 9.663978299397933680e-02 9.448804049669187743e-02 1.004706526514770604e-01 9.574951472413109621e-02 8.986688669692331766e-02 9.859809715784541295e-02 9.836954267927910944e-02 9.438521488587854613e-02 9.779034014881914094e-02 9.965839437218182439e-02 9.724466712054295747e-02 8.848826217492908319e-02 9.804729141858119223e-02 9.377039909886177027e-02 1.009569071080866492e-01 9.076364076501482192e-02 1.026907621374788110e-01 9.609652748159912272e-02 9.449772860143909603e-02 9.711239833105653196e-02 9.830948364631172942e-02 9.533710274932849504e-02 9.320510630538522689e-02 9.713114309983186812e-02 9.749934520371629498e-02 9.750470342924687228e-02 9.261229171713797337e-02 9.790970950647268078e-02
4.310301306931700327e-01 2.164940690786291422e-01 2.647813331316051233e-01 3.704672801966081286e-01 1.668657151441181041e-01 1.890759929563075592e-01 1.103809613877419216e-01 1.262607392912531434e-01 1.180283309160871791e-01 1.092117586905255039e-01 1.027905297710954013e-01 1.119498389983986791e-01 1.073064224029912639e-01 1.038240087960337760e-01 9.281174579913582801e-02 9.656668019987185714e-02 9.716165972772743131e-02 9.542594645850478730e-02 9.824182026297013925e-02 9.862950682332941033e-02 9.921505082272541465e-02 9.794230086815955416e-02 9.501070202104798523e-02 9.917862571381548531e-02 1.009530192373733759e-01 9.711560063756050076e-02 9.358579289434428017e-02 1.012986789075862037e-01 9.186254606903286601e-02 9.983531504108977828e-02 9.358390759276870308e-02 9.067108959675929114e-02 9.303218175417095337e-02 9.788764516363125667e-02 9.918876484764777013e-02 9.275119965475657480e-02 9.734563449152582038e-02 8.831596004385219856e-02 9.881447385111495618e-02 9.788570573856547608e-02 9.306825506039452522e-02 9.435555521324461015e-02 9.618842916797215592e-02 9.124091072224989329e-02 9.766411514907258340e-02 9.633016956824497212e-02 9.765517575260657113e-02 9.911751127278904672e-02 9.834357242456101544e-02 9.314467742856809285e-02 9.383140529290778797e-02 9.484516532624708007e-02 9.054757077152313094e-02 9.536639257811267700e-02 1.003686659547619597e-01 9.378144029086418754e-02 9.514520791479634532e-02 9.767216150795016150e-02 9.432940454689249521e-02 9.904317265898848754e-02 9.574592453261396297e-02 8.963275749886559507e-02 9.564497520279451048e-02 9.606266421789236287e-02 9.887667076194554816e-02 9.419950817039350610e-02 9.385041165855247114e-02 9.872001031953873962e-02 9.144063542169879322e-02 9.676956210291620675e-02 1.015208197525628853e-01 8.863015592509082552e-02 9.753778190234561885e-02 9.630840290459968811e-02 9.597918775482836007e-02 9.086701663131192819e-02 9.168803389543915550e-02 9.859206238868724326e-02 9.722996357236982079e-02 1.004059931218420076e-01 9.555738535447470816e-02 1.010154326421648097e-01 9.764720155838260696e-02 9.512261135763454278e-02 9.580522583671843839e-02 9.409320963562516071e-02 9.163197098016545583e-02 9.764989871231130603e-02 9.104105973465717594e-02 8.927980017805639545e-02 9.899730300103727620e-02 9.411177399276647593e-02 9.800136763713977739e-02 9.398230158360744435e-02 9.712074236913025016e-02 9.567695316492567936e-02 8.993603847624563608e-02 9.710886226302961610e-02 1.001074930527636742e-01 9.484126843495212233e-02
5.048985917754647001e-01 2.444006097000771260e-01 2.598815876865730456e-01 3.205044791749389610e-01 1.250353383700375243e-01 7.289104497262996474e-02 1.814372380834870790e-01 1.176381817369234473e-01 1.076081608609003731e-01 7.464827232921025790e-02 7.485762649962530990e-02 7.414687682621499965e-02 7.178342578668844842e-02 7.708870952326671300e-02 7.874747723057710924e-02 7.690421156572964378e-02 7.479040512478707381e-02 7.483868778834339153e-02 6.749578093358105102e-02 7.542604041437049600e-02 7.627336620502961351e-02 7.921874850098080401e-02 7.781307125446430828e-02 7.695485311140085050e-02 7.248404534684817213e-02 7.581727657362924422e-02 8.190491536116288607e-02 7.559537477406765016e-02 7.425311672720227851e-02 7.788151040783221346e-02 7.477647283634938913e-02 7.451766783704770469e-02 7.407996215115461580e-02 7.814432505570012566e-02 7.194137166198769084e-02 6.762450012416801326e-02 7.447646181983608171e-02 7.409310062840258893e-02 7.768315683680190875e-02 7.515582437921665415e-02 7.558191606616929126e-02 7.982433623291712577e-02 7.414286717764877188e-02 7.145230729417814675e-02 7.521197750030736429e-02 7.630865472064517208e-02 8.090257538425744965e-02 7.592113053075652540e-02 7.053249210896722632e-02 7.313237259488535036e-02 7.647809732732274712e-02 7.529581929693025810e-02 7.739981134498179205e-02 7.359635523527437162e-02 7.349040399290153458e-02 7.110085190022220891e-02 6.979152799714835598e-02 7.727244073135916547e-02 7.560264536291891324e-02 7.609321616787258213e-02 7.052510425255384408e-02 7.881669215397132944e-02 7.630870884413538946e-02 7.648345555285333830e-02 7.560719173609638244e-02 7.396031315546833240e-02 7.295436494588236620e-02 6.914420654397088195e-02 7.204013801103542614e-02 8.449843182669072861e-02 7.782561888361083646e-02 7.667379884733285800e-02 7.338539991160733522e-02 8.253412799657496024e-02 7.398050572760672683e-02 7.775305732440543349e-02 7.694035703660682957e-02 7.455230687078076568e-02 7.868171718997449271e-02 7.810032265816109487e-02 7.635727565601528599e-02 8.011500643707872293e-02 7.290216734986769420e-02 7.950872412035138448e-02 7.513428774040474545e-02 7.995903155888121894e-02 7.830050740727675929e-02 7.432973754817329137e-02 8.129015369763631371e-02 7.433182130254628595e-02 7.637528073709111409e-02 7.692521147993031105e-02 7.790528866119689200e-02 8.080576650143890538e-02 7.340958409114857475e-02 7.527315959569655379e-02 7.939147459939764617e-02 7.862301124426231136e-02 7.992186676227178155e-02 7.353061323583516551e-02
2.961690605608992555e-01 3.654823263368253694e-01 3.750815963954470811e-01 2.368780579607330239e-01 2.032189841413736819e-01 2.744171004637903644e-01 1.029195060482608615e-01 9.299241903003153953e-02 9.736781610192936365e-02 1.010776295529954016e-01 9.523410574746284107e-02 8.987073848530978404e-02 9.282386044036070039e-02 9.504773150893189304e-02 9.537126369223139499e-02 9.530294180642560897e-02 9.872156185959136965e-02 9.079342672579257534e-02 9.496925244813042566e-02 9.539524039839350489e-02 9.900253493842403607e-02 9.772647443037379977e-02 9.518352734586355002e-02 9.782939926758583982e-02 9.982090917211278169e-02 1.015275671476754682e-01 9.531480387136284649e-02 9.635487694152489180e-02 9.807997298608507608e-02 9.858702890409790087e-02 9.642973874906413112e-02 9.833828636368403819e-02 9.559943930636624621e-02 8.755445155720857631e-02 9.385500313463843169e-02 9.678587131463219084e-02 9.677256595662274419e-02 9.562378585637811013e-02 9.535924827740524523e-02 9.644667940149920238e-02 9.101223897612145675e-02 1.013444222773935977e-01 1.027232001492767582e-01 9.264512663453076946e-02 9.095401112123945031e-02 9.402952432881385436e-02 9.739868453251128433e-02 9.548426451920381808e-02 9.504834490848758366e-02 9.345482306862283595e-02 9.449807138354374136e-02 9.814520983294901246e-02 1.010462830315833199e-01 9.540749034834389297e-02 8.921148731283230771e-02 1.004452416728244535e-01 9.701234203882549978e-02 9.393388812161647394e-02 9.303222685707945860e-02 9.391052481501005467e-02 9.778247420157558378e-02 9.529067381531181047e-02 1.012192977886146039e-01 9.359649130424205210e-02 9.989368722527901256e-02 1.008153832017746609e-01 9.262727490334385361e-02 9.472245835336404185e-02 9.482257778966698969e-02 9.672957386423426673e-02 9.328199774380727116e-02 9.981896974704700110e-02 1.006096507949126861e-01 9.719846370106881295e-02 9.801288691997236957e-02 9.648863412699204556e-02 9.709133527278394904e-02 1.011170494950301563e-01 9.426212002798235734e-02 9.451977490311712360e-02 9.834303118965892487e-02 9.868884420976067884e-02 1.013752726668121079e-01 9.413168241658127766e-02 9.969394448466671610e-02 9.512591289053723420e-02 9.588936982282833532e-02 9.144234933222203376e-02 9.616014062375681515e-02 9.406005899787281410e-02 9.576681619983422322e-02 9.493482990835819257e-02 9.990288821861435797e-02 9.454982246076421015e-02 9.586776552965367570e-02 9.148939166579440896e-02 9.219822897588403343e-02 9.773406073958461338e-02 9.587827450733571455e-02 9.393217421109321952e-02
2.488579136538229264e-01 5.169113004271108647e-01 4.099234488874833326e-01 2.373750378889854795e-01 2.216699706118654134e-01 1.941506835628550309e-01 2.779972430528999672e-01 9.332216639412324599e-02 1.829210696498637934e-01 9.331946021961284865e-02 1.035481413664440520e-01 9.933342791639181157e-02 9.722649064841480671e-02 9.431251801794761358e-02 9.449139615308477236e-02 9.364772820830553901e-02 9.479357661949724956e-02 9.732651987890073020e-02 9.324014224471315060e-02 9.789331008893968622e-02 9.837409807303827691e-02 9.500549714540632018e-02 9.271012894627046752e-02 9.312040304320984285e-02 1.011757734819057480e-01 9.726278044859920646e-02 9.793298260726208959e-02 9.573415267349374980e-02 8.705035438999378372e-02 9.440824443096201835e-02 9.363639835768867992e-02 9.523644207812348439e-02 9.721924712130865232e-02 9.842017520436860401e-02 1.000961180992383098e-01 9.860753268630499668e-02 9.925336123321090720e-02 9.667186920309092657e-02 9.386679303492205528e-02 9.703108680760083593e-02 9.707195004270781358e-02 9.988337670039440508e-02 9.934786084711393073e-02 8.878604059747131905e-02 9.600910902433164307e-02 9.144849234836063823e-02 9.651151934276828992e-02 9.461282220336622584e-02 1.049868970860592804e-01 9.653041746143255220e-02 9.409074701682069997e-02 8.868324204840309644e-02 9.973391468218525957e-02 9.468157707709366766e-02 9.609036642429712172e-02 9.557958500604164798e-02 9.484508414101176788e-02 1.025585113891557820e-01 9.250123031523133088e-02 9.484755578039794077e-02 9.971112869280772395e-02 1.003541698799679388e-01 9.279609508988403976e-02 9.471756919808192732e-02 9.891673116528110210e-02 9.488277213135988541e-02 8.755951210354301351e-02 9.996311864263407454e-02 9.490012773055321593e-02 1.008530260892142594e-01 9.556298713571122205e-02 1.012341727278400771e-01 9.526077960755365004e-02 9.373028457203599895e-02 9.152901006062660882e-02 1.006322653932378852e-01 9.377786814051046471e-02 9.583007753930557204e-02 9.913077152788998814e-02 9.498529104239536447e-02 9.707802991477450238e-02 9.977588744884149929e-02 9.310716082927231185e-02 9.377117486888808529e-02 9.189038358416314056e-02 9.419018990949604153e-02 8.936895058701052608e-02 9.740395255222485116e-02 9.549877863516123555e-02 9.877379102764199947e-02 9.458322567480419163e-02 9.365094855597290435e-02 9.697846073395534339e-02 9.406278321354660799e-02 8.564124932243079302e-02 1.012533685257004795e-01 9.516924776503035699e-02 9.541136017789375590e-02 9.249202932189598547e-02 9.928495131032892551e-02
3.301625273439264818e-01 2.629796703895641574e-01 2.382507018370592922e-01 5.463885768990460745e-01 1.580254368298453505e-01 1.848641931541448458e-01 9.189584103609242660e-02 1.841011782303570987e-01 1.050863219375712115e-01 9.730404058930104683e-02 9.862056742686339805e-02 9.855190275895296670e-02 9.361834817370434658e-02 9.644993583149338856e-02 9.772962261338756507e-02 9.127341187811974232e-02 9.064503815680588494e-02 9.216159639359498834e-02 9.497325758640581816e-02 9.537747887302359950e-02 9.266535979928681999e-02 1.002558545600052559e-01 9.432934140282057955e-02 9.596386178651782062e-02 9.119997532248930172e-02 9.228115518346426127e-02 9.821701366329151084e-02 9.722037469402131094e-02 9.393056854755038598e-02 9.805502205709923369e-02 9.433682848563267054e-02 9.435711577387893845e-02 8.929947406674697274e-02 7.605777430236809744e-02 7.356248746127677651e-02 7.809184331136186097e-02 7.645236160772889145e-02 7.482256349855227751e-02 7.909016912941020661e-02 7.488847688904382016e-02 7.402508544237465515e-02 7.872590901972925659e-02 7.160466942940425794e-02 8.301038764865949215e-02 7.258766025856036586e-02 8.715152923435577625e-02 7.666514810948128755e-02 7.955589274206759098e-02 7.972477607267967892e-02 7.546767941950378866e-02 7.454926693474742128e-02 8.107331695470001987e-02 7.994231642098867385e-02 7.624002613506154769e-02 7.388298872912463233e-02 7.912616125039846626e-02 7.291100300964413472e-02 7.735891202754800744e-02 7.591020660631622730e-02 8.437786273167090234e-02 7.740817342421892067e-02 7.681166941805581128e-02 7.326232760516539211e-02 8.285167051362478385e-02 7.809015646258371524e-02 7.609360405288574658e-02 7.985030648763521977e-02 8.057973778574896440e-02 8.329317386441412174e-02 7.724903232184425483e-02 7.165156292337857002e-02 7.628783521807853962e-02 8.076509269854766082e-02 8.531544395254256341e-02 7.613836417928768197e-02 7.944856586098529572e-02 7.850563543516475562e-02 8.702695500106055748e-02 7.646807546105258147e-02 7.316433702614397183e-02 7.760113268739182724e-02 7.198108026263688730e-02 7.426636796172152166e-02 7.659634813284534050e-02 8.630521825913804734e-02 7.774939496823470020e-02 7.774836662192075032e-02 7.805742077158962788e-02 7.921952427100710514e-02 7.922817500885867559e-02 7.966413070190170309e-02 7.979970102429082002e-02 7.625294360805782989e-02 8.457078591251700195e-02 7.634858883583692246e-02 7.413446450579398717e-02 7.683233557073353148e-02 7.887875375607639183e-02 8.085465805426005070e-02 8.135060963619855645e-02
3.822257527735842819e-01 3.548268904902864840e-01 3.436078847813759940e-01 1.376255807445288526e-01 1.125793944159154125e-01 1.226972216342191169e-01 1.965007074665191533e-01 2.739529554529307465e-01 1.440598985280075739e-01 1.104474430748806496e-01 1.013391001341898134e-01 8.927662493329753535e-02 7.724434161935955778e-02 7.866247628920557122e-02 7.248675152135856947e-02 7.910716390533548137e-02 8.583051014710615934e-02 7.990004597513629403e-02 8.350301063595019779e-02 7.742491562385656056e-02 7.672824707848201198e-02 8.047690315435392094e-02 8.132023733761020723e-02 8.288890747488783517e-02 8.188009974090255938e-02 7.878645516410849592e-02 7.603076668075435529e-02 7.681415909860538072e-02 7.523040203843230078e-02 7.365604442439199762e-02 8.019721099812283927e-02 8.007446794291299408e-02 8.187931495029454609e-02 7.810062935793894712e-02 8.062817830948504350e-02 8.144788758926557737e-02 7.720385724868404631e-02 8.444204417047578015e-02 8.456572536618256475e-02 8.699946928861664042e-02 7.690854144494627120e-02 9.202779410521931547e-02 7.989641970129236770e-02 8.107199994977161428e-02 8.088118758504363182e-02 7.714531367344248936e-02 7.665265460382496288e-02 7.375717416584548491e-02 8.378201722797198880e-02 7.821128483366901474e-02 7.394787828359306037e-02 7.997683818715961568e-02 8.396812084905189155e-02 8.165231201178085874e-02 8.118935771770577348e-02 8.229919596674582782e-02 8.130151963057997977e-02 8.344023640789072216e-02 8.072118050682564050e-02 8.022429980497189361e-02 8.069820508523237179e-02 8.073688533956763225e-02 7.623484832116499132e-02 7.409198658656247771e-02 7.952588126674729752e-02 8.209426639165526285e-02 7.885447937071814184e-02 7.929538736311519953e-02 8.296343552090412743e-02 7.852642787598629326e-02 8.476372713452651197e-02 8.242192098079226259e-02 8.235123570258072456e-02 7.633577960982104726e-02 7.998133945742857964e-02 7.844064214400674195e-02 7.841273246422286736e-02 7.655443851026100255e-02 7.905344634130413717e-02 7.976312256549197843e-02 8.147540036345458925e-02 8.021556788188502485e-02 7.665444067900183123e-02 8.156138454823155803e-02 7.996225190654858428e-02 7.813909311831336579e-02 8.275156009790354816e-02 8.118842859779054622e-02 7.762331429779537051e-02 7.925500221883839680e-02 8.474800426062110981e-02 7.975977592968079566e-02 7.997587298491758145e-02 7.891609896431985016e-02 7.847308917638638748e-02 7.932217849076811378e-02 8.873861939946749156e-02 8.029395673686948176e-02 7.656810469153850496e-02 8.469991553957137431e-02
3.375063272362772149e-01 4.129150346029086815e-01 4.352602422761864265e-01 2.818143924056299432e-01 2.601814859458150830e-01 1.991374595801414238e-01 1.547570635854967624e-01 1.702242039996628709e-01 1.460553865090647718e-01 1.453597643511675974e-01 1.316115859860047810e-01 6.984109158330624456e-02 9.661627535806570355e-02 7.542989220275696238e-02 7.795411706994612167e-02 7.557153337663106984e-02 7.560131031682712499e-02 8.065942560449840260e-02 7.849468444897934882e-02 7.357807502645664910e-02 7.012071157488372619e-02 7.622781226743796656e-02 7.702818142005087021e-02 7.387246171027918307e-02 7.189439247248721743e-02 7.271508499567319594e-02 7.646083193394642707e-02 7.599054390694817696e-02 7.951293673200590661e-02 7.565247054594614884e-02 7.199099839221749508e-02 7.241758170087285451e-02 7.217194224056423801e-02 7.570708114756594109e-02 7.443384408158820742e-02 7.447629042878375905e-02 7.103240372627260546e-02 7.492561011361729972e-02 7.389764717438926378e-02 7.548872894690381030e-02 7.896676757173616557e-02 7.487542861761285751e-02 7.613169796941041123e-02 7.151360214683860628e-02 7.979269203230890395e-02 7.680779056792425008e-02 7.404982438769051878e-02 7.814872709957038088e-02 7.307335543910446762e-02 7.136525868076042112e-02 7.336094060432421515e-02 7.666384012513460799e-02 7.835812186260308898e-02 7.376448534731440410e-02 7.264798088839707901e-02 7.729023833905587781e-02 8.215628289085183389e-02 7.722978240049363508e-02 7.505620107490729165e-02 7.237371912235018856e-02 7.360005818406276101e-02 7.192468809613110359e-02 7.514870262996345418e-02 7.263710657715614916e-02 7.543995015135393500e-02 7.429794901825784170e-02 7.104332314042205443e-02 7.209128019899105344e-02 7.381408501579909964e-02 7.709161415057454170e-02 6.722811321275781737e-02 7.338045663283501718e-02 7.291319952128839932e-02 7.693326685938958742e-02 6.782800444734976564e-02 7.383201793222132769e-02 7.696546131548159808e-02 7.232736235298711791e-02 7.523547160534843625e-02 7.115143481211236298e-02 7.733150750033940257e-02 7.054787220076796928e-02 8.005498348643814988e-02 7.928809873310053991e-02 7.389012851954121497e-02 7.651733685772348081e-02 7.353913768554290464e-02 7.427567720203728796e-02 7.720117813591875766e-02 7.692625786740767135e-02 7.420118974863863792e-02 7.436237401276865611e-02 7.435159892792643499e-02 7.102174590899250350e-02 6.913125298864777890e-02 7.111635828016678318e-02 7.080287953517340471e-02 7.112794972765297541e-02 7.596524117527597708e-02 7.273029369642161623e-02
2.487460945230533793e-01 4.356998693459819272e-01 3.499492093880958166e-01 2.733950865981943923e-01 1.624400734321439221e-01 9.191079716055321203e-02 1.836598913735285887e-01 1.035386517144942647e-01 1.068125635960074649e-01 9.144785188705983892e-02 8.074958631860308655e-02 8.487511327737438938e-02 8.118944792352278395e-02 8.058113597591266830e-02 7.759552188557360120e-02 8.082627028364600119e-02 7.701716728979354776e-02 8.443701970646814992e-02 8.249842453420114241e-02 7.676257941243723459e-02 8.397264016048425206e-02 8.335216846874075880e-02 8.641517012949542775e-02 8.000255586559007481e-02 8.442938829434883108e-02 8.069023991159010589e-02 7.830775093438292755e-02 9.392257631216301139e-02 8.245786799887201701e-02 7.892839401717875736e-02 8.439607528612586007e-02 7.402757963321505985e-02 8.318885083703837779e-02 8.646479234943438286e-02 7.736083341145039149e-02 8.357540982468499025e-02 8.147991967488694975e-02 8.103780292454192125e-02 7.748087029214983934e-02 7.920926786961271504e-02 8.084578180186595409e-02 7.876126067941671693e-02 7.792534141431892158e-02 7.256302053964321097e-02 6.957857010434362333e-02 7.347128035969474613e-02 7.574898174956856689e-02 7.411322103588738330e-02 7.712743488051047869e-02 7.535158002271696853e-02 7.159204512531326670e-02 7.633088143395723446e-02 6.437157011569206999e-02 7.498353577901231692e-02 7.403279803972927231e-02 7.903404307006459129e-02 6.923175128938217904e-02 8.123101476400246268e-02 7.475830989509378577e-02 7.435281670645610408e-02 7.393332357501798680e-02 7.675352274840911704e-02 6.868673676357020530e-02 7.773470044064324791e-02 7.747535871673033592e-02 6.861328667706721729e-02 7.175825836374176425e-02 7.784582498662179217e-02 7.622781226743796656e-02 7.474902771652312816e-02 7.564133463783587197e-02 7.080414692690244205e-02 7.216668324143236946e-02 7.539889297374038901e-02 7.079754386109707309e-02 7.155789320299207890e-02 7.344356913270828902e-02 7.400508230245197994e-02 7.363467917663242546e-02 7.626649252177321314e-02 7.532593450894012332e-02 7.230348938351457977e-02 7.553311922945600554e-02 7.611827534383884541e-02 6.984358577414666314e-02 7.319543999185011696e-02 7.571797801026113051e-02 7.717153650444821822e-02 7.450224264233845650e-02 7.083096511630046499e-02 7.681294132007569775e-02 7.463770471774715254e-02 7.753000540067692126e-02 7.383580206624502928e-02 7.180000561585546393e-02 7.544745978562028554e-02 7.740361803045975320e-02 7.626879277010704949e-02 6.741837532200202487e-02 7.536333835096463429e-02
2.820081003770840700e-01 3.484533443657295559e-01 5.405844459738031738e-01 1.169633790815928914e-01 1.435430733200122044e-01 1.322834028287921959e-01 9.728085769432864849e-02 9.266248223372409998e-02 9.463729504152189331e-02 9.348336418912581158e-02 9.425212522345728650e-02 9.401882591891608243e-02 9.835874504298262877e-02 9.159377783724206856e-02 9.496327180246244559e-02 9.574182016793986172e-02 9.393405951266879661e-02 9.695609871191777918e-02 9.766268989716377080e-02 9.337369195680117473e-02 9.065240797205585677e-02 9.817645712796238544e-02 9.407619681853647553e-02 9.302965599129457697e-02 9.565631407399306785e-02 9.206970372780365341e-02 9.605039622677857825e-02 9.114543688552313727e-02 9.802676057462900161e-02 9.624915572398543007e-02 9.573127510793102979e-02 9.486546163507506013e-02 9.061119293426253551e-02 9.656800622538194712e-02 9.787139007540548996e-02 9.132132018753544300e-02 9.452391535011801793e-02 9.948570435609177531e-02 9.865798479976047031e-02 1.005211228060959444e-01 9.456571672572193499e-02 9.023684781423950418e-02 9.230439220192686312e-02 9.729579577762603737e-02 9.459675654735617834e-02 8.889444092777606943e-02 9.314334238247630460e-02 9.849663365486899247e-02 9.682686985846468419e-02 9.486869100332412374e-02 9.537590929180757293e-02 9.463663653905769746e-02 9.248686052858112738e-02 9.827218354097677633e-02 9.621476024595830567e-02 9.235681982277492430e-02 9.856483827311265933e-02 9.735263446292605205e-02 9.146751675516871793e-02 9.110341901595839231e-02 9.711496017625970145e-02 9.576559842130454026e-02 9.134418736214829082e-02 9.555165728509436296e-02 1.017190560560310708e-01 9.885313606428680622e-02 9.593956033941447581e-02 9.893909318731866631e-02 9.854892596699152407e-02 9.754540429388322553e-02 9.584333779440651346e-02 9.434563257337316711e-02 9.481274535561254324e-02 9.165822087291629339e-02 9.489684423881393494e-02 9.780778595382948193e-02 9.235433014222535486e-02 9.823242081683736249e-02 9.528804882603672533e-02 9.558597157788618903e-02 9.989633025571750813e-02 9.711406713867126728e-02 9.068649675030514279e-02 9.854745561217422012e-02 9.794588203909497526e-02 9.126139646329357868e-02 9.507086028041407400e-02 9.203444227393318966e-02 9.125089650619325199e-02 9.190225466968207635e-02 1.008249089360512551e-01 9.063658587175174586e-02 9.954369767584955730e-02 1.006636660381401843e-01 9.587261860260898327e-02 9.885892727773905320e-02 9.342115825771350746e-02 9.692502280795674274e-02 9.387385615039418874e-02 9.320083054965880298e-02
5.260661083841451369e-01 1.871714234182179359e-01 2.148074367944433904e-01 2.906953896257024605e-01 7.710553290813967897e-02 1.761083474845964447e-01 1.346530735594018147e-01 9.868263804955017260e-02 1.986091962745487882e-01 8.153892329979528508e-02 7.332510183322486774e-02 7.340858280657971968e-02 7.344104788012277563e-02 7.467956472713212224e-02 7.484847060919846973e-02 7.355915886662899028e-02 7.690853242436457293e-02 6.961963179224803233e-02 7.311041198873348412e-02 7.788280035101549648e-02 6.952487509176652480e-02 7.877312274435395445e-02 7.076916511106472185e-02 7.693712766835775207e-02 7.666226152333686927e-02 7.508682594978326186e-02 7.325614399640914542e-02 7.005353530295400921e-02 7.705940165331913450e-02 7.147394315938875031e-02 7.151533860881610638e-02 7.784808915262882156e-02 7.537746909219975033e-02 7.417496691763290906e-02 7.607842241388242110e-02 7.561143140949599939e-02 7.630436092375535162e-02 7.153314072680365399e-02 6.661889469668670627e-02 7.669637736333126399e-02 7.306074466588602379e-02 7.980955149950866301e-02 7.211930263604619806e-02 7.789111732734411986e-02 7.578622773141330260e-02 7.432524078819517654e-02 6.925648572440719353e-02 7.400892055996588503e-02 7.444307664695951066e-02 7.449328520470904769e-02 7.410839953496803356e-02 7.376905427194611897e-02 7.527380907757905137e-02 6.828839689622166753e-02 7.344669927455864389e-02 7.534577527839217415e-02 6.889727263018813330e-02 7.553117529409937581e-02 7.242122601588019126e-02 7.807078025308927804e-02 7.643227277228005490e-02 7.740402395663631419e-02 7.171109425231642076e-02 7.727348711883652577e-02 7.337105267641139128e-02 7.410966692669705702e-02 7.819526428056747247e-02 7.888357074670490632e-02 7.545556026798806715e-02 7.050632791174255010e-02 7.524710815574314760e-02 7.257033623140297929e-02 7.242134779373314568e-02 7.966910104241912982e-02 7.566250143279801277e-02 7.467220844275469782e-02 8.084979596072303099e-02 7.471079398098208479e-02 7.424854329227971450e-02 7.076511938017168712e-02 7.225236523672234901e-02 7.160433566788131088e-02 7.306869630865574228e-02 7.759696517864581033e-02 7.480906419803626251e-02 7.401516280250319824e-02 7.300297686067078184e-02 7.338939151901016644e-02 7.700029880201209043e-02 7.145459852193027095e-02 7.332665788356834691e-02 7.467785983719057996e-02 7.082142585115130951e-02 7.273609844074641062e-02 7.627394352225851104e-02 7.243733226450789486e-02 7.038123048470866505e-02 7.290013320869404012e-02 7.535876491604207028e-02 7.622878649026169906e-02
3.804798011441306027e-01 2.711872090209795916e-01 2.629154979713410056e-01 3.326229451264513526e-01 2.489789518190912432e-01 9.902948843654758859e-02 1.280043185077193446e-01 1.048891861450706037e-01 1.138859535106978155e-01 1.156208459069856392e-01 9.662158848068777561e-02 9.084505151486921282e-02 9.095863867965221783e-02 8.138789170037009912e-02 8.044699992601404837e-02 9.140605051145593574e-02 8.563232796712817729e-02 8.749211031707075648e-02 8.364688891408623983e-02 9.047657879353375454e-02 8.335316975330959999e-02 9.076550802542698859e-02 8.738732724002824803e-02 8.647681678484223089e-02 8.636720769658950969e-02 8.621285652309824965e-02 8.329669189127764106e-02 8.039249757137469088e-02 8.679127426295020487e-02 9.863590241575564965e-02 8.718703424393216272e-02 8.788277366939147017e-02 8.519259265035229733e-02 9.033303427692067344e-02 9.732224412317430629e-02 8.788889864436666421e-02 8.712946489151435214e-02 8.563001869821264267e-02 8.339829972356130328e-02 8.928965065327423845e-02 9.145358897702188239e-02 8.647359643717486555e-02 8.112446365294649631e-02 8.799378996838959355e-02 9.243390069341268778e-02 9.009616282202574655e-02 8.945769506978810959e-02 8.129831732407601097e-02 8.864463395872144991e-02 8.741045601151042899e-02 8.090566042319929929e-02 8.870214016706735871e-02 8.486347672697969191e-02 9.124677410035574032e-02 8.155249025467406487e-02 8.481009292447128090e-02 8.546263278416298126e-02 9.000044542959305394e-02 8.022468768998505806e-02 8.560486029584767065e-02 9.011724392146172602e-02 8.779022250113593939e-02 8.223087408094002793e-02 9.102272991264009905e-02 9.059884375791342481e-02 8.686950976804574953e-02 8.772263128244796315e-02 8.588071870485569637e-02 9.027538373926753679e-02 8.791057510219493776e-02 8.915002106911952551e-02 8.562207156573378719e-02 8.465893503690229138e-02 8.501633950449023758e-02 8.512120376676805822e-02 8.633280319798068703e-02 8.917967172117176322e-02 8.490304099832167439e-02 8.631193859250553546e-02 8.752290658299906323e-02 8.842828432719701537e-02 8.852963958319302884e-02 8.781759996659944945e-02 8.818438583915676199e-02 8.275985001248706285e-02 8.467141050139520564e-02 8.228928234745606918e-02 8.625145559219819791e-02 8.690100061876504522e-02 8.465705875590841256e-02 8.528776880788291326e-02 8.727071818037529516e-02 8.879919260559183958e-02 9.066933960390922975e-02 8.371625718736937227e-02 8.280172355274457996e-02 8.456808875858830288e-02 8.546578096717673267e-02 8.123856499088646932e-02 8.735929127210054213e-02
5.171097893068666851e-01 1.621252912130947132e-01 4.216412205998231189e-01 2.465408689968588141e-01 2.222667001325710212e-01 1.545852034629232319e-01 5.716922827940686958e-01 9.560274985985063589e-02 1.668384729873801098e-01 1.259581889809909261e-01 1.034271302629208578e-01 1.048306155080839380e-01 9.696186286362491746e-02 1.013370073592351067e-01 9.928253379443297000e-02 9.518771289577296346e-02 1.015232372684588408e-01 9.175352331859072674e-02 9.697575455944494605e-02 9.324043090332759243e-02 9.399005026328888235e-02 9.513607908611461383e-02 9.180130533986260999e-02 9.957784057758904683e-02 9.979922369370280988e-02 9.480236266607433571e-02 9.907823566006150606e-02 9.679026433792073392e-02 9.775813667214543201e-02 9.819721348645711612e-02 9.219518001926899076e-02 9.419518731175856308e-02 9.321444260744610188e-02 9.637951215015118367e-02 9.736535348312490290e-02 9.467774332987061170e-02 9.563069562196131745e-02 8.935192874934014262e-02 9.870463924831969493e-02 1.004619658312986968e-01 9.479292713761475198e-02 1.003715525409063780e-01 9.198961900345933862e-02 9.236944863715676468e-02 9.819500344394029023e-02 9.210106829037913168e-02 1.010648022858161160e-01 9.525304896903560858e-02 8.857645640222287786e-02 9.375024711934101806e-02 9.109412781680603644e-02 9.334685572623975525e-02 9.146969071535873685e-02 9.507846463078829802e-02 9.460536218229922967e-02 9.817643006621727675e-02 9.574273124669170631e-02 9.820720829098217308e-02 9.444002394029575587e-02 9.929708399271720831e-02 9.041872078250150213e-02 9.327574648068825969e-02 1.006830242064712111e-01 9.725441836936209172e-02 9.588301933331060123e-02 9.444423655195027800e-02 9.864000678042975090e-02 9.982608698600933805e-02 9.296192946388108502e-02 9.751072917782335758e-02 1.017283292140200163e-01 9.685818931813167110e-02 1.043913131792297139e-01 9.368200641877054424e-02 9.731560497504213036e-02 1.038626078651337242e-01 9.387426207657074972e-02 9.525442009745421768e-02 1.050365734294884390e-01 9.427715733767845496e-02 1.031813825556318343e-01 9.404869306492914804e-02 1.034666133490275419e-01 9.256692721176203176e-02 9.343028708639525282e-02 9.389174396390791155e-02 9.787733463874664919e-02 1.005992410436293560e-01 9.692810784689859238e-02 9.539784734650517961e-02 9.746325385632931271e-02 9.520828884263367320e-02 9.908823046458657691e-02 9.033452267290138782e-02 1.027096331943979785e-01 1.000588360350667672e-01 9.852579719550934312e-02 9.407406796125496184e-02 9.468180259163620771e-02 9.675086243704937583e-02
5.074173907627604896e-01 2.183739583051839683e-01 2.379473396744439528e-01 3.445426335395934681e-01 1.433609026725540803e-01 7.039148688610306903e-02 2.350693772061284159e-01 1.864168878412294228e-01 9.678321926361201089e-02 7.046454006701119432e-02 7.515658661837040788e-02 7.244843209029136477e-02 7.298992407894897005e-02 7.419493848551962645e-02 7.370958608708018389e-02 6.950425404199730983e-02 7.327531273252443911e-02 6.899639078192221220e-02 7.691877980517726476e-02 7.715075308420837885e-02 7.688961626453691411e-02 7.184555053286542647e-02 7.131478852614153707e-02 7.287043294344244804e-02 7.240400121512151344e-02 6.526845498221824082e-02 7.321374726241294817e-02 7.239594583566223707e-02 6.670283120941747357e-02 6.286086623642712923e-02 7.869779186656623848e-02 7.544196625136417866e-02 7.420992618201636970e-02 7.137812203026649982e-02 7.303291617133746139e-02 6.531795542430422763e-02 6.867106350286415750e-02 7.527789540108974220e-02 7.180366797202621110e-02 7.259808805100709250e-02 7.166438116997614349e-02 7.719537790188481241e-02 7.403482316032122812e-02 6.961598296694984644e-02 7.347542080669564046e-02 7.297011488153287706e-02 7.293830831045403085e-02 7.086178844397386656e-02 7.216349446580096194e-02 7.464295469629732283e-02 6.839261618690785360e-02 6.933898345435660082e-02 6.871421796572325935e-02 6.886458204210255118e-02 7.684614608131824787e-02 7.265467416001945844e-02 6.984139377279324767e-02 7.609672517415440318e-02 7.341687272116323437e-02 7.050747352561861914e-02 7.633996515973046071e-02 7.263639846149258505e-02 7.040319109086051741e-02 6.772254031638880178e-02 7.239848963970201001e-02 7.114002828655104083e-02 7.052925372013645056e-02 7.497657640022974135e-02 7.486486100614976602e-02 7.133683933811041378e-02 7.463185938080470205e-02 7.265221605150584683e-02 7.399762228138498377e-02 7.259456100356187491e-02 6.921558189668255978e-02 7.063552519315968725e-02 7.538909211172190039e-02 7.270698451330541434e-02 6.965024764654230427e-02 6.783583431226650196e-02 7.990776759307262334e-02 7.426947555211763086e-02 7.203441445194594395e-02 7.115111909175281246e-02 7.358400605892527480e-02 7.095668045318088979e-02 7.578798674484506226e-02 7.215038305029809751e-02 7.341317428266569411e-02 7.550531779665253795e-02 6.923165206298345642e-02 7.509695606303384841e-02 7.352274277830075921e-02 7.784575282196817825e-02 7.671370590077948581e-02 7.191725513680921611e-02 7.332057801150165810e-02 7.342025543930122411e-02 7.328468511691210718e-02 7.601349226679632309e-02
4.317082258608215817e-01 2.622691372101146889e-01 1.036104104419282579e-01 4.530256645373779145e-01 1.116144267089985431e-01 1.906838394799140191e-01 3.434769059350728515e-01 8.512686869207648777e-02 1.254794757306836317e-01 1.958133391408786728e-01 2.196501180396329134e-01 7.545050423194447908e-02 7.878107889741452208e-02 8.282671958463894146e-02 8.291829653007072587e-02 8.186407918780101711e-02 8.217072484215563744e-02 7.742284991064696253e-02 8.207167885507515859e-02 8.424993284198278864e-02 8.175488504630655517e-02 8.215198007338030128e-02 8.131418452728862711e-02 8.304633466673924658e-02 8.245343889325666697e-02 8.324614055142345870e-02 8.580799477517966900e-02 8.524305378438948311e-02 7.419225035217263953e-02 8.832903988731910516e-02 8.681302288543209233e-02 7.695911082596386399e-02 8.421541107581184682e-02 7.812846687306920779e-02 8.793998219854123888e-02 7.995695682508990876e-02 8.495360135875756891e-02 7.913450528847218446e-02 8.179935651409404873e-02 8.227773600287838218e-02 8.085284491733808754e-02 8.191311506992937641e-02 8.512373855022613289e-02 8.562176486595593494e-02 8.793190877791855209e-02 7.754420379627480209e-02 8.489425495174458824e-02 7.732773689718826227e-02 7.785699246676802687e-02 8.035832760789009266e-02 7.975127854171815134e-02 8.486335043883587448e-02 8.792402478951159839e-02 7.881418443225834958e-02 8.140319962751724203e-02 7.825369960882862241e-02 7.834582680974418178e-02 8.033919495410159206e-02 8.191294367887705374e-02 7.783017427737000393e-02 8.175907059621596862e-02 8.800982856265454624e-02 8.212027272870016381e-02 8.426980518347079729e-02 8.041383124709830521e-02 8.061518867183514736e-02 8.588471482254937672e-02 7.566568569813858502e-02 8.227630173038787131e-02 8.345018610950728777e-02 7.606518019994489010e-02 8.395174849326400568e-02 7.832362715817724197e-02 8.034847713267224967e-02 7.953675106769739211e-02 7.648857022267797900e-02 8.331626655356950961e-02 8.533581242602414352e-02 7.547021420296186334e-02 8.268546629577798457e-02 8.185075578862816004e-02 8.677592123289455672e-02 8.294076679908871097e-02 8.531127644379654651e-02 7.996771837905958247e-02 8.275628688271503830e-02 7.855966871955565034e-02 7.938071304542797246e-02 7.887928597039677026e-02 8.442881999770164569e-02 8.160656864197346483e-02 8.068096675360116043e-02 8.375782402784905101e-02 8.286240500584934887e-02 7.894466714656793449e-02 7.781173620837250615e-02 8.031156491235046102e-02 8.025279582256636401e-02 8.148066838316815608e-02 7.968059326350661331e-02
2.010807093725663075e-01 4.438498566661429612e-01 3.202102999644955705e-01 4.834338289585624060e-01 2.400058544598482890e-01 3.643028672382145339e-01 1.854889586427781734e-01 1.451775756625460490e-01 1.012083558230109093e-01 1.787655582775173058e-01 9.929638940792620549e-02 9.307961197275647913e-02 9.783977293654236296e-02 9.568947373232711273e-02 1.020935274641979057e-01 1.024766856925431180e-01 1.009092423543768852e-01 9.547103132584798535e-02 9.921680081557546216e-02 9.619032349012943128e-02 9.825769648676445367e-02 1.006262937681516173e-01 9.247166986899611751e-02 8.931796625923467403e-02 8.870140047936785066e-02 9.117763134161513405e-02 1.000863307680923825e-01 9.341800105411805777e-02 9.130540788141432162e-02 9.291226214103362468e-02 8.712972648838368528e-02 9.201158411990205399e-02 9.239743048159425320e-02 9.620626285799566135e-02 9.239278488201807527e-02 1.012801416121899972e-01 1.031649019528635275e-01 9.835944864835532986e-02 9.533040947770612950e-02 9.550983786832704936e-02 8.862985824589468542e-02 9.342418015258345532e-02 9.160540536705506776e-02 9.633616825507634873e-02 9.913567872433551309e-02 9.922103146839338084e-02 9.332515220666637301e-02 9.721592754724256435e-02 9.541786401730040224e-02 9.773237389080645376e-02 9.774086225818739981e-02 9.984921575749151901e-02 9.737818977088588679e-02 9.536120574363442237e-02 9.696778938580269402e-02 9.386295026711730105e-02 9.924167957990770450e-02 9.439141202550735410e-02 9.377681273245140614e-02 9.748469577903334793e-02 9.539813600511962144e-02 9.302787893669942076e-02 9.292823759122666172e-02 9.717057206244833489e-02 9.901769853626396500e-02 9.419071310323470780e-02 9.624217379374860881e-02 9.957839083307282180e-02 9.679279912137880859e-02 9.731311529449257480e-02 9.748065455843116234e-02 9.605211915788353094e-02 9.692891969925170048e-02 9.289430216286628794e-02 9.469791335055476045e-02 1.003783630800908766e-01 9.243957463930281560e-02 9.353100188109046698e-02 9.603077646157820446e-02 9.660284371191243946e-02 9.817532053466801467e-02 9.564025743856471862e-02 9.247071368733576768e-02 9.524584152425626116e-02 9.675147583660506645e-02 9.879115564741704214e-02 9.286736670590615972e-02 9.303173072508588715e-02 9.891140000149561962e-02 9.386793864879812432e-02 9.680175655900821741e-02 9.067549164062953249e-02 9.290093229041676559e-02 9.866761878101748540e-02 9.352927894998551428e-02 9.486555184089207060e-02 9.861996304788941958e-02 9.423731342830372892e-02 9.517875545814355465e-02 9.300806973928332777e-02
3.977425244282710159e-01 3.734568453017323431e-01 1.871767816437485132e-01 4.358555645861466599e-01 1.775612745380644453e-01 7.864893639607190012e-02 9.110217417568361453e-02 7.492556952099964362e-02 7.745838198196845770e-02 7.565298471910313072e-02 7.991609358998294499e-02 7.777634846635823884e-02 7.525228145934885482e-02 7.694488536862088834e-02 7.614730357575369424e-02 7.331715921103686140e-02 7.341785596456867902e-02 7.288077504036301335e-02 7.844284316594186957e-02 7.548355564329810308e-02 7.884280673799663741e-02 7.026914073648807268e-02 7.625442298345684600e-02 7.818636096642828104e-02 7.504145693411648499e-02 7.574873819386263030e-02 7.672987980376995421e-02 7.843652875875094244e-02 7.974918576676344462e-02 7.717865374341055518e-02 7.452591715901356328e-02 7.496771818899905515e-02 7.123842930203987123e-02 7.889668667249861989e-02 7.591686379561179976e-02 6.841095502950662877e-02 7.016048331960483830e-02 7.688829023902681026e-02 8.178133339185481021e-02 7.187346021264931495e-02 7.434708863707577275e-02 7.350207662562303901e-02 7.656069879396172617e-02 7.585872614654680379e-02 7.574160291373688292e-02 7.346151106971221534e-02 7.797297910628357698e-02 7.074754277672666569e-02 8.049295076920057190e-02 7.867576360605162133e-02 7.972808662616405473e-02 7.813401453081551817e-02 7.231326318378794582e-02 7.351785362301864468e-02 7.596689194172731585e-02 7.412509212140631909e-02 7.904582394976651660e-02 7.611640808342667874e-02 7.355338118404929071e-02 7.557957973550864794e-02 8.104194337154282946e-02 7.129864168489617737e-02 6.987581631256548076e-02 7.207812368057968377e-02 7.576391983286594189e-02 7.687012278748035776e-02 8.054825595561135310e-02 7.760634658361519056e-02 7.293803769300298556e-02 7.846584564928023309e-02 7.829844169406716126e-02 8.082673033331276569e-02 7.515250029485971706e-02 7.863478310338252453e-02 7.643765805955574089e-02 7.514167559681812769e-02 7.543311255042434160e-02 8.029249540263386220e-02 7.573052563940765869e-02 7.304480078772894458e-02 8.004423997363187271e-02 7.358993709139388661e-02 7.685154940975734428e-02 7.905095666075456773e-02 6.869012850228989331e-02 7.483688818229397577e-02 7.488992018211602930e-02 7.615940017581515620e-02 7.950134528451971438e-02 7.594786753491923614e-02 7.487721920308057499e-02 8.113548680378550315e-02 7.303940196958071118e-02 7.827533998433008899e-02 7.610708080194751590e-02 6.865239089874242140e-02 7.419026582419833982e-02 8.191915885966925825e-02 7.730726919730795954e-02 7.128280154342865604e-02
3.871307481971665299e-01 2.932582812163543329e-01 1.340726983533206684e-01 4.736969409055054037e-01 1.306845498251419657e-01 1.220905153501518209e-01 1.149369505053001589e-01 1.868668885799814328e-01 2.835687512172292424e-01 1.796855493640714119e-01 1.029318642451916566e-01 2.182263455062235791e-01 7.791706052031710517e-02 7.942858527251688006e-02 7.440530296108523178e-02 7.864454337278335705e-02 7.970490373119167027e-02 7.873399146093362777e-02 7.473579001287644630e-02 7.890685286807599952e-02 8.102168314504167024e-02 7.981079633978345467e-02 8.393727045963338129e-02 8.285503519059937705e-02 7.747645020711620145e-02 7.780456484591996569e-02 8.154327122017530904e-02 7.612243383200315017e-02 7.939638179584317113e-02 7.595246803158690885e-02 7.643615162241161609e-02 8.092833816559641402e-02 8.138577186367028371e-02 7.996799801709232602e-02 7.761864163647408388e-02 8.205773303576492650e-02 7.601137243009652156e-02 8.332284255762976988e-02 7.368503206368919034e-02 7.854918680361872019e-02 8.596100188199742864e-02 8.264628990944916653e-02 8.194885461463000120e-02 7.991408200026355046e-02 7.658391777126091760e-02 8.107993806166878537e-02 7.829734118309959745e-02 7.819756452890130882e-02 8.147904467846192600e-02 7.644539771865546673e-02 8.002959956953063780e-02 8.328464039412468434e-02 8.094646953481607343e-02 8.241966583536693147e-02 7.708046471159170354e-02 7.705977149716888852e-02 7.738175214041574657e-02 7.605339029966126652e-02 8.103242665784793353e-02 7.638605131164249995e-02 8.120700197551355970e-02 8.219383557247442185e-02 8.491943139527297069e-02 8.194495772333502959e-02 7.967052629432794242e-02 7.999694506377186265e-02 8.002796684424269558e-02 7.960918633875897765e-02 7.322821176517101127e-02 8.448409812236733207e-02 8.019469425582817501e-02 8.625472104277406848e-02 1.017916266358181721e-01 7.439181719144176419e-02 7.599076040090900486e-02 7.282985836694992610e-02 7.327105050767056260e-02 7.410744786359853287e-02 7.504246723926702445e-02 7.253530029207505558e-02 7.784158531322217522e-02 7.213074073364346417e-02 6.446884806875909091e-02 7.564850148999757717e-02 7.397553087679845096e-02 7.222367527662131026e-02 7.863230244341466724e-02 7.740461931502859438e-02 7.674912070453887569e-02 6.893006695496327330e-02 7.257261843857341910e-02 7.752082244850498627e-02 7.576939532595865223e-02 7.523737043779657463e-02 8.000052623470728375e-02 7.305125952422708568e-02 7.833353175688528847e-02 7.164448627703388917e-02 7.247576896313720485e-02 7.167651385236441242e-02
4.980341816770488261e-01 1.270599898917350867e-01 3.138262178005115088e-01 4.217003595334569699e-01 9.854767210613504802e-02 1.734767551437073618e-01 2.715993052754226422e-01 1.496950017933311450e-01 2.000316698441931551e-01 1.086444633279112781e-01 1.090219205486212539e-01 1.052121049288144011e-01 1.063326686494973222e-01 9.756648539331920500e-02 7.875567693934359959e-02 7.109488929571763927e-02 7.740122757630889250e-02 7.034474674201768307e-02 7.495216670614597565e-02 7.154160654273034048e-02 6.760598538022605242e-02 7.371978836498437049e-02 7.577214660337754093e-02 7.307155583305505187e-02 7.291401137364152130e-02 7.769439648160175738e-02 7.692439962757718908e-02 7.104887530845921395e-02 7.481960925804509444e-02 6.784697022037677883e-02 7.859949458776696596e-02 7.008328067111410653e-02 6.400851876395910467e-02 7.522279317776724150e-02 7.517764967664299081e-02 7.135626516080420534e-02 7.121187270951119530e-02 7.563087076306233836e-02 6.393444625731872777e-02 7.641769551225072177e-02 7.531250286278685924e-02 7.465787473843130129e-02 7.134612602697192052e-02 6.843456640210983377e-02 7.308570912574442746e-02 7.214767236549685103e-02 7.259763251163117714e-02 7.712315912478405477e-02 7.157123013303746950e-02 7.473804515830177742e-02 6.852997709476468802e-02 7.256664230319628817e-02 7.458556575551353318e-02 7.013414773132783941e-02 7.702372525269041148e-02 6.543986858599754042e-02 7.064084282607260845e-02 7.446192064213355555e-02 7.217633075356193195e-02 7.226595023276453922e-02 6.919969665230653322e-02 7.052189743575902614e-02 7.138871670347470000e-02 6.793446084229787241e-02 6.958437033837756858e-02 6.706047472242050722e-02 7.223214560283884589e-02 7.760680663328195505e-02 7.917421388912138092e-02 7.202625984608794496e-02 7.294656665300158771e-02 6.785197213293016338e-02 7.630724750989976990e-02 7.164124337791226427e-02 7.810230718613539458e-02 7.239066428507612283e-02 7.639153582531689468e-02 7.359044224396915634e-02 8.173471502562240643e-02 8.010939563526049689e-02 6.909668160927748271e-02 6.858702325344381845e-02 7.387595267539759369e-02 6.958050050882770565e-02 6.669730159283457360e-02 7.407407171130366008e-02 7.360073472769036729e-02 7.130643997777696974e-02 7.430554885834120271e-02 8.612686331773958259e-02 7.539902828246590472e-02 6.451716681464221559e-02 7.120668136474207766e-02 7.197281289950763217e-02 7.786300017418110175e-02 7.589237291629272186e-02 7.316442272167013317e-02 7.224699348031921042e-02 7.318109275665417301e-02 7.396083634920701255e-02
1.156039323162956628e-01 4.043986673363668682e-01 4.895131597903491505e-01 3.713631322065295004e-01 9.002890536486070350e-02 1.747167964690242159e-01 1.190751964842703126e-01 9.703379298211123327e-02 9.458964832897553965e-02 8.508288433570086740e-02 7.291904034794001455e-02 7.618459466050694906e-02 7.252419595600073654e-02 7.150102745594696940e-02 7.045772050724499747e-02 6.801896114138497595e-02 6.878088457478685747e-02 7.599234802328844185e-02 6.852945390102600787e-02 7.339944495731628993e-02 7.675955751756730061e-02 7.688881343276549041e-02 7.115450180989080220e-02 6.330998295817238941e-02 7.105520324652268849e-02 7.892620201582532802e-02 7.721766775926876269e-02 7.377080426479618036e-02 7.222913272855059630e-02 7.455140030231978410e-02 7.218273085627902041e-02 6.986996646533216726e-02 7.176448707540653005e-02 7.074325349012768049e-02 7.066570805953230339e-02 7.165008354797955392e-02 7.249598408672985883e-02 7.402725489227381106e-02 7.494443606762794807e-02 7.128287821837311911e-02 6.647355959460590769e-02 7.693221145133052885e-02 7.813594493529960050e-02 7.390028569453691021e-02 7.091629530890408706e-02 7.268409478723830697e-02 6.647300031854043445e-02 6.915069685250498088e-02 7.215835724452206168e-02 7.063967917103314287e-02 6.991087029305680101e-02 7.045929910904272231e-02 7.229712536312429827e-02 6.982473275839090610e-02 7.492684142301953010e-02 6.999577651832046554e-02 7.710204194302126834e-02 7.084642639333652014e-02 7.349058891482641853e-02 7.526954234243432573e-02 7.076226436606321279e-02 7.417748365992757331e-02 6.994893714783637084e-02 7.501110718698239532e-02 7.810798113202552240e-02 7.147831814151389684e-02 7.564412199758158151e-02 7.541756106757126210e-02 6.415615411437373961e-02 7.056317110733341391e-02 7.390310011602771456e-02 7.794628720502938535e-02 7.692363287813258621e-02 7.652992056919682984e-02 6.988190520521386784e-02 7.132393088569582984e-02 7.318639685869454681e-02 7.321451401185755103e-02 7.277414725436258391e-02 7.245231996100462424e-02 7.192146323817287523e-02 7.132736321703317395e-02 7.166581544246665436e-02 6.904691957032214888e-02 6.906742335252924470e-02 7.673275736933267421e-02 7.549482686013390953e-02 6.871370379256629135e-02 7.046956002072797542e-02 7.210831105724313517e-02 7.332586858266948449e-02 7.493182078411865510e-02 7.344704205666330310e-02 6.574904451351940016e-02 7.113056569634636228e-02 7.351544061741355218e-02 7.328146476924474184e-02 7.035576989285668992e-02 6.758596870943082979e-02 6.834293984347869499e-02
5.372577636893371977e-01 1.544525828707504489e-01 2.725809430173235515e-01 2.819179306423977294e-01 1.063084393670475775e-01 2.746953132446224299e-01 1.846179853971890716e-01 9.486212401984556175e-02 9.345315426100808676e-02 2.220796493504124947e-01 8.393162357548836217e-02 8.794230048803847177e-02 9.179002961273596828e-02 8.189206103223850564e-02 8.136156964296564764e-02 8.753426349536101714e-02 8.823094106131726400e-02 8.907441957388077813e-02 8.172970860277817273e-02 8.273428568394552984e-02 8.360865968883604560e-02 8.591220053499329379e-02 8.641626161988127941e-02 8.375891551823491654e-02 8.462562202867932037e-02 8.688954448000436870e-02 8.805971237946283448e-02 8.173952299566920876e-02 8.960195221235559004e-02 8.142102429695904919e-02 8.231088664063072879e-02 8.313258044838554850e-02 8.768827188674763184e-02 8.051818133621915785e-02 8.798778226097651867e-02 8.651520838056304952e-02 8.207703708060574976e-02 8.023418636251654357e-02 8.990253603580693198e-02 8.160511632831955742e-02 8.660996057075370791e-02 8.395287606597666430e-02 8.250885232664786906e-02 8.853039731205594731e-02 8.444144881208348608e-02 8.774859251658435888e-02 7.967193350507334459e-02 8.082093911986051871e-02 8.225069229893783307e-02 8.569488570122682503e-02 8.675630146769419682e-02 8.348752229716903395e-02 8.557737458340375358e-02 8.403985251474078988e-02 8.630597598800096582e-02 8.210380114651355532e-02 8.882807650819946055e-02 7.913093313811846163e-02 9.193204063045982977e-02 8.437892716031165918e-02 8.701346021083539162e-02 8.364563505322974990e-02 7.985192117175976545e-02 9.074449909064462305e-02 8.053290292555570495e-02 8.928101795658607842e-02 9.001386805516460587e-02 8.564681502134049995e-02 8.918806086215398665e-02 8.255374776177533402e-02 8.642973836894304873e-02 8.382164464338588694e-02 8.102143056875402150e-02 8.321511877095261189e-02 8.381187535340335615e-02 8.420275519968489775e-02 8.681695585905385704e-02 8.569793465784188158e-02 8.588471482254937672e-02 8.576892663583125798e-02 8.608874233946980925e-02 8.439612940961606358e-02 8.484370361189039200e-02 8.415992547776703081e-02 8.607403879129665869e-02 8.655636027428446899e-02 8.426764926444418879e-02 7.935402114417376696e-02 9.110668446653426289e-02 8.686739895192763239e-02 8.233929245240818873e-02 8.392099733024420416e-02 8.863929377435426915e-02 8.856223996546160049e-02 8.402618633346328747e-02 8.621731269045870838e-02 9.253641960444818071e-02 9.226112949208732650e-02 8.274592223434022731e-02 9.146656959409008025e-02
2.535719794451150588e-01 5.711569653935856250e-01 3.228322944064545008e-01 2.210987693373744900e-01 1.076413385603978284e-01 9.600718764042925901e-02 1.835154538193270735e-01 2.824214234306385296e-01 2.870244097788606230e-01 7.782517687510746851e-02 7.556871444484940248e-02 7.550317540849847686e-02 7.725689826908779811e-02 7.575273431155631065e-02 7.623652614936143879e-02 7.851017278776051267e-02 7.888522151315624509e-02 7.941470259727854974e-02 7.592151841576968985e-02 8.128592304481839503e-02 7.148280588091029952e-02 7.580795831273177965e-02 8.037492547822051858e-02 7.424709097862580709e-02 7.669084774674835014e-02 7.513503644868596565e-02 7.505679643329957185e-02 7.746635617619242187e-02 7.803138737279961823e-02 7.133548174056436597e-02 7.645219021667655490e-02 8.120644269944807259e-02 8.005898862471352850e-02 8.301299459677116688e-02 6.828509536331898999e-02 7.765074588674907019e-02 7.926346352447423416e-02 7.938586379757943401e-02 7.431585036264411193e-02 7.368319637531296762e-02 6.969010508678957772e-02 7.800162847376697350e-02 8.443637022458565233e-02 7.532689069060045928e-02 8.109410939552155750e-02 7.467942490811575740e-02 8.422854504276897081e-02 7.610199319386797001e-02 7.310140493790472094e-02 7.341731923995745146e-02 7.645379588021940231e-02 7.872436650025832483e-02 7.411689692293066400e-02 7.240652246770704070e-02 7.694828612792228850e-02 7.970533671911332607e-02 7.243752169672361407e-02 7.318536851238059693e-02 7.696562368595222248e-02 8.016500752144913033e-02 7.767290945598921692e-02 7.396456635974049676e-02 7.088129996219381945e-02 7.700013643154146603e-02 7.396754315170193939e-02 7.421318712230139114e-02 8.571391010803490473e-02 7.492932659327823652e-02 7.755078882091676062e-02 7.634815584791525278e-02 8.040904131821489942e-02 7.603481692193825303e-02 7.753530950271729505e-02 8.226618063771899692e-02 8.055396598382828788e-02 7.448628974359966515e-02 7.375386361236109523e-02 7.947588018237689012e-02 7.544212411154395392e-02 7.631713406744441985e-02 7.343524313579796736e-02 8.166584288433283156e-02 7.068802046837051323e-02 7.827719822416055739e-02 8.034028644448745760e-02 7.592888823101966167e-02 7.871003279593492830e-02 7.750243850299769199e-02 7.830571228291842434e-02 7.398894899207916764e-02 7.788189829284536403e-02 7.761887617159832220e-02 7.836374168500301329e-02 7.623132127371977373e-02 7.871214361205304544e-02 7.854299868457161049e-02 7.565125727770732889e-02 8.037663938874377301e-02 7.791838654582719514e-02 7.536593627849461074e-02
3.851813283268579191e-01 2.739327132675929422e-01 2.406585657105922982e-01 3.758002120161009207e-01 1.658638171757160218e-01 1.535247619192796065e-01 2.510836700239696961e-01 1.835853994098391173e-01 7.665546902531578111e-02 7.003019454780184949e-02 7.412644069837066862e-02 6.858297301225993459e-02 7.327648540814561684e-02 7.275474849341388717e-02 6.963234630215603405e-02 7.086341214868009664e-02 6.384046983715438439e-02 7.390509366458371254e-02 7.459625514482959296e-02 7.464438445849698456e-02 6.872254396263358101e-02 7.266776753435892633e-02 7.158715145974030303e-02 7.476762364570040120e-02 7.380058571528308464e-02 7.194589548371090049e-02 7.462655527876432826e-02 7.059094998868262194e-02 7.062043827026423526e-02 6.763254197275474222e-02 7.369968599866298653e-02 7.607024074627932730e-02 7.627342032851983089e-02 7.740267086938111551e-02 6.839297249988506022e-02 7.988303315804760885e-02 7.493125248747146971e-02 7.185582497542322700e-02 7.370880580676301974e-02 7.185876117476701352e-02 7.016700068988404593e-02 6.974257330025529500e-02 7.788401812954517944e-02 7.463411452623003317e-02 7.413684142907228658e-02 7.264282111566393307e-02 7.830160791824432309e-02 7.810326336779573053e-02 7.339282385034752443e-02 7.592721942340491248e-02 6.989895861492020912e-02 7.188900718521153144e-02 7.573653334682074745e-02 6.972708496147413115e-02 6.912117248859656060e-02 7.662140730881160378e-02 7.308424779150880790e-02 7.622890375782381822e-02 7.445203408458891947e-02 7.088664465685184934e-02 7.401076977921465516e-02 7.648099293404887755e-02 7.433936701913944345e-02 7.183406733235965513e-02 7.282533454522671645e-02 7.298256328428069650e-02 7.373467683508239112e-02 7.726395236397823330e-02 7.310368263478429773e-02 7.758351549132914970e-02 7.758798067927130671e-02 7.627877855405040819e-02 7.124670117545998937e-02 7.613977139003308414e-02 7.004702244296565072e-02 7.184082374805393634e-02 6.834104101103055662e-02 7.736764395063489008e-02 7.687130448368323377e-02 7.372410922361929964e-02 7.535024497662516640e-02 7.380630927437256683e-02 7.090852407776840338e-02 7.101291475950691212e-02 7.549676177490884099e-02 6.902597828990254814e-02 7.524743289668439639e-02 7.402522075110017086e-02 7.579353440259137265e-02 6.913737796362297294e-02 7.707811033976766368e-02 7.414370158145613954e-02 7.131540643598807683e-02 6.943901719513337345e-02 6.980253310682396628e-02 7.626857627614622159e-02 7.355301134019953668e-02 7.369689863891727699e-02 7.591314731595086296e-02 7.203097310002688769e-02
1.784960413374453159e-01 4.976279307595482537e-01 2.773736863222145965e-01 3.040638917070567770e-01 8.765733129151211112e-02 9.624607970562527870e-02 1.909385446248324514e-01 2.228821744220520207e-01 1.733438819752469162e-01 7.368033234062279502e-02 7.367010300097349973e-02 7.211538319329698077e-02 7.806893103384050792e-02 7.125595178199468915e-02 7.171575789305600912e-02 7.546944294322639746e-02 7.272877372840494403e-02 7.159757023160533140e-02 6.945087926007061097e-02 7.121801121535893675e-02 7.248169999560583054e-02 7.100110230776902898e-02 7.436486369331822555e-02 7.381417973190697313e-02 7.363824230640445001e-02 7.399090194801749565e-02 7.991695054524457220e-02 7.277260924518250129e-02 7.232763748072899845e-02 8.113099455409825134e-02 7.161588201245899787e-02 6.906837502389874539e-02 6.920786478903707961e-02 7.837066047116791889e-02 7.287388331594320257e-02 7.106778695799602363e-02 7.576285540422518505e-02 6.905040151485886124e-02 7.517037457750087859e-02 8.330552304076323245e-02 7.641054219096157785e-02 7.516687008150992055e-02 7.101689283603718206e-02 7.339162862327210102e-02 7.211545084765973168e-02 7.874466280908629101e-02 7.252569788285401220e-02 6.990853847268700683e-02 7.213985152116179911e-02 7.085232134347832500e-02 7.207213852462085457e-02 7.391554400848468487e-02 7.647044787404003174e-02 7.673941455862824668e-02 7.376453947080460760e-02 7.412948965498571130e-02 7.192015074353533266e-02 7.600275777457175808e-02 7.147693799251358948e-02 6.739035739523772939e-02 6.744655110894609562e-02 7.289068865965275812e-02 7.142459606719168963e-02 7.567262252546690104e-02 7.263312399033501621e-02 6.889725007873387375e-02 7.047209931447689923e-02 7.211110292727969384e-02 6.795557802406065884e-02 8.057571460631017535e-02 7.556740195021185991e-02 7.464005006898949413e-02 7.274078914323110767e-02 7.227511514377307766e-02 6.247608430337567992e-02 7.855387750610340336e-02 7.133529681863948202e-02 7.025763949481889092e-02 7.122228246079451153e-02 7.012007111358294076e-02 7.621733937208273468e-02 7.496748365387481683e-02 7.384553978419160225e-02 7.201737006282130094e-02 7.600018690878689032e-02 7.022735289175671691e-02 7.495970791244828402e-02 7.051144709185805382e-02 7.740166958481226045e-02 7.208746900322224316e-02 7.430138585988603495e-02 7.305793475468606857e-02 7.167568395884789390e-02 7.602769968297590220e-02 7.341721550326787971e-02 7.055492178536755532e-02 7.163101403826296898e-02 7.310364655245749077e-02 7.098883882694609349e-02 7.150041856668212792e-02
2.600143526080530565e-01 2.420294956763953120e-01 2.433734541029113907e-01 4.805454747801269910e-01 1.881783909535361399e-01 2.723667763665708619e-01 1.113748671207566293e-01 8.989478735612550786e-02 9.741643703729947756e-02 9.780028985043569267e-02 9.630452405446812691e-02 8.930877428648104077e-02 9.205302467223791529e-02 9.452790244723000002e-02 9.361009434144763885e-02 8.946458679420790649e-02 9.466147020048143457e-02 9.756183077316132879e-02 9.827128148280664388e-02 9.793429059160878303e-02 9.381708060916608971e-02 9.195593615138661359e-02 8.791090886371788482e-02 8.373189887603946224e-02 8.498785250747746545e-02 8.597306239973209752e-02 8.510669867139233902e-02 8.484053738771323017e-02 8.521650621244249157e-02 8.971803807826986277e-02 8.637196154314610852e-02 8.156497473974869128e-02 8.425667121651367331e-02 8.321696799020138202e-02 8.072551038604226792e-02 8.076982850394084923e-02 8.695412282440410923e-02 7.812153906632260392e-02 7.894387333537820906e-02 8.310709730507932769e-02 8.072230807953829912e-02 7.882625397057471672e-02 7.616433443400577596e-02 1.290803566371245548e-01 7.544786571179684653e-02 7.168646806427182716e-02 7.649314365760054302e-02 7.631339052603837436e-02 6.619832360573527086e-02 8.300364927412860749e-02 7.475390785122354442e-02 7.139813870106172244e-02 7.135223747107456715e-02 7.877185084233406798e-02 7.128177319711470616e-02 8.153142719640148195e-02 7.001906766027327089e-02 7.831966712281036858e-02 7.442505352472027214e-02 7.663100520774179802e-02 6.868677735618786140e-02 7.642945835078923666e-02 7.295407628726792437e-02 7.387396814742330786e-02 8.070175017384099980e-02 7.682507400246396667e-02 7.362610511372531807e-02 7.451672518625991615e-02 7.457777197292358995e-02 7.091302083774650433e-02 8.148418641003167540e-02 7.352898051054722328e-02 7.625682245818940497e-02 7.589028916191971341e-02 7.492709399930716496e-02 7.632494589119775963e-02 7.083910619128590269e-02 7.180796627920688069e-02 7.560232964255937660e-02 8.122509726240639827e-02 7.409389443959231436e-02 7.367877629027932973e-02 7.408766121763669943e-02 7.071786506292931929e-02 7.250604654561768059e-02 7.608815562153814493e-02 7.446919123098481863e-02 7.993894272343238239e-02 7.553455801223736554e-02 7.646640665343784615e-02 7.746501210951892147e-02 7.427822551636791004e-02 7.533892865688086860e-02 7.033710630931666596e-02 7.496872398385874547e-02 7.146379049468391809e-02 7.458183574498003510e-02 7.746894508314070005e-02 7.708393763554671763e-02 7.620775049373422483e-02
3.008147323017320018e-01 3.229548660706119678e-01 1.460412873398656275e-01 5.393114614841130194e-01 1.651840080975412461e-01 9.687347018353370531e-02 3.063454133132810786e-01 1.105358086932267669e-01 2.941968186188863021e-01 9.547565888426075287e-02 9.527232595213133703e-02 9.905869708009645835e-02 9.963174757383612412e-02 9.577110097614234541e-02 9.073673236979978851e-02 9.636929183108360053e-02 9.820208460057582023e-02 9.532185796625326779e-02 9.235020773638785707e-02 1.005468134227812949e-01 9.487516778098567527e-02 9.239883769233966926e-02 1.044267099418256933e-01 9.425589582660844068e-02 9.869548335789285476e-02 9.425633783511180863e-02 9.999640458911193686e-02 9.852632038924802327e-02 1.020887645970596086e-01 1.004485973292173345e-01 9.641296948768138253e-02 9.851580239098428615e-02 1.022117692491387869e-01 9.881073030970889681e-02 9.502343908241024650e-02 9.864748484266014361e-02 1.031913954013203016e-01 9.144231324989522680e-02 9.316055365236242114e-02 9.694616705146462399e-02 9.704548365599614812e-02 9.677158271321729954e-02 9.454951576098637178e-02 8.880737427319493338e-02 8.203058108484395650e-02 7.221041502152036884e-02 7.471164642595286287e-02 7.897152141829275052e-02 7.724243827662058415e-02 8.288137528916722507e-02 7.742404062743153681e-02 8.101425920630148103e-02 7.180206681877422670e-02 8.095517439615784738e-02 7.723343573608267010e-02 8.360320223690674568e-02 8.398163368044046784e-02 7.518391447063454969e-02 8.052345837651443683e-02 7.361240736041187172e-02 8.116680626345247618e-02 8.178259627329299841e-02 7.407608781131390374e-02 8.746726763506533497e-02 7.659380432880556755e-02 7.824214424366923715e-02 7.979180801530216804e-02 8.019115818780125915e-02 7.801133461967758864e-02 7.569646392290348136e-02 7.521399811060845708e-02 7.830649707352643762e-02 7.619241550484198711e-02 7.605940702765603967e-02 8.082572904874392450e-02 7.549815545478169576e-02 7.778879686910605828e-02 8.073133768182132186e-02 7.799345582674557797e-02 7.995835501525361266e-02 7.386019822945624758e-02 7.570309405045395901e-02 7.783960980582958766e-02 8.010371266878867080e-02 7.641538624333518714e-02 7.883444465875952267e-02 7.701131293226939900e-02 7.353991796586006879e-02 8.172815706272554270e-02 7.607727680000635206e-02 7.580166194670426294e-02 7.904341545445227324e-02 8.368917740110201620e-02 8.279290142384070073e-02 7.908404415443501256e-02 8.022374954948811865e-02 7.697866744709232212e-02 7.589107395252772670e-02 7.968508551319386513e-02 7.693608128088040565e-02
2.234215691254640701e-01 5.245506506583236250e-01 3.520227885449413452e-01 2.406053442785545116e-01 1.245271819410571357e-01 1.817081261519776780e-01 1.125509705629745560e-01 2.765944704336912863e-01 1.157308789625783180e-01 1.343744277906480655e-01 7.700445729017639518e-02 7.284528807195002342e-02 7.430609460353412854e-02 7.334286786888562226e-02 7.516474573451925600e-02 7.817757491985119489e-02 7.210093222141146507e-02 6.981298796101578774e-02 7.679181511773121305e-02 7.846752347747668055e-02 7.621368603649369966e-02 7.811375430431435896e-02 6.868483793112206692e-02 7.176818100361322117e-02 7.721104665229999720e-02 7.603719835550740158e-02 7.125527072807623374e-02 7.183113564330671774e-02 7.720438946300442473e-02 7.252103875240527298e-02 7.729269193727862641e-02 7.704942488995747407e-02 7.786539964891366072e-02 8.051525866774793261e-02 7.576056417647306085e-02 7.755076175917166581e-02 7.886142521862815613e-02 7.333877252479321929e-02 7.601932858315708919e-02 7.648064113136252007e-02 7.258954104984509381e-02 7.644487452491678658e-02 7.644937579518575055e-02 7.841586260607322223e-02 7.990196735903867808e-02 7.410992852356640403e-02 7.890651008597135418e-02 8.050823163460260612e-02 7.829578964304696742e-02 7.481341211841628647e-02 7.782984051584705687e-02 7.479459969527819940e-02 7.017610696711153173e-02 7.915817529485644211e-02 6.796206833259475777e-02 7.401585287700335192e-02 7.683966930365671022e-02 7.836510379283991024e-02 7.766809246536071631e-02 7.097849673002552817e-02 7.625030057761934821e-02 7.617587175800176469e-02 7.721869610558271257e-02 7.469464713973672509e-02 7.338500751630332164e-02 7.427834729422087834e-02 7.547520709493353575e-02 7.219137257354887871e-02 7.441279455418817190e-02 7.106894610274465396e-02 6.873991760299032194e-02 7.063782544149352360e-02 7.743279961226351427e-02 7.084464933874136394e-02 7.501446735366613938e-02 7.416878781916751151e-02 7.719522455199588629e-02 7.628787130040534659e-02 7.825774985001250628e-02 7.223044973347900188e-02 7.560970396810019756e-02 7.539655664307974570e-02 7.345344666967122682e-02 7.277526129620269513e-02 7.740221984029604929e-02 7.265840417055295652e-02 7.562206667532185567e-02 7.378143953062203664e-02 7.621473242397104608e-02 6.911799273354683748e-02 7.562513818339115790e-02 7.702847909924701031e-02 7.990135395948298747e-02 7.634009144787427814e-02 8.247364499626762269e-02 7.551658450319748139e-02 7.572477050828221867e-02 7.920905137565188714e-02 7.158559540939682386e-02 7.852416370997926387e-02
