1.957472453601381446e+00 2.176855208215173754e+00 2.224028817393512547e+00 1.709962014829021548e+00 1.548531335931022657e+00 1.701933509197655070e+00 1.371320722521203184e+00 1.370401290364317681e+00 1.030331805685457347e+00 1.146857699770326589e+00 7.958418862762645096e-01 7.162866966808930647e-01 4.885624327553667601e-01 5.699507236554789413e-01 3.917911159121083564e-01 4.164330478953169323e-01 2.672809140731170485e-01 2.857340447568651465e-01 2.440199072866757746e-01 5.610247555722900348e-01 6.112732834413105998e-01 3.067362104705448345e-01 3.834086536180760785e+00 4.854022199156169948e-01 2.577083258765011653e-01 4.894425132934777101e-01 2.559437062424870790e-01 2.630419887147752434e-01 1.874120555694486434e+00 2.516485642858958816e-01 8.698163669307678036e-01 3.078223862271803890e-01 2.608329994874726276e-01 1.613447032750424226e+00 5.724985309665983069e-01 1.062926221658836212e+00 3.022183344746827705e-01 2.539196502383911369e-01 1.717111344557191277e+00 2.524132791583247659e+00 1.515483213239703364e+00 4.151696283122468523e-01 2.700372074236061515e-01 5.426190859131559963e-01 7.811292109588523491e-01 3.916158752058413461e-01 4.423670193658894689e+00 3.525925742884092329e-01 1.270268027095407870e+00 1.892667768409327600e+00 1.319895264628603293e+00 7.617285277034478996e-01 1.835851138744612587e+00 5.632261846363797453e-01 2.945952938062200044e+00 1.132765232457681126e+00 2.824809129880548886e-01 1.471810670413488786e+00 9.362428929052187820e-01 8.691141279243026485e-01 2.719236943039401444e-01 3.500044137984315573e-01 1.371548561286062284e+00 2.607761367214272985e-01 1.583405011879515989e+00 4.111876838863621764e-01 1.493865928092650286e+00 2.751562779368385003e-01 1.124127907528952086e+00 2.834057729544265380e-01 5.899344643059305504e-01 3.083477852620834514e-01 2.737194592257199410e-01 2.982728985292704138e-01 2.751987311610337716e-01 2.548434763362892319e-01 2.232417109253674870e+00 1.440891605993110502e+00 1.638805758669702239e+00 6.252084735124169290e-01 1.507326960235074065e+00 1.157885554768635972e+00 1.184514194257333397e+00 1.900570659021157294e+00 2.070305111031605527e+00 7.985155589969413770e-01 2.781840263784144951e-01 2.115509200767828002e+00 7.986775694175859419e-01 2.738003347196739323e+00 2.702867574264097295e-01 2.650708909773409339e-01 2.573781987495402657e-01 2.911072154267950740e+00 1.362163943301294200e+00 1.310949006876620970e+00 2.633058190258696918e-01 1.014844552876821071e+00 1.449721488925038493e+00 2.621963489201895037e-01
1.863038131825807575e+00 1.025209084324177677e+00 1.166558548159702724e+00 1.202582112009514148e+00 1.006800926919029227e+00 9.129949871708407105e-01 6.853462683377606890e-01 6.994951137906044725e-01 6.334993555773368312e-01 6.302089399266991299e-01 1.439460602792155708e+00 1.094394076388331527e+00 1.182384457510206710e+00 9.013446060407965810e-01 5.313775109163295651e-01 5.773381015996839061e-01 3.792413095955613489e-01 4.031929082139455445e-01 3.110552283271971752e-01 3.841772831347381345e+00 2.530596655187348221e-01 3.172397972275941003e-01 1.893629783023967672e+00 1.164260290851386825e+00 5.228111029032082024e-01 4.581423067986467590e-01 4.536973185301700906e-01 1.529062364855230616e+00 2.562749318547012933e-01 2.715783822337738407e-01 2.578840835170049806e-01 2.709463655125357029e-01 2.603551584023529042e-01 2.638030451448685199e-01 3.279163954120142832e-01 2.522451710119147927e-01 9.138618697317190120e-01 1.621331636813628130e+00 2.650800289225863526e+00 3.155992741187960138e-01 3.379455657732624574e-01 2.432802013731716340e+00 1.007071380450032416e+00 2.904278076267901576e-01 2.802509879241628643e-01 2.703498880200759791e-01 2.517241659180243785e-01 2.586340904777871819e-01 2.569990921036446885e-01 2.639984462863698145e-01 5.055876941519703571e-01 3.831015806254648992e-01 2.533839771355321790e-01 1.492346916837884230e+00 7.242470881494667001e-01 4.097202691301044530e-01 2.147677501388154830e+00 8.582331307118222785e-01 1.846770211394470174e+00 1.681209486411750609e+00 4.447134872534625138e+00 3.212673934082640459e-01 6.844408257136579410e-01 1.274735017377337298e+00 4.509341111842641858e-01 1.891253953271745836e+00 1.318160627180322120e+00 7.601828377958058658e-01 1.806675822738438519e+00 5.575959307797555553e-01 2.958103218830498538e+00 2.599721747496815949e-01 2.873002908775164621e-01 6.945518009178759389e-01 1.133213155973847641e+00 2.887354941691451238e-01 1.472105516778789536e+00 9.355873718304023035e-01 2.852288061571963129e-01 1.382319726127422488e+00 1.575488099426513688e+00 1.482160275384758252e+00 1.108671703082912297e+00 3.239751272488859413e-01 2.247342422238546078e+00 1.424096671107380363e+00 1.638402549965016997e+00 6.290155003159325631e-01 2.601723575328730442e-01 1.501998660589506596e+00 1.151789672398235931e+00 2.792163440492559379e-01 1.199899611021324919e+00 2.894098348810192345e-01 1.884159418572674216e+00 2.097509550643291920e+00 8.114736666281155975e-01 2.568113803589154864e-01 2.138941442020201755e+00 8.060363907837577724e-01
7.442214432126819101e-01 3.256868979514780271e+00 6.890101205118842609e-01 5.086315644800558644e-01 3.633657745583269150e-01 3.263835561664145679e-01 2.671672531578059839e-01 4.567262300737787717e-01 2.483158892614016899e-01 2.492943811548389288e-01 3.823631723766203194e-01 3.233735450308379833e-01 4.399570202606165381e+00 1.794110702245126809e+00 9.332421381233194646e-01 2.737664356244869923e-01 2.573161020243475150e-01 6.485607111145518244e-01 7.300716931249237041e-01 6.845990237443062565e-01 2.525521276943227367e+00 2.441586794151485940e+00 2.938810575620122711e-01 2.725204302635182430e-01 1.681335812215862813e+00 2.528426177560685328e-01 2.561365873295841089e-01 2.476933712067643789e-01 2.517295937275104700e-01 2.564112732596509625e-01 2.482896548488853217e-01 2.593166375206702456e-01 2.564654221209531348e-01 2.583671585612721255e-01 2.506968883559914651e-01 2.545032043749315687e-01 2.508850524181779340e-01 2.479467982163438000e-01 2.555426945083082435e-01 2.526752602969123407e-01 3.457848088571892076e-01 2.627048183588381880e-01 1.554633938446500885e+00 4.593601715521009599e-01 1.893383722327262486e+00 4.218342675766595939e-01 5.312683731755902805e-01 6.691314628992522939e-01 1.257605464498463999e+00 2.745591542765828397e-01 2.728822842292614181e-01 1.844572723953935789e+00 1.722096722953437409e+00 1.535930676208932866e+00 1.308102023875967745e+00 7.593219484412352394e-01 2.616971842978027540e-01 1.816315741619394242e+00 1.376363545234511321e+00 7.566766505638988782e-01 9.030839039743060459e-01 1.819846854774030742e+00 5.616613600848795462e-01 2.953274277657656821e+00 5.375047324248342084e-01 2.719402361995169048e-01 8.327296632062471948e-01 1.035043241244602230e+00 5.514286468679008291e-01 2.815914630169023547e-01 3.427323768058071485e-01 1.884835180853699388e+00 2.733676208608143421e-01 2.556291517594090346e-01 2.692422271842244141e-01 1.149862735413874404e+00 1.482161438486790939e+00 2.567980693023185212e-01 2.718677361728091268e-01 9.403434091216639201e-01 1.382172722953839639e+00 2.617877770227977630e-01 3.350091854580366513e-01 9.614264265808143417e-01 2.837888212238774410e-01 1.591847000283523439e+00 2.626112532619817586e-01 2.864762977040957170e-01 2.736980064548937275e-01 4.074183286653516034e-01 1.484790889098931199e+00 1.109992760833382830e+00 2.258769382776036228e+00 1.427782735299490291e+00 1.629982208182174652e+00 6.269495080218780991e-01 1.506153971835049843e+00 2.987054109435028360e-01 2.541615754612022160e-01 1.161344135588174842e+00
4.800988300385841678e-01 1.433807991529790993e+00 4.854199249132265526e-01 4.536383557187878557e-01 4.291760260744690858e-01 4.539505193810208783e-01 2.585533195032909681e-01 3.100033317721378467e-01 2.762888162328349106e-01 3.094057234860351224e-01 2.429202471407486907e+00 2.681743056678249637e-01 1.195574809962898666e+00 4.407534349925053441e+00 2.523566995734992657e-01 3.537873385431575257e-01 2.785004547481009229e-01 4.694101485163793552e-01 5.445546169292041494e-01 5.595776951016053768e-01 2.505367033593705051e-01 2.545757044016393467e-01 1.625015956352688917e+00 1.499573463617672520e+00 6.327597842264595096e-01 1.806499483546918139e+00 2.569776275420729394e+00 7.372973837323821833e-01 3.176426516726018612e+00 3.231146579033826738e-01 1.269889211225020631e+00 2.581374459098048080e-01 3.518438273548291639e-01 2.714856571550521291e-01 2.800610792089273660e-01 2.601380460229070213e-01 1.394499730614336075e+00 3.312795372480883960e-01 2.682320084520051218e-01 1.270960815897856921e+00 1.881471748242117048e+00 2.529798637959326246e-01 2.462174593439896420e-01 9.835245090306539151e-01 8.734860588463474462e-01 9.724637317831398287e-01 5.561500980278832884e-01 6.117500583495669719e-01 9.965500240785939434e-01 2.792851609195267093e-01 2.208964707566067442e+00 8.564269463343324729e-01 1.321162916610736815e+00 7.606340406135366772e-01 1.823596760344382783e+00 2.800378817850520119e-01 5.651715050945368413e-01 2.977661425678914231e+00 1.143757515918822465e+00 1.489743183704023810e+00 9.294597464670252274e-01 1.367317389941272054e+00 1.611815652915939090e+00 2.608933515596162378e-01 3.630266980073917349e-01 1.493242763870216816e+00 1.779549052495827954e+00 1.119872084882745700e+00 2.252649010646168737e+00 1.434511603642822486e+00 2.861103728812379732e-01 2.702238206830822609e-01 1.641322905318902681e+00 3.128671797522660780e-01 2.599484603915694914e-01 6.245287372994464681e-01 1.509817872471758138e+00 1.150479631808686731e+00 1.195149082310523969e+00 1.899664085603411934e+00 2.094706862445052220e+00 8.043136286880020469e-01 2.120594541322110782e+00 7.975694239558873688e-01 2.719633830625789894e+00 2.905508391077531893e+00 3.532599686964766894e-01 1.370393019416529246e+00 2.492709898806247937e-01 1.320584014882327573e+00 1.014471229432699628e+00 1.444240758296401861e+00 2.763739693575982148e+00 2.548436055698484193e-01 3.552604718844095677e-01 2.090930657845404106e+00 2.249209847168898602e+00 1.139875436725804825e+00 2.070260913154361226e+00 1.488964293042761788e+00
1.265490003944888198e+00 3.138340352963081781e+00 9.667316903444554965e-01 1.171297962784413116e+00 6.314263523626961749e-01 6.345572938012884467e-01 5.379410249206730832e-01 5.015424898988602997e-01 2.697702108903113905e-01 6.182902780048656899e-01 2.598859113489195849e-01 2.760623990371270930e-01 2.602149399906275029e-01 2.546593185144377935e-01 2.716808644462146427e-01 5.355471024701639049e-01 1.837491500311461579e+00 1.833344136929808688e+00 2.264773057001951084e+00 1.895276218568098692e+00 2.595015061270972145e-01 2.657569273263221676e-01 2.616989935676314882e-01 2.493933740611814498e-01 2.470780902314418936e-01 2.504797759765455822e-01 2.578920313808954479e-01 1.493942305126133796e+00 2.629597961711278575e-01 2.473280279349230337e-01 3.109944239375964092e-01 3.015665773272778183e-01 3.807083689595313625e-01 2.505369112656756325e+00 2.542567559775485986e-01 3.525714122930911909e-01 3.852408806559721177e-01 1.541078048871628692e+00 2.517076240224475070e-01 1.817128491473165131e+00 2.482556018060377845e-01 2.529898147799904962e-01 6.996617120026004111e-01 2.706655409884072272e-01 3.033966214506338410e-01 9.584398874904264121e-01 2.421544607623888901e+00 9.769926895567028202e-01 2.503613334195443629e-01 1.835407544552678960e+00 2.569640698091031350e-01 2.575564118276687520e-01 8.432418601491776800e-01 2.935984883848346549e-01 3.715428664743764542e-01 1.597123541888633813e+00 5.107408500164402065e-01 2.747486106743611822e-01 1.431939145030286742e+00 4.604001140029348460e-01 4.446983669270368367e+00 1.269343070203866830e+00 3.383843137067260032e-01 1.884212145864825327e+00 1.315284082003003174e+00 7.544358618039371800e-01 2.989742167466263312e-01 1.819412759248698386e+00 2.593791865633200411e-01 5.615465683759255366e-01 2.955328315847485676e+00 2.606182133120922284e-01 1.138360140935865683e+00 1.483071565827414506e+00 9.364553205681438453e-01 2.884099548335354868e-01 1.367645772415183814e+00 1.586336158235594596e+00 1.487251560682763873e+00 2.602670211149826773e-01 1.107518713576173486e+00 2.229331399560800619e+00 1.437280174181434944e+00 1.638325849847635407e+00 6.207799948311273353e-01 1.498068668054417962e+00 2.740147579084781793e-01 1.158791546635365322e+00 5.039735669976377341e-01 1.206109445082544251e+00 1.882865790645142479e+00 2.796758339689701112e-01 2.840873507456155300e-01 2.089014511863235057e+00 3.202827629207651294e-01 2.814290164329955601e-01 8.027349579721987372e-01 2.107284001659368577e+00 3.418962679862119769e-01 7.972765807107539127e-01
9.235756779001440542e-01 1.282956113320292246e+00 6.796938993883194779e-01 6.334278571107128109e-01 5.365249805041949482e-01 4.123220960689668591e-01 2.855029105362467123e-01 3.050929411486139053e-01 2.645513074526015806e-01 2.599080102875418463e-01 3.014060046299792961e-01 3.994737925390716149e-01 2.885748709110333099e+00 4.868247906268344249e-01 5.280146598557636795e-01 1.474467453923398175e+00 2.503990050020493685e-01 2.615216851244173135e-01 2.826349605232244322e+00 2.537988814773243229e-01 2.729222820158319074e-01 2.808605180061012341e-01 1.308493407709986567e+00 1.247418370727880976e+00 2.604556374946263020e-01 2.527040793806126784e-01 2.529609956962902695e-01 3.298365476345183067e-01 1.706775826043873678e+00 1.171265234385547194e+00 1.643049401052954606e+00 2.599470388224184303e-01 6.819636445426381366e-01 6.089068231221301808e-01 1.555682022611563964e+00 2.530903208515860481e+00 2.488403190446109026e-01 2.847625314756244141e-01 2.341160170703205701e+00 2.510932476820393333e-01 2.534604187857953939e-01 2.727766357946203035e-01 3.124311134151557812e-01 9.024599643505175628e-01 1.433646643431137235e+00 2.720423953280597384e-01 4.077335939330052894e-01 2.687702662260480491e-01 4.420318133600520838e+00 1.272210601340431957e+00 1.864412659961394603e+00 2.649264724749417210e-01 7.939654553822552696e-01 3.746684124118724868e-01 5.442098217932745952e-01 2.732228146577375671e-01 2.748403018846092838e-01 8.776826763682481491e-01 2.836251469211583109e-01 1.320340861940703991e+00 7.608446509295356819e-01 1.817091918375913551e+00 2.732629416778672438e-01 2.914603191479704369e-01 5.488941829217682811e-01 1.878159879820653355e+00 2.947071066816346008e+00 1.139222354934418258e+00 1.494478172079331646e+00 9.361877263296378704e-01 1.363258486930887248e+00 1.579505583081176834e+00 2.576405428747039483e-01 3.480847138933846896e-01 2.632412022462726764e-01 2.789385565137684764e-01 1.477510968859196083e+00 4.981332439905437059e-01 1.122429132393347295e+00 2.245438682678059461e+00 2.545021705064579587e-01 1.433456476248783362e+00 1.638282815072423793e+00 2.739372177729617608e-01 6.225176692680494117e-01 1.498424577276437963e+00 1.144202240904398593e+00 1.188611738101917226e+00 1.904568499174823071e+00 2.071670075883812245e+00 8.041568017446457661e-01 2.118033132178886557e+00 8.016581112631175898e-01 2.719667431351179943e+00 2.698599635971715704e-01 2.761474993358563057e-01 3.692825715240738993e-01 2.962296836500239450e-01 2.920019639738745454e+00 1.359298124509388028e+00
2.576362534531491111e+00 4.069930533304340625e-01 3.416519842509455618e-01 3.591965383967803960e-01 2.680088220952770994e-01 2.666155550936069041e-01 2.510084704672080891e-01 2.514974902551980751e-01 4.702629607735003825e-01 5.296400303297462697e-01 4.505893806651142808e-01 5.741872581929756691e-01 2.552099827101633744e-01 1.494676093275237205e+00 3.729063774490422589e-01 3.447550112407520295e-01 4.462953060179967402e+00 2.587194245295334039e+00 2.521185221239047314e-01 2.610890111682359072e-01 2.766924772549772538e-01 2.551126698400902892e-01 2.383439317294191007e+00 1.426588229511860373e+00 1.409738628830591312e+00 1.321128475867211716e+00 1.863410970644082010e+00 9.043869578745613591e-01 1.541279847074310094e+00 1.592572323634499742e+00 1.726656664472816960e+00 2.699400884038718473e-01 9.630130431412337044e-01 7.142578832663992738e-01 3.328365754776471674e-01 2.566101637072504271e-01 2.716970186411138410e-01 3.829848504131229681e-01 1.267256174381612643e+00 1.868709546571035052e+00 2.864640205159722508e-01 2.951031547145300804e-01 2.926914626496318061e-01 5.465539247067144890e-01 4.292245855843362379e-01 1.326911096090125586e+00 7.559268212992605873e-01 1.814866581103372845e+00 2.858163665340716642e-01 1.959041865944233241e+00 3.023822026277407371e-01 4.802260281692208310e-01 5.606912683727900415e-01 2.965303595814550164e+00 2.511116634642245327e-01 1.129816316487213479e+00 2.815184460559577717e-01 1.489767931930609413e+00 2.587075597561889762e-01 2.568177774200955943e-01 9.539405888186984761e-01 1.380856026835991734e+00 2.661004301266597372e-01 1.600744536983689681e+00 2.600514595382471539e-01 8.303845950796620023e-01 2.577258370237719420e-01 4.369862562243567727e-01 5.752664876458045695e-01 1.482479417659187781e+00 1.115792084493822500e+00 2.214531443128347377e+00 1.428487639748113880e+00 1.638538568286068475e+00 6.245393990680799812e-01 1.506947530505280408e+00 1.157407455216397985e+00 1.190096567080276335e+00 1.901084491652512476e+00 2.756392237475464579e-01 2.843520210748448074e-01 2.650293423880600852e-01 2.757615433113235204e-01 3.460692519209750961e-01 3.036483361155538629e-01 2.577371449602015030e-01 2.082181545887972440e+00 8.025930272158140477e-01 2.108887660895406579e+00 2.758116859322907732e-01 8.097427991650690826e-01 2.604922752086576976e-01 2.732791604895461468e-01 2.719866310472676130e-01 2.723619910525568510e+00 2.593103696930493252e-01 2.891761041984714176e+00 2.895653674695092272e-01 2.730217272396316952e-01 1.351335140292533321e+00
8.998372177292606189e-01 1.354801959751470664e+00 7.827991872035005017e-01 8.754128019803704142e-01 5.961043975057487287e-01 6.609227895321746482e-01 3.685345353750694164e-01 5.187359487727548624e-01 3.042124082930457996e-01 2.911701251908003218e-01 3.994592214552724618e-01 3.563057129111704135e-01 2.642978158262426769e-01 3.616864167649910256e-01 5.421092918305255859e-01 2.015932029504130085e+00 2.915506534058470156e-01 3.170895955234209196e-01 1.401988233818610485e+00 2.796029732209069252e+00 1.657818406047980364e+00 2.483448516346274726e+00 2.758445112563260304e-01 2.514671849855670827e-01 1.614444069659605852e+00 1.658321318443583881e+00 1.494391004043655435e+00 6.342620274269200609e-01 6.131348282447202092e-01 2.692541812884498009e-01 1.157424029420364597e+00 2.640640323176607351e-01 9.210418762760024247e-01 3.963870812861133852e-01 1.655683079949418435e+00 2.480894473515924403e+00 5.380263836865206706e-01 2.762390365984437768e+00 2.668114085525653545e-01 1.013382630546829200e+00 6.757566697739159078e-01 1.504685490901928713e+00 2.588620584762053589e-01 2.851223177044204804e-01 3.090335954523361073e-01 4.390964281432320426e+00 1.273319231427977538e+00 2.880194110176513278e-01 1.878702790002827250e+00 4.190176221540269363e-01 2.606164686590431989e-01 1.318269118753265579e+00 7.581449941863633857e-01 2.652471655520814986e-01 2.723364016752261030e-01 2.597900846647772655e-01 3.462151243009153334e-01 1.829471976412459178e+00 2.664400559202214636e-01 5.577769869961863858e-01 2.967035842441986038e+00 1.140437764250247676e+00 1.484401960702536938e+00 2.676546575263060168e-01 9.444959741540743803e-01 1.374709291060048688e+00 2.622497869969161455e-01 2.667340622673878281e-01 1.605799378418002465e+00 2.603021080263038245e-01 2.629528175589314065e-01 7.080330661894108646e-01 3.200281728091530220e-01 2.647414100181759711e-01 4.108074464468237097e-01 9.073707184434267603e-01 1.485758719223734925e+00 2.806954867510105256e-01 1.112769279235885644e+00 2.226583894092336813e+00 1.438304867072283999e+00 2.745192857235714268e-01 2.609093765209562488e-01 1.648503897269074869e+00 6.277160245698474306e-01 3.472838212186698525e-01 1.502508616214085935e+00 2.710926579015432436e-01 1.167427256144604630e+00 1.187810005409067671e+00 2.700091637412610490e-01 1.885757779232785314e+00 2.720186163531680412e-01 2.069901902326920506e+00 3.179305182930960982e-01 8.038939891478299460e-01 2.139845947701000117e+00 8.044646926223278927e-01 2.829886070253483932e-01 2.718452506661197532e+00
1.755599683156339630e+00 1.628861236289726122e+00 1.556851457088710200e+00 1.703773148912781199e+00 1.498643886626390032e+00 1.489182310057121761e+00 1.379667659642423549e+00 1.430553244341490782e+00 1.280764215231193326e+00 1.356162078345207522e+00 1.155046584248652586e+00 1.104651570140285699e+00 8.979394632979843527e-01 9.257569949915842589e-01 7.723896299764110296e-01 8.133625443292946677e-01 7.154571383873296053e-01 6.587408424271334884e-01 6.481577931853748087e-01 6.236993809333191141e-01 4.129306245908214712e-01 5.139360851507315253e-01 2.872760595851676091e-01 3.006917630567039756e-01 2.736973602870977906e-01 2.539440107642991773e-01 2.573434995388966806e-01 4.435790492241459937e+00 2.549662482175235612e-01 2.533156125827185079e-01 2.465190258543688007e-01 4.881489176743358249e-01 8.539390710862893030e-01 2.632417837972891306e-01 1.703462471436478998e+00 2.490843766211486843e-01 1.798133549092496342e+00 3.564681594950772636e-01 1.558194323002294768e+00 2.792496216907484063e-01 2.983998522487549820e+00 1.814755375625686451e+00 1.662603795511373939e+00 4.855896731932278221e-01 2.538817201887677566e-01 7.649489391504897817e-01 3.319471901232742828e-01 2.546382534442892531e-01 1.630707337682812064e+00 5.260951538010556483e-01 3.113781506832331014e-01 1.289044047826802153e+00 8.974770898544807141e-01 4.057770947719779864e-01 5.575186168029677702e-01 5.838685964296532749e-01 7.736300742557855603e-01 2.834689035480927877e-01 8.105099921699496779e-01 1.273145218440522752e+00 4.833831717119397298e-01 1.869764738581853436e+00 2.612602456341679424e-01 2.643880208505600127e-01 1.320538201585593319e+00 7.528406673660263948e-01 1.824895557614282016e+00 2.637921249091166320e-01 1.806785865114092005e+00 5.608425685622163703e-01 2.950461627149255639e-01 2.566588201422869142e-01 2.940312927071856652e+00 2.803853908257246119e-01 1.136012968725395034e+00 1.488367040148946607e+00 9.375466979755370245e-01 1.377869116199121002e+00 1.575946038543517558e+00 1.467620336873403541e+00 1.112481088398883156e+00 2.648497077407805378e-01 2.988500232962408854e-01 2.244145313217646098e+00 3.604001228419436154e-01 2.688780470144157553e-01 1.434493834028433223e+00 2.691958323364738170e-01 2.667389085258575765e-01 1.645621795048710645e+00 6.254221935109339769e-01 1.499577857558684890e+00 4.448698587274768634e-01 1.160343900148403495e+00 3.044440271395111863e-01 1.189775712461187407e+00 1.878914474572786819e+00 2.687870665887431842e-01 2.067798238450361037e+00 8.031718966358335487e-01
1.368365280255996463e+00 6.122446674889920892e-01 5.976948103019693592e-01 6.044112399152290482e-01 5.569136422039910883e-01 6.311154810360550815e-01 2.696148721521601788e-01 2.630527797169679438e-01 2.609315400763581039e-01 3.107395753588659271e-01 4.443968133400136189e+00 3.494019269454692878e-01 1.521897720950296407e+00 2.711144983730470193e-01 2.535317557104704855e-01 2.518064876952309517e-01 2.562452727528662377e-01 2.945076464737642619e-01 2.012321243860250242e+00 1.103489275817284954e+00 1.586577372673830144e+00 7.933290083730660802e-01 1.777214125165090586e+00 2.600563704134964960e-01 3.188719201550445637e-01 3.321717334323737725e-01 5.310363989368371840e-01 2.343913491681833161e+00 2.689303219891097108e-01 2.766221095819961784e-01 1.261522242902125113e+00 2.740619281575840116e-01 2.834184378432275109e-01 3.244838874630427972e-01 1.872669004357619738e+00 5.770253886948243371e-01 1.169622223530734528e+00 1.309129107587661656e+00 2.361551158607067435e+00 2.616812239532423368e-01 2.564206426926924909e-01 1.288753821561242185e+00 3.359242236739095611e-01 2.581526954697896947e-01 2.691213291895984128e-01 6.017419207500775968e-01 2.558266852546370318e-01 2.561613355561698224e-01 2.729695168817173334e-01 8.480977303649166466e-01 2.619898336925975402e-01 2.972687537743332609e-01 8.354677548176334678e-01 2.776739415202759131e-01 6.412242511926692368e-01 2.181513173389202365e+00 5.438692913647984462e-01 1.543746334168306866e+00 1.310177159444334993e+00 7.591671750999055002e-01 1.819103051024089979e+00 2.622443591874300539e-01 5.586679231532696299e-01 2.946896601511434177e+00 1.124063775375202079e+00 2.782651204368087328e-01 1.482922042599427170e+00 9.358120282188661099e-01 1.378354323597114739e+00 5.357122952672035421e-01 1.608113951463166602e+00 1.487162712610818005e+00 2.908374780094350465e-01 3.229725979134386860e-01 1.111235761514100195e+00 2.240531425968346202e+00 2.595114571111550861e-01 1.432979927499255624e+00 2.821085264872374432e-01 1.639812811179721219e+00 6.320381117235305268e-01 2.653327827850475717e-01 1.506565257637184629e+00 3.221209810667401974e-01 1.154026769924663132e+00 1.188072963393637549e+00 2.558590582612150222e-01 1.906565545365047409e+00 2.080091063834450527e+00 8.112329287386295107e-01 2.603950269553643171e-01 2.118436082416453203e+00 8.003149707282196657e-01 3.365368553612685387e-01 2.737082299620363646e+00 2.593401580284434571e-01 2.895874933874535984e+00 1.354242443056940193e+00 1.323409125103087280e+00 3.830293390658754960e-01
1.547385486578429337e+00 1.534380002732164350e+00 1.600761143496046035e+00 1.594181087596125757e+00 1.492531139276515262e+00 1.458880465115454328e+00 1.379786360666543255e+00 1.390969457477834403e+00 1.258918154375976872e+00 1.255727183949138848e+00 1.115812148003887394e+00 1.062880279128542771e+00 9.261300438143925673e-01 8.679580933518252772e-01 7.368423200620703994e-01 7.870508986071050872e-01 5.535464618191920927e-01 5.996093085562586023e-01 4.754035809827283909e-01 3.759912148153921607e-01 3.762122042016138868e-01 3.554202691803529102e-01 2.707375886976578494e-01 2.877944800078742205e-01 2.866823606142304692e-01 2.581667819277417841e-01 4.424730167311403228e+00 2.944025795901395459e-01 4.838425647064845125e-01 4.958779568406599392e-01 3.735801829742561253e+00 3.338102351685808600e+00 2.505157675227811520e-01 2.561446644270337636e-01 2.562221399457705884e-01 2.524923301938732934e-01 2.564776993090766011e-01 2.534375444458180082e-01 5.644313198842534351e-01 3.942562783621231803e-01 1.815011581156788623e+00 1.867865522195939043e+00 6.171637167609820285e-01 6.966774344994983714e-01 1.056245428199524383e+00 2.586659476827389170e+00 2.598235561566085705e-01 2.562399095601597399e-01 1.723282117775144062e+00 8.382261118665208510e-01 2.863362731427090413e-01 2.659154969034531746e-01 2.843635228616130384e-01 2.617373113179324307e-01 2.598157375262772906e-01 2.587665548759610079e-01 3.314741629882345109e-01 2.555964051081196509e+00 2.609170659177283413e-01 5.790510924267999737e-01 1.266395123485092977e+00 2.868639337648979937e-01 1.908359307166659580e+00 3.617006324565023578e-01 7.695721647283872979e-01 2.682303930325151686e-01 1.319070754520945687e+00 2.924552883202047870e-01 7.605089748366267166e-01 4.757211724544475606e-01 6.909061060588190806e-01 4.132614625023580679e-01 1.814113343303610737e+00 8.191236229333103136e-01 1.109089418254616932e+00 5.629382845748853725e-01 2.937854646308868833e+00 1.136918863666954937e+00 1.483123517718210493e+00 2.651393201469341987e-01 9.453089340123790318e-01 1.376249948935979628e+00 1.607111292894160215e+00 2.992485795927951053e-01 3.146619108055723202e-01 1.487269847231389885e+00 1.105850566794097656e+00 2.215369522759720322e+00 2.550528993189630222e-01 1.435198803093836517e+00 1.634483994599917001e+00 6.264676606964234562e-01 1.497714374251887470e+00 1.144832254505469216e+00 1.189756715127985975e+00 2.866241408958136172e-01 2.651311784327049503e-01 1.888377085010528589e+00 2.852408894949809426e-01 2.083293988365514160e+00
2.160311115667838955e+00 1.002729197477894463e+00 8.215258284472540806e-01 8.663533194763393119e-01 5.515890580232504226e-01 5.758216427077120780e-01 5.009140271004999256e-01 3.983905891542975364e-01 2.460838318437830186e-01 3.237479669602127408e-01 5.763186426679822727e-01 3.467424295308165205e-01 2.487105685511801223e-01 2.524629295591567235e-01 2.711603116697812732e-01 2.555094179994261694e+00 2.639372541960914864e-01 4.404307387951980068e+00 1.485422065802034508e+00 6.278843189723077867e-01 2.563958944661067774e-01 3.919986973165636712e-01 2.987086740908724836e-01 6.575337686758719880e-01 8.506740740613255580e-01 2.459480343523924084e+00 2.405487337894038014e+00 1.855167032669539307e+00 1.707612225638976966e+00 1.574829266741742728e+00 2.763296540375401733e-01 2.960214237693828410e-01 5.763831302140201007e-01 8.854011426140107055e-01 1.061913224405094391e+00 5.193394694941907419e-01 1.051515932250482122e+00 2.665738772707668680e-01 7.926708258946398855e-01 1.267085295307968540e+00 1.876480360485368148e+00 5.520981736296950437e-01 1.412183986237659727e+00 1.319017574911337309e+00 2.702552890547459397e-01 2.659416666991899492e-01 7.577959424200778615e-01 1.819354281063163103e+00 2.807771623604211619e-01 2.693849656503541912e-01 5.607639622498366005e-01 2.935252787061616520e+00 2.760038562348121616e-01 1.133936346971097020e+00 1.481328528197785932e+00 9.431274553789898984e-01 1.372952166972468024e+00 1.594835332489545232e+00 2.869444462722758327e-01 3.468408408861426984e-01 5.294268595738558236e-01 2.517586712783291825e-01 2.903425780945017576e-01 1.493101576206797620e+00 1.127378551551747821e+00 3.217904339307118278e-01 1.854786310604153776e+00 2.245563005362003928e+00 1.438960016600617786e+00 2.682070663750807382e-01 1.636866996814674291e+00 6.331024470086623612e-01 1.502876931857788811e+00 2.671593699106951103e-01 2.778419451472280421e-01 1.167916954408780406e+00 1.186787412563555577e+00 1.891049376547541794e+00 4.357070378386752596e-01 2.068180382084897406e+00 8.098219749128190426e-01 2.116573051427113050e+00 2.856800251291220505e-01 7.949694749421820639e-01 2.739815977097993738e+00 2.898024087963931628e+00 2.647949127116822066e-01 1.361101384977601247e+00 1.307369883454744031e+00 2.788711612126488215e-01 2.763975016561170395e-01 1.016915649896463769e+00 1.431922732368269280e+00 2.750263088789675514e+00 3.638529850764881668e-01 2.115819749010571460e+00 2.237332895378295383e+00 1.137688772595853104e+00 2.687052617457734716e-01 2.639032011532438382e-01
6.817538177050918025e-01 4.932251149543056545e-01 4.484454282264760394e-01 4.986341209575897437e-01 3.552113954403056661e-01 4.069478215847161517e-01 3.247464254385453719e-01 3.274576485852654928e-01 3.850359808478700518e-01 3.773726892547859535e-01 3.151304793828199058e-01 3.907496884079541211e+00 2.747363334862377160e-01 2.478269340901912976e-01 1.825325129965043036e+00 1.627372659538150135e+00 7.795031983556225397e-01 7.433219372552045678e-01 5.313603551613466092e-01 8.907622271981261441e-01 2.504916654639914864e-01 2.587492375790290122e-01 2.771736137958564217e-01 2.560489023596710378e-01 2.657942758249292048e-01 2.760934150913336160e-01 2.643037605699655179e-01 1.582450105110631888e+00 2.756065922738499818e-01 1.304016240285270634e+00 2.564762788725358789e+00 4.938276018072679796e-01 2.639290478650826444e-01 2.772549157605557646e+00 2.547080794689321248e+00 2.469731525813764206e-01 2.519706143154072375e-01 2.566941655207265471e-01 3.005300272573727671e-01 2.652131125092339614e-01 2.935511242853900971e-01 6.631686426322372929e-01 1.541603447906531921e+00 1.212910393443516810e+00 4.392013140998739296e+00 1.268523083270781004e+00 3.017623661694566750e-01 1.877255503373413958e+00 2.231287607946319529e+00 6.218807093631721905e-01 3.860996376568160415e-01 5.135336518474016287e-01 1.323744615422755011e+00 7.532918217211725942e-01 2.779828743435290850e-01 2.735921641699139428e-01 1.819151513608787685e+00 5.606354717836080637e-01 2.955102157118896233e+00 2.637562625964402496e-01 1.134399132346570527e+00 2.690140653354674560e-01 1.491746368488309882e+00 9.356907748319523987e-01 4.021533857721790173e-01 1.386043526518817348e+00 1.589055426171374297e+00 1.065479682938170303e+00 2.650922791313875537e-01 3.139461507379765481e-01 1.489303143434968391e+00 1.117028268104292454e+00 2.243448744333590650e+00 1.434509535905875488e+00 2.882504806214901127e-01 1.640333751656831929e+00 6.185812150550010768e-01 1.510221145793222863e+00 2.905289328868594367e-01 3.096015769449935728e-01 1.145362209023333966e+00 1.189228569879950070e+00 1.877368711971267867e+00 2.107759581157202522e+00 8.121653407911165745e-01 2.106723903413822097e+00 2.583518443845076451e-01 8.069992575321786044e-01 2.697049232288169396e+00 2.643907347553030585e-01 2.654247324624140481e-01 2.642269312190247410e-01 2.921024042960801204e+00 3.172206060440537767e-01 1.361522234063116343e+00 1.295116797390106322e+00 1.018881518490532656e+00 1.456927358335355693e+00 2.755545757662744011e-01 2.692804803177457629e-01
1.206748343490809283e+00 1.312770036959223230e+00 1.557910267639186497e+00 1.763938607796890157e+00 9.822419305724333638e-01 1.019675303319491855e+00 7.722996955348582215e-01 8.324700249087290116e-01 4.353282219682879095e-01 4.983483209414322768e-01 3.354831818447703284e-01 3.229492389476144032e-01 2.904186966608670040e-01 2.761347052134960900e-01 2.614895705849575869e-01 4.409649903289058592e+00 2.533470809543822977e-01 2.956833487785314185e-01 3.720187690561082561e-01 2.555606579730361760e-01 1.864025088517371920e+00 5.845251352187484928e-01 2.677599828770491630e-01 2.704419023142220491e-01 2.735714868004428535e-01 9.016095348371442331e-01 1.820141636522552453e+00 1.720395880080885398e+00 2.668667851326800289e-01 1.666544385198316824e+00 2.565587287506911895e-01 2.527165504190748146e-01 2.727062681216392281e-01 2.610966359482284060e-01 2.546065266055070886e-01 2.777415952885139427e-01 2.702194913588492620e-01 2.646548881502955863e-01 2.519554939889815381e-01 5.433391753049848782e-01 5.135893515114141605e-01 2.690302841471462481e-01 4.014894483618199894e-01 3.172692624790903193e-01 2.574414585767657027e-01 3.801721143056559504e-01 2.478579900470760489e+00 2.693102686531400058e-01 2.445702495311136371e+00 4.122847475703598219e-01 1.037293779061185584e+00 6.769324043870729168e-01 8.033290082968749246e-01 5.958438626504136693e-01 2.550357899283361984e+00 2.651619360197930986e-01 2.622515316499652860e-01 2.626172626224841933e-01 5.983811374264587091e-01 7.958051193286738156e-01 1.341004597271244769e+00 2.986617946172748783e-01 2.734449025292123858e-01 2.785174489611349502e-01 3.539506574535888905e-01 2.531370258598787615e+00 3.262507040675631798e-01 2.577606654679748255e-01 1.706429738572352139e+00 2.626590050621039341e-01 3.600148776019864161e-01 2.581778960138324530e-01 2.616063977224689641e-01 8.628248959951535513e-01 2.733263307386518681e-01 1.270081219985592869e+00 1.860990426080379123e+00 1.315021027093263850e+00 7.606554610759731494e-01 1.823168997263450830e+00 5.619266119651251667e-01 2.962418068904867141e+00 1.143528643285489865e+00 2.702693108959184354e-01 2.718539727987550059e-01 2.840094875262011431e-01 3.293511140777959367e-01 1.489904273335559193e+00 9.450204685540631866e-01 1.370942714360560810e+00 1.590967113595751270e+00 2.723952675614389474e-01 2.673604573288009822e-01 2.681489112734434244e-01 1.475022059742679303e+00 1.112922776395818492e+00 2.225108176079900524e+00 1.429707410696566150e+00 1.628816133777567288e+00 6.357892450126947370e-01
1.163442565505587112e+00 1.841341174189511154e+00 1.179146478376211782e+00 9.401063624657124418e-01 7.405559029251913561e-01 6.838826821256940303e-01 5.475853054342517678e-01 4.615475141582385255e-01 2.921941072970737907e-01 2.987311930385620484e-01 2.752385350972654798e-01 2.500587976574711879e-01 2.624888044646453977e-01 5.580776811800409742e-01 3.030739898701060864e-01 1.683902584551793868e+00 2.752220977211464081e+00 2.583880297810818849e-01 2.546091758934705407e-01 2.542222506172437946e-01 2.706519714646918873e-01 7.078092740503741931e-01 2.608017895829273236e-01 6.659766940231834909e-01 2.538688238121705520e+00 2.698169288219599560e-01 2.497208519001790084e-01 3.871567681710227360e-01 2.607620502634752091e-01 2.400698329890986749e+00 2.543076093830914930e-01 2.444046754950743416e+00 2.667084094058878030e-01 2.697704047406501715e-01 2.760433370871459569e-01 3.294259080001794571e-01 2.629250969604842725e-01 2.637821093082790558e-01 1.669558499499397719e+00 5.260311185724749761e-01 1.918274751995817429e+00 1.112471977432960113e+00 1.510689229744623496e+00 1.421786621236788228e+00 3.676824662109137720e-01 1.114175598827034541e+00 1.441354908302820981e+00 3.615324995959910415e-01 8.982442041076611483e-01 1.876833555802645659e+00 4.493491208684621263e+00 2.982521888514095831e-01 1.262963294012307447e+00 1.867228142281994518e+00 1.313379243957263576e+00 7.574809517737375320e-01 1.809582608568609086e+00 5.608921942489468737e-01 2.960225233872463946e+00 1.141806412258891346e+00 1.485334057748223469e+00 9.339357184813186219e-01 1.370782012429703212e+00 1.604536249610440724e+00 2.686156382724724789e-01 4.104408431477802321e-01 2.862661639368462851e-01 2.598802250723151186e-01 2.761597119072001227e-01 1.500958136587656089e+00 2.675641294180907126e-01 4.044848561052076796e-01 1.105704274405090004e+00 2.255078601559015627e+00 3.003198934901233352e-01 1.437097954862971427e+00 1.621842303222782888e+00 6.312834523546173582e-01 1.497943182268440587e+00 1.157566315569037219e+00 2.749796156614203735e-01 1.184892654735433037e+00 2.730541648629893903e-01 1.894821574906854433e+00 2.069665146446477255e+00 2.724560719510397133e-01 2.729105217619453017e-01 8.073652308176211267e-01 2.112978678445251113e+00 3.041958017806893344e-01 2.820682056167689300e-01 8.072977446491551579e-01 2.707469075698861083e+00 2.947678723011676105e+00 1.358043783583851472e+00 1.303571806075202399e+00 1.010906483244282894e+00 1.440910086392075184e+00 2.779919605953507844e+00 3.593876102140486917e-01
5.602847965207351510e-01 2.674303996636471226e+00 4.536685963716391989e-01 4.200000879794093533e-01 2.737613955156783518e-01 2.878397763703716694e-01 2.550065044712124251e-01 2.580242373119508992e-01 2.478260940720565797e-01 2.570188002214217615e-01 2.610156065066137066e-01 2.696597808139801211e-01 6.151380776457858746e-01 1.035857024966846618e+00 4.380322156299815362e+00 2.538216265837425212e-01 2.610038462527271008e-01 2.593028095298364200e-01 5.102694383008903323e-01 4.906845447225011703e-01 1.541158819846125017e+00 3.213833805276405942e-01 6.229010406213983941e-01 1.252993861863796576e+00 7.731638359211522316e-01 1.585834990493040220e+00 3.383976893801025621e-01 1.230649864105005875e+00 2.392321798284711143e+00 4.661400225345350701e-01 1.800445989783933776e+00 2.503587111109030872e+00 5.839306931548460255e-01 1.149361341512591395e+00 8.785649134913782188e-01 5.052572116327216367e-01 1.271321991387414307e+00 2.120499037721866653e+00 3.194747300919048572e-01 2.753644732007000107e-01 1.859158088061346970e+00 2.629149521260875089e-01 2.664662903327378318e-01 3.134318011723845054e-01 2.681546621668274843e-01 3.284216017032933199e-01 1.318368240893167176e+00 7.574720911978353177e-01 1.835905287605914538e+00 5.582641975143476376e-01 2.547161812804832337e-01 2.618158853219224591e-01 2.930351604329185289e+00 1.153834631930531707e+00 3.503700155373912772e-01 1.475463586197665489e+00 9.421392063518335691e-01 1.372856275671546111e+00 1.604365725929084219e+00 4.933485330033359206e-01 2.843581596689064850e-01 4.263991199712886537e-01 1.483318854242932083e+00 1.127735462333851801e+00 2.513716813853228427e-01 2.895656905534071957e-01 3.023492480701462926e-01 2.233143531089904155e+00 1.433186895044304743e+00 6.718415714065243405e-01 1.634817287949078324e+00 6.289563436542114916e-01 1.503832807878366928e+00 2.758438650885300936e-01 1.126440703612677119e+00 1.190816268771427655e+00 1.883481071620464853e+00 2.070302138659743996e+00 8.012769489959211677e-01 2.115777360403155782e+00 3.203141666756492700e-01 8.025018125543154079e-01 2.742134297916374752e+00 2.915660721020691959e+00 2.932807030627767042e-01 1.367314288335851558e+00 1.307543541049910996e+00 1.014796316450851998e+00 2.791396439318743483e-01 1.444195138850006277e+00 2.727731464885221335e-01 2.755727212905955792e+00 2.674507915866776164e-01 3.536819162672449890e-01 2.101541637690143904e+00 2.246629699159591098e+00 1.140539987995570215e+00 2.061616480379876659e+00 1.487189980891808094e+00 7.218688837305945460e-01
9.058811805172544140e-01 2.127239989402983422e+00 7.871292181825253476e-01 8.242328636189465429e-01 6.190766642125609120e-01 7.232438964920285818e-01 5.251536873223274782e-01 5.151848044164433205e-01 3.509509203859682014e-01 2.671017317432946570e-01 2.760030162166774437e-01 2.479157821621371660e-01 2.521382302416818044e-01 2.517687514959462414e-01 2.455358169360210008e-01 3.157513497095775223e-01 1.511134051655369070e+00 2.547059718293068764e-01 4.116106007088244922e-01 2.631488002514490443e-01 5.238179938712782535e-01 2.553831556794832203e-01 2.575413314039211254e+00 3.004389175981410087e-01 8.380622437134629399e-01 3.763983275061753897e+00 4.397761191244568657e+00 1.805858097392638584e+00 2.586099884189975162e-01 2.489157914431801011e-01 7.081567911681442284e-01 1.194649077670002280e+00 2.751440653654947388e-01 1.662803655210667531e+00 2.577267416586863646e-01 2.659958155604922325e-01 2.629144351918507594e-01 2.540913370217803280e-01 2.503467300273554130e-01 2.595206973106374271e-01 2.592991263733993579e-01 2.787917471905241307e-01 2.692778956465619045e-01 2.656492757715136488e-01 4.318411451489467812e-01 1.621960422695886361e+00 3.488573367270258463e-01 1.078674106247976994e+00 1.275899670212793380e+00 1.874555426621174359e+00 1.371370800525391065e+00 1.324687503470634020e+00 1.322055468187310012e+00 3.353437065260101990e-01 7.572441797390992990e-01 5.770628018102109680e-01 6.037408731353001157e-01 2.686696579002154639e-01 3.186643387505892488e-01 2.694895802165216958e-01 1.829163108205985377e+00 5.643857650546375559e-01 2.665753634566976338e-01 2.940237842373965016e+00 1.136028735219616781e+00 2.869282274605970406e-01 1.487320119085916437e+00 2.648369782351999158e-01 9.430227923502376708e-01 1.367697982773098175e+00 1.608129782574167832e+00 1.149206616633846600e+00 5.134794706777094930e-01 1.870286454460319714e+00 1.475150970217975255e+00 1.116985621029758402e+00 2.228391871585460482e+00 2.983015560710217118e-01 1.434281697141016387e+00 1.621815487259250288e+00 6.221181114114114896e-01 3.052756774013141716e-01 1.496763990657575150e+00 1.170788750252798938e+00 2.563706293052844254e-01 2.794059942973731170e-01 1.197609236960119894e+00 1.884834534685903673e+00 2.073691159516046767e+00 8.017925141646793374e-01 2.806763601842498512e-01 2.134457037516170885e+00 8.052003385038447592e-01 2.713076778299405856e+00 2.936433723325531098e+00 1.359002567359511637e+00 1.299886743443176229e+00 2.658355013303120851e-01 1.016219404096306178e+00 1.440432956091531214e+00
1.169949378285834118e+00 2.512638112660739775e+00 1.348731277925113492e+00 1.304933184696141613e+00 1.021733509291604891e+00 1.060798908040944344e+00 8.934749526849719015e-01 8.550048198634747632e-01 6.656840769367785571e-01 5.493294092407438045e-01 4.197864972144514928e-01 4.716832052806523290e-01 4.233617113211629035e-01 4.266605271531482280e-01 4.048159524838625956e-01 3.909893832192587459e-01 3.463073647537900368e-01 3.467067610684789747e-01 3.108344327913142857e-01 7.341972725747550887e-01 9.172997731817867928e-01 2.667993898315603740e-01 2.587157660871978182e-01 3.852099626595453241e+00 1.891273209072065420e+00 1.805774160195942279e+00 2.509687311477559746e-01 5.666582079595042787e-01 5.277635267418600007e-01 2.553007046687175707e-01 2.709244604242523335e-01 2.926174764369932624e-01 3.099297009517870682e-01 3.226426646368164564e-01 1.590921494149355908e+00 2.546599000654542477e-01 6.203922941535453539e-01 5.146232199849658517e-01 3.525181680667032746e-01 3.276437126021150004e-01 1.546128496364929106e+00 4.477234326396491437e-01 2.770372077741272143e-01 2.580062738472229666e-01 1.251373919199300300e+00 1.473324835409784761e+00 5.155511815567581646e-01 4.619813835248424705e-01 2.608909607387711604e-01 1.823420291919303438e+00 2.608938038770733936e-01 2.789588461825619481e-01 3.010012128141939525e-01 2.724793986084741437e-01 2.835341018787061462e-01 1.179153812380696165e+00 2.533563857706442324e-01 2.708568712727938976e-01 2.936581942891822727e-01 2.729401162470006525e-01 4.439181580834709706e+00 1.273597083580244593e+00 5.093644803026347034e-01 1.075081477919164197e+00 1.861731709775915622e+00 1.317222133073455481e+00 3.518306778401811830e-01 7.599332231762226941e-01 1.822867301519512484e+00 5.620210493885061664e-01 2.947667091991348798e+00 2.468238878205073483e-01 1.139724621162225615e+00 1.490554253521525041e+00 9.418699159228631768e-01 1.377696654014376687e+00 1.591112307499505718e+00 3.252111816257966526e-01 1.484138453475340347e+00 2.583071941898060775e-01 1.105043212441423117e+00 2.236961478129171788e+00 1.416823858713400774e+00 1.629500425473499270e+00 6.292986510441265224e-01 2.611768899884878703e-01 1.499203984871936957e+00 2.848483425589292128e-01 3.224811549962138257e-01 1.155147031032536242e+00 2.507766900787937736e-01 1.189835192206806447e+00 1.886591594156704854e+00 2.854904394977844651e-01 2.052149734468240450e+00 7.983661407712208113e-01 5.166693426192943139e-01 2.122484194424645310e+00 8.015861402862927143e-01 2.719534062318091916e+00
1.275488869036505601e+00 1.391061536388760178e+00 1.565706734415019952e+00 1.840079466951100251e+00 1.052850785683396628e+00 1.143876087709382983e+00 9.139587625927246828e-01 9.688123668016733747e-01 6.950995250501297296e-01 6.134800756981068082e-01 4.443043003640542166e-01 4.133642354903070415e-01 3.480155093224363561e-01 3.466764557988479822e-01 2.958305458024533818e-01 2.848193942416697988e-01 3.214207430822139777e+00 2.711709088216351926e-01 2.709105031998594315e-01 5.190144147844281131e-01 1.764979648732976969e+00 2.748900568048989745e-01 2.522341215426037175e-01 2.532651468778532866e-01 2.525858952907297228e-01 1.582553944275443936e+00 3.006699548935899968e-01 2.528285959148960371e-01 2.554115224457264022e-01 6.218434577897344884e-01 6.811402652286234760e-01 3.843878745485123094e-01 2.584972967553803569e-01 2.546782512308597424e-01 2.689690274400883263e-01 2.536139482541177603e-01 2.609352878495746486e-01 2.398548658867354355e+00 2.490520036145705829e-01 2.840450267549795016e-01 2.660553922312806074e-01 2.618366919249526248e-01 2.530188277140295039e-01 2.584034085746259590e-01 3.158859787698678478e-01 2.683786885416903356e-01 2.422706018294261687e-01 1.472829612410953448e+00 1.022646382845361135e+00 5.561919373926722532e-01 6.359965679500316771e-01 2.269503522202687584e+00 1.589734548524938784e+00 1.316941405474496563e+00 5.077088045590210097e-01 1.017748107868011731e+00 3.916952645138645828e+00 4.436305617208406993e+00 1.845769555945631524e+00 4.706647479090343977e-01 5.497080635691821149e-01 1.268282805775849731e+00 1.870352492809067790e+00 1.094269495237268686e+00 3.177841289789191115e-01 1.323228973521570984e+00 3.511354982168869987e-01 7.610225974634482471e-01 1.815575621025890651e+00 5.617454265151352599e-01 2.945962501345580353e+00 1.134165381146378548e+00 2.720003298045421403e-01 1.481763140657355038e+00 9.354544389605763399e-01 1.369868912717218112e+00 1.606660461622912095e+00 1.472222085449182760e+00 1.116415733342102756e+00 2.247134356208243755e+00 2.624027349142222798e-01 1.427775045902718309e+00 1.643533316115356469e+00 6.320665431065533024e-01 1.504475938685695624e+00 1.159051790715192265e+00 1.201165389116850113e+00 2.762911424369003943e-01 3.019695921816241690e-01 2.756578333800703273e-01 1.880622037590416795e+00 3.431883451110332994e-01 2.856530799320300962e-01 2.067361945954522273e+00 8.059656879112324646e-01 2.120494385313735464e+00 7.966535376447823058e-01 3.022335517262778604e-01 2.902585762810256931e-01 2.733339824979665433e+00
1.810709654438339644e+00 9.797393226986420567e-01 9.655859056086417702e-01 8.679178532523312839e-01 5.267732099777565624e-01 5.789516148946104446e-01 3.172085227062691470e-01 3.003969489997927456e-01 2.502790116423377897e-01 2.638162915846858914e-01 5.019839194286770390e-01 2.849974134694595040e-01 2.546966670130449417e-01 2.563022647524707542e-01 3.185392083568996946e-01 3.001214230515912296e-01 3.529627315103305851e-01 5.057057166999042730e-01 5.229070588209097092e-01 4.401718581294206345e+00 1.718797454803994817e+00 9.483302853927748632e-01 9.233351419380942948e-01 4.386363566725015595e+00 2.549023422225020763e-01 1.252458479536445735e+00 1.280173230164999065e+00 2.575955695961045233e-01 2.541051003958344490e-01 2.704486870760797190e-01 2.479075112143487303e-01 2.657134402336533974e-01 1.897197275425517304e+00 1.694278811636257487e+00 1.133059109571288303e+00 1.138581582639544676e+00 1.500092077890717857e+00 1.014708211471871513e+00 1.075042934010134399e+00 7.505953392772980459e-01 6.731903174470522666e-01 2.556474383080349355e-01 2.470769411853754427e+00 2.916435077181278590e-01 5.118166870883402719e-01 1.155480292073307602e+00 3.125507513825796502e-01 1.266007713583019445e+00 1.866305931603586377e+00 2.578774678913846596e+00 2.720774822393809966e-01 3.374057895048990230e-01 3.052963870791750023e-01 1.316008920728132470e+00 4.216552790971759279e-01 7.598006053131973747e-01 2.726388728205195733e-01 1.813130715936279280e+00 5.621405581223708481e-01 2.924051726785597438e+00 1.128568372622857030e+00 1.489921202931813404e+00 9.415057034446647766e-01 1.371222375782656711e+00 1.596251215364074216e+00 4.189290325491994982e-01 3.603935319304247265e-01 2.834404075482905294e-01 1.483863444461375636e+00 1.124402690384188386e+00 2.643794268188736085e-01 2.724095478697298178e-01 2.222150795311305771e+00 1.434497711035209289e+00 3.165728874453735964e-01 2.939171137250274346e-01 1.633537617245939488e+00 2.697801618743692620e-01 6.234830439552284664e-01 1.507562359163145738e+00 2.590798816402268834e-01 1.149907741000863570e+00 2.709050107735936352e-01 1.189606836507710819e+00 3.530954220672329891e-01 2.673747376370919637e-01 1.888710895293926662e+00 2.077736169918818376e+00 8.002196609783142067e-01 2.109866346639182488e+00 8.078882895135381936e-01 2.727639074216501314e+00 3.041167431508524643e-01 2.899278558123027594e+00 2.739246175009404372e-01 1.358608534237529142e+00 1.312033696447325815e+00 2.733638730875976863e-01 2.721942447601126691e-01 1.014220257860744878e+00
3.812571269602587631e-01 1.841613275448394038e+00 3.631467559838829073e-01 3.156468643769692051e-01 2.516274992157472301e-01 2.587454251890328738e-01 2.750618728218473530e-01 2.808199386685143462e-01 2.770259785104436379e+00 4.371973269349103686e-01 5.403186962511135061e-01 4.004946407315345680e-01 3.266672561372351291e-01 2.574447540325250916e-01 1.710573095713670000e+00 8.902643387571365086e-01 2.386763850604455950e+00 3.631222339160258827e-01 7.243660799490946323e-01 2.638442706502514001e-01 1.841879690430672234e+00 1.471951147292332340e+00 5.129498715521325636e-01 2.738400341364479740e-01 2.617033875086440808e-01 1.474151930188626114e+00 2.635103968826841392e+00 9.544923030370924266e-01 1.588573901929817733e+00 1.072943793308146709e+00 9.756919537834154443e-01 4.407035249919446507e+00 2.755149010636017692e-01 2.870991388426310520e-01 3.017775188042721712e-01 1.271341764121970863e+00 2.781795678206223088e-01 1.864244785568001550e+00 2.519543955037284455e-01 2.473799798257190208e-01 2.567722872072593088e-01 1.532425603616474064e+00 2.563678507837617859e-01 3.600885407307269914e-01 7.000072340773004775e-01 5.188994615335250638e-01 6.607889358732395024e-01 1.641354115223448096e+00 3.852760644924626554e-01 3.143066800597379418e-01 1.320920539070468802e+00 7.547180432804372341e-01 2.850907847159771524e-01 2.550044367342653162e-01 6.233018908136283009e-01 6.798870550967297532e-01 1.830190967319034634e+00 5.614886394330168562e-01 2.945404470836980870e+00 1.147315703504109941e+00 1.474639593024244633e+00 9.527131446276690951e-01 1.372201255376771289e+00 1.597442361079165263e+00 2.666992338231850557e-01 2.933148207224038906e-01 1.475558572863672868e+00 3.557416730420683293e-01 3.586008363056757409e-01 1.109444713617230960e+00 2.231395388734687568e+00 1.431383440725752854e+00 1.631790314908857287e+00 6.251154576581871014e-01 1.505686598668224851e+00 1.145378104751114900e+00 1.191912718596018994e+00 1.884447609409676705e+00 2.083611902921131076e+00 8.045823436237791171e-01 2.112081409843767243e+00 8.080441270124567588e-01 2.701007139272044277e+00 2.671793364955906691e-01 2.618109744466730060e-01 2.720937010510597887e-01 2.900879891154999779e+00 1.358164681578477362e+00 1.308033465472815182e+00 1.014687211018502566e+00 1.450986685469547677e+00 2.774377941701711148e+00 3.551635790234038970e-01 2.095877718491349739e+00 2.245707100780505172e+00 1.140158587453999006e+00 2.082387802648446140e+00 1.494209366276208151e+00 7.281897374962589264e-01 1.061876748233011813e+00
1.265150539693275622e+00 1.795436961646355023e+00 8.858780467558262650e-01 8.294843662219629765e-01 4.184057335596332861e-01 4.105944049244924510e-01 3.417851917420847707e-01 3.262172002673421334e-01 2.917413375224376937e-01 2.787714575217307145e-01 3.360519064303931769e-01 4.672753716604439167e-01 2.592142199250089263e-01 3.106142834232273331e-01 2.744922253488866204e+00 3.840341946053881794e-01 3.829672746490725421e-01 1.692354588556638673e+00 2.307094333733233693e+00 3.554386203457584603e-01 3.632865866949308020e-01 1.012060474311105462e+00 3.020245487526714290e-01 8.388483593383936343e-01 8.497114940498641245e-01 4.526882305915937432e-01 4.197257251332405237e-01 2.559375030316458632e-01 2.526754541472511217e-01 2.585661782424307775e-01 2.746206694507591362e-01 2.563758632644317359e-01 1.875754067882698273e+00 9.919245934530926956e-01 4.167383944873024881e-01 1.529515457713764626e+00 9.132819018264461963e-01 1.005043092046872699e+00 1.900458742758895259e+00 2.368124752829027901e+00 2.871627863705340511e-01 3.734457337083383344e-01 2.992712923908234512e-01 1.003371811350986409e+00 2.876033435738263311e-01 4.377803135764006370e+00 2.860874985412606430e-01 2.964600101608974025e-01 1.260768455859736514e+00 1.849178026452592771e+00 2.632490208766039563e-01 7.615511627205516776e-01 6.933308668673908715e-01 2.605127587277900059e-01 6.023215332630624808e-01 1.718421062062842397e+00 2.940940990843435299e-01 2.834448014893031220e-01 1.312326345842120601e+00 3.041632349237724520e-01 7.602927913233875623e-01 1.828475262587175632e+00 5.560293615752063268e-01 2.972961718065266545e+00 2.555346174108585888e-01 2.694787892143289953e-01 1.143122591442502500e+00 1.483828292933274895e+00 9.376876917886176610e-01 1.376780969630707840e+00 1.591455099515267646e+00 2.849463015967982904e-01 1.472397713856127277e+00 1.116201237942230584e+00 2.741863800750877767e-01 2.238094727209743784e+00 1.438048790774741015e+00 1.635222693624269752e+00 3.335272319263695717e-01 6.316362599712168624e-01 1.506518604322315547e+00 1.161695295476894652e+00 2.830644025078156711e-01 1.199237579805963794e+00 1.896743277932068761e+00 2.595418916143452659e-01 2.082329259846130931e+00 2.554057715523422312e-01 8.058000003919739695e-01 2.128098875637386644e+00 8.051829788021511725e-01 2.693572203378055807e+00 2.885080959309977544e+00 2.966215198015000887e-01 6.452913766882576452e-01 2.942297943214972067e-01 1.353107449323319278e+00 1.290876741238121461e+00 1.008335704668016808e+00 3.963569375584313770e-01
1.491186916410559338e+00 1.493890547085676701e+00 1.597801113439487608e+00 1.398266759631281220e+00 1.315378648659943472e+00 1.345941965400250240e+00 1.224141403596878952e+00 1.182511171014996254e+00 9.110304028352662620e-01 1.046475209582511168e+00 6.417544641776522507e-01 6.062026432043861046e-01 4.295565865979055764e-01 3.501625633664952053e-01 2.783840153112671634e-01 2.836261161728522717e-01 2.571149499894620494e-01 3.042776389320489550e-01 2.742701234214455219e-01 2.536598907844112016e-01 2.569526972558940914e-01 2.711319449035382023e-01 8.462808438333060401e-01 3.795978919646997518e+00 2.609862058718971367e-01 2.516167082135545296e-01 2.662714061254733977e-01 2.504052728296702890e-01 4.539773999613332389e-01 3.142546635521623610e-01 3.178444810510626661e-01 5.668386826249186550e-01 2.546047819524579481e-01 1.497765486124548850e+00 3.017859512940095357e-01 2.548976521769137360e+00 2.642089677542968085e-01 2.340307229212525542e+00 1.583623287360994780e+00 4.898172906151402328e-01 7.930939446445384178e-01 2.687566320855530044e-01 2.572017303244608089e-01 1.264524144631862246e+00 1.780657036415577377e+00 2.730785900056770243e-01 2.568441410661711499e-01 2.548534919371268082e-01 1.147047576177172346e+00 2.746759167973145122e-01 7.177414788567396675e-01 3.621489759817360654e-01 7.019190668894313978e-01 1.675201935179059465e+00 2.757720769790081849e+00 4.423497020689574732e+00 3.425040211067114093e-01 8.650539487325209498e-01 2.741127815631267950e-01 6.070454721690593525e-01 5.453141871733666601e-01 4.259730692350159331e-01 1.269946526308523005e+00 1.884676094342331520e+00 2.847985230218599839e-01 1.311809120829836584e+00 7.591081880572309037e-01 1.811540044672940386e+00 5.632245046001103095e-01 2.939585988301390618e+00 1.145308350937539910e+00 3.110449865676310766e-01 1.479833360534691167e+00 9.382893709318349540e-01 2.631695422376996163e-01 1.373817191800932758e+00 1.599207885348093772e+00 1.489659634208004846e+00 2.561354242275514226e-01 1.113207251767994066e+00 2.736595594710335977e-01 2.258411535050627972e+00 1.430517058944916542e+00 1.639292775337524599e+00 6.188815215381781032e-01 1.500266995513086954e+00 1.147773190303656765e+00 1.195334241692459054e+00 1.872265278718697967e+00 9.167181252402445413e-01 2.068748363577554983e+00 2.618726834711881946e-01 8.113416626244963625e-01 2.116066585108631770e+00 3.672677880278500950e-01 2.704276866227106613e-01 2.752216701177906399e-01 7.969219840170692626e-01 2.708563942412352432e+00 2.982611382753837526e-01
7.391492925585343432e-01 1.505140780730969130e+00 7.363095466371958331e-01 7.485103415729446041e-01 5.618820910039828975e-01 6.921432266125931987e-01 3.634207957461537131e-01 4.115956096159579802e-01 3.016797859251317271e-01 2.781193449820379415e-01 2.508247003460343239e-01 2.606856732299914770e-01 2.553897465910021092e-01 2.568605537281887230e-01 3.553102268046992585e-01 2.964748397118149303e-01 3.320405290614020788e-01 4.641223312832293835e-01 2.353589466725804158e+00 5.233129168135584042e-01 1.304571072263280174e+00 3.182119566766307694e-01 2.536398595827361602e-01 1.872548687914010301e+00 2.413190174956235445e+00 2.539218224947959790e+00 3.339319268169854693e-01 1.693558463777310230e+00 2.644783820877588454e+00 8.321398937432192833e-01 3.749607592404134770e+00 4.816965768392890146e-01 1.542757697440472864e+00 1.780175576790800296e+00 3.071290622380710378e+00 1.013965312356845061e+00 4.434267603979918704e+00 1.267776662541266308e+00 2.870995265433086141e-01 2.710743713529173426e-01 2.689341989958855539e-01 1.868492434191589169e+00 2.537992045612224024e-01 2.459337916815588221e-01 2.514249256117107034e-01 3.043697501513644155e-01 2.701943554315859863e-01 2.722264239163519894e-01 2.553811525593158160e-01 2.517475571922385136e-01 1.165773971221836014e+00 2.557547021621658923e-01 6.531858509645448452e-01 6.979167358695838042e-01 2.621659144169993239e-01 2.571279379621610461e-01 2.529718513152625636e-01 2.509783590479159887e-01 2.734377946834567474e-01 4.584724016172179728e-01 2.463205877242263808e-01 4.879947743466072629e-01 3.998117059879740531e-01 1.068126709314360934e+00 6.539820750769338442e-01 1.731135576550582034e+00 7.845827516695826898e-01 1.530719914485452193e+00 1.317386453543970770e+00 7.558255021888524716e-01 1.803783123366220043e+00 5.605094367550040868e-01 2.954905980576040037e+00 1.134753523074270243e+00 1.474550292634841497e+00 9.365030400598762794e-01 2.945347209044154035e-01 1.375359723563472247e+00 2.766836247561724749e-01 1.602055288357814522e+00 1.492964976334729466e+00 1.110325666481866591e+00 2.224954388144460005e+00 1.426381972751386895e+00 3.136795742137491461e-01 1.643038545433982200e+00 2.887199215252622686e-01 2.799753973591817546e-01 6.228113202229279555e-01 1.507425953141416475e+00 1.137123472699548943e+00 1.182252703896608415e+00 2.744195820326532642e-01 1.916611903789668503e+00 2.070983199516696516e+00 2.670201853674432080e-01 7.972445550193660857e-01 2.143860588217361141e+00 2.624541698707814064e-01 2.568190051389078743e-01
1.876628074443527083e+00 7.817448836734011142e-01 8.131228120384410563e-01 8.355855713995823386e-01 8.187406917817724450e-01 6.030555475708945234e-01 3.733516839856348968e-01 4.400957772005127389e-01 2.783729658419560882e-01 2.560986572799607286e-01 4.168142222781595629e-01 2.758719733876547897e-01 2.780741132363200308e-01 2.907227186088708337e-01 3.370598958837163761e-01 1.813413608197354865e+00 7.458192627072638414e-01 3.834464156640725374e+00 3.496586117733507137e+00 1.180361758458482235e+00 1.012639505273074114e+00 1.961446773247273789e+00 2.026011471719904478e+00 1.068507431379746464e+00 1.035392042620866704e+00 3.438212094446944977e+00 3.671280166045142401e+00 2.302937019367523153e+00 2.360461332002384616e+00 1.841415806569945524e+00 3.800992265782705548e-01 1.775024520971667297e+00 1.605186229796406794e+00 4.052691422675660515e-01 4.126609141527836644e-01 1.221612076684724491e+00 2.275854188535038514e+00 4.593449543005058699e-01 3.202318772068325492e-01 2.505131182348175889e-01 2.530386650653658753e-01 2.528676890665522148e-01 2.592065305282369447e-01 2.502462509350821263e-01 2.880400237703427679e-01 2.720255949653646033e-01 2.683515494942595447e-01 5.844670447338907726e-01 1.649511725180449195e+00 1.387000630258207856e+00 2.607184339372472515e-01 2.655807819851407903e-01 2.560866385589556371e-01 2.676885813355944777e-01 2.557021041035739684e-01 2.694474500762243929e-01 2.672285744816434994e-01 2.525900307646239407e-01 9.207377250944392966e-01 2.652721076290059932e-01 2.614234676194299167e-01 2.575418730522593957e-01 6.649522757536477924e-01 3.241814486261391237e-01 3.546805362875266598e-01 2.580466475437254825e+00 2.851881622028297758e-01 1.336896391658027428e+00 1.514043228306384492e+00 4.386269484693921861e+00 2.695421782751136197e-01 2.811563982398758710e-01 2.561285748489140479e-01 2.653945564263422430e-01 4.954955870473947699e-01 1.276788635558098850e+00 2.615981267746805283e-01 2.689054445289649209e-01 4.556306848841016888e-01 1.864717392693973963e+00 1.311437865122662139e+00 2.647429608208862195e-01 2.865175878262581910e-01 7.552864124737723728e-01 2.681215783756738524e-01 3.411723015876073628e-01 1.829509712611743666e+00 5.601401841679971572e-01 2.894912520233114406e-01 2.648148792965777654e-01 2.956518039993425440e+00 1.133970141546826182e+00 1.485665735677894617e+00 2.863063555737556110e-01 2.624236061340320392e-01 9.297943806143631473e-01 1.372733503790311893e+00 2.797156379052018749e-01 1.597043029381255863e+00 2.796050139785318245e-01
1.259873287303589606e+00 1.416654627367636365e+00 1.539866678104524045e+00 1.475697563556586100e+00 1.064431437231158295e+00 1.131518096303069543e+00 9.952687379559652658e-01 1.023947894020003746e+00 9.161758773800615652e-01 9.283329590644129325e-01 7.545648611273051420e-01 7.598509013990161209e-01 6.374066030060073773e-01 6.119884619578900287e-01 4.544066815365858103e-01 5.683417012267343305e-01 3.685212566268621925e-01 3.012827481228980142e-01 2.566358811855300459e-01 2.590173325975769769e-01 3.304233649184283306e-01 2.919979577335395593e+00 2.669924647689961850e-01 3.328256552418952796e-01 6.808271969314760863e-01 5.046900378498091477e-01 5.550179151241746434e-01 1.493783347848325338e+00 1.528195724607275707e+00 2.503847893105379807e-01 2.567390095657667848e-01 2.631372479038674772e+00 2.562216230115337279e-01 2.514441814120306207e-01 2.646683284404517389e-01 4.975130198315820262e-01 2.707905744569273354e-01 3.506831161429285193e-01 1.471118495470445708e+00 1.823565098122380324e+00 1.735363646289951767e+00 2.610792540345168167e-01 5.787921406825651260e-01 2.548361100234152188e-01 6.610395520529064317e-01 8.883927137361098403e-01 2.726388082037399796e-01 4.422064078985231461e+00 1.263490566933818782e+00 1.870274823439992407e+00 3.930414829056998460e-01 1.323792367222877076e+00 2.921941719138533844e-01 3.113545655586802408e-01 7.575368372109914095e-01 1.826192674847912034e+00 1.859836951947793082e+00 6.530652275912322002e-01 5.558056905926312963e-01 2.938709397069377616e+00 2.737860145087048780e-01 1.136394433883745947e+00 1.483851038039692982e+00 9.439932556088098670e-01 3.421259806376792389e-01 2.835672502866393718e-01 1.017789397990174205e+00 2.594803764401689694e-01 1.379293593105336502e+00 2.876957455686500187e-01 6.773808125290861071e-01 2.867352817567204171e-01 5.876223790067809372e-01 5.167021033265499774e-01 2.804377950339777548e-01 1.593302364010386274e+00 2.897280725205343965e-01 4.506216890549127330e-01 2.617756936850130778e-01 1.476085328850947676e+00 2.570041968292328116e-01 2.800931937483870371e-01 2.745102393744278668e-01 4.548302445268440630e-01 1.112076522741826334e+00 2.250312338662382672e+00 3.005116760919672170e-01 1.428620297996626487e+00 1.641100688213868786e+00 6.227142335115835037e-01 1.511781447170151393e+00 2.743559345047502651e-01 1.166521748903722067e+00 1.186143538663261277e+00 2.642636335498358413e-01 2.643518354539857729e-01 1.895929364976264964e+00 3.069464088545738600e-01 3.158671429786153451e-01 2.591861762426638238e-01
3.201360505226901743e-01 1.407023108668028044e+00 2.828299728314377925e-01 2.681447757995492065e-01 3.923399708380051476e-01 3.075720285146318900e-01 3.201880670302657550e-01 3.228755435104840310e-01 4.848120102507780804e-01 6.982012435501493419e-01 2.545437190957388074e-01 3.244623054586573963e-01 2.689685751226311705e-01 1.915547923896824489e+00 3.427360922706340074e-01 8.112019207615204230e-01 4.440786920107017366e+00 1.545047069941594131e+00 3.131557582899461845e-01 5.343093357485938499e-01 2.572010982126311962e+00 2.525349654776618102e+00 2.627417145399880694e-01 2.655393626294191289e-01 2.522789009708644725e-01 1.537967074017931868e+00 1.197437033242493953e+00 2.866284702200466161e-01 8.922021313604705517e-01 9.231421639258279299e-01 2.941661350028486499e+00 2.559229642562365070e-01 1.783440856514174833e+00 1.858660991175907551e+00 1.214738014437637847e+00 4.472453330874110455e-01 8.456423088944261535e-01 2.141783158753317817e+00 1.229097575208747406e+00 2.809170576882485948e-01 7.356782083921434845e-01 2.613720326628706792e-01 7.644811702058896818e-01 2.691897583591916776e-01 3.932360440290663672e-01 7.917876599053031983e-01 7.662096286746218343e-01 2.640199636739756217e-01 2.224701090368439438e+00 9.165472300124054561e-01 2.864937442345869001e-01 1.266017083016060862e+00 2.826935668097085297e-01 2.630872204604931541e-01 1.848855782572742523e+00 2.972464932937621263e-01 2.678313844185038484e-01 2.983643635807899375e-01 2.615329284440671698e-01 1.316012765426518349e+00 2.938150192132641947e-01 3.111084402451952946e-01 7.497950119994045703e-01 1.821687011423394065e+00 5.542848700680367280e-01 3.312648369307301111e-01 2.941314874856287620e+00 2.711106213662712872e-01 1.129790566700544119e+00 1.481892955767565523e+00 9.435532314939493181e-01 1.374949407013031255e+00 1.603378316920062829e+00 3.658438603642610865e-01 1.470402153851833482e+00 3.013212274151480519e-01 2.779119251195316109e-01 4.002842161887770200e-01 1.117062256530360509e+00 2.234519480794642465e+00 2.802997735927585943e-01 1.433427657165083025e+00 1.629647428647082563e+00 6.305069525142004139e-01 2.698124056473881760e-01 2.836234022681091704e-01 1.498199387799542537e+00 1.155301885144840224e+00 2.611649358842623725e-01 2.626664359917575409e-01 1.198681552417531826e+00 1.863879313062601017e+00 2.082098448709410743e+00 8.060067417782945665e-01 2.110670954778724351e+00 8.023739722944315256e-01 2.703274671301661769e+00 2.915857414497785349e+00 1.362873435541268829e+00 1.325997156359505880e+00
1.276467651705450734e+00 2.801515955263971680e+00 1.430198692071841915e+00 1.418247172517583587e+00 8.618344015349062026e-01 6.294176105353646022e-01 4.025206998557980809e-01 3.911490512816429010e-01 2.912049536350031498e-01 2.639599993025095737e-01 3.993719564944267497e-01 3.261588836237558353e-01 3.167566575665474171e-01 3.463962128257358497e-01 3.123063707221438445e-01 3.136827727443392000e-01 4.355123421526819527e+00 2.795202367637005803e-01 2.119099050575118159e+00 5.432946543438424980e-01 1.614993893837196381e+00 3.002644340408056056e+00 2.022393448996710141e+00 2.600815709575392543e-01 1.874154931821232051e+00 1.026012238586178515e+00 9.748510956305198594e-01 5.840037101157906640e-01 1.259604029183009066e+00 3.181697953605540974e+00 1.244121978025130471e+00 2.456066369264593430e-01 2.658415247467809550e+00 2.562201368256030731e-01 2.486121571958539445e-01 3.602747339811356864e-01 2.578721294127795938e-01 1.604016536852142183e+00 1.525674377867401343e+00 1.545997324302347486e+00 7.445340511152747087e-01 2.714050154141151028e-01 2.860533162648538075e-01 2.690987779335191066e-01 2.524503292871352889e-01 3.384217268221126340e-01 2.736856000332111849e-01 2.880894556067344348e-01 9.886674877523371485e-01 4.536883691061959212e-01 4.741125377263805674e-01 2.762126330496900706e-01 5.298479025097098116e-01 1.268394754346501507e+00 4.451816023806425271e-01 1.878225142768046307e+00 2.703341861426338255e-01 1.315153717650166421e+00 2.618600831991667599e-01 2.752894531195879679e-01 7.627418884265750876e-01 1.818812017048785368e+00 5.653192190526955541e-01 2.966202285985184872e+00 1.143471231276818045e+00 1.482538542012519001e+00 9.383604170810018186e-01 2.666149089258109672e-01 2.599434848995405556e-01 1.381762018702721084e+00 5.725818219954987853e-01 1.586015335924895409e+00 2.647925865076167229e-01 1.488286204557670800e+00 1.116077690659641242e+00 2.233572715739987391e+00 1.443689900250337610e+00 2.599461341875040077e-01 1.636788939744921123e+00 6.345915083860851347e-01 2.837598082898384333e-01 1.500236884093794743e+00 1.145610337456986372e+00 1.184801609692980984e+00 1.866916947871455346e+00 2.071134015080275947e+00 3.580219345772663875e-01 5.871327130509950143e-01 2.622644550058846891e-01 8.125689210422845088e-01 2.118583796374612138e+00 7.981024437322342679e-01 2.679397467578880088e-01 2.703214448463077346e+00 2.904380569806446211e+00 2.603016557088466687e-01 1.362213633604804075e+00 2.769625107769130845e-01 1.309420593880423755e+00 1.008134649558300788e+00
1.157370042101011354e+00 1.260727004195625112e+00 1.084886234204871958e+00 1.123241236079322247e+00 1.148192359352902425e+00 1.147140398181063503e+00 1.194922632806426188e+00 1.023733204769792682e+00 7.989595045426137743e-01 6.365423535788976572e-01 6.109604736112815848e-01 4.883455788430392519e-01 5.139239695045572098e-01 4.091183961365483235e-01 3.547440545818704716e-01 2.887917753841741098e-01 2.744581582500726924e-01 3.016552714515630118e+00 2.579642083237052574e-01 2.530151445575925528e-01 2.593097881420328710e-01 4.891240494952339701e-01 5.040000921856622185e-01 2.569952797136484390e-01 1.490701644395785896e+00 2.528207772845647572e-01 2.517528557681654178e-01 2.464407749342768517e-01 2.514684773211590674e-01 8.547091334800389628e-01 4.402317632131745873e-01 3.472811719307064005e-01 2.571062149334709446e+00 5.758454216826037753e-01 2.703614943263019210e+00 3.157932536911461918e-01 1.586454730026154891e+00 7.210066535778473229e-01 1.685866611567644169e+00 5.764481023859048259e-01 3.666852677597832733e-01 4.391083951708134592e+00 1.273209479827831947e+00 2.684624318880479699e-01 2.781400869682885690e-01 1.887693827183070105e+00 5.391082624273130230e-01 5.431398971567077405e-01 2.080458216376120717e+00 2.914939198733608183e-01 1.314757390632508294e+00 7.228339030254857800e-01 1.866476390668163177e+00 2.572297740068059113e-01 1.825097420433743345e+00 1.358313623255448466e+00 1.179082346222461997e+00 2.757739497330061740e-01 2.596996857901211486e-01 2.658829300465362921e-01 1.320358631555093254e+00 2.700157546527799379e-01 7.605014954443883868e-01 2.773341864931549439e-01 2.596434045750921626e-01 1.824944472516436988e+00 5.645765137880077722e-01 2.970952394686918741e+00 3.513771003558001094e-01 2.775635760607242375e-01 2.684498316160265352e-01 2.804049697099424976e-01 1.138503073252334463e+00 1.473616127852208191e+00 9.390598937201392049e-01 1.375083939148152190e+00 2.711924262092409998e-01 1.595460887532823779e+00 1.473449158093729450e+00 1.124431671009837430e+00 2.240913569602882571e+00 1.424225775433014984e+00 1.628813484489603836e+00 6.332672521050244363e-01 2.576927532326183101e-01 1.501645206805110933e+00 1.155690975083183636e+00 1.194817630539581010e+00 3.267892526171142786e-01 2.563257206434644830e-01 2.832588343976230050e-01 1.887642779927188652e+00 4.910273367382632093e-01 2.084669421136015721e+00 2.649984555674127495e-01 3.463926265944682337e-01 7.997664186934773101e-01 2.587275263410844239e-01 2.117386835149357438e+00 2.909994076591050916e-01
1.491423478440663697e+00 5.973180944769189704e-01 5.127336961159908446e-01 6.744393274882721778e-01 3.352493983361884422e-01 3.176132822136646938e-01 2.673920549340238484e-01 2.625543904959363184e-01 2.918238531499830479e-01 3.826447076853244367e-01 6.244811147328834799e-01 4.405018947928901696e+00 2.641479048975776678e-01 1.229414391279111562e+00 1.486351642793316774e+00 2.944545314809355330e-01 2.853147464740602990e-01 2.788055751813579008e-01 2.666428233745968823e-01 2.491684430514043980e-01 8.143715878438350098e-01 1.879983494574439362e+00 1.586851929370337588e+00 2.643698635354932991e-01 1.595712957590031511e+00 3.418090676421458585e-01 1.273032042151058807e+00 1.577639127402517882e+00 2.583250930377544163e-01 2.141972227450418487e+00 2.528377080134295962e+00 3.462959275838013440e-01 2.688058054548263520e-01 2.679899539956348553e-01 6.482811627718203518e-01 1.867705272582538711e+00 2.751819954151181191e-01 2.726033335917412703e-01 2.769702647904647153e-01 2.844526294006772815e-01 6.155761471030636311e-01 1.023229581589613746e+00 1.036988820169877590e+00 1.538813553830652436e+00 3.114463677500640237e+00 1.320711633022031650e+00 2.678016606998891991e-01 6.148086613034005055e-01 1.205083815248391144e+00 7.579342546368053046e-01 1.824821829868762180e+00 3.872145355719824322e-01 5.626399489034861201e-01 2.922707439302862031e+00 1.138744449232518940e+00 5.464110893154153770e-01 2.851400873188096319e-01 1.476092889014160470e+00 9.397406638015832758e-01 2.688584681301978696e-01 1.375139121877928083e+00 1.606367876844896792e+00 2.865504131502934482e-01 2.757477799372692884e-01 1.485989530360455113e+00 1.115848721101139418e+00 2.251261300687543709e+00 1.436160623858137697e+00 3.824644914870284351e-01 1.643222380171935892e+00 2.661620745343953320e-01 6.199925747549583921e-01 1.513853901142165448e+00 1.156864997351681357e+00 1.192114710649039289e+00 1.865299848345260969e+00 2.680856514462179874e-01 3.086561365343202801e-01 2.915342407438293870e-01 2.079829882811319752e+00 2.729445101880133562e-01 8.067921708499421474e-01 2.098855905862974769e+00 8.048201939509269653e-01 2.718562355186512569e+00 2.561579108668511351e-01 2.918679229262785668e+00 1.362798609310495568e+00 1.297745763376399353e+00 1.014926002327503074e+00 1.449694996045403972e+00 2.839359536310198107e-01 2.770263532877653034e+00 3.015239302527437659e-01 2.617128215584652029e-01 2.706891261129601434e-01 3.474343783151308540e-01 3.531688267288551342e-01 2.109451765381288535e+00 2.243867073364701703e+00
